#         COST_U        COST_H      COST_D       COST_S       REGU_H       REGU_S          HPO           COSTGLEN 
1792.0057373047 0.0000000000 0.0000000000 0.0000000000 508.0601806641 0.0000000000 6.2977876663
1375.0644531250 0.0003492231 0.0000000000 0.0000000000 489.2467956543 0.9211747050 3.3181085587
1029.0546875000 0.0012426892 0.0000000000 0.0000000000 473.1534729004 2.3812773228 1.5850582123
758.7541503906 0.0025974382 0.0000000000 0.0000000000 462.7024230957 4.1379594803 0.4865956306
568.1365966797 0.0043482124 0.0000000000 0.0000000000 452.0833435059 6.0654730797 -0.1448440552
442.6631774902 0.0064325631 0.0000000000 0.0000000000 441.6537780762 8.0340948105 -0.4735996723
361.8426513672 0.0087896781 0.0000000000 0.0000000000 432.1349792480 9.9544172287 -0.6207520962
308.9880371094 0.0113662053 0.0000000000 0.0000000000 422.9814147949 11.7774658203 -0.6695139408
273.9786987305 0.0141201075 0.0000000000 0.0000000000 414.8517761230 13.4627265930 -0.6689345837
250.9323883057 0.0170206837 0.0000000000 0.0000000000 406.1965637207 14.9746742249 -0.6419162750
235.6015167236 0.0200446732 0.0000000000 0.0000000000 396.9579467773 16.3144569397 -0.6013147831
225.2188873291 0.0231732018 0.0000000000 0.0000000000 390.0067749023 17.5019302368 -0.5563342571
217.8852996826 0.0263898969 0.0000000000 0.0000000000 384.9662780762 18.5319976807 -0.5090667009
212.3708343506 0.0296816807 0.0000000000 0.0000000000 383.5708007812 19.4066848755 -0.4625959396
207.8294982910 0.0330386423 0.0000000000 0.0000000000 380.2180175781 20.1509456635 -0.4174230099
203.8452453613 0.0364564955 0.0000000000 0.0000000000 376.0216369629 20.7940063477 -0.3726639748
200.2700805664 0.0399322845 0.0000000000 0.0000000000 372.6632690430 21.3473815918 -0.3275630474
196.9777069092 0.0434642322 0.0000000000 0.0000000000 368.5628967285 21.8458251953 -0.2826733589
193.8110198975 0.0470515899 0.0000000000 0.0000000000 365.5317077637 22.3024921417 -0.2399597168
190.7479095459 0.0506947115 0.0000000000 0.0000000000 362.7555847168 22.7244224548 -0.2007369995
187.7931518555 0.0543955378 0.0000000000 0.0000000000 360.1670837402 23.0977268219 -0.1687073708
184.8386383057 0.0581559539 0.0000000000 0.0000000000 357.6666259766 23.4050636292 -0.1467273235
181.8905487061 0.0619786307 0.0000000000 0.0000000000 355.2747802734 23.6458396912 -0.1345260143
178.9971008301 0.0658653751 0.0000000000 0.0000000000 352.9828186035 23.8148994446 -0.1325857043
176.2156524658 0.0698185787 0.0000000000 0.0000000000 350.6443481445 23.9099903107 -0.1399370432
173.5975799561 0.0738397837 0.0000000000 0.0000000000 348.2537841797 23.9382419586 -0.1549718380
171.1548919678 0.0779321119 0.0000000000 0.0000000000 345.9342346191 23.9076633453 -0.1757329702
168.9262084961 0.0820980817 0.0000000000 0.0000000000 343.6478271484 23.8233108521 -0.2005938292
166.9586334229 0.0863393098 0.0000000000 0.0000000000 341.3128967285 23.6850833893 -0.2284414768
165.2193603516 0.0906574428 0.0000000000 0.0000000000 339.0806579590 23.4939327240 -0.2578499317
163.7309570312 0.0950533301 0.0000000000 0.0000000000 336.8384399414 23.2577095032 -0.2872982025
162.4931488037 0.0995280817 0.0000000000 0.0000000000 334.5897827148 22.9920730591 -0.3153032064
161.4853057861 0.1040827483 0.0000000000 0.0000000000 332.3149414062 22.6964225769 -0.3416660428
160.6949157715 0.1087197959 0.0000000000 0.0000000000 330.0296325684 22.3791370392 -0.3666240573
160.1197662354 0.1134403199 0.0000000000 0.0000000000 327.7273559570 22.0443115234 -0.3897383809
159.7350158691 0.1182473600 0.0000000000 0.0000000000 325.4070434570 21.6972522736 -0.4108307958
159.5326843262 0.1231435388 0.0000000000 0.0000000000 323.1081237793 21.3462905884 -0.4298113585
159.5049591064 0.1281309575 0.0000000000 0.0000000000 320.8368225098 21.0000400543 -0.4469313025
159.6495666504 0.1332120448 0.0000000000 0.0000000000 318.6484069824 20.6629104614 -0.4626786709
159.9407653809 0.1383917630 0.0000000000 0.0000000000 316.6081237793 20.3463516235 -0.4768084884
160.3649291992 0.1436725855 0.0000000000 0.0000000000 314.4748229980 20.0506458282 -0.4896925092
160.8896636963 0.1490570903 0.0000000000 0.0000000000 312.6093139648 19.7805576324 -0.5014322400
161.4991607666 0.1545495987 0.0000000000 0.0000000000 310.8371582031 19.5402278900 -0.5119785070
162.1566619873 0.1601514816 0.0000000000 0.0000000000 309.0739440918 19.3297309875 -0.5214124918
162.8140411377 0.1658668667 0.0000000000 0.0000000000 307.4042053223 19.1542282104 -0.5297768712
163.4595642090 0.1716991514 0.0000000000 0.0000000000 305.8222045898 19.0117454529 -0.5373132825
164.0785064697 0.1776510924 0.0000000000 0.0000000000 304.3075256348 18.8929176331 -0.5443878174
164.6680450439 0.1837251931 0.0000000000 0.0000000000 302.8621826172 18.7946186066 -0.5509045720
165.2222595215 0.1899251044 0.0000000000 0.0000000000 301.4882202148 18.7237548828 -0.5568926930
165.7438812256 0.1962542534 0.0000000000 0.0000000000 300.1809997559 18.6835079193 -0.5622774363
166.2438964844 0.2027144730 0.0000000000 0.0000000000 298.9474182129 18.6631107330 -0.5672036409
166.7330780029 0.2093085498 0.0000000000 0.0000000000 297.7793579102 18.6553153992 -0.5717960596
167.2275238037 0.2160404176 0.0000000000 0.0000000000 296.6694641113 18.6553897858 -0.5759773254
167.7518005371 0.2229126543 0.0000000000 0.0000000000 295.5821228027 18.6612968445 -0.5798947215
168.3091125488 0.2299268395 0.0000000000 0.0000000000 294.5130004883 18.6657466888 -0.5835462809
168.9089355469 0.2370871753 0.0000000000 0.0000000000 293.4516296387 18.6728858948 -0.5868577957
169.5679473877 0.2443971932 0.0000000000 0.0000000000 292.4089965820 18.6849231720 -0.5897854567
170.2833709717 0.2518583834 0.0000000000 0.0000000000 291.3748779297 18.7062759399 -0.5921804905
171.0476837158 0.2594712973 0.0000000000 0.0000000000 290.3382568359 18.7408027649 -0.5940606594
171.8570709229 0.2672452331 0.0000000000 0.0000000000 289.3114624023 18.7885322571 -0.5956099033
172.7050933838 0.2751834691 0.0000000000 0.0000000000 288.3004455566 18.8494625092 -0.5966428518
173.5949554443 0.2832908928 0.0000000000 0.0000000000 287.3085632324 18.9216747284 -0.5972828269
174.5147247314 0.2915720940 0.0000000000 0.0000000000 286.3114624023 19.0059661865 -0.5974295139
175.4446258545 0.3000332415 0.0000000000 0.0000000000 285.2586059570 19.1029930115 -0.5970428586
176.3666534424 0.3086762428 0.0000000000 0.0000000000 284.2692565918 19.2143039703 -0.5962703824
177.2597656250 0.3175050020 0.0000000000 0.0000000000 283.2479553223 19.3385410309 -0.5951099396
178.1047210693 0.3265235126 0.0000000000 0.0000000000 282.2784423828 19.4698085785 -0.5935873985
178.8613433838 0.3357356191 0.0000000000 0.0000000000 281.3193054199 19.6029090881 -0.5918265581
179.5168151855 0.3451414406 0.0000000000 0.0000000000 280.3655395508 19.7322368622 -0.5898297429
180.0586547852 0.3547424376 0.0000000000 0.0000000000 279.3881225586 19.8627948761 -0.5875058174
180.4924163818 0.3645384014 0.0000000000 0.0000000000 278.4248657227 19.9987792969 -0.5849153996
180.8108367920 0.3745301962 0.0000000000 0.0000000000 277.5104675293 20.1411914825 -0.5820293427
181.0221252441 0.3847174644 0.0000000000 0.0000000000 276.6105346680 20.2913761139 -0.5788941979
181.1385803223 0.3951002955 0.0000000000 0.0000000000 275.7268371582 20.4494266510 -0.5754278898
181.1769256592 0.4056767821 0.0000000000 0.0000000000 274.7422790527 20.6079635620 -0.5716755986
181.1698455811 0.4164456725 0.0000000000 0.0000000000 273.8503417969 20.7573680878 -0.5679432750
181.1324920654 0.4274055660 0.0000000000 0.0000000000 273.0333862305 20.9026184082 -0.5641654134
181.0836791992 0.4385582805 0.0000000000 0.0000000000 272.1403503418 21.0387668610 -0.5603967309
181.0239410400 0.4499031007 0.0000000000 0.0000000000 271.2027893066 21.1663475037 -0.5566059947
180.9485626221 0.4614397883 0.0000000000 0.0000000000 270.2604675293 21.2832565308 -0.5528229475
180.8394165039 0.4731677771 0.0000000000 0.0000000000 269.3156127930 21.3975391388 -0.5489923954
180.6754913330 0.4850891232 0.0000000000 0.0000000000 268.3894653320 21.5160217285 -0.5451216102
180.4528503418 0.4972006679 0.0000000000 0.0000000000 267.5513916016 21.6404228210 -0.5410484076
180.1740264893 0.5094991922 0.0000000000 0.0000000000 266.6569519043 21.7595500946 -0.5370292068
179.8351593018 0.5219826698 0.0000000000 0.0000000000 265.8168640137 21.8683452606 -0.5330638885
179.4361267090 0.5346507430 0.0000000000 0.0000000000 264.8469848633 21.9656162262 -0.5291820168
178.9721069336 0.5474990010 0.0000000000 0.0000000000 263.9483337402 22.0490379333 -0.5254130960
178.4552459717 0.5605210662 0.0000000000 0.0000000000 263.0266418457 22.1239395142 -0.5217899084
177.8811950684 0.5737088323 0.0000000000 0.0000000000 262.1585998535 22.1963081360 -0.5182702541
177.2570343018 0.5870581269 0.0000000000 0.0000000000 261.2917785645 22.2634201050 -0.5148115158
176.6144561768 0.6005624533 0.0000000000 0.0000000000 260.4214782715 22.3145523071 -0.5115058422
175.9647827148 0.6142166257 0.0000000000 0.0000000000 259.5451049805 22.3548908234 -0.5082824826
175.3175811768 0.6280146837 0.0000000000 0.0000000000 258.6703186035 22.3855762482 -0.5052694082
174.6762237549 0.6419531703 0.0000000000 0.0000000000 257.7640075684 22.4102859497 -0.5023729801
174.0557708740 0.6560250521 0.0000000000 0.0000000000 256.8792114258 22.4257335663 -0.4995226860
173.4620361328 0.6702259779 0.0000000000 0.0000000000 255.9587554932 22.4261932373 -0.4968103170
172.8851776123 0.6845597029 0.0000000000 0.0000000000 255.0362396240 22.4218559265 -0.4940812588
172.3280334473 0.6990202069 0.0000000000 0.0000000000 254.1013183594 22.4113464355 -0.4913128614
171.7847900391 0.7136018276 0.0000000000 0.0000000000 253.2046966553 22.3916473389 -0.4885416627
171.2483825684 0.7283071280 0.0000000000 0.0000000000 252.3161926270 22.3661079407 -0.4857195616
170.7074432373 0.7431325316 0.0000000000 0.0000000000 251.4210510254 22.3377990723 -0.4828449488
170.1595306396 0.7580753565 0.0000000000 0.0000000000 250.5310211182 22.3077754974 -0.4799575806
169.6114959717 0.7731318474 0.0000000000 0.0000000000 249.6523284912 22.2666702271 -0.4771761298
169.0596313477 0.7882968187 0.0000000000 0.0000000000 248.7583465576 22.2196483612 -0.4744921923
168.5070953369 0.8035647273 0.0000000000 0.0000000000 247.8636779785 22.1680202484 -0.4718950987
167.9504241943 0.8189356327 0.0000000000 0.0000000000 247.0001678467 22.1156139374 -0.4693929553
167.3970336914 0.8344076276 0.0000000000 0.0000000000 246.1483001709 22.0642509460 -0.4668790102
166.8578796387 0.8499783874 0.0000000000 0.0000000000 245.3117065430 22.0048713684 -0.4644283652
166.3369598389 0.8656474352 0.0000000000 0.0000000000 244.4685668945 21.9409580231 -0.4619928598
165.8380737305 0.8814083934 0.0000000000 0.0000000000 243.6361541748 21.8728408813 -0.4596513510
165.3651885986 0.8972592354 0.0000000000 0.0000000000 242.7809143066 21.8071689606 -0.4572693110
164.9090270996 0.9131999612 0.0000000000 0.0000000000 241.9130401611 21.7477989197 -0.4548595548
164.4751586914 0.9292284846 0.0000000000 0.0000000000 241.0456085205 21.6871471405 -0.4525419474
164.0609588623 0.9453449845 0.0000000000 0.0000000000 240.1815338135 21.6266632080 -0.4503017664
163.6615600586 0.9615519047 0.0000000000 0.0000000000 239.3332672119 21.5677604675 -0.4480868578
163.2745361328 0.9778459072 0.0000000000 0.0000000000 238.4792785645 21.5077667236 -0.4458812475
162.8938751221 0.9942271113 0.0000000000 0.0000000000 237.6420745850 21.4481754303 -0.4436818361
162.5236968994 1.0106927156 0.0000000000 0.0000000000 236.8242797852 21.3862457275 -0.4415639043
162.1666107178 1.0272451639 0.0000000000 0.0000000000 235.9364471436 21.3186035156 -0.4395244122
161.8179931641 1.0438861847 0.0000000000 0.0000000000 235.0969085693 21.2489929199 -0.4374808669
161.4723968506 1.0606147051 0.0000000000 0.0000000000 234.2664337158 21.1779193878 -0.4354951382
161.1342926025 1.0774304867 0.0000000000 0.0000000000 233.4039764404 21.1045646667 -0.4335094690
160.8009643555 1.0943328142 0.0000000000 0.0000000000 232.6099395752 21.0339450836 -0.4314730763
160.4762268066 1.1113178730 0.0000000000 0.0000000000 231.8322753906 20.9611930847 -0.4294371605
160.1579437256 1.1283859015 0.0000000000 0.0000000000 231.0248107910 20.8868713379 -0.4273630381
159.8533477783 1.1455336809 0.0000000000 0.0000000000 230.2257385254 20.8061351776 -0.4252564907
159.5622558594 1.1627658606 0.0000000000 0.0000000000 229.4296417236 20.7187633514 -0.4232303500
159.2851104736 1.1800796986 0.0000000000 0.0000000000 228.6389770508 20.6292514801 -0.4211809635
159.0157470703 1.1974757910 0.0000000000 0.0000000000 227.8685913086 20.5391902924 -0.4191927314
158.7570037842 1.2149519920 0.0000000000 0.0000000000 227.0983734131 20.4483051300 -0.4172116518
158.5013427734 1.2325093746 0.0000000000 0.0000000000 226.3757934570 20.3595523834 -0.4152132273
158.2493591309 1.2501468658 0.0000000000 0.0000000000 225.6625671387 20.2674407959 -0.4132437706
157.9961547852 1.2678670883 0.0000000000 0.0000000000 224.8555755615 20.1809329987 -0.4113016725
157.7402343750 1.2856677771 0.0000000000 0.0000000000 224.0831909180 20.0946979523 -0.4093873501
157.4873809814 1.3035445213 0.0000000000 0.0000000000 223.3187408447 20.0069942474 -0.4074611068
157.2377166748 1.3214975595 0.0000000000 0.0000000000 222.6075134277 19.9159221649 -0.4055209756
156.9948577881 1.3395270109 0.0000000000 0.0000000000 221.8919982910 19.8187561035 -0.4036582708
156.7505340576 1.3576313257 0.0000000000 0.0000000000 221.1524963379 19.7209491730 -0.4018102884
156.5013732910 1.3758139610 0.0000000000 0.0000000000 220.3681793213 19.6235504150 -0.3999503851
156.2482147217 1.3940705061 0.0000000000 0.0000000000 219.5841369629 19.5243740082 -0.3980756998
155.9890136719 1.4124017954 0.0000000000 0.0000000000 218.8706359863 19.4276084900 -0.3961817026
155.7265319824 1.4308055639 0.0000000000 0.0000000000 218.1939086914 19.3327369690 -0.3943078518
155.4642333984 1.4492801428 0.0000000000 0.0000000000 217.5162200928 19.2419013977 -0.3924683332
155.2048950195 1.4678254128 0.0000000000 0.0000000000 216.7176971436 19.1508903503 -0.3906447887
154.9494171143 1.4864393473 0.0000000000 0.0000000000 215.9915924072 19.0563411713 -0.3888425231
154.6979980469 1.5051187277 0.0000000000 0.0000000000 215.3022308350 18.9587497711 -0.3870610595
154.4506378174 1.5238667727 0.0000000000 0.0000000000 214.5934906006 18.8566780090 -0.3853273392
154.2051849365 1.5426843166 0.0000000000 0.0000000000 213.9008483887 18.7538471222 -0.3835903406
153.9625396729 1.5615684986 0.0000000000 0.0000000000 213.2215576172 18.6515388489 -0.3818521500
153.7184600830 1.5805221796 0.0000000000 0.0000000000 212.5409088135 18.5501194000 -0.3801237345
153.4759979248 1.5995441675 0.0000000000 0.0000000000 211.9076995850 18.4493770599 -0.3784204125
153.2346649170 1.6186317205 0.0000000000 0.0000000000 211.2252349854 18.3486042023 -0.3767451644
153.0012512207 1.6377817392 0.0000000000 0.0000000000 210.5766906738 18.2440814972 -0.3750228286
152.7705230713 1.6569970846 0.0000000000 0.0000000000 209.9300689697 18.1414070129 -0.3733105063
152.5427093506 1.6762728691 0.0000000000 0.0000000000 209.2955169678 18.0397243500 -0.3716005087
152.3169403076 1.6956076622 0.0000000000 0.0000000000 208.6475219727 17.9373035431 -0.3698970675
152.0880737305 1.7149969339 0.0000000000 0.0000000000 207.9848022461 17.8359031677 -0.3681721687
151.8579559326 1.7344424725 0.0000000000 0.0000000000 207.3981018066 17.7367916107 -0.3664937019
151.6255950928 1.7539399862 0.0000000000 0.0000000000 206.7244110107 17.6379699707 -0.3647959828
151.3924713135 1.7734884024 0.0000000000 0.0000000000 206.1808166504 17.5391883850 -0.3630972505
151.1606750488 1.7930864096 0.0000000000 0.0000000000 205.5504913330 17.4382057190 -0.3614612818
150.9246520996 1.8127361536 0.0000000000 0.0000000000 204.9496002197 17.3351001740 -0.3598508835
150.6884918213 1.8324370384 0.0000000000 0.0000000000 204.3792877197 17.2314281464 -0.3582826853
150.4558410645 1.8521833420 0.0000000000 0.0000000000 203.8271942139 17.1260395050 -0.3567658067
150.2252349854 1.8719755411 0.0000000000 0.0000000000 203.2964172363 17.0228805542 -0.3552781343
150.0014801025 1.8918108940 0.0000000000 0.0000000000 202.7702941895 16.9217834473 -0.3537834883
149.7882690430 1.9116945267 0.0000000000 0.0000000000 202.2333221436 16.8232650757 -0.3523265123
149.5819091797 1.9316238165 0.0000000000 0.0000000000 201.6654357910 16.7263050079 -0.3508967161
149.3835296631 1.9515976906 0.0000000000 0.0000000000 201.0644989014 16.6270847321 -0.3495027423
149.1934356689 1.9716124535 0.0000000000 0.0000000000 200.4698791504 16.5220088959 -0.3481820226
149.0044555664 1.9916659594 0.0000000000 0.0000000000 199.8818359375 16.4134540558 -0.3468801975
148.8119201660 2.0117626190 0.0000000000 0.0000000000 199.2388916016 16.3070659637 -0.3456106186
148.6142883301 2.0318987370 0.0000000000 0.0000000000 198.5478973389 16.2000579834 -0.3443889022
148.4048461914 2.0520722866 0.0000000000 0.0000000000 197.9188690186 16.0933208466 -0.3431615829
148.1865081787 2.0722830296 0.0000000000 0.0000000000 197.3249359131 15.9846687317 -0.3419489264
147.9561767578 2.0925250053 0.0000000000 0.0000000000 196.7599334717 15.8752069473 -0.3407225013
147.7173156738 2.1128051281 0.0000000000 0.0000000000 196.1913909912 15.7647523880 -0.3394853473
147.4747924805 2.1331212521 0.0000000000 0.0000000000 195.5877532959 15.6539869308 -0.3382248282
147.2350769043 2.1534702778 0.0000000000 0.0000000000 194.9734954834 15.5420894623 -0.3369634151
147.0028381348 2.1738553047 0.0000000000 0.0000000000 194.3645172119 15.4299011230 -0.3357053995
146.7780151367 2.1942732334 0.0000000000 0.0000000000 193.7464752197 15.3158740997 -0.3344342113
146.5594635010 2.2147207260 0.0000000000 0.0000000000 193.1672821045 15.2012224197 -0.3331739306
146.3487548828 2.2351920605 0.0000000000 0.0000000000 192.6210937500 15.0842275620 -0.3319333196
146.1513519287 2.2556917667 0.0000000000 0.0000000000 192.0748748779 14.9643583298 -0.3306940794
145.9672393799 2.2762269974 0.0000000000 0.0000000000 191.5293426514 14.8455600739 -0.3295945525
145.7958831787 2.2967975140 0.0000000000 0.0000000000 190.9786529541 14.7272901535 -0.3283885121
145.6361083984 2.3174049854 0.0000000000 0.0000000000 190.4160614014 14.6087312698 -0.3272460699
145.4866180420 2.3380482197 0.0000000000 0.0000000000 189.8439483643 14.4904165268 -0.3261020780
145.3455352783 2.3587374687 0.0000000000 0.0000000000 189.2721557617 14.3717861176 -0.3249528408
145.2128906250 2.3794720173 0.0000000000 0.0000000000 188.7088317871 14.2530069351 -0.3238420486
145.0806579590 2.4002456665 0.0000000000 0.0000000000 188.1579895020 14.1372804642 -0.3227291107
144.9475250244 2.4210627079 0.0000000000 0.0000000000 187.6047821045 14.0244560242 -0.3215997219
144.8103942871 2.4419233799 0.0000000000 0.0000000000 187.0501403809 13.9153728485 -0.3204426169
144.6696624756 2.4628252983 0.0000000000 0.0000000000 186.5110778809 13.8088865280 -0.3193091750
144.5266113281 2.4837615490 0.0000000000 0.0000000000 185.9912719727 13.7063589096 -0.3181349039
144.3759918213 2.5047359467 0.0000000000 0.0000000000 185.4914093018 13.6080179214 -0.3170059323
144.2200927734 2.5257472992 0.0000000000 0.0000000000 184.9970092773 13.5104894638 -0.3158717752
144.0575103760 2.5467982292 0.0000000000 0.0000000000 184.4537506104 13.4139013290 -0.3147820830
143.8932647705 2.5678877831 0.0000000000 0.0000000000 183.8872680664 13.3203935623 -0.3137126565
143.7299041748 2.5890126228 0.0000000000 0.0000000000 183.3307800293 13.2279701233 -0.3126338720
143.5692901611 2.6101727486 0.0000000000 0.0000000000 182.7787780762 13.1340522766 -0.3115790486
143.4104461670 2.6313571930 0.0000000000 0.0000000000 182.2423400879 13.0419664383 -0.3105336428
143.2521820068 2.6525695324 0.0000000000 0.0000000000 181.7137603760 12.9520711899 -0.3095123172
143.0934906006 2.6738059521 0.0000000000 0.0000000000 181.1713409424 12.8619327545 -0.3085103631
142.9388580322 2.6950616837 0.0000000000 0.0000000000 180.6107177734 12.7706527710 -0.3075628281
142.7873840332 2.7163281441 0.0000000000 0.0000000000 180.0427093506 12.6800642014 -0.3067115247
142.6424407959 2.7376048565 0.0000000000 0.0000000000 179.4732360840 12.5906753540 -0.3059358001
142.5046234131 2.7588870525 0.0000000000 0.0000000000 178.9077148438 12.5013837814 -0.3051833510
142.3724060059 2.7801790237 0.0000000000 0.0000000000 178.3507537842 12.4138145447 -0.3044581413
142.2364959717 2.8014659882 0.0000000000 0.0000000000 177.8106384277 12.3272037506 -0.3036605120
142.0914611816 2.8227646351 0.0000000000 0.0000000000 177.2797393799 12.2440052032 -0.3027989864
141.9424591064 2.8440675735 0.0000000000 0.0000000000 176.7556304932 12.1628446579 -0.3018889725
141.7904815674 2.8653726578 0.0000000000 0.0000000000 176.2444915771 12.0778493881 -0.3009626269
141.6361694336 2.8866863251 0.0000000000 0.0000000000 175.7553710938 11.9928159714 -0.3000665903
141.4837951660 2.9080128670 0.0000000000 0.0000000000 175.2788543701 11.9079198837 -0.2992075384
141.3374786377 2.9293467999 0.0000000000 0.0000000000 174.8099822998 11.8241653442 -0.2983482480
141.1980438232 2.9506933689 0.0000000000 0.0000000000 174.3522186279 11.7405519485 -0.2974909544
141.0641784668 2.9720556736 0.0000000000 0.0000000000 173.9067535400 11.6582479477 -0.2966558337
140.9387359619 2.9934351444 0.0000000000 0.0000000000 173.4739379883 11.5762405396 -0.2957372069
140.8191528320 3.0148308277 0.0000000000 0.0000000000 173.0491180420 11.4946088791 -0.2948439419
140.7041778564 3.0362410545 0.0000000000 0.0000000000 172.6220397949 11.4130144119 -0.2939347625
140.5893249512 3.0576677322 0.0000000000 0.0000000000 172.1920318604 11.3323650360 -0.2929906547
140.4741363525 3.0791070461 0.0000000000 0.0000000000 171.7468719482 11.2531051636 -0.2920249104
140.3581542969 3.1005656719 0.0000000000 0.0000000000 171.3061370850 11.1735181808 -0.2910964191
140.2439880371 3.1220510006 0.0000000000 0.0000000000 170.8747558594 11.0938949585 -0.2900802791
140.1298065186 3.1435647011 0.0000000000 0.0000000000 170.4484558105 11.0154590607 -0.2890796661
140.0125274658 3.1651024818 0.0000000000 0.0000000000 170.0242614746 10.9380416870 -0.2880910039
139.8898162842 3.1866641045 0.0000000000 0.0000000000 169.6028900146 10.8619813919 -0.2870971560
139.7611236572 3.2082555294 0.0000000000 0.0000000000 169.1822814941 10.7881269455 -0.2861018777
139.6277770996 3.2298674583 0.0000000000 0.0000000000 168.7642364502 10.7157087326 -0.2851046622
139.4906463623 3.2514994144 0.0000000000 0.0000000000 168.3470306396 10.6442213058 -0.2840964794
139.3525848389 3.2731502056 0.0000000000 0.0000000000 167.9304199219 10.5731315613 -0.2830886841
139.2137756348 3.2948207855 0.0000000000 0.0000000000 167.5150909424 10.5028467178 -0.2820962667
139.0738830566 3.3165056705 0.0000000000 0.0000000000 167.1086425781 10.4323797226 -0.2811088562
138.9306030273 3.3382031918 0.0000000000 0.0000000000 166.6899414062 10.3619031906 -0.2801281810
138.7853393555 3.3599126339 0.0000000000 0.0000000000 166.2720031738 10.2927637100 -0.2791568041
138.6384124756 3.3816323280 0.0000000000 0.0000000000 165.8645782471 10.2245121002 -0.2781933546
138.4883117676 3.4033570290 0.0000000000 0.0000000000 165.4561614990 10.1581516266 -0.2772281766
138.3388214111 3.4250895977 0.0000000000 0.0000000000 165.0534057617 10.0927505493 -0.2762712240
138.1909332275 3.4468274117 0.0000000000 0.0000000000 164.6457519531 10.0282258987 -0.2753516436
138.0406799316 3.4685657024 0.0000000000 0.0000000000 164.2454528809 9.9639930725 -0.2744515538
137.8893585205 3.4902994633 0.0000000000 0.0000000000 163.8507232666 9.8979825974 -0.2735459507
137.7433776855 3.5120317936 0.0000000000 0.0000000000 163.4529571533 9.8306531906 -0.2726612091
137.6010284424 3.5337467194 0.0000000000 0.0000000000 163.0620269775 9.7621574402 -0.2717562020
137.4633331299 3.5554468632 0.0000000000 0.0000000000 162.6614837646 9.6928558350 -0.2708542645
137.3287353516 3.5771420002 0.0000000000 0.0000000000 162.2632904053 9.6237621307 -0.2699698210
137.1947937012 3.5988242626 0.0000000000 0.0000000000 161.8749694824 9.5555772781 -0.2690683603
137.0581207275 3.6204938889 0.0000000000 0.0000000000 161.4881286621 9.4888334274 -0.2681607604
136.9178314209 3.6421563625 0.0000000000 0.0000000000 161.0978698730 9.4235572815 -0.2672466636
136.7756347656 3.6638002396 0.0000000000 0.0000000000 160.7143554688 9.3595256805 -0.2663373947
136.6335144043 3.6854338646 0.0000000000 0.0000000000 160.3372955322 9.2951021194 -0.2654411197
136.4913330078 3.7070522308 0.0000000000 0.0000000000 159.9691009521 9.2304840088 -0.2645461857
136.3486785889 3.7286536694 0.0000000000 0.0000000000 159.6054077148 9.1662063599 -0.2636533678
136.2062683105 3.7502372265 0.0000000000 0.0000000000 159.2390899658 9.1011524200 -0.2627833486
136.0625610352 3.7718036175 0.0000000000 0.0000000000 158.8685607910 9.0354595184 -0.2619019747
135.9200134277 3.7933459282 0.0000000000 0.0000000000 158.5019989014 8.9696865082 -0.2610629201
135.7783050537 3.8148651123 0.0000000000 0.0000000000 158.1394348145 8.9034204483 -0.2602328360
135.6398620605 3.8363668919 0.0000000000 0.0000000000 157.7771606445 8.8361196518 -0.2594353855
135.5049743652 3.8578479290 0.0000000000 0.0000000000 157.4137420654 8.7680559158 -0.2586200535
135.3729705811 3.8792991638 0.0000000000 0.0000000000 157.0565490723 8.7008018494 -0.2578107715
135.2410278320 3.9007227421 0.0000000000 0.0000000000 156.7040863037 8.6341085434 -0.2570039630
135.1077270508 3.9221167564 0.0000000000 0.0000000000 156.3549499512 8.5667085648 -0.2562130094
134.9764709473 3.9434897900 0.0000000000 0.0000000000 156.0073699951 8.4971733093 -0.2554510236
134.8499755859 3.9648368359 0.0000000000 0.0000000000 155.6599426270 8.4255132675 -0.2547042966
134.7259063721 3.9861545563 0.0000000000 0.0000000000 155.3135375977 8.3530244827 -0.2539635599
134.6029357910 4.0074472427 0.0000000000 0.0000000000 154.9692230225 8.2815151215 -0.2532334328
134.4778747559 4.0287117958 0.0000000000 0.0000000000 154.6288909912 8.2119207382 -0.2525116205
134.3506774902 4.0499463081 0.0000000000 0.0000000000 154.2936401367 8.1447000504 -0.2518101633
134.2212982178 4.0711660385 0.0000000000 0.0000000000 153.9558410645 8.0779857635 -0.2511034012
134.0931396484 4.0923590660 0.0000000000 0.0000000000 153.6230163574 8.0119390488 -0.2503933907
133.9676055908 4.1135177612 0.0000000000 0.0000000000 153.2938232422 7.9469304085 -0.2496875226
133.8410491943 4.1346530914 0.0000000000 0.0000000000 152.9710235596 7.8828458786 -0.2490098476
133.7154693604 4.1557612419 0.0000000000 0.0000000000 152.6521606445 7.8194952011 -0.2483413219
133.5904388428 4.1768388748 0.0000000000 0.0000000000 152.3390045166 7.7566595078 -0.2476598322
133.4656829834 4.1978950500 0.0000000000 0.0000000000 152.0283508301 7.6955323219 -0.2469958067
133.3418426514 4.2189216614 0.0000000000 0.0000000000 151.7231292725 7.6356472969 -0.2463155985
133.2182922363 4.2399230003 0.0000000000 0.0000000000 151.4189300537 7.5777535439 -0.2456512749
133.0941619873 4.2608952522 0.0000000000 0.0000000000 151.1147308350 7.5215458870 -0.2449927330
132.9684600830 4.2818474770 0.0000000000 0.0000000000 150.8098297119 7.4666881561 -0.2443324327
132.8428802490 4.3027720451 0.0000000000 0.0000000000 150.5062408447 7.4122977257 -0.2436864674
132.7199401855 4.3236751556 0.0000000000 0.0000000000 150.2035369873 7.3582882881 -0.2430514693
132.5989685059 4.3445525169 0.0000000000 0.0000000000 149.9044036865 7.3046631813 -0.2424047589
132.4807281494 4.3653945923 0.0000000000 0.0000000000 149.6039428711 7.2520174980 -0.2417629361
132.3639221191 4.3862037659 0.0000000000 0.0000000000 149.3079986572 7.2008738518 -0.2411364317
132.2453308105 4.4069943428 0.0000000000 0.0000000000 149.0094299316 7.1511392593 -0.2405075729
132.1288299561 4.4277644157 0.0000000000 0.0000000000 148.7126617432 7.1023602486 -0.2398662269
132.0117034912 4.4485192299 0.0000000000 0.0000000000 148.4134216309 7.0545730591 -0.2392198443
131.8976440430 4.4692554474 0.0000000000 0.0000000000 148.1123352051 7.0063362122 -0.2385765016
131.7853393555 4.4899687767 0.0000000000 0.0000000000 147.8123321533 6.9578890800 -0.2379464209
131.6718139648 4.5106635094 0.0000000000 0.0000000000 147.5148620605 6.9100322723 -0.2373181283
131.5580444336 4.5313315392 0.0000000000 0.0000000000 147.2204589844 6.8633346558 -0.2366946340
131.4416503906 4.5519809723 0.0000000000 0.0000000000 146.9298400879 6.8181366920 -0.2360683084
131.3229980469 4.5726151466 0.0000000000 0.0000000000 146.6415710449 6.7735600471 -0.2354567945
131.2052764893 4.5932326317 0.0000000000 0.0000000000 146.3602142334 6.7300186157 -0.2348400652
131.0895080566 4.6138358116 0.0000000000 0.0000000000 146.0855102539 6.6870350838 -0.2342109680
130.9763488770 4.6344299316 0.0000000000 0.0000000000 145.8163299561 6.6437664032 -0.2336084545
130.8662719727 4.6550116539 0.0000000000 0.0000000000 145.5546417236 6.6009440422 -0.2330138087
130.7592315674 4.6755881310 0.0000000000 0.0000000000 145.2889709473 6.5593194962 -0.2324348688
130.6520690918 4.6961579323 0.0000000000 0.0000000000 145.0241394043 6.5193343163 -0.2318673730
130.5454406738 4.7167191505 0.0000000000 0.0000000000 144.7627105713 6.4808712006 -0.2313008010
130.4399414062 4.7372646332 0.0000000000 0.0000000000 144.5046997070 6.4427318573 -0.2307194471
130.3336334229 4.7578067780 0.0000000000 0.0000000000 144.2467651367 6.4048171043 -0.2301327884
130.2272796631 4.7783470154 0.0000000000 0.0000000000 143.9981689453 6.3676519394 -0.2295414507
130.1205902100 4.7988853455 0.0000000000 0.0000000000 143.7524108887 6.3316397667 -0.2289490998
130.0138397217 4.8194112778 0.0000000000 0.0000000000 143.5051727295 6.2965512276 -0.2283460200
129.9080200195 4.8399300575 0.0000000000 0.0000000000 143.2543334961 6.2609906197 -0.2277614474
129.8034057617 4.8604364395 0.0000000000 0.0000000000 143.0086212158 6.2243342400 -0.2272005975
129.6974182129 4.8809280396 0.0000000000 0.0000000000 142.7640380859 6.1877298355 -0.2266203165
129.5933837891 4.9014077187 0.0000000000 0.0000000000 142.5243988037 6.1513719559 -0.2260562778
129.4864959717 4.9218797684 0.0000000000 0.0000000000 142.2913818359 6.1156978607 -0.2255039811
129.3798065186 4.9423356056 0.0000000000 0.0000000000 142.0627593994 6.0805444717 -0.2249363959
129.2733001709 4.9627809525 0.0000000000 0.0000000000 141.8349456787 6.0457472801 -0.2243769169
129.1680145264 4.9832105637 0.0000000000 0.0000000000 141.6106109619 6.0102391243 -0.2238146663
129.0654907227 5.0036354065 0.0000000000 0.0000000000 141.3854064941 5.9745645523 -0.2232590020
128.9655609131 5.0240535736 0.0000000000 0.0000000000 141.1568603516 5.9393906593 -0.2227099538
128.8685913086 5.0444560051 0.0000000000 0.0000000000 140.9306182861 5.9049057961 -0.2221729457
128.7743530273 5.0648241043 0.0000000000 0.0000000000 140.7044219971 5.8723702431 -0.2216365933
128.6814270020 5.0851697922 0.0000000000 0.0000000000 140.4789428711 5.8403673172 -0.2211095989
128.5906829834 5.1054916382 0.0000000000 0.0000000000 140.2552490234 5.8081183434 -0.2205683589
128.5035552979 5.1257944107 0.0000000000 0.0000000000 140.0316162109 5.7754344940 -0.2200527787
128.4197692871 5.1460843086 0.0000000000 0.0000000000 139.8070678711 5.7419505119 -0.2195443809
128.3393554688 5.1663589478 0.0000000000 0.0000000000 139.5844421387 5.7069735527 -0.2190288305
128.2614288330 5.1866230965 0.0000000000 0.0000000000 139.3621978760 5.6710481644 -0.2185096145
128.1829833984 5.2068743706 0.0000000000 0.0000000000 139.1334533691 5.6354498863 -0.2179972529
128.1006164551 5.2271203995 0.0000000000 0.0000000000 138.9120635986 5.6015849113 -0.2174768448
128.0147247314 5.2473526001 0.0000000000 0.0000000000 138.6943969727 5.5685648918 -0.2169608772
127.9255828857 5.2675814629 0.0000000000 0.0000000000 138.4795379639 5.5358266830 -0.2164458632
127.8344955444 5.2878060341 0.0000000000 0.0000000000 138.2679138184 5.5026359558 -0.2159475386
127.7429656982 5.3080215454 0.0000000000 0.0000000000 138.0557556152 5.4682250023 -0.2154547572
127.6495208740 5.3282270432 0.0000000000 0.0000000000 137.8460388184 5.4341568947 -0.2149467468
127.5555038452 5.3484234810 0.0000000000 0.0000000000 137.6372222900 5.4014978409 -0.2144452035
127.4630584717 5.3686070442 0.0000000000 0.0000000000 137.4461517334 5.3696775436 -0.2139409781
127.3707962036 5.3887763023 0.0000000000 0.0000000000 137.2367706299 5.3395690918 -0.2134507298
127.2805328369 5.4089260101 0.0000000000 0.0000000000 137.0235290527 5.3104615211 -0.2129676938
127.1946640015 5.4290657043 0.0000000000 0.0000000000 136.8068389893 5.2819070816 -0.2124810219
127.1117172241 5.4491882324 0.0000000000 0.0000000000 136.5894927979 5.2540802956 -0.2119860649
127.0317459106 5.4692935944 0.0000000000 0.0000000000 136.3660583496 5.2263703346 -0.2114951015
126.9555053711 5.4893841743 0.0000000000 0.0000000000 136.1386718750 5.1990294456 -0.2110263109
126.8786697388 5.5094594955 0.0000000000 0.0000000000 135.9106597900 5.1726894379 -0.2105620503
126.8012695312 5.5295205116 0.0000000000 0.0000000000 135.6791534424 5.1465330124 -0.2101466060
126.7250747681 5.5495510101 0.0000000000 0.0000000000 135.4462738037 5.1205887794 -0.2096747160
126.6468734741 5.5695672035 0.0000000000 0.0000000000 135.2138519287 5.0947966576 -0.2092317641
126.5672531128 5.5895581245 0.0000000000 0.0000000000 134.9820709229 5.0689582825 -0.2087951005
126.4847564697 5.6095247269 0.0000000000 0.0000000000 134.7513732910 5.0432286263 -0.2083667219
126.4002227783 5.6294751167 0.0000000000 0.0000000000 134.5215911865 5.0181145668 -0.2079374790
126.3126983643 5.6494116783 0.0000000000 0.0000000000 134.2911376953 4.9938092232 -0.2075092196
126.2225799561 5.6693248749 0.0000000000 0.0000000000 134.0576477051 4.9699296951 -0.2070756853
126.1302261353 5.6892185211 0.0000000000 0.0000000000 133.8287811279 4.9462080002 -0.2066543698
126.0372085571 5.7090897560 0.0000000000 0.0000000000 133.6021728516 4.9222416878 -0.2062340379
125.9440765381 5.7289381027 0.0000000000 0.0000000000 133.3783111572 4.8980975151 -0.2058254480
125.8501281738 5.7487502098 0.0000000000 0.0000000000 133.1576232910 4.8740930557 -0.2054087222
125.7571640015 5.7685360909 0.0000000000 0.0000000000 132.9383697510 4.8503012657 -0.2049987018
125.6634063721 5.7883038521 0.0000000000 0.0000000000 132.7150421143 4.8272991180 -0.2045998871
125.5705642700 5.8080525398 0.0000000000 0.0000000000 132.4962768555 4.8054032326 -0.2042002380
125.4768753052 5.8277726173 0.0000000000 0.0000000000 132.2810974121 4.7848167419 -0.2038124800
125.3839492798 5.8474593163 0.0000000000 0.0000000000 132.0638122559 4.7647585869 -0.2034131885
125.2927474976 5.8671236038 0.0000000000 0.0000000000 131.8472900391 4.7439322472 -0.2030203938
125.2044448853 5.8867583275 0.0000000000 0.0000000000 131.6310119629 4.7225642204 -0.2026189566
125.1177673340 5.9063687325 0.0000000000 0.0000000000 131.4121398926 4.7020545006 -0.2022633255
125.0304565430 5.9259452820 0.0000000000 0.0000000000 131.1928710938 4.6823792458 -0.2018978000
124.9440994263 5.9454813004 0.0000000000 0.0000000000 130.9742736816 4.6626691818 -0.2015212774
124.8591461182 5.9649910927 0.0000000000 0.0000000000 130.7549133301 4.6434903145 -0.2011500895
124.7723999023 5.9844794273 0.0000000000 0.0000000000 130.5330200195 4.6252732277 -0.2007828951
124.6824951172 6.0039258003 0.0000000000 0.0000000000 130.3109588623 4.6079926491 -0.2004276216
124.5893478394 6.0233402252 0.0000000000 0.0000000000 130.0892944336 4.5906386375 -0.2000606060
124.4940948486 6.0427370071 0.0000000000 0.0000000000 129.8701019287 4.5726895332 -0.1997008026
124.3964767456 6.0621132851 0.0000000000 0.0000000000 129.6498718262 4.5544133186 -0.1993493438
124.2971115112 6.0814743042 0.0000000000 0.0000000000 129.4279327393 4.5366582870 -0.1990093589
124.1971359253 6.1008119583 0.0000000000 0.0000000000 129.2045745850 4.5195937157 -0.1986578703
124.0963592529 6.1201233864 0.0000000000 0.0000000000 128.9788513184 4.5039935112 -0.1982973814
123.9952392578 6.1394095421 0.0000000000 0.0000000000 128.7548828125 4.4896135330 -0.1979385018
123.8942260742 6.1586799622 0.0000000000 0.0000000000 128.5334167480 4.4752697945 -0.1975649595
123.7940826416 6.1779294014 0.0000000000 0.0000000000 128.3101043701 4.4615921974 -0.1971853673
123.6950454712 6.1971540451 0.0000000000 0.0000000000 128.0880432129 4.4486699104 -0.1967987716
123.5991744995 6.2163596153 0.0000000000 0.0000000000 127.8694076538 4.4358634949 -0.1964137256
123.5061874390 6.2355279922 0.0000000000 0.0000000000 127.6539154053 4.4222526550 -0.1960254908
123.4144439697 6.2546706200 0.0000000000 0.0000000000 127.4382553101 4.4084410667 -0.1956387162
123.3255081177 6.2737894058 0.0000000000 0.0000000000 127.2217483521 4.3930792809 -0.1952471733
123.2410736084 6.2928767204 0.0000000000 0.0000000000 127.0066375732 4.3763003349 -0.1948609054
123.1605148315 6.3119421005 0.0000000000 0.0000000000 126.7920379639 4.3593263626 -0.1944826245
123.0819854736 6.3309741020 0.0000000000 0.0000000000 126.5771789551 4.3424978256 -0.1941100061
123.0044250488 6.3499879837 0.0000000000 0.0000000000 126.3636398315 4.3260502815 -0.1937388182
122.9293975830 6.3689622879 0.0000000000 0.0000000000 126.1516647339 4.3098721504 -0.1933689713
122.8555297852 6.3879122734 0.0000000000 0.0000000000 125.9419631958 4.2940602303 -0.1930042505
122.7822036743 6.4068183899 0.0000000000 0.0000000000 125.7367935181 4.2785983086 -0.1926166117
122.7090988159 6.4256873131 0.0000000000 0.0000000000 125.5328903198 4.2618055344 -0.1922718585
122.6341705322 6.4445281029 0.0000000000 0.0000000000 125.3311157227 4.2442660332 -0.1919245422
122.5575942993 6.4633407593 0.0000000000 0.0000000000 125.1304168701 4.2264466286 -0.1915780306
122.4788665771 6.4821176529 0.0000000000 0.0000000000 124.9326934814 4.2090306282 -0.1912092268
122.4002990723 6.5008611679 0.0000000000 0.0000000000 124.7341690063 4.1914448738 -0.1908466816
122.3214340210 6.5195751190 0.0000000000 0.0000000000 124.5357589722 4.1744799614 -0.1904939711
122.2441253662 6.5382447243 0.0000000000 0.0000000000 124.3397750854 4.1577010155 -0.1901531518
122.1684036255 6.5568766594 0.0000000000 0.0000000000 124.1438674927 4.1413769722 -0.1898078322
122.0928421021 6.5754795074 0.0000000000 0.0000000000 123.9461975098 4.1262006760 -0.1894769669
122.0181961060 6.5940518379 0.0000000000 0.0000000000 123.7466201782 4.1109623909 -0.1891468763
121.9457015991 6.6126036644 0.0000000000 0.0000000000 123.5468750000 4.0942058563 -0.1888026893
121.8770675659 6.6311364174 0.0000000000 0.0000000000 123.3478469849 4.0772624016 -0.1884564459
121.8113098145 6.6496324539 0.0000000000 0.0000000000 123.1481552124 4.0611209869 -0.1881159544
121.7468872070 6.6681036949 0.0000000000 0.0000000000 122.9496765137 4.0462770462 -0.1877909303
121.6817550659 6.6865549088 0.0000000000 0.0000000000 122.7504577637 4.0331063271 -0.1874831915
121.6161880493 6.7049770355 0.0000000000 0.0000000000 122.5543746948 4.0212073326 -0.1871621609
121.5490036011 6.7233839035 0.0000000000 0.0000000000 122.3594589233 4.0097827911 -0.1868463159
121.4826431274 6.7417659760 0.0000000000 0.0000000000 122.1640396118 3.9977111816 -0.1865261495
121.4164810181 6.7601141930 0.0000000000 0.0000000000 121.9675598145 3.9849495888 -0.1862123609
121.3482513428 6.7784361839 0.0000000000 0.0000000000 121.7723236084 3.9719328880 -0.1859028935
121.2782363892 6.7967276573 0.0000000000 0.0000000000 121.5814590454 3.9588811398 -0.1855894923
121.2081604004 6.8149771690 0.0000000000 0.0000000000 121.3881454468 3.9455895424 -0.1852982938
121.1371536255 6.8331933022 0.0000000000 0.0000000000 121.1967239380 3.9342808723 -0.1850214899
121.0667800903 6.8513846397 0.0000000000 0.0000000000 121.0088348389 3.9223239422 -0.1847504973
120.9955520630 6.8695545197 0.0000000000 0.0000000000 120.8221740723 3.9105024338 -0.1844858527
120.9256057739 6.8876972198 0.0000000000 0.0000000000 120.6362991333 3.8991217613 -0.1841861606
120.8581542969 6.9058132172 0.0000000000 0.0000000000 120.4509887695 3.8867664337 -0.1839411855
120.7908325195 6.9238820076 0.0000000000 0.0000000000 120.2653579712 3.8747544289 -0.1836695671
120.7241439819 6.9419159889 0.0000000000 0.0000000000 120.0779876709 3.8625593185 -0.1833997071
120.6599960327 6.9599180222 0.0000000000 0.0000000000 119.8908157349 3.8504593372 -0.1831412017
120.5973587036 6.9778823853 0.0000000000 0.0000000000 119.7049331665 3.8394703865 -0.1828903258
120.5377960205 6.9958095551 0.0000000000 0.0000000000 119.5196762085 3.8300256729 -0.1826471388
120.4809188843 7.0136923790 0.0000000000 0.0000000000 119.3356475830 3.8216176033 -0.1823878288
120.4254302979 7.0315475464 0.0000000000 0.0000000000 119.1529998779 3.8131728172 -0.1821208000
120.3705749512 7.0493769646 0.0000000000 0.0000000000 118.9699401855 3.8035495281 -0.1818356216
120.3168716431 7.0671815872 0.0000000000 0.0000000000 118.7847671509 3.7933824062 -0.1815619767
120.2617263794 7.0849647522 0.0000000000 0.0000000000 118.5982360840 3.7841391563 -0.1812996864
120.2022247314 7.1027126312 0.0000000000 0.0000000000 118.4119644165 3.7760567665 -0.1810240149
120.1385955811 7.1204242706 0.0000000000 0.0000000000 118.2257995605 3.7699089050 -0.1807412803
120.0704650879 7.1381163597 0.0000000000 0.0000000000 118.0380172729 3.7640199661 -0.1804634035
119.9997100830 7.1557860374 0.0000000000 0.0000000000 117.8510894775 3.7580120564 -0.1802061796
119.9276733398 7.1734342575 0.0000000000 0.0000000000 117.6647033691 3.7518308163 -0.1799603999
119.8532943726 7.1910576820 0.0000000000 0.0000000000 117.4779968262 3.7455472946 -0.1797006428
119.7789764404 7.2086529732 0.0000000000 0.0000000000 117.2936706543 3.7393152714 -0.1794212162
119.7040100098 7.2262163162 0.0000000000 0.0000000000 117.1117935181 3.7339885235 -0.1791383624
119.6314849854 7.2437405586 0.0000000000 0.0000000000 116.9281997681 3.7300872803 -0.1788537204
119.5637664795 7.2612423897 0.0000000000 0.0000000000 116.7453536987 3.7258312702 -0.1785862148
119.5005798340 7.2787156105 0.0000000000 0.0000000000 116.5665969849 3.7206704617 -0.1783339381
119.4417419434 7.2961640358 0.0000000000 0.0000000000 116.3862533569 3.7150256634 -0.1780885905
119.3873519897 7.3135771751 0.0000000000 0.0000000000 116.2092895508 3.7093775272 -0.1778122336
119.3351440430 7.3309526443 0.0000000000 0.0000000000 116.0344390869 3.7044751644 -0.1775584519
119.2836914062 7.3482861519 0.0000000000 0.0000000000 115.8603744507 3.6997249126 -0.1773008555
119.2337875366 7.3655948639 0.0000000000 0.0000000000 115.6870498657 3.6953375340 -0.1770424545
119.1878433228 7.3828659058 0.0000000000 0.0000000000 115.5105285645 3.6907241344 -0.1767808795
119.1433563232 7.4000744820 0.0000000000 0.0000000000 115.3380661011 3.6854720116 -0.1765263975
119.0989379883 7.4172406197 0.0000000000 0.0000000000 115.1647186279 3.6790499687 -0.1762724221
119.0526962280 7.4343719482 0.0000000000 0.0000000000 114.9890747070 3.6728737354 -0.1760130227
119.0054092407 7.4514575005 0.0000000000 0.0000000000 114.8205566406 3.6675813198 -0.1757478863
118.9582519531 7.4685149193 0.0000000000 0.0000000000 114.6522293091 3.6630847454 -0.1754862666
118.9082031250 7.4855446815 0.0000000000 0.0000000000 114.4831848145 3.6586644650 -0.1751942039
118.8549270630 7.5025444031 0.0000000000 0.0000000000 114.3173980713 3.6546833515 -0.1749241948
118.8014373779 7.5195126534 0.0000000000 0.0000000000 114.1550903320 3.6512191296 -0.1746642292
118.7470626831 7.5364446640 0.0000000000 0.0000000000 113.9949188232 3.6482713223 -0.1743946075
118.6914062500 7.5533509254 0.0000000000 0.0000000000 113.8359985352 3.6460285187 -0.1741171628
118.6364364624 7.5702285767 0.0000000000 0.0000000000 113.6767349243 3.6425881386 -0.1738410890
118.5814971924 7.5870666504 0.0000000000 0.0000000000 113.5180969238 3.6387269497 -0.1735502779
118.5288085938 7.6038713455 0.0000000000 0.0000000000 113.3607482910 3.6348605156 -0.1732608080
118.4784774780 7.6206245422 0.0000000000 0.0000000000 113.2042465210 3.6311416626 -0.1729628444
118.4307479858 7.6373424530 0.0000000000 0.0000000000 113.0494155884 3.6285879612 -0.1726660132
118.3862838745 7.6540408134 0.0000000000 0.0000000000 112.8964538574 3.6275775433 -0.1723735631
118.3446655273 7.6707115173 0.0000000000 0.0000000000 112.7460250854 3.6280720234 -0.1720844805
118.3056564331 7.6873464584 0.0000000000 0.0000000000 112.5967254639 3.6295721531 -0.1717960685
118.2698059082 7.7039384842 0.0000000000 0.0000000000 112.4484939575 3.6314160824 -0.1714974940
118.2367172241 7.7204976082 0.0000000000 0.0000000000 112.3009338379 3.6343631744 -0.1711991876
118.2060470581 7.7370009422 0.0000000000 0.0000000000 112.1538009644 3.6373736858 -0.1709083170
118.1742477417 7.7534632683 0.0000000000 0.0000000000 112.0116348267 3.6404955387 -0.1706111878
118.1424255371 7.7698769569 0.0000000000 0.0000000000 111.8663558960 3.6434695721 -0.1703108251
118.1081390381 7.7862577438 0.0000000000 0.0000000000 111.7250671387 3.6459281445 -0.1701166183
118.0702590942 7.8025970459 0.0000000000 0.0000000000 111.5809860229 3.6485836506 -0.1697201431
118.0283966064 7.8188881874 0.0000000000 0.0000000000 111.4363784790 3.6512951851 -0.1694363058
117.9836654663 7.8351445198 0.0000000000 0.0000000000 111.2976837158 3.6531069279 -0.1691635847
117.9384460449 7.8513717651 0.0000000000 0.0000000000 111.1604690552 3.6541316509 -0.1689029187
117.8914108276 7.8675727844 0.0000000000 0.0000000000 111.0171737671 3.6545944214 -0.1686401665
117.8423995972 7.8837404251 0.0000000000 0.0000000000 110.8746490479 3.6543955803 -0.1683611572
117.7930831909 7.8998799324 0.0000000000 0.0000000000 110.7319183350 3.6547532082 -0.1680954993
117.7418518066 7.9159970284 0.0000000000 0.0000000000 110.5890197754 3.6557848454 -0.1678288430
117.6914367676 7.9320845604 0.0000000000 0.0000000000 110.4428100586 3.6566128731 -0.1675602198
117.6444931030 7.9481282234 0.0000000000 0.0000000000 110.2937850952 3.6568801403 -0.1673146188
117.6005096436 7.9641327858 0.0000000000 0.0000000000 110.1446685791 3.6566081047 -0.1670606136
117.5605087280 7.9801034927 0.0000000000 0.0000000000 109.9944305420 3.6547839642 -0.1669384539
117.5240554810 7.9960441589 0.0000000000 0.0000000000 109.8461380005 3.6506724358 -0.1665730774
117.4878616333 8.0119514465 0.0000000000 0.0000000000 109.6976852417 3.6469576359 -0.1663344502
117.4525070190 8.0278148651 0.0000000000 0.0000000000 109.5493164062 3.6441705227 -0.1661051363
117.4173278809 8.0436553955 0.0000000000 0.0000000000 109.3997039795 3.6422688961 -0.1658852696
117.3841476440 8.0594625473 0.0000000000 0.0000000000 109.2513809204 3.6391737461 -0.1656891704
117.3508071899 8.0752477646 0.0000000000 0.0000000000 109.1046295166 3.6359620094 -0.1655061543
117.3153076172 8.0909891129 0.0000000000 0.0000000000 108.9631500244 3.6334643364 -0.1653128564
117.2792510986 8.1066942215 0.0000000000 0.0000000000 108.8190841675 3.6311864853 -0.1651775986
117.2407302856 8.1223688126 0.0000000000 0.0000000000 108.6713867188 3.6295888424 -0.1649602354
117.2020568848 8.1380167007 0.0000000000 0.0000000000 108.5249938965 3.6285207272 -0.1647890806
117.1642761230 8.1536388397 0.0000000000 0.0000000000 108.3798065186 3.6278584003 -0.1647614241
117.1278076172 8.1692323685 0.0000000000 0.0000000000 108.2430343628 3.6281692982 -0.1644699574
117.0900955200 8.1847972870 0.0000000000 0.0000000000 108.1055984497 3.6282291412 -0.1643184870
117.0527191162 8.2003269196 0.0000000000 0.0000000000 107.9686508179 3.6281635761 -0.1641620696
117.0132598877 8.2158308029 0.0000000000 0.0000000000 107.8288574219 3.6290607452 -0.1639917791
116.9732055664 8.2313098907 0.0000000000 0.0000000000 107.7033157349 3.6305148602 -0.1638016403
116.9340209961 8.2467689514 0.0000000000 0.0000000000 107.5638961792 3.6322257519 -0.1636214703
116.8976440430 8.2621898651 0.0000000000 0.0000000000 107.4191360474 3.6332445145 -0.1634435505
116.8620681763 8.2775859833 0.0000000000 0.0000000000 107.2732391357 3.6341483593 -0.1632733941
116.8276138306 8.2929639816 0.0000000000 0.0000000000 107.1342239380 3.6340408325 -0.1631225646
116.7938842773 8.3083152771 0.0000000000 0.0000000000 106.9976959229 3.6343200207 -0.1629725844
116.7617721558 8.3236351013 0.0000000000 0.0000000000 106.8654556274 3.6355252266 -0.1628124416
116.7321624756 8.3389329910 0.0000000000 0.0000000000 106.7353439331 3.6374444962 -0.1626442373
116.7056503296 8.3542060852 0.0000000000 0.0000000000 106.6074295044 3.6389784813 -0.1624509096
116.6848831177 8.3694591522 0.0000000000 0.0000000000 106.4815063477 3.6391448975 -0.1622671485
