#         rmsthk      stdthk       rmsvel       stdvel       rmsdiv       stddiv       rmsusurf       stdusurf
0.0000000000 0.0000000000 143.7529907227 153.4172821045 0.0000000000 0.0000000000 0.0000000000 0.0000000000
-0.2373264134 0.6165972948 112.9149093628 130.7103881836 0.0000000000 0.0000000000 0.0000000000 0.0000000000
-0.4616116881 1.1577017307 84.9947509766 112.2254638672 0.0000000000 0.0000000000 0.0000000000 0.0000000000
-0.6780994534 1.6694158316 61.0310974121 95.9544296265 0.0000000000 0.0000000000 0.0000000000 0.0000000000
-0.8852748275 2.1567285061 42.1545562744 81.8746414185 0.0000000000 0.0000000000 0.0000000000 0.0000000000
-1.0823040009 2.6209311485 27.8931999207 70.1558151245 0.0000000000 0.0000000000 0.0000000000 0.0000000000
-1.2692059278 3.0620603561 17.0474224091 60.7846183777 0.0000000000 0.0000000000 0.0000000000 0.0000000000
-1.4474581480 3.4803166389 8.6103544235 53.6647529602 0.0000000000 0.0000000000 0.0000000000 0.0000000000
-1.6186560392 3.8768653870 2.0165035725 48.4544677734 0.0000000000 0.0000000000 0.0000000000 0.0000000000
-1.7840127945 4.2536020279 -3.0681328773 44.7156562805 0.0000000000 0.0000000000 0.0000000000 0.0000000000
-1.9442582130 4.6125588417 -7.0009164810 42.0833930969 0.0000000000 0.0000000000 0.0000000000 0.0000000000
-2.1002228260 4.9553575516 -10.0641736984 40.2727584839 0.0000000000 0.0000000000 0.0000000000 0.0000000000
-2.2527587414 5.2832174301 -12.4603757858 39.0360107422 0.0000000000 0.0000000000 0.0000000000 0.0000000000
-2.4025912285 5.5972905159 -14.3551187515 38.1806068420 0.0000000000 0.0000000000 0.0000000000 0.0000000000
-2.5503711700 5.8986353874 -15.8764581680 37.5837554932 0.0000000000 0.0000000000 0.0000000000 0.0000000000
-2.6965644360 6.1886267662 -17.1097049713 37.1819610596 0.0000000000 0.0000000000 0.0000000000 0.0000000000
-2.8414664268 6.4684944153 -18.1057758331 36.9180564880 0.0000000000 0.0000000000 0.0000000000 0.0000000000
-2.9852547646 6.7393255234 -18.9147529602 36.7427215576 0.0000000000 0.0000000000 0.0000000000 0.0000000000
-3.1281583309 7.0020713806 -19.5764465332 36.6247062683 0.0000000000 0.0000000000 0.0000000000 0.0000000000
-3.2703835964 7.2576155663 -20.1229438782 36.5499801636 0.0000000000 0.0000000000 0.0000000000 0.0000000000
-3.4119980335 7.5068426132 -20.5730495453 36.4921188354 0.0000000000 0.0000000000 0.0000000000 0.0000000000
-3.5530481339 7.7505354881 -20.9566116333 36.4575424194 0.0000000000 0.0000000000 0.0000000000 0.0000000000
-3.6935954094 7.9894075394 -21.2842330933 36.4459648132 0.0000000000 0.0000000000 0.0000000000 0.0000000000
-3.8336231709 8.2240543365 -21.5633831024 36.4549102783 0.0000000000 0.0000000000 0.0000000000 0.0000000000
-3.9731271267 8.4550170898 -21.7985496521 36.4814453125 0.0000000000 0.0000000000 0.0000000000 0.0000000000
-4.1121697426 8.6827287674 -21.9914016724 36.5200309753 0.0000000000 0.0000000000 0.0000000000 0.0000000000
-4.2508096695 8.9076232910 -22.1468296051 36.5722694397 0.0000000000 0.0000000000 0.0000000000 0.0000000000
-4.3891000748 9.1300821304 -22.2619361877 36.6317710876 0.0000000000 0.0000000000 0.0000000000 0.0000000000
-4.5270781517 9.3503847122 -22.3355026245 36.6898880005 0.0000000000 0.0000000000 0.0000000000 0.0000000000
-4.6648154259 9.5687665939 -22.3757877350 36.7547264099 0.0000000000 0.0000000000 0.0000000000 0.0000000000
-4.8023643494 9.7853956223 -22.3827457428 36.8206253052 0.0000000000 0.0000000000 0.0000000000 0.0000000000
-4.9397969246 10.0004253387 -22.3591766357 36.8898315430 0.0000000000 0.0000000000 0.0000000000 0.0000000000
-5.0771408081 10.2140140533 -22.3119907379 36.9636192322 0.0000000000 0.0000000000 0.0000000000 0.0000000000
-5.2144875526 10.4263448715 -22.2460975647 37.0439643860 0.0000000000 0.0000000000 0.0000000000 0.0000000000
-5.3518981934 10.6375465393 -22.1673049927 37.1287879944 0.0000000000 0.0000000000 0.0000000000 0.0000000000
-5.4894428253 10.8478193283 -22.0813999176 37.2190170288 0.0000000000 0.0000000000 0.0000000000 0.0000000000
-5.6271905899 11.0573005676 -21.9889888763 37.3142814636 0.0000000000 0.0000000000 0.0000000000 0.0000000000
-5.7652044296 11.2661361694 -21.8899822235 37.4139442444 0.0000000000 0.0000000000 0.0000000000 0.0000000000
-5.9035348892 11.4744644165 -21.7805576324 37.5138206482 0.0000000000 0.0000000000 0.0000000000 0.0000000000
-6.0423026085 11.6824722290 -21.6605930328 37.6151771545 0.0000000000 0.0000000000 0.0000000000 0.0000000000
-6.1815853119 11.8902769089 -21.5258197784 37.7156219482 0.0000000000 0.0000000000 0.0000000000 0.0000000000
-6.3214516640 12.0979585648 -21.3754596710 37.8137092590 0.0000000000 0.0000000000 0.0000000000 0.0000000000
-6.4619846344 12.3056592941 -21.2053012848 37.9066085815 0.0000000000 0.0000000000 0.0000000000 0.0000000000
-6.6032452583 12.5134515762 -21.0165824890 37.9954833984 0.0000000000 0.0000000000 0.0000000000 0.0000000000
-6.7453112602 12.7214088440 -20.8120365143 38.0830993652 0.0000000000 0.0000000000 0.0000000000 0.0000000000
-6.8882555962 12.9296512604 -20.5916862488 38.1712951660 0.0000000000 0.0000000000 0.0000000000 0.0000000000
-7.0321269035 13.1382274628 -20.3565464020 38.2606124878 0.0000000000 0.0000000000 0.0000000000 0.0000000000
-7.1769614220 13.3471984863 -20.1094703674 38.3499412537 0.0000000000 0.0000000000 0.0000000000 0.0000000000
-7.3228111267 13.5566520691 -19.8513145447 38.4405403137 0.0000000000 0.0000000000 0.0000000000 0.0000000000
-7.4697208405 13.7666597366 -19.5837020874 38.5317840576 0.0000000000 0.0000000000 0.0000000000 0.0000000000
-7.6177144051 13.9772453308 -19.3071823120 38.6242179871 0.0000000000 0.0000000000 0.0000000000 0.0000000000
-7.7668199539 14.1884508133 -19.0236549377 38.7172584534 0.0000000000 0.0000000000 0.0000000000 0.0000000000
-7.9170947075 14.4003524780 -18.7378883362 38.8087310791 0.0000000000 0.0000000000 0.0000000000 0.0000000000
-8.0685787201 14.6129550934 -18.4521389008 38.8974304199 0.0000000000 0.0000000000 0.0000000000 0.0000000000
-8.2213087082 14.8262662888 -18.1684780121 38.9843635559 0.0000000000 0.0000000000 0.0000000000 0.0000000000
-8.3753519058 15.0403594971 -17.8874759674 39.0678787231 0.0000000000 0.0000000000 0.0000000000 0.0000000000
-8.5307426453 15.2552556992 -17.6114692688 39.1473617554 0.0000000000 0.0000000000 0.0000000000 0.0000000000
-8.6874809265 15.4709205627 -17.3435859680 39.2223510742 0.0000000000 0.0000000000 0.0000000000 0.0000000000
-8.8455724716 15.6874122620 -17.0866775513 39.2909164429 0.0000000000 0.0000000000 0.0000000000 0.0000000000
-9.0050992966 15.9048528671 -16.8427791595 39.3528785706 0.0000000000 0.0000000000 0.0000000000 0.0000000000
-9.1660881042 16.1233386993 -16.6120738983 39.4076004028 0.0000000000 0.0000000000 0.0000000000 0.0000000000
-9.3285570145 16.3429298401 -16.3954372406 39.4542388916 0.0000000000 0.0000000000 0.0000000000 0.0000000000
-9.4925222397 16.5637302399 -16.1913185120 39.4916839600 0.0000000000 0.0000000000 0.0000000000 0.0000000000
-9.6580295563 16.7858257294 -15.9990940094 39.5207061768 0.0000000000 0.0000000000 0.0000000000 0.0000000000
-9.8250646591 17.0092048645 -15.8163442612 39.5413627625 0.0000000000 0.0000000000 0.0000000000 0.0000000000
-9.9936323166 17.2339248657 -15.6433887482 39.5551605225 0.0000000000 0.0000000000 0.0000000000 0.0000000000
-10.1637411118 17.4600315094 -15.4793357849 39.5625724792 0.0000000000 0.0000000000 0.0000000000 0.0000000000
-10.3353843689 17.6875438690 -15.3285617828 39.5656242371 0.0000000000 0.0000000000 0.0000000000 0.0000000000
-10.5085363388 17.9164009094 -15.1951818466 39.5655212402 0.0000000000 0.0000000000 0.0000000000 0.0000000000
-10.6831703186 18.1465606689 -15.0802917480 39.5650978088 0.0000000000 0.0000000000 0.0000000000 0.0000000000
-10.8592500687 18.3779621124 -14.9828348160 39.5632743835 0.0000000000 0.0000000000 0.0000000000 0.0000000000
-11.0367383957 18.6105575562 -14.9033012390 39.5599250793 0.0000000000 0.0000000000 0.0000000000 0.0000000000
-11.2155790329 18.8442821503 -14.8426046371 39.5548820496 0.0000000000 0.0000000000 0.0000000000 0.0000000000
-11.3957157135 19.0791149139 -14.8040180206 39.5478363037 0.0000000000 0.0000000000 0.0000000000 0.0000000000
-11.5770473480 19.3149662018 -14.7858181000 39.5380401611 0.0000000000 0.0000000000 0.0000000000 0.0000000000
-11.7594728470 19.5517654419 -14.7821712494 39.5220260620 0.0000000000 0.0000000000 0.0000000000 0.0000000000
-11.9429121017 19.7894859314 -14.7922639847 39.5004196167 0.0000000000 0.0000000000 0.0000000000 0.0000000000
-12.1273126602 20.0281333923 -14.8137741089 39.4724922180 0.0000000000 0.0000000000 0.0000000000 0.0000000000
-12.3126144409 20.2676677704 -14.8442077637 39.4376487732 0.0000000000 0.0000000000 0.0000000000 0.0000000000
-12.4987297058 20.5080699921 -14.8858652115 39.3976478577 0.0000000000 0.0000000000 0.0000000000 0.0000000000
-12.6856031418 20.7493400574 -14.9388074875 39.3549957275 0.0000000000 0.0000000000 0.0000000000 0.0000000000
-12.8731880188 20.9914741516 -15.0071430206 39.3111915588 0.0000000000 0.0000000000 0.0000000000 0.0000000000
-13.0614013672 21.2344150543 -15.0917520523 39.2679901123 0.0000000000 0.0000000000 0.0000000000 0.0000000000
-13.2501583099 21.4780635834 -15.1914730072 39.2256011963 0.0000000000 0.0000000000 0.0000000000 0.0000000000
-13.4393835068 21.7223701477 -15.3060150146 39.1845932007 0.0000000000 0.0000000000 0.0000000000 0.0000000000
-13.6290378571 21.9673137665 -15.4353065491 39.1455917358 0.0000000000 0.0000000000 0.0000000000 0.0000000000
-13.8190441132 22.2127819061 -15.5798139572 39.1096954346 0.0000000000 0.0000000000 0.0000000000 0.0000000000
-14.0093202591 22.4586315155 -15.7360706329 39.0758323669 0.0000000000 0.0000000000 0.0000000000 0.0000000000
-14.1997213364 22.7047061920 -15.9040851593 39.0449409485 0.0000000000 0.0000000000 0.0000000000 0.0000000000
-14.3901910782 22.9509258270 -16.0818939209 39.0168533325 0.0000000000 0.0000000000 0.0000000000 0.0000000000
-14.5806255341 23.1971645355 -16.2641124725 38.9894638062 0.0000000000 0.0000000000 0.0000000000 0.0000000000
-14.7709369659 23.4433364868 -16.4466552734 38.9616622925 0.0000000000 0.0000000000 0.0000000000 0.0000000000
-14.9610433578 23.6893501282 -16.6267108917 38.9321517944 0.0000000000 0.0000000000 0.0000000000 0.0000000000
-15.1509094238 23.9351367950 -16.8038234711 38.9005775452 0.0000000000 0.0000000000 0.0000000000 0.0000000000
-15.3404560089 24.1805877686 -16.9752674103 38.8666763306 0.0000000000 0.0000000000 0.0000000000 0.0000000000
-15.5296306610 24.4256629944 -17.1418647766 38.8310737610 0.0000000000 0.0000000000 0.0000000000 0.0000000000
-15.7184524536 24.6704158783 -17.3063755035 38.7960929871 0.0000000000 0.0000000000 0.0000000000 0.0000000000
-15.9068870544 24.9147548676 -17.4684696198 38.7609672546 0.0000000000 0.0000000000 0.0000000000 0.0000000000
-16.0948944092 25.1586284637 -17.6306400299 38.7263717651 0.0000000000 0.0000000000 0.0000000000 0.0000000000
-16.2824878693 25.4020557404 -17.7950649261 38.6934852600 0.0000000000 0.0000000000 0.0000000000 0.0000000000
-16.4696559906 25.6449947357 -17.9635009766 38.6632919312 0.0000000000 0.0000000000 0.0000000000 0.0000000000
-16.6563777924 25.8874320984 -18.1355075836 38.6367759705 0.0000000000 0.0000000000 0.0000000000 0.0000000000
-16.8426017761 26.1293163300 -18.3095054626 38.6127128601 0.0000000000 0.0000000000 0.0000000000 0.0000000000
-17.0282783508 26.3705978394 -18.4845180511 38.5904312134 0.0000000000 0.0000000000 0.0000000000 0.0000000000
-17.2133407593 26.6112117767 -18.6589603424 38.5691223145 0.0000000000 0.0000000000 0.0000000000 0.0000000000
-17.3978099823 26.8511714935 -18.8311862946 38.5489540100 0.0000000000 0.0000000000 0.0000000000 0.0000000000
-17.5816612244 27.0904884338 -18.9999427795 38.5283050537 0.0000000000 0.0000000000 0.0000000000 0.0000000000
-17.7649078369 27.3291225433 -19.1635131836 38.5063934326 0.0000000000 0.0000000000 0.0000000000 0.0000000000
-17.9475498199 27.5670909882 -19.3224182129 38.4824981689 0.0000000000 0.0000000000 0.0000000000 0.0000000000
-18.1295413971 27.8043022156 -19.4769458771 38.4576721191 0.0000000000 0.0000000000 0.0000000000 0.0000000000
-18.3108863831 28.0407752991 -19.6274051666 38.4323997498 0.0000000000 0.0000000000 0.0000000000 0.0000000000
-18.4915981293 28.2765045166 -19.7760219574 38.4072189331 0.0000000000 0.0000000000 0.0000000000 0.0000000000
-18.6716537476 28.5114841461 -19.9224510193 38.3806800842 0.0000000000 0.0000000000 0.0000000000 0.0000000000
-18.8511123657 28.7457256317 -20.0664424896 38.3540191650 0.0000000000 0.0000000000 0.0000000000 0.0000000000
-19.0300083160 28.9792785645 -20.2087383270 38.3266334534 0.0000000000 0.0000000000 0.0000000000 0.0000000000
-19.2083415985 29.2121028900 -20.3487720490 38.2979545593 0.0000000000 0.0000000000 0.0000000000 0.0000000000
-19.3861083984 29.4442176819 -20.4875354767 38.2697448730 0.0000000000 0.0000000000 0.0000000000 0.0000000000
-19.5633049011 29.6756229401 -20.6242008209 38.2407493591 0.0000000000 0.0000000000 0.0000000000 0.0000000000
-19.7399635315 29.9063549042 -20.7594814301 38.2122077942 0.0000000000 0.0000000000 0.0000000000 0.0000000000
-19.9161205292 30.1364498138 -20.8948440552 38.1843452454 0.0000000000 0.0000000000 0.0000000000 0.0000000000
-20.0917758942 30.3659152985 -21.0295352936 38.1566314697 0.0000000000 0.0000000000 0.0000000000 0.0000000000
-20.2669677734 30.5947322845 -21.1632194519 38.1299743652 0.0000000000 0.0000000000 0.0000000000 0.0000000000
-20.4416790009 30.8229351044 -21.2969493866 38.1044197083 0.0000000000 0.0000000000 0.0000000000 0.0000000000
-20.6159076691 31.0504703522 -21.4303798676 38.0793037415 0.0000000000 0.0000000000 0.0000000000 0.0000000000
-20.7896442413 31.2773475647 -21.5650558472 38.0554580688 0.0000000000 0.0000000000 0.0000000000 0.0000000000
-20.9628829956 31.5035629272 -21.6980190277 38.0314140320 0.0000000000 0.0000000000 0.0000000000 0.0000000000
-21.1356735229 31.7291698456 -21.8282146454 38.0061073303 0.0000000000 0.0000000000 0.0000000000 0.0000000000
-21.3080101013 31.9541511536 -21.9554595947 37.9809265137 0.0000000000 0.0000000000 0.0000000000 0.0000000000
-21.4799003601 32.1785392761 -22.0807323456 37.9569168091 0.0000000000 0.0000000000 0.0000000000 0.0000000000
-21.6513347626 32.4023132324 -22.2044067383 37.9335212708 0.0000000000 0.0000000000 0.0000000000 0.0000000000
-21.8223361969 32.6254844666 -22.3278465271 37.9103507996 0.0000000000 0.0000000000 0.0000000000 0.0000000000
-21.9929237366 32.8480567932 -22.4508056641 37.8881111145 0.0000000000 0.0000000000 0.0000000000 0.0000000000
-22.1631069183 33.0700836182 -22.5734996796 37.8666152954 0.0000000000 0.0000000000 0.0000000000 0.0000000000
-22.3328838348 33.2915420532 -22.6965751648 37.8459892273 0.0000000000 0.0000000000 0.0000000000 0.0000000000
-22.5022106171 33.5124015808 -22.8211135864 37.8256721497 0.0000000000 0.0000000000 0.0000000000 0.0000000000
-22.6710987091 33.7326698303 -22.9466876984 37.8057823181 0.0000000000 0.0000000000 0.0000000000 0.0000000000
-22.8395633698 33.9523620605 -23.0714740753 37.7863655090 0.0000000000 0.0000000000 0.0000000000 0.0000000000
-23.0076026917 34.1714744568 -23.1953601837 37.7676010132 0.0000000000 0.0000000000 0.0000000000 0.0000000000
-23.1752586365 34.3900337219 -23.3185272217 37.7504043579 0.0000000000 0.0000000000 0.0000000000 0.0000000000
-23.3425064087 34.6080245972 -23.4407577515 37.7344779968 0.0000000000 0.0000000000 0.0000000000 0.0000000000
-23.5093269348 34.8254699707 -23.5604534149 37.7198486328 0.0000000000 0.0000000000 0.0000000000 0.0000000000
-23.6757278442 35.0423507690 -23.6770210266 37.7049026489 0.0000000000 0.0000000000 0.0000000000 0.0000000000
-23.8417224884 35.2586479187 -23.7904644012 37.6894874573 0.0000000000 0.0000000000 0.0000000000 0.0000000000
-24.0072994232 35.4743690491 -23.9018115997 37.6741867065 0.0000000000 0.0000000000 0.0000000000 0.0000000000
-24.1724624634 35.6895103455 -24.0117359161 37.6588134766 0.0000000000 0.0000000000 0.0000000000 0.0000000000
-24.3371372223 35.9040679932 -24.1216144562 37.6436653137 0.0000000000 0.0000000000 0.0000000000 0.0000000000
-24.5014152527 36.1180572510 -24.2326412201 37.6296195984 0.0000000000 0.0000000000 0.0000000000 0.0000000000
-24.6652965546 36.3315048218 -24.3455066681 37.6169013977 0.0000000000 0.0000000000 0.0000000000 0.0000000000
-24.8287811279 36.5443878174 -24.4617176056 37.6055450439 0.0000000000 0.0000000000 0.0000000000 0.0000000000
-24.9918861389 36.7567405701 -24.5808544159 37.5949325562 0.0000000000 0.0000000000 0.0000000000 0.0000000000
-25.1546230316 36.9685668945 -24.7027759552 37.5856857300 0.0000000000 0.0000000000 0.0000000000 0.0000000000
-25.3169670105 37.1798362732 -24.8270359039 37.5780868530 0.0000000000 0.0000000000 0.0000000000 0.0000000000
-25.4789180756 37.3905334473 -24.9518432617 37.5703277588 0.0000000000 0.0000000000 0.0000000000 0.0000000000
-25.6404838562 37.6006851196 -25.0762710571 37.5634231567 0.0000000000 0.0000000000 0.0000000000 0.0000000000
-25.8016490936 37.8102607727 -25.1985454559 37.5563468933 0.0000000000 0.0000000000 0.0000000000 0.0000000000
-25.9623908997 38.0192489624 -25.3167190552 37.5483283997 0.0000000000 0.0000000000 0.0000000000 0.0000000000
-26.1226882935 38.2276268005 -25.4316215515 37.5396957397 0.0000000000 0.0000000000 0.0000000000 0.0000000000
-26.2825717926 38.4353942871 -25.5434303284 37.5305099487 0.0000000000 0.0000000000 0.0000000000 0.0000000000
-26.4419841766 38.6425361633 -25.6523208618 37.5205802917 0.0000000000 0.0000000000 0.0000000000 0.0000000000
-26.6009407043 38.8490676880 -25.7589664459 37.5096931458 0.0000000000 0.0000000000 0.0000000000 0.0000000000
-26.7594413757 39.0549621582 -25.8651828766 37.4981117249 0.0000000000 0.0000000000 0.0000000000 0.0000000000
-26.9175186157 39.2602539062 -25.9732551575 37.4863700867 0.0000000000 0.0000000000 0.0000000000 0.0000000000
-27.0751762390 39.4649353027 -26.0840892792 37.4755210876 0.0000000000 0.0000000000 0.0000000000 0.0000000000
-27.2323532104 39.6689796448 -26.1968746185 37.4648056030 0.0000000000 0.0000000000 0.0000000000 0.0000000000
-27.3890342712 39.8724250793 -26.3110122681 37.4548110962 0.0000000000 0.0000000000 0.0000000000 0.0000000000
-27.5452079773 40.0752410889 -26.4267349243 37.4458236694 0.0000000000 0.0000000000 0.0000000000 0.0000000000
-27.7009506226 40.2774810791 -26.5439643860 37.4367485046 0.0000000000 0.0000000000 0.0000000000 0.0000000000
-27.8562240601 40.4791374207 -26.6631793976 37.4276924133 0.0000000000 0.0000000000 0.0000000000 0.0000000000
-28.0110549927 40.6801910400 -26.7841796875 37.4175148010 0.0000000000 0.0000000000 0.0000000000 0.0000000000
-28.1654109955 40.8806152344 -26.9081687927 37.4064216614 0.0000000000 0.0000000000 0.0000000000 0.0000000000
-28.3192672729 41.0804252625 -27.0346279144 37.3942489624 0.0000000000 0.0000000000 0.0000000000 0.0000000000
-28.4726753235 41.2796516418 -27.1627140045 37.3812408447 0.0000000000 0.0000000000 0.0000000000 0.0000000000
-28.6256427765 41.4782562256 -27.2912425995 37.3664779663 0.0000000000 0.0000000000 0.0000000000 0.0000000000
-28.7781448364 41.6762351990 -27.4208507538 37.3500328064 0.0000000000 0.0000000000 0.0000000000 0.0000000000
-28.9301757812 41.8735923767 -27.5494213104 37.3318634033 0.0000000000 0.0000000000 0.0000000000 0.0000000000
-29.0817337036 42.0702857971 -27.6754760742 37.3125724792 0.0000000000 0.0000000000 0.0000000000 0.0000000000
-29.2328338623 42.2663917542 -27.7998275757 37.2931556702 0.0000000000 0.0000000000 0.0000000000 0.0000000000
-29.3834667206 42.4618949890 -27.9219379425 37.2746162415 0.0000000000 0.0000000000 0.0000000000 0.0000000000
-29.5336456299 42.6567878723 -28.0402221680 37.2569313049 0.0000000000 0.0000000000 0.0000000000 0.0000000000
-29.6833858490 42.8510818481 -28.1547203064 37.2401657104 0.0000000000 0.0000000000 0.0000000000 0.0000000000
-29.8326835632 43.0447692871 -28.2650165558 37.2233734131 0.0000000000 0.0000000000 0.0000000000 0.0000000000
-29.9815311432 43.2378082275 -28.3705825806 37.2072334290 0.0000000000 0.0000000000 0.0000000000 0.0000000000
-30.1298847198 43.4301719666 -28.4720249176 37.1915931702 0.0000000000 0.0000000000 0.0000000000 0.0000000000
-30.2777919769 43.6218948364 -28.5695018768 37.1770782471 0.0000000000 0.0000000000 0.0000000000 0.0000000000
-30.4252910614 43.8130683899 -28.6647720337 37.1637229919 0.0000000000 0.0000000000 0.0000000000 0.0000000000
-30.5724048615 44.0036926270 -28.7565555573 37.1510467529 0.0000000000 0.0000000000 0.0000000000 0.0000000000
-30.7191314697 44.1937866211 -28.8468990326 37.1391677856 0.0000000000 0.0000000000 0.0000000000 0.0000000000
-30.8654537201 44.3833732605 -28.9349918365 37.1282348633 0.0000000000 0.0000000000 0.0000000000 0.0000000000
-31.0114364624 44.5725555420 -29.0226230621 37.1188926697 0.0000000000 0.0000000000 0.0000000000 0.0000000000
-31.1570816040 44.7613258362 -29.1100177765 37.1101303101 0.0000000000 0.0000000000 0.0000000000 0.0000000000
-31.3023281097 44.9496459961 -29.1967067719 37.1021766663 0.0000000000 0.0000000000 0.0000000000 0.0000000000
-31.4471969604 45.1375923157 -29.2816543579 37.0950622559 0.0000000000 0.0000000000 0.0000000000 0.0000000000
-31.5916976929 45.3251419067 -29.3652191162 37.0884399414 0.0000000000 0.0000000000 0.0000000000 0.0000000000
-31.7358379364 45.5122795105 -29.4472026825 37.0819549561 0.0000000000 0.0000000000 0.0000000000 0.0000000000
-31.8795757294 45.6989517212 -29.5282287598 37.0759925842 0.0000000000 0.0000000000 0.0000000000 0.0000000000
-32.0229454041 45.8851890564 -29.6096782684 37.0704879761 0.0000000000 0.0000000000 0.0000000000 0.0000000000
-32.1659545898 46.0709838867 -29.6933784485 37.0664939880 0.0000000000 0.0000000000 0.0000000000 0.0000000000
-32.3086090088 46.2563667297 -29.7800216675 37.0632743835 0.0000000000 0.0000000000 0.0000000000 0.0000000000
-32.4509048462 46.4413337708 -29.8700847626 37.0607719421 0.0000000000 0.0000000000 0.0000000000 0.0000000000
-32.5928611755 46.6258621216 -29.9626789093 37.0581817627 0.0000000000 0.0000000000 0.0000000000 0.0000000000
-32.7344589233 46.8099403381 -30.0567340851 37.0553321838 0.0000000000 0.0000000000 0.0000000000 0.0000000000
-32.8755989075 46.9935264587 -30.1510581970 37.0514335632 0.0000000000 0.0000000000 0.0000000000 0.0000000000
-33.0163650513 47.1765975952 -30.2460517883 37.0481719971 0.0000000000 0.0000000000 0.0000000000 0.0000000000
-33.1567535400 47.3591308594 -30.3414382935 37.0453147888 0.0000000000 0.0000000000 0.0000000000 0.0000000000
-33.2966957092 47.5411071777 -30.4356899261 37.0421142578 0.0000000000 0.0000000000 0.0000000000 0.0000000000
-33.4361495972 47.7224578857 -30.5288429260 37.0386009216 0.0000000000 0.0000000000 0.0000000000 0.0000000000
-33.5751571655 47.9031791687 -30.6197891235 37.0334930420 0.0000000000 0.0000000000 0.0000000000 0.0000000000
-33.7136688232 48.0832290649 -30.7072982788 37.0259704590 0.0000000000 0.0000000000 0.0000000000 0.0000000000
-33.8517456055 48.2626342773 -30.7910461426 37.0151367188 0.0000000000 0.0000000000 0.0000000000 0.0000000000
-33.9892883301 48.4413108826 -30.8704071045 37.0001373291 0.0000000000 0.0000000000 0.0000000000 0.0000000000
-34.1263771057 48.6193809509 -30.9452285767 36.9833869934 0.0000000000 0.0000000000 0.0000000000 0.0000000000
-34.2629814148 48.7968406677 -31.0169982910 36.9679679871 0.0000000000 0.0000000000 0.0000000000 0.0000000000
-34.3989906311 48.9737091064 -31.0866489410 36.9546051025 0.0000000000 0.0000000000 0.0000000000 0.0000000000
-34.5345382690 49.1500129700 -31.1555690765 36.9437484741 0.0000000000 0.0000000000 0.0000000000 0.0000000000
-34.6696510315 49.3257675171 -31.2249088287 36.9358825684 0.0000000000 0.0000000000 0.0000000000 0.0000000000
-34.8042907715 49.5009536743 -31.2947807312 36.9308433533 0.0000000000 0.0000000000 0.0000000000 0.0000000000
-34.9385147095 49.6756172180 -31.3647804260 36.9285736084 0.0000000000 0.0000000000 0.0000000000 0.0000000000
-35.0723114014 49.8498001099 -31.4345664978 36.9286041260 0.0000000000 0.0000000000 0.0000000000 0.0000000000
-35.2056999207 50.0235137939 -31.5030918121 36.9299354553 0.0000000000 0.0000000000 0.0000000000 0.0000000000
-35.3386726379 50.1967735291 -31.5704441071 36.9326705933 0.0000000000 0.0000000000 0.0000000000 0.0000000000
-35.4712409973 50.3695564270 -31.6364860535 36.9361877441 0.0000000000 0.0000000000 0.0000000000 0.0000000000
-35.6034126282 50.5418663025 -31.7013568878 36.9405479431 0.0000000000 0.0000000000 0.0000000000 0.0000000000
-35.7351455688 50.7137298584 -31.7640628815 36.9448852539 0.0000000000 0.0000000000 0.0000000000 0.0000000000
-35.8664779663 50.8851928711 -31.8248767853 36.9487495422 0.0000000000 0.0000000000 0.0000000000 0.0000000000
-35.9974975586 51.0562896729 -31.8833332062 36.9529838562 0.0000000000 0.0000000000 0.0000000000 0.0000000000
-36.1281890869 51.2270393372 -31.9395790100 36.9567451477 0.0000000000 0.0000000000 0.0000000000 0.0000000000
-36.2585411072 51.3974266052 -31.9943733215 36.9605140686 0.0000000000 0.0000000000 0.0000000000 0.0000000000
-36.3885421753 51.5674629211 -32.0481224060 36.9637718201 0.0000000000 0.0000000000 0.0000000000 0.0000000000
-36.5182647705 51.7371749878 -32.1024246216 36.9673728943 0.0000000000 0.0000000000 0.0000000000 0.0000000000
-36.6476402283 51.9064979553 -32.1579170227 36.9713478088 0.0000000000 0.0000000000 0.0000000000 0.0000000000
-36.7766838074 52.0754203796 -32.2148704529 36.9754981995 0.0000000000 0.0000000000 0.0000000000 0.0000000000
-36.9053878784 52.2439498901 -32.2731018066 36.9798660278 0.0000000000 0.0000000000 0.0000000000 0.0000000000
-37.0337677002 52.4120788574 -32.3322181702 36.9845466614 0.0000000000 0.0000000000 0.0000000000 0.0000000000
-37.1617965698 52.5797767639 -32.3925437927 36.9892196655 0.0000000000 0.0000000000 0.0000000000 0.0000000000
-37.2894783020 52.7470245361 -32.4543304443 36.9946746826 0.0000000000 0.0000000000 0.0000000000 0.0000000000
-37.4168128967 52.9138259888 -32.5171012878 37.0001449585 0.0000000000 0.0000000000 0.0000000000 0.0000000000
-37.5437927246 53.0801658630 -32.5813179016 37.0060501099 0.0000000000 0.0000000000 0.0000000000 0.0000000000
-37.6703910828 53.2460098267 -32.6470222473 37.0123748779 0.0000000000 0.0000000000 0.0000000000 0.0000000000
-37.7966194153 53.4113998413 -32.7136383057 37.0189628601 0.0000000000 0.0000000000 0.0000000000 0.0000000000
-37.9224739075 53.5762977600 -32.7810821533 37.0258827209 0.0000000000 0.0000000000 0.0000000000 0.0000000000
-38.0479125977 53.7406997681 -32.8490753174 37.0333709717 0.0000000000 0.0000000000 0.0000000000 0.0000000000
-38.1729202271 53.9045715332 -32.9171371460 37.0407600403 0.0000000000 0.0000000000 0.0000000000 0.0000000000
-38.2975349426 54.0679016113 -32.9846725464 37.0480384827 0.0000000000 0.0000000000 0.0000000000 0.0000000000
-38.4216270447 54.2306289673 -33.0514259338 37.0545845032 0.0000000000 0.0000000000 0.0000000000 0.0000000000
-38.5452346802 54.3927764893 -33.1169929504 37.0604896545 0.0000000000 0.0000000000 0.0000000000 0.0000000000
-38.6684074402 54.5543708801 -33.1808586121 37.0655746460 0.0000000000 0.0000000000 0.0000000000 0.0000000000
-38.7911834717 54.7153892517 -33.2434730530 37.0706634521 0.0000000000 0.0000000000 0.0000000000 0.0000000000
-38.9134902954 54.8758354187 -33.3051567078 37.0754470825 0.0000000000 0.0000000000 0.0000000000 0.0000000000
-39.0353736877 55.0357589722 -33.3667449951 37.0797805786 0.0000000000 0.0000000000 0.0000000000 0.0000000000
-39.1567649841 55.1950836182 -33.4276390076 37.0843238831 0.0000000000 0.0000000000 0.0000000000 0.0000000000
-39.2777442932 55.3538742065 -33.4877052307 37.0884704590 0.0000000000 0.0000000000 0.0000000000 0.0000000000
-39.3982353210 55.5121002197 -33.5476760864 37.0925674438 0.0000000000 0.0000000000 0.0000000000 0.0000000000
-39.5182876587 55.6697540283 -33.6079864502 37.0969810486 0.0000000000 0.0000000000 0.0000000000 0.0000000000
-39.6379051208 55.8268127441 -33.6687507629 37.1014938354 0.0000000000 0.0000000000 0.0000000000 0.0000000000
-39.7570838928 55.9832839966 -33.7296905518 37.1061592102 0.0000000000 0.0000000000 0.0000000000 0.0000000000
-39.8757972717 56.1391372681 -33.7905273438 37.1106948853 0.0000000000 0.0000000000 0.0000000000 0.0000000000
-39.9940681458 56.2943649292 -33.8519935608 37.1157684326 0.0000000000 0.0000000000 0.0000000000 0.0000000000
-40.1119308472 56.4490165710 -33.9146499634 37.1216468811 0.0000000000 0.0000000000 0.0000000000 0.0000000000
-40.2293548584 56.6030693054 -33.9774703979 37.1271591187 0.0000000000 0.0000000000 0.0000000000 0.0000000000
-40.3462829590 56.7565040588 -34.0403480530 37.1330070496 0.0000000000 0.0000000000 0.0000000000 0.0000000000
-40.4626922607 56.9093360901 -34.1026268005 37.1385269165 0.0000000000 0.0000000000 0.0000000000 0.0000000000
-40.5786132812 57.0615615845 -34.1645812988 37.1437377930 0.0000000000 0.0000000000 0.0000000000 0.0000000000
-40.6940689087 57.2132301331 -34.2260208130 37.1487236023 0.0000000000 0.0000000000 0.0000000000 0.0000000000
-40.8090782166 57.3643112183 -34.2868041992 37.1541709900 0.0000000000 0.0000000000 0.0000000000 0.0000000000
-40.9236297607 57.5147781372 -34.3467864990 37.1592712402 0.0000000000 0.0000000000 0.0000000000 0.0000000000
-41.0377197266 57.6646690369 -34.4066810608 37.1647834778 0.0000000000 0.0000000000 0.0000000000 0.0000000000
-41.1513290405 57.8139839172 -34.4656715393 37.1694831848 0.0000000000 0.0000000000 0.0000000000 0.0000000000
-41.2644691467 57.9627189636 -34.5243988037 37.1743659973 0.0000000000 0.0000000000 0.0000000000 0.0000000000
-41.3772354126 58.1109390259 -34.5829887390 37.1795539856 0.0000000000 0.0000000000 0.0000000000 0.0000000000
-41.4895515442 58.2585906982 -34.6412124634 37.1844558716 0.0000000000 0.0000000000 0.0000000000 0.0000000000
-41.6013565063 58.4056701660 -34.6997070312 37.1900291443 0.0000000000 0.0000000000 0.0000000000 0.0000000000
-41.7127647400 58.5522079468 -34.7580947876 37.1956024170 0.0000000000 0.0000000000 0.0000000000 0.0000000000
-41.8237152100 58.6981887817 -34.8162879944 37.2010879517 0.0000000000 0.0000000000 0.0000000000 0.0000000000
-41.9342155457 58.8436012268 -34.8743553162 37.2066078186 0.0000000000 0.0000000000 0.0000000000 0.0000000000
-42.0443305969 58.9884872437 -34.9325027466 37.2125244141 0.0000000000 0.0000000000 0.0000000000 0.0000000000
-42.1540451050 59.1328010559 -34.9899482727 37.2183952332 0.0000000000 0.0000000000 0.0000000000 0.0000000000
-42.2633743286 59.2765579224 -35.0460472107 37.2238464355 0.0000000000 0.0000000000 0.0000000000 0.0000000000
-42.3723144531 59.4197502136 -35.1011581421 37.2290267944 0.0000000000 0.0000000000 0.0000000000 0.0000000000
-42.4809112549 59.5624122620 -35.1552810669 37.2339096069 0.0000000000 0.0000000000 0.0000000000 0.0000000000
-42.5891151428 59.7045402527 -35.2085189819 37.2389678955 0.0000000000 0.0000000000 0.0000000000 0.0000000000
-42.6969833374 59.8461456299 -35.2607650757 37.2442054749 0.0000000000 0.0000000000 0.0000000000 0.0000000000
-42.8044624329 59.9872360229 -35.3122978210 37.2492675781 0.0000000000 0.0000000000 0.0000000000 0.0000000000
-42.9115295410 60.1277275085 -35.3627929688 37.2544136047 0.0000000000 0.0000000000 0.0000000000 0.0000000000
-43.0181999207 60.2676467896 -35.4124984741 37.2596664429 0.0000000000 0.0000000000 0.0000000000 0.0000000000
-43.1245536804 60.4070777893 -35.4610748291 37.2645263672 0.0000000000 0.0000000000 0.0000000000 0.0000000000
-43.2305870056 60.5460205078 -35.5088996887 37.2694358826 0.0000000000 0.0000000000 0.0000000000 0.0000000000
-43.3363304138 60.6845245361 -35.5555229187 37.2730712891 0.0000000000 0.0000000000 0.0000000000 0.0000000000
-43.4417762756 60.8225364685 -35.6013221741 37.2765846252 0.0000000000 0.0000000000 0.0000000000 0.0000000000
-43.5468902588 60.9600601196 -35.6465644836 37.2800140381 0.0000000000 0.0000000000 0.0000000000 0.0000000000
-43.6516952515 61.0970954895 -35.6912994385 37.2833061218 0.0000000000 0.0000000000 0.0000000000 0.0000000000
-43.7561912537 61.2336463928 -35.7354736328 37.2868614197 0.0000000000 0.0000000000 0.0000000000 0.0000000000
-43.8603286743 61.3697547913 -35.7793235779 37.2903747559 0.0000000000 0.0000000000 0.0000000000 0.0000000000
-43.9641799927 61.5054321289 -35.8229293823 37.2934684753 0.0000000000 0.0000000000 0.0000000000 0.0000000000
-44.0677413940 61.6406745911 -35.8673057556 37.2972984314 0.0000000000 0.0000000000 0.0000000000 0.0000000000
-44.1710166931 61.7755279541 -35.9121818542 37.3016204834 0.0000000000 0.0000000000 0.0000000000 0.0000000000
-44.2740669250 61.9099693298 -35.9571418762 37.3060150146 0.0000000000 0.0000000000 0.0000000000 0.0000000000
-44.3768653870 62.0439910889 -36.0022392273 37.3103446960 0.0000000000 0.0000000000 0.0000000000 0.0000000000
-44.4794692993 62.1776618958 -36.0472564697 37.3147544861 0.0000000000 0.0000000000 0.0000000000 0.0000000000
-44.5818595886 62.3109474182 -36.0912590027 37.3179740906 0.0000000000 0.0000000000 0.0000000000 0.0000000000
-44.6840057373 62.4438781738 -36.1346473694 37.3204345703 0.0000000000 0.0000000000 0.0000000000 0.0000000000
-44.7858810425 62.5763931274 -36.1775932312 37.3227424622 0.0000000000 0.0000000000 0.0000000000 0.0000000000
-44.8875694275 62.7085647583 -36.2197685242 37.3247909546 0.0000000000 0.0000000000 0.0000000000 0.0000000000
-44.9890823364 62.8404006958 -36.2617988586 37.3268051147 0.0000000000 0.0000000000 0.0000000000 0.0000000000
-45.0903816223 62.9719200134 -36.3040084839 37.3287925720 0.0000000000 0.0000000000 0.0000000000 0.0000000000
-45.1914176941 63.1030845642 -36.3463211060 37.3307876587 0.0000000000 0.0000000000 0.0000000000 0.0000000000
-45.2922210693 63.2338943481 -36.3889198303 37.3329505920 0.0000000000 0.0000000000 0.0000000000 0.0000000000
-45.3928031921 63.3643188477 -36.4324073792 37.3358612061 0.0000000000 0.0000000000 0.0000000000 0.0000000000
-45.4931106567 63.4943733215 -36.4764709473 37.3391571045 0.0000000000 0.0000000000 0.0000000000 0.0000000000
-45.5931930542 63.6240539551 -36.5209579468 37.3430442810 0.0000000000 0.0000000000 0.0000000000 0.0000000000
-45.6930503845 63.7533836365 -36.5649719238 37.3462333679 0.0000000000 0.0000000000 0.0000000000 0.0000000000
-45.7926521301 63.8823318481 -36.6081352234 37.3490409851 0.0000000000 0.0000000000 0.0000000000 0.0000000000
-45.8919715881 64.0109558105 -36.6509132385 37.3520011902 0.0000000000 0.0000000000 0.0000000000 0.0000000000
-45.9910316467 64.1392059326 -36.6932182312 37.3554077148 0.0000000000 0.0000000000 0.0000000000 0.0000000000
-46.0899009705 64.2671356201 -36.7356529236 37.3592872620 0.0000000000 0.0000000000 0.0000000000 0.0000000000
-46.1885681152 64.3947372437 -36.7784690857 37.3632698059 0.0000000000 0.0000000000 0.0000000000 0.0000000000
-46.2869834900 64.5219573975 -36.8209533691 37.3668518066 0.0000000000 0.0000000000 0.0000000000 0.0000000000
-46.3850555420 64.6487121582 -36.8625946045 37.3697090149 0.0000000000 0.0000000000 0.0000000000 0.0000000000
-46.4828605652 64.7750320435 -36.9035339355 37.3717346191 0.0000000000 0.0000000000 0.0000000000 0.0000000000
-46.5803680420 64.9009399414 -36.9441452026 37.3736228943 0.0000000000 0.0000000000 0.0000000000 0.0000000000
-46.6776008606 65.0264892578 -36.9847145081 37.3755149841 0.0000000000 0.0000000000 0.0000000000 0.0000000000
-46.7746124268 65.1516647339 -37.0260848999 37.3776779175 0.0000000000 0.0000000000 0.0000000000 0.0000000000
-46.8714065552 65.2764892578 -37.0681495667 37.3803062439 0.0000000000 0.0000000000 0.0000000000 0.0000000000
-46.9679489136 65.4009933472 -37.1114463806 37.3836326599 0.0000000000 0.0000000000 0.0000000000 0.0000000000
-47.0642509460 65.5251770020 -37.1549797058 37.3870582581 0.0000000000 0.0000000000 0.0000000000 0.0000000000
-47.1603507996 65.6490631104 -37.1983070374 37.3904685974 0.0000000000 0.0000000000 0.0000000000 0.0000000000
-47.2562026978 65.7726593018 -37.2410392761 37.3934860229 0.0000000000 0.0000000000 0.0000000000 0.0000000000
-47.3518409729 65.8959732056 -37.2824554443 37.3959121704 0.0000000000 0.0000000000 0.0000000000 0.0000000000
-47.4473037720 66.0190124512 -37.3225936890 37.3980102539 0.0000000000 0.0000000000 0.0000000000 0.0000000000
-47.5425224304 66.1417770386 -37.3617820740 37.4003486633 0.0000000000 0.0000000000 0.0000000000 0.0000000000
-47.6374626160 66.2642822266 -37.4004402161 37.4027214050 0.0000000000 0.0000000000 0.0000000000 0.0000000000
-47.7321319580 66.3865356445 -37.4391593933 37.4052467346 0.0000000000 0.0000000000 0.0000000000 0.0000000000
-47.8265380859 66.5084915161 -37.4774665833 37.4077720642 0.0000000000 0.0000000000 0.0000000000 0.0000000000
-47.9207153320 66.6301345825 -37.5155677795 37.4102325439 0.0000000000 0.0000000000 0.0000000000 0.0000000000
-48.0146217346 66.7514266968 -37.5535812378 37.4124221802 0.0000000000 0.0000000000 0.0000000000 0.0000000000
-48.1083259583 66.8724212646 -37.5924491882 37.4148902893 0.0000000000 0.0000000000 0.0000000000 0.0000000000
-48.2017707825 66.9930801392 -37.6317710876 37.4174880981 0.0000000000 0.0000000000 0.0000000000 0.0000000000
-48.2949485779 67.1134490967 -37.6718635559 37.4208374023 0.0000000000 0.0000000000 0.0000000000 0.0000000000
-48.3878631592 67.2335128784 -37.7124900818 37.4249420166 0.0000000000 0.0000000000 0.0000000000 0.0000000000
-48.4805107117 67.3532867432 -37.7528190613 37.4290542603 0.0000000000 0.0000000000 0.0000000000 0.0000000000
-48.5728988647 67.4727630615 -37.7924880981 37.4331092834 0.0000000000 0.0000000000 0.0000000000 0.0000000000
-48.6650009155 67.5918350220 -37.8311004639 37.4370460510 0.0000000000 0.0000000000 0.0000000000 0.0000000000
-48.7568893433 67.7105941772 -37.8689613342 37.4406890869 0.0000000000 0.0000000000 0.0000000000 0.0000000000
-48.8484840393 67.8289871216 -37.9061775208 37.4443092346 0.0000000000 0.0000000000 0.0000000000 0.0000000000
-48.9398307800 67.9470214844 -37.9424667358 37.4476013184 0.0000000000 0.0000000000 0.0000000000 0.0000000000
-49.0309257507 68.0647583008 -37.9785728455 37.4504966736 0.0000000000 0.0000000000 0.0000000000 0.0000000000
-49.1217613220 68.1822204590 -38.0139503479 37.4528465271 0.0000000000 0.0000000000 0.0000000000 0.0000000000
-49.2123260498 68.2993621826 -38.0491714478 37.4550437927 0.0000000000 0.0000000000 0.0000000000 0.0000000000
-49.3026199341 68.4161834717 -38.0842323303 37.4570388794 0.0000000000 0.0000000000 0.0000000000 0.0000000000
-49.3926315308 68.5326995850 -38.1188240051 37.4589691162 0.0000000000 0.0000000000 0.0000000000 0.0000000000
-49.4823570251 68.6488723755 -38.1525535583 37.4605560303 0.0000000000 0.0000000000 0.0000000000 0.0000000000
-49.5717124939 68.7646865845 -38.1855087280 37.4616699219 0.0000000000 0.0000000000 0.0000000000 0.0000000000
-49.6607894897 68.8801574707 -38.2179450989 37.4626579285 0.0000000000 0.0000000000 0.0000000000 0.0000000000
-49.7496261597 68.9953155518 -38.2503890991 37.4634704590 0.0000000000 0.0000000000 0.0000000000 0.0000000000
-49.8382034302 69.1101913452 -38.2830772400 37.4646224976 0.0000000000 0.0000000000 0.0000000000 0.0000000000
-49.9264678955 69.2247238159 -38.3155975342 37.4654579163 0.0000000000 0.0000000000 0.0000000000 0.0000000000
-50.0144271851 69.3388824463 -38.3478775024 37.4659881592 0.0000000000 0.0000000000 0.0000000000 0.0000000000
-50.1021156311 69.4527130127 -38.3796577454 37.4664802551 0.0000000000 0.0000000000 0.0000000000 0.0000000000
-50.1895637512 69.5661926270 -38.4112205505 37.4670295715 0.0000000000 0.0000000000 0.0000000000 0.0000000000
-50.2767753601 69.6793060303 -38.4428634644 37.4673385620 0.0000000000 0.0000000000 0.0000000000 0.0000000000
-50.3636856079 69.7920379639 -38.4742469788 37.4672050476 0.0000000000 0.0000000000 0.0000000000 0.0000000000
-50.4502639771 69.9043655396 -38.5052757263 37.4670906067 0.0000000000 0.0000000000 0.0000000000 0.0000000000
-50.5365867615 70.0163726807 -38.5363121033 37.4670410156 0.0000000000 0.0000000000 0.0000000000 0.0000000000
-50.6226615906 70.1280441284 -38.5666542053 37.4666328430 0.0000000000 0.0000000000 0.0000000000 0.0000000000
-50.7084083557 70.2393264771 -38.5958442688 37.4658660889 0.0000000000 0.0000000000 0.0000000000 0.0000000000
-50.7938232422 70.3502883911 -38.6239700317 37.4651603699 0.0000000000 0.0000000000 0.0000000000 0.0000000000
-50.8790168762 70.4609680176 -38.6511917114 37.4647293091 0.0000000000 0.0000000000 0.0000000000 0.0000000000
-50.9639778137 70.5713500977 -38.6778678894 37.4646224976 0.0000000000 0.0000000000 0.0000000000 0.0000000000
-51.0487403870 70.6814498901 -38.7043304443 37.4647369385 0.0000000000 0.0000000000 0.0000000000 0.0000000000
-51.1332893372 70.7912521362 -38.7306556702 37.4650650024 0.0000000000 0.0000000000 0.0000000000 0.0000000000
-51.2175521851 70.9007492065 -38.7575607300 37.4654197693 0.0000000000 0.0000000000 0.0000000000 0.0000000000
-51.3015747070 71.0099334717 -38.7851219177 37.4661064148 0.0000000000 0.0000000000 0.0000000000 0.0000000000
-51.3853645325 71.1188659668 -38.8135147095 37.4675598145 0.0000000000 0.0000000000 0.0000000000 0.0000000000
-51.4689559937 71.2275009155 -38.8431472778 37.4696006775 0.0000000000 0.0000000000 0.0000000000 0.0000000000
-51.5523071289 71.3358306885 -38.8736343384 37.4719734192 0.0000000000 0.0000000000 0.0000000000 0.0000000000
-51.6354598999 71.4438781738 -38.9049720764 37.4750022888 0.0000000000 0.0000000000 0.0000000000 0.0000000000
-51.7183036804 71.5515594482 -38.9368743896 37.4779663086 0.0000000000 0.0000000000 0.0000000000 0.0000000000
-51.8009071350 71.6589508057 -38.9691314697 37.4809303284 0.0000000000 0.0000000000 0.0000000000 0.0000000000
-51.8832626343 71.7660293579 -39.0016479492 37.4838829041 0.0000000000 0.0000000000 0.0000000000 0.0000000000
-51.9653511047 71.8727951050 -39.0341873169 37.4869499207 0.0000000000 0.0000000000 0.0000000000 0.0000000000
-52.0471954346 71.9792785645 -39.0663948059 37.4897880554 0.0000000000 0.0000000000 0.0000000000 0.0000000000
-52.1287460327 72.0854568481 -39.0974502563 37.4918365479 0.0000000000 0.0000000000 0.0000000000 0.0000000000
-52.2100830078 72.1913528442 -39.1275177002 37.4930534363 0.0000000000 0.0000000000 0.0000000000 0.0000000000
-52.2910804749 72.2969284058 -39.1573791504 37.4944190979 0.0000000000 0.0000000000 0.0000000000 0.0000000000
-52.3718452454 72.4022140503 -39.1869049072 37.4959182739 0.0000000000 0.0000000000 0.0000000000 0.0000000000
-52.4522705078 72.5071105957 -39.2167015076 37.4975013733 0.0000000000 0.0000000000 0.0000000000 0.0000000000
-52.5324020386 72.6116790771 -39.2468948364 37.4995651245 0.0000000000 0.0000000000 0.0000000000 0.0000000000
-52.6122665405 72.7159500122 -39.2769889832 37.5017929077 0.0000000000 0.0000000000 0.0000000000 0.0000000000
-52.6918678284 72.8199462891 -39.3075523376 37.5042152405 0.0000000000 0.0000000000 0.0000000000 0.0000000000
-52.7711410522 72.9236145020 -39.3380088806 37.5064315796 0.0000000000 0.0000000000 0.0000000000 0.0000000000
-52.8501472473 73.0269775391 -39.3684387207 37.5090980530 0.0000000000 0.0000000000 0.0000000000 0.0000000000
-52.9288940430 73.1300354004 -39.3985595703 37.5116615295 0.0000000000 0.0000000000 0.0000000000 0.0000000000
-53.0072898865 73.2327270508 -39.4283866882 37.5143394470 0.0000000000 0.0000000000 0.0000000000 0.0000000000
-53.0853424072 73.3351287842 -39.4582939148 37.5169830322 0.0000000000 0.0000000000 0.0000000000 0.0000000000
-53.1631164551 73.4372634888 -39.4879646301 37.5192756653 0.0000000000 0.0000000000 0.0000000000 0.0000000000
-53.2405815125 73.5391387939 -39.5172309875 37.5214309692 0.0000000000 0.0000000000 0.0000000000 0.0000000000
-53.3177642822 73.6408157349 -39.5460586548 37.5233993530 0.0000000000 0.0000000000 0.0000000000 0.0000000000
-53.3947181702 73.7422866821 -39.5747756958 37.5255928040 0.0000000000 0.0000000000 0.0000000000 0.0000000000
-53.4712944031 73.8434982300 -39.6040000916 37.5280647278 0.0000000000 0.0000000000 0.0000000000 0.0000000000
-53.5475730896 73.9444808960 -39.6339111328 37.5309638977 0.0000000000 0.0000000000 0.0000000000 0.0000000000
-53.6235809326 74.0452880859 -39.6641235352 37.5339164734 0.0000000000 0.0000000000 0.0000000000 0.0000000000
-53.6992759705 74.1458587646 -39.6944007874 37.5368270874 0.0000000000 0.0000000000 0.0000000000 0.0000000000
-53.7747612000 74.2462387085 -39.7240715027 37.5393562317 0.0000000000 0.0000000000 0.0000000000 0.0000000000
-53.8499870300 74.3463897705 -39.7531738281 37.5420951843 0.0000000000 0.0000000000 0.0000000000 0.0000000000
-53.9248924255 74.4462738037 -39.7816658020 37.5450668335 0.0000000000 0.0000000000 0.0000000000 0.0000000000
-53.9995536804 74.5459136963 -39.8086395264 37.5474739075 0.0000000000 0.0000000000 0.0000000000 0.0000000000
-54.0738983154 74.6452941895 -39.8345870972 37.5494766235 0.0000000000 0.0000000000 0.0000000000 0.0000000000
-54.1479263306 74.7444000244 -39.8597793579 37.5516166687 0.0000000000 0.0000000000 0.0000000000 0.0000000000
-54.2216148376 74.8432312012 -39.8842926025 37.5535163879 0.0000000000 0.0000000000 0.0000000000 0.0000000000
-54.2950515747 74.9418334961 -39.9084739685 37.5553741455 0.0000000000 0.0000000000 0.0000000000 0.0000000000
-54.3682441711 75.0402297974 -39.9321517944 37.5568542480 0.0000000000 0.0000000000 0.0000000000 0.0000000000
-54.4411811829 75.1383972168 -39.9559707642 37.5583839417 0.0000000000 0.0000000000 0.0000000000 0.0000000000
-54.5138931274 75.2362976074 -39.9799385071 37.5603713989 0.0000000000 0.0000000000 0.0000000000 0.0000000000
-54.5862541199 75.3338623047 -40.0040130615 37.5626525879 0.0000000000 0.0000000000 0.0000000000 0.0000000000
-54.6583366394 75.4311599731 -40.0286216736 37.5652046204 0.0000000000 0.0000000000 0.0000000000 0.0000000000
-54.7301063538 75.5282211304 -40.0546379089 37.5686340332 0.0000000000 0.0000000000 0.0000000000 0.0000000000
-54.8015632629 75.6250076294 -40.0816268921 37.5721855164 0.0000000000 0.0000000000 0.0000000000 0.0000000000
-54.8726577759 75.7215270996 -40.1096038818 37.5762100220 0.0000000000 0.0000000000 0.0000000000 0.0000000000
-54.9434623718 75.8177413940 -40.1381607056 37.5806961060 0.0000000000 0.0000000000 0.0000000000 0.0000000000
-55.0140190125 75.9137115479 -40.1666679382 37.5850906372 0.0000000000 0.0000000000 0.0000000000 0.0000000000
-55.0843696594 76.0094375610 -40.1944427490 37.5893058777 0.0000000000 0.0000000000 0.0000000000 0.0000000000
-55.1544799805 76.1049270630 -40.2214508057 37.5938606262 0.0000000000 0.0000000000 0.0000000000 0.0000000000
-55.2243537903 76.2002410889 -40.2479209900 37.5983428955 0.0000000000 0.0000000000 0.0000000000 0.0000000000
-55.2938995361 76.2953109741 -40.2736473083 37.6020774841 0.0000000000 0.0000000000 0.0000000000 0.0000000000
-55.3631591797 76.3901138306 -40.2980346680 37.6051368713 0.0000000000 0.0000000000 0.0000000000 0.0000000000
-55.4322319031 76.4847259521 -40.3214187622 37.6075706482 0.0000000000 0.0000000000 0.0000000000 0.0000000000
-55.5010910034 76.5791244507 -40.3442459106 37.6100807190 0.0000000000 0.0000000000 0.0000000000 0.0000000000
-55.5697288513 76.6733169556 -40.3667716980 37.6127967834 0.0000000000 0.0000000000 0.0000000000 0.0000000000
-55.6381530762 76.7673110962 -40.3891296387 37.6151580811 0.0000000000 0.0000000000 0.0000000000 0.0000000000
-55.7063255310 76.8610534668 -40.4110412598 37.6175193787 0.0000000000 0.0000000000 0.0000000000 0.0000000000
-55.7742271423 76.9545669556 -40.4328422546 37.6197471619 0.0000000000 0.0000000000 0.0000000000 0.0000000000
-55.8418426514 77.0478057861 -40.4553489685 37.6221351624 0.0000000000 0.0000000000 0.0000000000 0.0000000000
-55.9092445374 77.1408386230 -40.4782905579 37.6248626709 0.0000000000 0.0000000000 0.0000000000 0.0000000000
-55.9763984680 77.2336578369 -40.5013923645 37.6280593872 0.0000000000 0.0000000000 0.0000000000 0.0000000000
-56.0433578491 77.3262405396 -40.5242729187 37.6312026978 0.0000000000 0.0000000000 0.0000000000 0.0000000000
-56.1100692749 77.4185485840 -40.5473251343 37.6346435547 0.0000000000 0.0000000000 0.0000000000 0.0000000000
-56.1765174866 77.5105743408 -40.5706558228 37.6381111145 0.0000000000 0.0000000000 0.0000000000 0.0000000000
-56.2427062988 77.6022949219 -40.5942459106 37.6416168213 0.0000000000 0.0000000000 0.0000000000 0.0000000000
-56.3086891174 77.6937942505 -40.6185035706 37.6453742981 0.0000000000 0.0000000000 0.0000000000 0.0000000000
-56.3744049072 77.7850112915 -40.6435203552 37.6498146057 0.0000000000 0.0000000000 0.0000000000 0.0000000000
-56.4397544861 77.8758392334 -40.6681747437 37.6543273926 0.0000000000 0.0000000000 0.0000000000 0.0000000000
-56.5048332214 77.9663696289 -40.6922111511 37.6586837769 0.0000000000 0.0000000000 0.0000000000 0.0000000000
-56.5696830750 78.0566101074 -40.7151603699 37.6623573303 0.0000000000 0.0000000000 0.0000000000 0.0000000000
-56.6342697144 78.1465377808 -40.7375450134 37.6657257080 0.0000000000 0.0000000000 0.0000000000 0.0000000000
-56.6986427307 78.2362289429 -40.7595748901 37.6690979004 0.0000000000 0.0000000000 0.0000000000 0.0000000000
-56.7628517151 78.3256683350 -40.7803306580 37.6717681885 0.0000000000 0.0000000000 0.0000000000 0.0000000000
-56.8268585205 78.4148483276 -40.7998161316 37.6738243103 0.0000000000 0.0000000000 0.0000000000 0.0000000000
-56.8906555176 78.5037689209 -40.8187599182 37.6759490967 0.0000000000 0.0000000000 0.0000000000 0.0000000000
-56.9542503357 78.5924224854 -40.8368988037 37.6776733398 0.0000000000 0.0000000000 0.0000000000 0.0000000000
-57.0176925659 78.6808166504 -40.8541488647 37.6788711548 0.0000000000 0.0000000000 0.0000000000 0.0000000000
-57.0809555054 78.7689590454 -40.8709411621 37.6800422668 0.0000000000 0.0000000000 0.0000000000 0.0000000000
-57.1439781189 78.8568267822 -40.8872108459 37.6809463501 0.0000000000 0.0000000000 0.0000000000 0.0000000000
-57.2068099976 78.9444046021 -40.9034233093 37.6821441650 0.0000000000 0.0000000000 0.0000000000 0.0000000000
-57.2693786621 79.0316238403 -40.9201126099 37.6836967468 0.0000000000 0.0000000000 0.0000000000 0.0000000000
-57.3317146301 79.1185913086 -40.9377861023 37.6857604980 0.0000000000 0.0000000000 0.0000000000 0.0000000000
-57.3939590454 79.2053222656 -40.9561843872 37.6881141663 0.0000000000 0.0000000000 0.0000000000 0.0000000000
-57.4560356140 79.2918090820 -40.9754943848 37.6908302307 0.0000000000 0.0000000000 0.0000000000 0.0000000000
-57.5179481506 79.3779983521 -40.9960403442 37.6935615540 0.0000000000 0.0000000000 0.0000000000 0.0000000000
-57.5796394348 79.4638824463 -41.0175743103 37.6969261169 0.0000000000 0.0000000000 0.0000000000 0.0000000000
-57.6411285400 79.5494918823 -41.0397338867 37.7006034851 0.0000000000 0.0000000000 0.0000000000 0.0000000000
-57.7023506165 79.6347351074 -41.0622329712 37.7043647766 0.0000000000 0.0000000000 0.0000000000 0.0000000000
-57.7633285522 79.7196655273 -41.0839080811 37.7076339722 0.0000000000 0.0000000000 0.0000000000 0.0000000000
-57.8240547180 79.8042907715 -41.1046295166 37.7105102539 0.0000000000 0.0000000000 0.0000000000 0.0000000000
-57.8845634460 79.8886642456 -41.1245841980 37.7129936218 0.0000000000 0.0000000000 0.0000000000 0.0000000000
-57.9448318481 79.9727554321 -41.1429748535 37.7145309448 0.0000000000 0.0000000000 0.0000000000 0.0000000000
-58.0048294067 80.0565414429 -41.1598777771 37.7153358459 0.0000000000 0.0000000000 0.0000000000 0.0000000000
-58.0645980835 80.1400833130 -41.1754531860 37.7155151367 0.0000000000 0.0000000000 0.0000000000 0.0000000000
-58.1241989136 80.2233886719 -41.1906738281 37.7161903381 0.0000000000 0.0000000000 0.0000000000 0.0000000000
-58.1836433411 80.3064651489 -41.2061004639 37.7169723511 0.0000000000 0.0000000000 0.0000000000 0.0000000000
-58.2429237366 80.3892745972 -41.2218627930 37.7179222107 0.0000000000 0.0000000000 0.0000000000 0.0000000000
-58.3020401001 80.4718704224 -41.2377052307 37.7193222046 0.0000000000 0.0000000000 0.0000000000 0.0000000000
-58.3610038757 80.5542602539 -41.2540473938 37.7207679749 0.0000000000 0.0000000000 0.0000000000 0.0000000000
-58.4197845459 80.6364288330 -41.2713050842 37.7223815918 0.0000000000 0.0000000000 0.0000000000 0.0000000000
-58.4782981873 80.7183303833 -41.2901725769 37.7250976562 0.0000000000 0.0000000000 0.0000000000 0.0000000000
-58.5365676880 80.7999801636 -41.3102264404 37.7285919189 0.0000000000 0.0000000000 0.0000000000 0.0000000000
-58.5946388245 80.8813781738 -41.3315467834 37.7328071594 0.0000000000 0.0000000000 0.0000000000 0.0000000000
-58.6525039673 80.9625701904 -41.3534278870 37.7377357483 0.0000000000 0.0000000000 0.0000000000 0.0000000000
-58.7101058960 81.0435714722 -41.3751678467 37.7426147461 0.0000000000 0.0000000000 0.0000000000 0.0000000000
-58.7674407959 81.1243209839 -41.3964424133 37.7472457886 0.0000000000 0.0000000000 0.0000000000 0.0000000000
-58.8246269226 81.2048797607 -41.4168281555 37.7510108948 0.0000000000 0.0000000000 0.0000000000 0.0000000000
-58.8815803528 81.2852172852 -41.4367065430 37.7549438477 0.0000000000 0.0000000000 0.0000000000 0.0000000000
-58.9383506775 81.3654022217 -41.4553489685 37.7583084106 0.0000000000 0.0000000000 0.0000000000 0.0000000000
-58.9948577881 81.4453201294 -41.4725189209 37.7604637146 0.0000000000 0.0000000000 0.0000000000 0.0000000000
-59.0511512756 81.5250167847 -41.4882926941 37.7619934082 0.0000000000 0.0000000000 0.0000000000 0.0000000000
-59.1072463989 81.6044998169 -41.5030822754 37.7629280090 0.0000000000 0.0000000000 0.0000000000 0.0000000000
-59.1631660461 81.6837844849 -41.5178527832 37.7637634277 0.0000000000 0.0000000000 0.0000000000 0.0000000000
-59.2188720703 81.7629165649 -41.5332756042 37.7650871277 0.0000000000 0.0000000000 0.0000000000 0.0000000000
-59.2743911743 81.8418350220 -41.5489616394 37.7668418884 0.0000000000 0.0000000000 0.0000000000 0.0000000000
-59.3297233582 81.9205703735 -41.5649986267 37.7688369751 0.0000000000 0.0000000000 0.0000000000 0.0000000000
-59.3848457336 81.9990768433 -41.5810165405 37.7710380554 0.0000000000 0.0000000000 0.0000000000 0.0000000000
-59.4397735596 82.0774154663 -41.5965194702 37.7727661133 0.0000000000 0.0000000000 0.0000000000 0.0000000000
-59.4945487976 82.1555633545 -41.6116447449 37.7742156982 0.0000000000 0.0000000000 0.0000000000 0.0000000000
-59.5491638184 82.2335510254 -41.6268806458 37.7758522034 0.0000000000 0.0000000000 0.0000000000 0.0000000000
-59.6035423279 82.3113250732 -41.6426849365 37.7783432007 0.0000000000 0.0000000000 0.0000000000 0.0000000000
-59.6577644348 82.3889236450 -41.6584548950 37.7809371948 0.0000000000 0.0000000000 0.0000000000 0.0000000000
-59.7118797302 82.4663391113 -41.6740417480 37.7833518982 0.0000000000 0.0000000000 0.0000000000 0.0000000000
-59.7658042908 82.5435638428 -41.6892623901 37.7853240967 0.0000000000 0.0000000000 0.0000000000 0.0000000000
-59.8195915222 82.6205749512 -41.7038803101 37.7870941162 0.0000000000 0.0000000000 0.0000000000 0.0000000000
-59.8732872009 82.6973800659 -41.7182884216 37.7890243530 0.0000000000 0.0000000000 0.0000000000 0.0000000000
-59.9268684387 82.7739639282 -41.7332878113 37.7913093567 0.0000000000 0.0000000000 0.0000000000 0.0000000000
-59.9803504944 82.8503570557 -41.7490882874 37.7945442200 0.0000000000 0.0000000000 0.0000000000 0.0000000000
