#         COST_U        COST_H      COST_D       COST_S       REGU_H       REGU_S          HPO           COSTGLEN 
294.1456604004 0.0000000000 0.0000000000 0.0000000000 52.0418701172 0.0000000000 1.7718815804
102.8469924927 0.0000000000 0.0000000000 0.1216885298 52.1548728943 0.0000000000 -0.1091432571
74.1149673462 0.0000000000 0.0000000000 0.3894306421 51.8982620239 0.0000000000 -0.3743963242
67.8197097778 0.0000000000 0.0000000000 0.7341284752 51.4008598328 0.0000000000 -0.3905465603
62.2543220520 0.0000000000 0.0000000000 1.1167204380 51.2178497314 0.0000000000 -0.3638944626
55.7394523621 0.0000000000 0.0000000000 1.5138789415 51.8146972656 0.0000000000 -0.3372267485
48.7955703735 0.0000000000 0.0000000000 1.9081228971 52.0443611145 0.0000000000 -0.3212798834
42.0604591370 0.0000000000 0.0000000000 2.2855942249 52.1191596985 0.0000000000 -0.3177049160
35.8200225830 0.0000000000 0.0000000000 2.6357860565 51.7247924805 0.0000000000 -0.3232847452
30.3116168976 0.0000000000 0.0000000000 2.9501314163 50.9345626831 0.0000000000 -0.3344461322
25.7933292389 0.0000000000 0.0000000000 3.2225687504 50.0403709412 0.0000000000 -0.3468644023
22.3952693939 0.0000000000 0.0000000000 3.4488794804 49.2920303345 0.0000000000 -0.3559589982
20.0412502289 0.0000000000 0.0000000000 3.6266264915 48.4120254517 0.0000000000 -0.3603312373
18.5078487396 0.0000000000 0.0000000000 3.7551388741 47.8550148010 0.0000000000 -0.3602705598
17.5464420319 0.0000000000 0.0000000000 3.8358852863 47.3817634583 0.0000000000 -0.3574384451
16.9530525208 0.0000000000 0.0000000000 3.8718178272 47.1694145203 0.0000000000 -0.3535500765
16.5616950989 0.0000000000 0.0000000000 3.8673548698 46.9908714294 0.0000000000 -0.3498593867
16.2639446259 0.0000000000 0.0000000000 3.8276259899 46.7954750061 0.0000000000 -0.3468501568
16.0018825531 0.0000000000 0.0000000000 3.7583022118 46.5940551758 0.0000000000 -0.3451361358
15.7468299866 0.0000000000 0.0000000000 3.6648602486 46.4230346680 0.0000000000 -0.3448250592
15.4937467575 0.0000000000 0.0000000000 3.5525438786 46.3160896301 0.0000000000 -0.3457701802
15.2502717972 0.0000000000 0.0000000000 3.4262487888 46.2481117249 0.0000000000 -0.3480442762
15.0381813049 0.0000000000 0.0000000000 3.2906043530 46.1940994263 0.0000000000 -0.3514236808
14.8846569061 0.0000000000 0.0000000000 3.1495084763 46.1472549438 0.0000000000 -0.3558129966
14.8157377243 0.0000000000 0.0000000000 3.0065720081 46.1105117798 0.0000000000 -0.3609388769
14.8597917557 0.0000000000 0.0000000000 2.8647692204 46.0883598328 0.0000000000 -0.3668025434
15.0419855118 0.0000000000 0.0000000000 2.7265572548 46.0706100464 0.0000000000 -0.3730189502
15.3903102875 0.0000000000 0.0000000000 2.5938725471 46.0661888123 0.0000000000 -0.3794418573
15.9222812653 0.0000000000 0.0000000000 2.4683136940 46.0693435669 0.0000000000 -0.3858512640
16.6495342255 0.0000000000 0.0000000000 2.3510661125 46.0614395142 0.0000000000 -0.3917487264
17.5717144012 0.0000000000 0.0000000000 2.2430071831 46.1037483215 0.0000000000 -0.3969938755
18.6821556091 0.0000000000 0.0000000000 2.1449403763 46.1062736511 0.0000000000 -0.4010992050
19.9577503204 0.0000000000 0.0000000000 2.0576245785 46.1072387695 0.0000000000 -0.4038918614
21.3276901245 0.0000000000 0.0000000000 1.9817829132 46.1268234253 0.0000000000 -0.4050986767
22.6916942596 0.0000000000 0.0000000000 1.9181166887 46.1716880798 0.0000000000 -0.4048818946
23.9244155884 0.0000000000 0.0000000000 1.8671731949 46.2084960938 0.0000000000 -0.4033445120
24.8926277161 0.0000000000 0.0000000000 1.8295785189 46.2333831787 0.0000000000 -0.4010604620
25.4769535065 0.0000000000 0.0000000000 1.8058850765 46.2365188599 0.0000000000 -0.3990552425
25.6046695709 0.0000000000 0.0000000000 1.7962858677 46.2066917419 0.0000000000 -0.3970714808
25.2737712860 0.0000000000 0.0000000000 1.8008195162 46.1473731995 0.0000000000 -0.3958946466
24.5602798462 0.0000000000 0.0000000000 1.8189947605 46.0615577698 0.0000000000 -0.3943006396
23.5783519745 0.0000000000 0.0000000000 1.8496322632 45.9552383423 0.0000000000 -0.3932756186
22.4609241486 0.0000000000 0.0000000000 1.8910299540 45.8486061096 0.0000000000 -0.3916856647
21.3224792480 0.0000000000 0.0000000000 1.9408926964 45.7428436279 0.0000000000 -0.3890074492
20.2510166168 0.0000000000 0.0000000000 1.9965592623 45.6408004761 0.0000000000 -0.3862328529
19.3011360168 0.0000000000 0.0000000000 2.0552270412 45.5377960205 0.0000000000 -0.3822566271
18.5015716553 0.0000000000 0.0000000000 2.1143186092 45.4440002441 0.0000000000 -0.3787769079
17.8571968079 0.0000000000 0.0000000000 2.1715345383 45.3536148071 0.0000000000 -0.3748261929
17.3640995026 0.0000000000 0.0000000000 2.2250771523 45.2752151489 0.0000000000 -0.3715615869
17.0108795166 0.0000000000 0.0000000000 2.2736997604 45.2113037109 0.0000000000 -0.3680552244
16.7801361084 0.0000000000 0.0000000000 2.3167226315 45.1426391602 0.0000000000 -0.3647719622
16.6432304382 0.0000000000 0.0000000000 2.3539612293 45.0743141174 0.0000000000 -0.3618954420
16.5725021362 0.0000000000 0.0000000000 2.3855025768 45.0070075989 0.0000000000 -0.3587762713
16.5322475433 0.0000000000 0.0000000000 2.4117081165 44.9390869141 0.0000000000 -0.3565784097
16.4969825745 0.0000000000 0.0000000000 2.4330320358 44.8730735779 0.0000000000 -0.3541401625
16.4460830688 0.0000000000 0.0000000000 2.4501094818 44.8012733459 0.0000000000 -0.3515071273
16.3627319336 0.0000000000 0.0000000000 2.4635446072 44.7280654907 0.0000000000 -0.3494675159
16.2398834229 0.0000000000 0.0000000000 2.4739305973 44.6527366638 0.0000000000 -0.3469557762
16.0720863342 0.0000000000 0.0000000000 2.4816696644 44.5754547119 0.0000000000 -0.3442460895
15.8589982986 0.0000000000 0.0000000000 2.4869763851 44.4904174805 0.0000000000 -0.3414514065
15.6067304611 0.0000000000 0.0000000000 2.4900612831 44.3991508484 0.0000000000 -0.3386925459
15.3196315765 0.0000000000 0.0000000000 2.4909324646 44.2986335754 0.0000000000 -0.3359962702
14.9998044968 0.0000000000 0.0000000000 2.4894673824 44.1939430237 0.0000000000 -0.3331841826
14.6542158127 0.0000000000 0.0000000000 2.4855554104 44.0862884521 0.0000000000 -0.3306448460
14.2935914993 0.0000000000 0.0000000000 2.4789454937 43.9736404419 0.0000000000 -0.3285943866
13.9286012650 0.0000000000 0.0000000000 2.4693388939 43.8588027954 0.0000000000 -0.3263844252
13.5655517578 0.0000000000 0.0000000000 2.4564933777 43.7466011047 0.0000000000 -0.3241714835
13.2096490860 0.0000000000 0.0000000000 2.4402043819 43.6314010620 0.0000000000 -0.3218085170
12.8618383408 0.0000000000 0.0000000000 2.4203350544 43.5211906433 0.0000000000 -0.3199313879
12.5214414597 0.0000000000 0.0000000000 2.3967916965 43.4115715027 0.0000000000 -0.3176869154
12.1917381287 0.0000000000 0.0000000000 2.3695888519 43.3081359863 0.0000000000 -0.3156794310
11.8761653900 0.0000000000 0.0000000000 2.3388092518 43.2090873718 0.0000000000 -0.3139697313
11.5832376480 0.0000000000 0.0000000000 2.3045377731 43.1155700684 0.0000000000 -0.3119921088
11.3190946579 0.0000000000 0.0000000000 2.2670350075 43.0292320251 0.0000000000 -0.3103384972
11.0883512497 0.0000000000 0.0000000000 2.2266113758 42.9419670105 0.0000000000 -0.3088705540
10.8934507370 0.0000000000 0.0000000000 2.1836931705 42.8629913330 0.0000000000 -0.3074140549
10.7320718765 0.0000000000 0.0000000000 2.1387798786 42.7874870300 0.0000000000 -0.3058369160
10.5995502472 0.0000000000 0.0000000000 2.0924518108 42.7138862610 0.0000000000 -0.3045664430
10.4908132553 0.0000000000 0.0000000000 2.0452003479 42.6398811340 0.0000000000 -0.3031371236
10.3977975845 0.0000000000 0.0000000000 1.9975737333 42.5647811890 0.0000000000 -0.3018797040
10.3134841919 0.0000000000 0.0000000000 1.9501805305 42.4890174866 0.0000000000 -0.3004727960
10.2280149460 0.0000000000 0.0000000000 1.9035109282 42.4134941101 0.0000000000 -0.2991389036
10.1340875626 0.0000000000 0.0000000000 1.8579503298 42.3387756348 0.0000000000 -0.2977281809
10.0267486572 0.0000000000 0.0000000000 1.8137207031 42.2638473511 0.0000000000 -0.2964653969
9.9043035507 0.0000000000 0.0000000000 1.7710047960 42.1878395081 0.0000000000 -0.2952145934
9.7681646347 0.0000000000 0.0000000000 1.7298774719 42.1103363037 0.0000000000 -0.2939928174
9.6218271255 0.0000000000 0.0000000000 1.6903305054 42.0326004028 0.0000000000 -0.2926303148
9.4715490341 0.0000000000 0.0000000000 1.6522865295 41.9550781250 0.0000000000 -0.2914595604
9.3240756989 0.0000000000 0.0000000000 1.6157025099 41.8776397705 0.0000000000 -0.2902318239
9.1846828461 0.0000000000 0.0000000000 1.5804255009 41.8001594543 0.0000000000 -0.2889527082
9.0574922562 0.0000000000 0.0000000000 1.5462791920 41.7249145508 0.0000000000 -0.2875401974
8.9448719025 0.0000000000 0.0000000000 1.5131304264 41.6516838074 0.0000000000 -0.2863234878
8.8466587067 0.0000000000 0.0000000000 1.4809900522 41.5814399719 0.0000000000 -0.2852447629
8.7610006332 0.0000000000 0.0000000000 1.4498457909 41.5138969421 0.0000000000 -0.2839123011
8.6841831207 0.0000000000 0.0000000000 1.4197039604 41.4485397339 0.0000000000 -0.2827805281
8.6130876541 0.0000000000 0.0000000000 1.3905516863 41.3851661682 0.0000000000 -0.2816658616
8.5444297791 0.0000000000 0.0000000000 1.3624883890 41.3234863281 0.0000000000 -0.2805643678
8.4746217728 0.0000000000 0.0000000000 1.3355275393 41.2634544373 0.0000000000 -0.2794212103
8.4015598297 0.0000000000 0.0000000000 1.3097312450 41.2043609619 0.0000000000 -0.2782481909
8.3246736526 0.0000000000 0.0000000000 1.2851445675 41.1460647583 0.0000000000 -0.2771621346
8.2440500259 0.0000000000 0.0000000000 1.2616790533 41.0880966187 0.0000000000 -0.2759985328
8.1601772308 0.0000000000 0.0000000000 1.2392929792 41.0310745239 0.0000000000 -0.2749679685
8.0744705200 0.0000000000 0.0000000000 1.2179330587 40.9743690491 0.0000000000 -0.2737882137
7.9881167412 0.0000000000 0.0000000000 1.1975696087 40.9187126160 0.0000000000 -0.2727399468
7.9023232460 0.0000000000 0.0000000000 1.1780939102 40.8636169434 0.0000000000 -0.2716676593
7.8181419373 0.0000000000 0.0000000000 1.1594740152 40.8096580505 0.0000000000 -0.2705747485
7.7357616425 0.0000000000 0.0000000000 1.1416345835 40.7564086914 0.0000000000 -0.2694344521
7.6556043625 0.0000000000 0.0000000000 1.1245040894 40.7075004578 0.0000000000 -0.2682756186
7.5779919624 0.0000000000 0.0000000000 1.1079827547 40.6555404663 0.0000000000 -0.2674640417
7.5020127296 0.0000000000 0.0000000000 1.0919531584 40.6057777405 0.0000000000 -0.2664586902
7.4276127815 0.0000000000 0.0000000000 1.0763490200 40.5579185486 0.0000000000 -0.2654112577
7.3541984558 0.0000000000 0.0000000000 1.0610793829 40.5118293762 0.0000000000 -0.2644600868
7.2809376717 0.0000000000 0.0000000000 1.0461375713 40.4670562744 0.0000000000 -0.2635041475
7.2084970474 0.0000000000 0.0000000000 1.0314635038 40.4235572815 0.0000000000 -0.2625914812
7.1363229752 0.0000000000 0.0000000000 1.0170899630 40.3813514709 0.0000000000 -0.2617357373
7.0650296211 0.0000000000 0.0000000000 1.0030711889 40.3389244080 0.0000000000 -0.2608339787
6.9944663048 0.0000000000 0.0000000000 0.9893609285 40.2960281372 0.0000000000 -0.2599688172
6.9250116348 0.0000000000 0.0000000000 0.9758954644 40.2511901855 0.0000000000 -0.2590819597
6.8569178581 0.0000000000 0.0000000000 0.9626825452 40.2056961060 0.0000000000 -0.2582708001
6.7910642624 0.0000000000 0.0000000000 0.9496815801 40.1592559814 0.0000000000 -0.2574614882
6.7271833420 0.0000000000 0.0000000000 0.9369007349 40.1119079590 0.0000000000 -0.2566601038
6.6652059555 0.0000000000 0.0000000000 0.9243974686 40.0633697510 0.0000000000 -0.2558666468
6.6050367355 0.0000000000 0.0000000000 0.9121715426 40.0136795044 0.0000000000 -0.2548997402
6.5464997292 0.0000000000 0.0000000000 0.9002122283 39.9630317688 0.0000000000 -0.2543101907
6.4890913963 0.0000000000 0.0000000000 0.8885040879 39.9114151001 0.0000000000 -0.2535086870
6.4329075813 0.0000000000 0.0000000000 0.8770206571 39.8590736389 0.0000000000 -0.2527779341
6.3778958321 0.0000000000 0.0000000000 0.8657618165 39.8068084717 0.0000000000 -0.2520385981
6.3239483833 0.0000000000 0.0000000000 0.8547089696 39.7546806335 0.0000000000 -0.2512341142
6.2708797455 0.0000000000 0.0000000000 0.8438868523 39.7032279968 0.0000000000 -0.2504082918
6.2184934616 0.0000000000 0.0000000000 0.8333019614 39.6515769958 0.0000000000 -0.2498551011
6.1666445732 0.0000000000 0.0000000000 0.8229498267 39.6002693176 0.0000000000 -0.2490754128
6.1150417328 0.0000000000 0.0000000000 0.8128223419 39.5499343872 0.0000000000 -0.2484242916
6.0639276505 0.0000000000 0.0000000000 0.8029611111 39.5001029968 0.0000000000 -0.2477487922
6.0137491226 0.0000000000 0.0000000000 0.7933508158 39.4503250122 0.0000000000 -0.2470449805
5.9641242027 0.0000000000 0.0000000000 0.7839843631 39.4012641907 0.0000000000 -0.2463796735
5.9150218964 0.0000000000 0.0000000000 0.7748627663 39.3514709473 0.0000000000 -0.2456624806
5.8661613464 0.0000000000 0.0000000000 0.7659897804 39.3025321960 0.0000000000 -0.2450097203
5.8175144196 0.0000000000 0.0000000000 0.7573614717 39.2552604675 0.0000000000 -0.2444005311
5.7690463066 0.0000000000 0.0000000000 0.7489837408 39.2088317871 0.0000000000 -0.2437603474
5.7208247185 0.0000000000 0.0000000000 0.7408505082 39.1627693176 0.0000000000 -0.2431211174
5.6733751297 0.0000000000 0.0000000000 0.7329441309 39.1169662476 0.0000000000 -0.2424827218
5.6267523766 0.0000000000 0.0000000000 0.7252403498 39.0715904236 0.0000000000 -0.2418866754
5.5814514160 0.0000000000 0.0000000000 0.7177318931 39.0263671875 0.0000000000 -0.2412687540
5.5380053520 0.0000000000 0.0000000000 0.7103844285 38.9810638428 0.0000000000 -0.2406687438
5.4958896637 0.0000000000 0.0000000000 0.7031794190 38.9351425171 0.0000000000 -0.2398955822
5.4553122520 0.0000000000 0.0000000000 0.6961128712 38.8898086548 0.0000000000 -0.2395040989
5.4160494804 0.0000000000 0.0000000000 0.6891731024 38.8443984985 0.0000000000 -0.2389397025
5.3778882027 0.0000000000 0.0000000000 0.6823867559 38.7989921570 0.0000000000 -0.2383833528
5.3406510353 0.0000000000 0.0000000000 0.6757463217 38.7538032532 0.0000000000 -0.2378130853
5.3044290543 0.0000000000 0.0000000000 0.6692790985 38.7089920044 0.0000000000 -0.2372860312
5.2686657906 0.0000000000 0.0000000000 0.6630002260 38.6645736694 0.0000000000 -0.2367603183
5.2330408096 0.0000000000 0.0000000000 0.6569122672 38.6212310791 0.0000000000 -0.2362429500
5.1970448494 0.0000000000 0.0000000000 0.6510151625 38.5798416138 0.0000000000 -0.2356387079
5.1611766815 0.0000000000 0.0000000000 0.6453187466 38.5383529663 0.0000000000 -0.2352184355
5.1254673004 0.0000000000 0.0000000000 0.6397643685 38.4978981018 0.0000000000 -0.2347246408
5.0900206566 0.0000000000 0.0000000000 0.6343128085 38.4596595764 0.0000000000 -0.2342340648
5.0550699234 0.0000000000 0.0000000000 0.6289860606 38.4225616455 0.0000000000 -0.2337545753
5.0208139420 0.0000000000 0.0000000000 0.6238203645 38.3861351013 0.0000000000 -0.2332732677
4.9875574112 0.0000000000 0.0000000000 0.6187494397 38.3506240845 0.0000000000 -0.2328216434
4.9550724030 0.0000000000 0.0000000000 0.6136952639 38.3162727356 0.0000000000 -0.2323691845
4.9230151176 0.0000000000 0.0000000000 0.6086701155 38.2826957703 0.0000000000 -0.2318922281
4.8913650513 0.0000000000 0.0000000000 0.6036948562 38.2467422485 0.0000000000 -0.2314770222
4.8601350784 0.0000000000 0.0000000000 0.5988000631 38.2095375061 0.0000000000 -0.2310459018
4.8296055794 0.0000000000 0.0000000000 0.5939599872 38.1722984314 0.0000000000 -0.2306156456
4.7996191978 0.0000000000 0.0000000000 0.5892006159 38.1348075867 0.0000000000 -0.2301924825
4.7702951431 0.0000000000 0.0000000000 0.5845472217 38.0967102051 0.0000000000 -0.2297732234
4.7414417267 0.0000000000 0.0000000000 0.5800169110 38.0577507019 0.0000000000 -0.2293616533
4.7130160332 0.0000000000 0.0000000000 0.5755883455 38.0186729431 0.0000000000 -0.2289501727
4.6850590706 0.0000000000 0.0000000000 0.5712611675 37.9793853760 0.0000000000 -0.2285407782
4.6577486992 0.0000000000 0.0000000000 0.5670259595 37.9398956299 0.0000000000 -0.2280208468
4.6313557625 0.0000000000 0.0000000000 0.5628735423 37.9003829956 0.0000000000 -0.2276473343
4.6056041718 0.0000000000 0.0000000000 0.5587773323 37.8610000610 0.0000000000 -0.2273539305
4.5806865692 0.0000000000 0.0000000000 0.5547367334 37.8208961487 0.0000000000 -0.2269657850
4.5563797951 0.0000000000 0.0000000000 0.5507591963 37.7799911499 0.0000000000 -0.2265788913
4.5329012871 0.0000000000 0.0000000000 0.5468431115 37.7382621765 0.0000000000 -0.2261963487
4.5100717545 0.0000000000 0.0000000000 0.5429677963 37.6963157654 0.0000000000 -0.2257248759
4.4881224632 0.0000000000 0.0000000000 0.5391254425 37.6543350220 0.0000000000 -0.2254411280
4.4665617943 0.0000000000 0.0000000000 0.5353451967 37.6125144958 0.0000000000 -0.2250719070
4.4451303482 0.0000000000 0.0000000000 0.5316272378 37.5708198547 0.0000000000 -0.2247051597
4.4235801697 0.0000000000 0.0000000000 0.5279630423 37.5290222168 0.0000000000 -0.2243461013
4.4018459320 0.0000000000 0.0000000000 0.5243309736 37.4874649048 0.0000000000 -0.2239891589
4.3801374435 0.0000000000 0.0000000000 0.5207117796 37.4461822510 0.0000000000 -0.2236369550
4.3581733704 0.0000000000 0.0000000000 0.5171211362 37.4053955078 0.0000000000 -0.2232888341
4.3362331390 0.0000000000 0.0000000000 0.5135565996 37.3652954102 0.0000000000 -0.2229438126
4.3143367767 0.0000000000 0.0000000000 0.5100079179 37.3259696960 0.0000000000 -0.2225742042
4.2923674583 0.0000000000 0.0000000000 0.5064792037 37.2876281738 0.0000000000 -0.2222760618
4.2701721191 0.0000000000 0.0000000000 0.5029761791 37.2511444092 0.0000000000 -0.2219427228
4.2480983734 0.0000000000 0.0000000000 0.4994918704 37.2154884338 0.0000000000 -0.2215753198
4.2268686295 0.0000000000 0.0000000000 0.4959962666 37.1815834045 0.0000000000 -0.2212967277
4.2059478760 0.0000000000 0.0000000000 0.4924584031 37.1490325928 0.0000000000 -0.2209652662
4.1855230331 0.0000000000 0.0000000000 0.4888495803 37.1177368164 0.0000000000 -0.2206457853
4.1657991409 0.0000000000 0.0000000000 0.4851931632 37.0879020691 0.0000000000 -0.2203498781
4.1466279030 0.0000000000 0.0000000000 0.4814978540 37.0589714050 0.0000000000 -0.2200599909
4.1283044815 0.0000000000 0.0000000000 0.4777895808 37.0307693481 0.0000000000 -0.2197154164
4.1107087135 0.0000000000 0.0000000000 0.4740846455 37.0029144287 0.0000000000 -0.2194678187
4.0934386253 0.0000000000 0.0000000000 0.4704151452 36.9754028320 0.0000000000 -0.2191706896
4.0763778687 0.0000000000 0.0000000000 0.4667868614 36.9484558105 0.0000000000 -0.2188953161
4.0593662262 0.0000000000 0.0000000000 0.4632348716 36.9216575623 0.0000000000 -0.2186076045
4.0424213409 0.0000000000 0.0000000000 0.4597826004 36.8942413330 0.0000000000 -0.2183211744
4.0255069733 0.0000000000 0.0000000000 0.4564372599 36.8662948608 0.0000000000 -0.2180572748
4.0085258484 0.0000000000 0.0000000000 0.4531764686 36.8383598328 0.0000000000 -0.2177754939
3.9915671349 0.0000000000 0.0000000000 0.4499830604 36.8103256226 0.0000000000 -0.2175082564
3.9746716022 0.0000000000 0.0000000000 0.4468561113 36.7821044922 0.0000000000 -0.2172421217
3.9578619003 0.0000000000 0.0000000000 0.4438090920 36.7540054321 0.0000000000 -0.2169394493
3.9411973953 0.0000000000 0.0000000000 0.4408553243 36.7269668579 0.0000000000 -0.2166986465
3.9247624874 0.0000000000 0.0000000000 0.4380041361 36.7024650574 0.0000000000 -0.2164681256
3.9084899426 0.0000000000 0.0000000000 0.4352405369 36.6746368408 0.0000000000 -0.2161985040
3.8925175667 0.0000000000 0.0000000000 0.4325304329 36.6481857300 0.0000000000 -0.2159547210
3.8771865368 0.0000000000 0.0000000000 0.4298781753 36.6219749451 0.0000000000 -0.2157025039
3.8625319004 0.0000000000 0.0000000000 0.4272831678 36.5960159302 0.0000000000 -0.2154290676
3.8486700058 0.0000000000 0.0000000000 0.4247473180 36.5710487366 0.0000000000 -0.2151755691
3.8354420662 0.0000000000 0.0000000000 0.4222724736 36.5465164185 0.0000000000 -0.2149661481
3.8225889206 0.0000000000 0.0000000000 0.4198492467 36.5223274231 0.0000000000 -0.2147105336
3.8099389076 0.0000000000 0.0000000000 0.4174486697 36.4986457825 0.0000000000 -0.2144627869
3.7974677086 0.0000000000 0.0000000000 0.4150757492 36.4754753113 0.0000000000 -0.2141557038
3.7852716446 0.0000000000 0.0000000000 0.4127462804 36.4525985718 0.0000000000 -0.2139695287
3.7734353542 0.0000000000 0.0000000000 0.4104588628 36.4293556213 0.0000000000 -0.2136937976
3.7618002892 0.0000000000 0.0000000000 0.4081859589 36.4063377380 0.0000000000 -0.2134280205
3.7504184246 0.0000000000 0.0000000000 0.4059453309 36.3837661743 0.0000000000 -0.2132460475
3.7388474941 0.0000000000 0.0000000000 0.4037706554 36.3612670898 0.0000000000 -0.2129695415
3.7273464203 0.0000000000 0.0000000000 0.4016775489 36.3391990662 0.0000000000 -0.2127780020
3.7155349255 0.0000000000 0.0000000000 0.3996738791 36.3172149658 0.0000000000 -0.2125400603
3.7037196159 0.0000000000 0.0000000000 0.3977563083 36.2957611084 0.0000000000 -0.2123124003
3.6918818951 0.0000000000 0.0000000000 0.3959373832 36.2744941711 0.0000000000 -0.2120333910
3.6801803112 0.0000000000 0.0000000000 0.3941906691 36.2530479431 0.0000000000 -0.2118489146
3.6688680649 0.0000000000 0.0000000000 0.3924912810 36.2311172485 0.0000000000 -0.2116346359
3.6578695774 0.0000000000 0.0000000000 0.3908338845 36.2089958191 0.0000000000 -0.2113979459
3.6474723816 0.0000000000 0.0000000000 0.3891937435 36.1865386963 0.0000000000 -0.2111639082
3.6375408173 0.0000000000 0.0000000000 0.3875554800 36.1645469666 0.0000000000 -0.2109236717
3.6281342506 0.0000000000 0.0000000000 0.3858896494 36.1426887512 0.0000000000 -0.2107312679
3.6190676689 0.0000000000 0.0000000000 0.3842087388 36.1206817627 0.0000000000 -0.2104946971
3.6104536057 0.0000000000 0.0000000000 0.3825352490 36.0982398987 0.0000000000 -0.2103030384
3.6021316051 0.0000000000 0.0000000000 0.3808280230 36.0753440857 0.0000000000 -0.2100848854
3.5939140320 0.0000000000 0.0000000000 0.3791031241 36.0523910522 0.0000000000 -0.2098686695
3.5858228207 0.0000000000 0.0000000000 0.3773536980 36.0284461975 0.0000000000 -0.2096617520
3.5778629780 0.0000000000 0.0000000000 0.3755492270 36.0044212341 0.0000000000 -0.2094533741
3.5701506138 0.0000000000 0.0000000000 0.3736837208 35.9800224304 0.0000000000 -0.2092478275
3.5625388622 0.0000000000 0.0000000000 0.3717744052 35.9553642273 0.0000000000 -0.2090399563
3.5550675392 0.0000000000 0.0000000000 0.3698888421 35.9307518005 0.0000000000 -0.2088227272
3.5477063656 0.0000000000 0.0000000000 0.3680274189 35.9067230225 0.0000000000 -0.2086276412
3.5404253006 0.0000000000 0.0000000000 0.3661720157 35.8828201294 0.0000000000 -0.2084075809
3.5332243443 0.0000000000 0.0000000000 0.3643527925 35.8602676392 0.0000000000 -0.2082034051
3.5260584354 0.0000000000 0.0000000000 0.3625800014 35.8384475708 0.0000000000 -0.2080171108
3.5191311836 0.0000000000 0.0000000000 0.3608373404 35.8173675537 0.0000000000 -0.2078090012
3.5124332905 0.0000000000 0.0000000000 0.3591261804 35.7980651855 0.0000000000 -0.2076027691
3.5061264038 0.0000000000 0.0000000000 0.3574440777 35.7775611877 0.0000000000 -0.2073569000
3.5004589558 0.0000000000 0.0000000000 0.3557689488 35.7568893433 0.0000000000 -0.2071838677
3.4950556755 0.0000000000 0.0000000000 0.3540986478 35.7378158569 0.0000000000 -0.2069421411
3.4901671410 0.0000000000 0.0000000000 0.3524349928 35.7208023071 0.0000000000 -0.2067579925
3.4854910374 0.0000000000 0.0000000000 0.3508070707 35.7036285400 0.0000000000 -0.2065406442
3.4808731079 0.0000000000 0.0000000000 0.3492060304 35.6872558594 0.0000000000 -0.2062545419
3.4763481617 0.0000000000 0.0000000000 0.3476648331 35.6714096069 0.0000000000 -0.2060925364
3.4717752934 0.0000000000 0.0000000000 0.3461948335 35.6553611755 0.0000000000 -0.2058652639
3.4670984745 0.0000000000 0.0000000000 0.3447990119 35.6386833191 0.0000000000 -0.2056316733
3.4624013901 0.0000000000 0.0000000000 0.3434715569 35.6216316223 0.0000000000 -0.2054064870
3.4576547146 0.0000000000 0.0000000000 0.3422253430 35.6036643982 0.0000000000 -0.2051766217
3.4528255463 0.0000000000 0.0000000000 0.3410199285 35.5850067139 0.0000000000 -0.2049474418
3.4479851723 0.0000000000 0.0000000000 0.3398338854 35.5657691956 0.0000000000 -0.2047163546
3.4432084560 0.0000000000 0.0000000000 0.3386654556 35.5459518433 0.0000000000 -0.2044843435
3.4385256767 0.0000000000 0.0000000000 0.3375138342 35.5266647339 0.0000000000 -0.2042480111
3.4339818954 0.0000000000 0.0000000000 0.3363810778 35.5068321228 0.0000000000 -0.2040113807
3.4296336174 0.0000000000 0.0000000000 0.3352577388 35.4867439270 0.0000000000 -0.2037698627
3.4255418777 0.0000000000 0.0000000000 0.3341192305 35.4662475586 0.0000000000 -0.2035262585
3.4216952324 0.0000000000 0.0000000000 0.3329420388 35.4454078674 0.0000000000 -0.2032754123
3.4180171490 0.0000000000 0.0000000000 0.3317342699 35.4247856140 0.0000000000 -0.2030266523
3.4145479202 0.0000000000 0.0000000000 0.3305150867 35.4042015076 0.0000000000 -0.2027339637
3.4117298126 0.0000000000 0.0000000000 0.3292944133 35.3836555481 0.0000000000 -0.2025190592
3.4090776443 0.0000000000 0.0000000000 0.3280969858 35.3629112244 0.0000000000 -0.2022699714
3.4067187309 0.0000000000 0.0000000000 0.3268952668 35.3414955139 0.0000000000 -0.2020122409
3.4046254158 0.0000000000 0.0000000000 0.3256914020 35.3193855286 0.0000000000 -0.2017444968
3.4028270245 0.0000000000 0.0000000000 0.3244243562 35.2971687317 0.0000000000 -0.2015008926
3.4012014866 0.0000000000 0.0000000000 0.3231101632 35.2744407654 0.0000000000 -0.2012438178
3.3997950554 0.0000000000 0.0000000000 0.3217293322 35.2513198853 0.0000000000 -0.2009858489
3.3984696865 0.0000000000 0.0000000000 0.3203063905 35.2282791138 0.0000000000 -0.2007036805
3.3972666264 0.0000000000 0.0000000000 0.3189169466 35.2056007385 0.0000000000 -0.2004725337
3.3961150646 0.0000000000 0.0000000000 0.3175771832 35.1832542419 0.0000000000 -0.2002062201
3.3950662613 0.0000000000 0.0000000000 0.3162977695 35.1612625122 0.0000000000 -0.1999463439
3.3941969872 0.0000000000 0.0000000000 0.3150944710 35.1394958496 0.0000000000 -0.1996671557
3.3936135769 0.0000000000 0.0000000000 0.3139376938 35.1170043945 0.0000000000 -0.1994011104
3.3934366703 0.0000000000 0.0000000000 0.3127999902 35.0960731506 0.0000000000 -0.1991324425
3.3935022354 0.0000000000 0.0000000000 0.3116576672 35.0759201050 0.0000000000 -0.1988544464
3.3937387466 0.0000000000 0.0000000000 0.3106019795 35.0562515259 0.0000000000 -0.1985728145
3.3941822052 0.0000000000 0.0000000000 0.3095756769 35.0366821289 0.0000000000 -0.1982834041
3.3947832584 0.0000000000 0.0000000000 0.3085637093 35.0167121887 0.0000000000 -0.1979969442
3.3954894543 0.0000000000 0.0000000000 0.3075180948 34.9961433411 0.0000000000 -0.1977005601
3.3964245319 0.0000000000 0.0000000000 0.3064449131 34.9742813110 0.0000000000 -0.1974056959
3.3976244926 0.0000000000 0.0000000000 0.3054322898 34.9510993958 0.0000000000 -0.1970545053
3.3992016315 0.0000000000 0.0000000000 0.3044961989 34.9269447327 0.0000000000 -0.1968134046
3.4007687569 0.0000000000 0.0000000000 0.3036377132 34.9010124207 0.0000000000 -0.1965136528
3.4023110867 0.0000000000 0.0000000000 0.3028028905 34.8737754822 0.0000000000 -0.1962194741
3.4038705826 0.0000000000 0.0000000000 0.3019970953 34.8451271057 0.0000000000 -0.1959189177
3.4053075314 0.0000000000 0.0000000000 0.3012171388 34.8159790039 0.0000000000 -0.1956219077
3.4066636562 0.0000000000 0.0000000000 0.3004283607 34.7873153687 0.0000000000 -0.1953206956
3.4079205990 0.0000000000 0.0000000000 0.2996617258 34.7586631775 0.0000000000 -0.1950237751
3.4091386795 0.0000000000 0.0000000000 0.2989101708 34.7302665710 0.0000000000 -0.1947268248
3.4103672504 0.0000000000 0.0000000000 0.2981674373 34.7025680542 0.0000000000 -0.1944330633
3.4117877483 0.0000000000 0.0000000000 0.2974020839 34.6755752563 0.0000000000 -0.1941238344
3.4133296013 0.0000000000 0.0000000000 0.2966089249 34.6489982605 0.0000000000 -0.1938512921
3.4149644375 0.0000000000 0.0000000000 0.2957919240 34.6223030090 0.0000000000 -0.1935653090
3.4167003632 0.0000000000 0.0000000000 0.2949889302 34.5963706970 0.0000000000 -0.1932811141
3.4185564518 0.0000000000 0.0000000000 0.2942200601 34.5690307617 0.0000000000 -0.1930001080
3.4204845428 0.0000000000 0.0000000000 0.2934789062 34.5415000916 0.0000000000 -0.1927216649
3.4225513935 0.0000000000 0.0000000000 0.2927536070 34.5152511597 0.0000000000 -0.1924458742
3.4246499538 0.0000000000 0.0000000000 0.2920618653 34.4896354675 0.0000000000 -0.1921704412
3.4268360138 0.0000000000 0.0000000000 0.2914037108 34.4637718201 0.0000000000 -0.1918973923
3.4290833473 0.0000000000 0.0000000000 0.2907437384 34.4366722107 0.0000000000 -0.1916285157
3.4313623905 0.0000000000 0.0000000000 0.2900646627 34.4102096558 0.0000000000 -0.1913625002
3.4336762428 0.0000000000 0.0000000000 0.2893805802 34.3844184875 0.0000000000 -0.1911005676
3.4359855652 0.0000000000 0.0000000000 0.2887168229 34.3591728210 0.0000000000 -0.1908445954
3.4384293556 0.0000000000 0.0000000000 0.2880705297 34.3344764709 0.0000000000 -0.1905922890
3.4408822060 0.0000000000 0.0000000000 0.2874445617 34.3101348877 0.0000000000 -0.1903102398
3.4432864189 0.0000000000 0.0000000000 0.2868587673 34.2857856750 0.0000000000 -0.1900861263
3.4456388950 0.0000000000 0.0000000000 0.2863395512 34.2615089417 0.0000000000 -0.1898425817
3.4478442669 0.0000000000 0.0000000000 0.2858645320 34.2375144958 0.0000000000 -0.1896027327
3.4497141838 0.0000000000 0.0000000000 0.2854195237 34.2129669189 0.0000000000 -0.1893587708
3.4512512684 0.0000000000 0.0000000000 0.2849886715 34.1881523132 0.0000000000 -0.1891230941
3.4524657726 0.0000000000 0.0000000000 0.2845566571 34.1632957458 0.0000000000 -0.1888905764
3.4533708096 0.0000000000 0.0000000000 0.2840998173 34.1382637024 0.0000000000 -0.1886605918
3.4541556835 0.0000000000 0.0000000000 0.2836343944 34.1130447388 0.0000000000 -0.1884320974
3.4548664093 0.0000000000 0.0000000000 0.2831548750 34.0880737305 0.0000000000 -0.1882078648
3.4557402134 0.0000000000 0.0000000000 0.2826645374 34.0637130737 0.0000000000 -0.1879892349
3.4568006992 0.0000000000 0.0000000000 0.2821683884 34.0398674011 0.0000000000 -0.1877423525
3.4582514763 0.0000000000 0.0000000000 0.2816596627 34.0166740417 0.0000000000 -0.1875578463
3.4602315426 0.0000000000 0.0000000000 0.2811352909 33.9934501648 0.0000000000 -0.1873512268
3.4628262520 0.0000000000 0.0000000000 0.2805934548 33.9698791504 0.0000000000 -0.1871441007
3.4658589363 0.0000000000 0.0000000000 0.2800717652 33.9460792542 0.0000000000 -0.1869341731
3.4691572189 0.0000000000 0.0000000000 0.2795756459 33.9224853516 0.0000000000 -0.1867277026
3.4725217819 0.0000000000 0.0000000000 0.2791221142 33.8990974426 0.0000000000 -0.1865141392
3.4758543968 0.0000000000 0.0000000000 0.2787138522 33.8753051758 0.0000000000 -0.1863191724
3.4791405201 0.0000000000 0.0000000000 0.2783187628 33.8513793945 0.0000000000 -0.1861165762
3.4824175835 0.0000000000 0.0000000000 0.2779067159 33.8275337219 0.0000000000 -0.1859090924
3.4856255054 0.0000000000 0.0000000000 0.2774694264 33.8037490845 0.0000000000 -0.1857074499
3.4888024330 0.0000000000 0.0000000000 0.2770145237 33.7800674438 0.0000000000 -0.1855076551
3.4919505119 0.0000000000 0.0000000000 0.2765876651 33.7566032410 0.0000000000 -0.1853076816
3.4950101376 0.0000000000 0.0000000000 0.2761898637 33.7331047058 0.0000000000 -0.1851109862
3.4980010986 0.0000000000 0.0000000000 0.2757966518 33.7093315125 0.0000000000 -0.1849232912
3.5010361671 0.0000000000 0.0000000000 0.2754057348 33.6853294373 0.0000000000 -0.1847217381
3.5040075779 0.0000000000 0.0000000000 0.2750296295 33.6612052917 0.0000000000 -0.1845303774
3.5069251060 0.0000000000 0.0000000000 0.2746957541 33.6365165710 0.0000000000 -0.1843388677
3.5097949505 0.0000000000 0.0000000000 0.2744047046 33.6116600037 0.0000000000 -0.1841471791
3.5126836300 0.0000000000 0.0000000000 0.2741176188 33.5864105225 0.0000000000 -0.1839588583
3.5158145428 0.0000000000 0.0000000000 0.2738138139 33.5606765747 0.0000000000 -0.1837722659
3.5191781521 0.0000000000 0.0000000000 0.2734768987 33.5349807739 0.0000000000 -0.1835880876
3.5228304863 0.0000000000 0.0000000000 0.2731295526 33.5091247559 0.0000000000 -0.1834015846
3.5265421867 0.0000000000 0.0000000000 0.2728217542 33.4839172363 0.0000000000 -0.1832161248
3.5304071903 0.0000000000 0.0000000000 0.2725504935 33.4584922791 0.0000000000 -0.1830308735
3.5344228745 0.0000000000 0.0000000000 0.2723053396 33.4333267212 0.0000000000 -0.1828494370
3.5386075974 0.0000000000 0.0000000000 0.2720371783 33.4089431763 0.0000000000 -0.1826608479
3.5427060127 0.0000000000 0.0000000000 0.2717661858 33.3854904175 0.0000000000 -0.1824818850
3.5467982292 0.0000000000 0.0000000000 0.2714719176 33.3629074097 0.0000000000 -0.1822998524
3.5508811474 0.0000000000 0.0000000000 0.2711710036 33.3412590027 0.0000000000 -0.1821195781
3.5547554493 0.0000000000 0.0000000000 0.2709189057 33.3199234009 0.0000000000 -0.1819437146
3.5584964752 0.0000000000 0.0000000000 0.2706902325 33.2986602783 0.0000000000 -0.1817755103
3.5620255470 0.0000000000 0.0000000000 0.2704709768 33.2778930664 0.0000000000 -0.1816032827
3.5654523373 0.0000000000 0.0000000000 0.2702752054 33.2574577332 0.0000000000 -0.1814434528
3.5687792301 0.0000000000 0.0000000000 0.2700989544 33.2374038696 0.0000000000 -0.1812745631
3.5721414089 0.0000000000 0.0000000000 0.2699191868 33.2176551819 0.0000000000 -0.1811169982
3.5754170418 0.0000000000 0.0000000000 0.2697491646 33.1985702515 0.0000000000 -0.1809507608
3.5788083076 0.0000000000 0.0000000000 0.2695716023 33.1798629761 0.0000000000 -0.1807699502
3.5824759007 0.0000000000 0.0000000000 0.2693503797 33.1614074707 0.0000000000 -0.1806400716
3.5863528252 0.0000000000 0.0000000000 0.2690415978 33.1424827576 0.0000000000 -0.1804881096
3.5903825760 0.0000000000 0.0000000000 0.2686932087 33.1231155396 0.0000000000 -0.1803404093
3.5945913792 0.0000000000 0.0000000000 0.2683299184 33.1037597656 0.0000000000 -0.1801860332
3.5989274979 0.0000000000 0.0000000000 0.2679833472 33.0843772888 0.0000000000 -0.1800343394
3.6034820080 0.0000000000 0.0000000000 0.2676463723 33.0651168823 0.0000000000 -0.1798920035
3.6081399918 0.0000000000 0.0000000000 0.2672740221 33.0458412170 0.0000000000 -0.1797470450
3.6128642559 0.0000000000 0.0000000000 0.2669002116 33.0260391235 0.0000000000 -0.1796067655
3.6176176071 0.0000000000 0.0000000000 0.2665639818 33.0056495667 0.0000000000 -0.1794615984
3.6222863197 0.0000000000 0.0000000000 0.2662809491 32.9843292236 0.0000000000 -0.1793173254
3.6268751621 0.0000000000 0.0000000000 0.2660251856 32.9624977112 0.0000000000 -0.1791781187
3.6314649582 0.0000000000 0.0000000000 0.2657822371 32.9402580261 0.0000000000 -0.1790316105
3.6361465454 0.0000000000 0.0000000000 0.2655585706 32.9173583984 0.0000000000 -0.1788876355
3.6408700943 0.0000000000 0.0000000000 0.2653419971 32.8941993713 0.0000000000 -0.1787427962
3.6456515789 0.0000000000 0.0000000000 0.2651289403 32.8707580566 0.0000000000 -0.1786016822
3.6505882740 0.0000000000 0.0000000000 0.2649319768 32.8472290039 0.0000000000 -0.1784506738
3.6558287144 0.0000000000 0.0000000000 0.2647164166 32.8232498169 0.0000000000 -0.1783064604
3.6613600254 0.0000000000 0.0000000000 0.2645013630 32.7992820740 0.0000000000 -0.1781620681
3.6670095921 0.0000000000 0.0000000000 0.2642995417 32.7759208679 0.0000000000 -0.1780149043
3.6727063656 0.0000000000 0.0000000000 0.2641065717 32.7535057068 0.0000000000 -0.1778675020
3.6783604622 0.0000000000 0.0000000000 0.2639284432 32.7317237854 0.0000000000 -0.1777192950
3.6837673187 0.0000000000 0.0000000000 0.2637775242 32.7108383179 0.0000000000 -0.1775719225
3.6889319420 0.0000000000 0.0000000000 0.2636785209 32.6906242371 0.0000000000 -0.1774243414
3.6939270496 0.0000000000 0.0000000000 0.2636199296 32.6711349487 0.0000000000 -0.1772748232
3.6987967491 0.0000000000 0.0000000000 0.2635940015 32.6512985229 0.0000000000 -0.1771240234
3.7034564018 0.0000000000 0.0000000000 0.2636345625 32.6311302185 0.0000000000 -0.1769705415
3.7079536915 0.0000000000 0.0000000000 0.2637069821 32.6110801697 0.0000000000 -0.1768124104
3.7123913765 0.0000000000 0.0000000000 0.2637791932 32.5909500122 0.0000000000 -0.1766544580
3.7169349194 0.0000000000 0.0000000000 0.2637818158 32.5704574585 0.0000000000 -0.1764951348
3.7215266228 0.0000000000 0.0000000000 0.2637045681 32.5498695374 0.0000000000 -0.1763333678
3.7262122631 0.0000000000 0.0000000000 0.2635685802 32.5294303894 0.0000000000 -0.1761696637
3.7309834957 0.0000000000 0.0000000000 0.2633850873 32.5086479187 0.0000000000 -0.1760035455
3.7359266281 0.0000000000 0.0000000000 0.2631629705 32.4871444702 0.0000000000 -0.1758353710
3.7410104275 0.0000000000 0.0000000000 0.2629501224 32.4656982422 0.0000000000 -0.1756649315
3.7460484505 0.0000000000 0.0000000000 0.2627107203 32.4438743591 0.0000000000 -0.1754945517
3.7510423660 0.0000000000 0.0000000000 0.2624372244 32.4217453003 0.0000000000 -0.1753243506
3.7557213306 0.0000000000 0.0000000000 0.2621844709 32.3987350464 0.0000000000 -0.1751533151
3.7602322102 0.0000000000 0.0000000000 0.2619258761 32.3756713867 0.0000000000 -0.1749614179
3.7647426128 0.0000000000 0.0000000000 0.2616887987 32.3526840210 0.0000000000 -0.1748254895
3.7694427967 0.0000000000 0.0000000000 0.2614380121 32.3298759460 0.0000000000 -0.1746611595
3.7743744850 0.0000000000 0.0000000000 0.2611917257 32.3074836731 0.0000000000 -0.1744991541
3.7794582844 0.0000000000 0.0000000000 0.2609880567 32.2855148315 0.0000000000 -0.1743349731
3.7846875191 0.0000000000 0.0000000000 0.2608434260 32.2636833191 0.0000000000 -0.1741750240
3.7900207043 0.0000000000 0.0000000000 0.2607261837 32.2428283691 0.0000000000 -0.1740195155
3.7953758240 0.0000000000 0.0000000000 0.2606091201 32.2217445374 0.0000000000 -0.1738593280
3.8007082939 0.0000000000 0.0000000000 0.2604961395 32.2003555298 0.0000000000 -0.1736744940
3.8061273098 0.0000000000 0.0000000000 0.2603309453 32.1791648865 0.0000000000 -0.1735535562
3.8116827011 0.0000000000 0.0000000000 0.2601858377 32.1580848694 0.0000000000 -0.1734029353
3.8174359798 0.0000000000 0.0000000000 0.2600820363 32.1370124817 0.0000000000 -0.1732563078
3.8233420849 0.0000000000 0.0000000000 0.2600413561 32.1160697937 0.0000000000 -0.1731085181
3.8292586803 0.0000000000 0.0000000000 0.2600355744 32.0951232910 0.0000000000 -0.1729635596
3.8352646828 0.0000000000 0.0000000000 0.2599591911 32.0749473572 0.0000000000 -0.1728199124
3.8414781094 0.0000000000 0.0000000000 0.2598285675 32.0522842407 0.0000000000 -0.1726774871
3.8477094173 0.0000000000 0.0000000000 0.2596534193 32.0304908752 0.0000000000 -0.1725361645
3.8540389538 0.0000000000 0.0000000000 0.2593800128 32.0096702576 0.0000000000 -0.1723948121
3.8604712486 0.0000000000 0.0000000000 0.2590084672 31.9892406464 0.0000000000 -0.1722670197
3.8669824600 0.0000000000 0.0000000000 0.2585971355 31.9704132080 0.0000000000 -0.1721296012
3.8735759258 0.0000000000 0.0000000000 0.2582380474 31.9541778564 0.0000000000 -0.1720016003
3.8803083897 0.0000000000 0.0000000000 0.2578922510 31.9403171539 0.0000000000 -0.1718656421
3.8869798183 0.0000000000 0.0000000000 0.2575883269 31.9258766174 0.0000000000 -0.1717357039
3.8937313557 0.0000000000 0.0000000000 0.2572715580 31.9101123810 0.0000000000 -0.1716110706
3.9005959034 0.0000000000 0.0000000000 0.2569187880 31.8950977325 0.0000000000 -0.1714807153
3.9074730873 0.0000000000 0.0000000000 0.2564790547 31.8805904388 0.0000000000 -0.1713553071
3.9142835140 0.0000000000 0.0000000000 0.2559643090 31.8669147491 0.0000000000 -0.1712328792
3.9208519459 0.0000000000 0.0000000000 0.2554328442 31.8531875610 0.0000000000 -0.1711133420
3.9271564484 0.0000000000 0.0000000000 0.2549370229 31.8396244049 0.0000000000 -0.1709969044
3.9332988262 0.0000000000 0.0000000000 0.2544938624 31.8266582489 0.0000000000 -0.1708835363
3.9393370152 0.0000000000 0.0000000000 0.2541303635 31.8155784607 0.0000000000 -0.1707667708
3.9453074932 0.0000000000 0.0000000000 0.2538296580 31.8025474548 0.0000000000 -0.1706554592
3.9512469769 0.0000000000 0.0000000000 0.2535801232 31.7902793884 0.0000000000 -0.1705443263
3.9570672512 0.0000000000 0.0000000000 0.2533898652 31.7777004242 0.0000000000 -0.1704299450
3.9627740383 0.0000000000 0.0000000000 0.2531646192 31.7649593353 0.0000000000 -0.1703160405
3.9682536125 0.0000000000 0.0000000000 0.2529323101 31.7518520355 0.0000000000 -0.1702014208
3.9734947681 0.0000000000 0.0000000000 0.2527453005 31.7383880615 0.0000000000 -0.1700873375
3.9786019325 0.0000000000 0.0000000000 0.2526034713 31.7243843079 0.0000000000 -0.1699748635
3.9834547043 0.0000000000 0.0000000000 0.2524493039 31.7101192474 0.0000000000 -0.1698644459
3.9882457256 0.0000000000 0.0000000000 0.2523003519 31.6955871582 0.0000000000 -0.1697522402
3.9929502010 0.0000000000 0.0000000000 0.2521730065 31.6804428101 0.0000000000 -0.1696407199
3.9975197315 0.0000000000 0.0000000000 0.2520913482 31.6647701263 0.0000000000 -0.1695283353
4.0019412041 0.0000000000 0.0000000000 0.2520689666 31.6490592957 0.0000000000 -0.1694149971
4.0062856674 0.0000000000 0.0000000000 0.2520691454 31.6334705353 0.0000000000 -0.1693031192
4.0108008385 0.0000000000 0.0000000000 0.2520754933 31.6179714203 0.0000000000 -0.1691907346
4.0156068802 0.0000000000 0.0000000000 0.2519986331 31.6030960083 0.0000000000 -0.1690781116
4.0208301544 0.0000000000 0.0000000000 0.2518190742 31.5891590118 0.0000000000 -0.1689595282
4.0265150070 0.0000000000 0.0000000000 0.2516092360 31.5758438110 0.0000000000 -0.1688548923
4.0325393677 0.0000000000 0.0000000000 0.2513938546 31.5631084442 0.0000000000 -0.1687425375
4.0386729240 0.0000000000 0.0000000000 0.2511685789 31.5511817932 0.0000000000 -0.1686308682
4.0448236465 0.0000000000 0.0000000000 0.2509156168 31.5403671265 0.0000000000 -0.1685193181
4.0508661270 0.0000000000 0.0000000000 0.2506301105 31.5300559998 0.0000000000 -0.1684089899
4.0568065643 0.0000000000 0.0000000000 0.2503189147 31.5177764893 0.0000000000 -0.1682974994
4.0626735687 0.0000000000 0.0000000000 0.2499730140 31.5058193207 0.0000000000 -0.1681900322
4.0684466362 0.0000000000 0.0000000000 0.2495886236 31.4923171997 0.0000000000 -0.1680825949
4.0740699768 0.0000000000 0.0000000000 0.2492011487 31.4781723022 0.0000000000 -0.1679801345
4.0794320107 0.0000000000 0.0000000000 0.2487964928 31.4638786316 0.0000000000 -0.1678771079
4.0844993591 0.0000000000 0.0000000000 0.2484052926 31.4494686127 0.0000000000 -0.1677723229
4.0893435478 0.0000000000 0.0000000000 0.2480499595 31.4349021912 0.0000000000 -0.1676722765
4.0941247940 0.0000000000 0.0000000000 0.2477362305 31.4204673767 0.0000000000 -0.1675708890
4.0991668701 0.0000000000 0.0000000000 0.2474626750 31.4062519073 0.0000000000 -0.1674727201
4.1045546532 0.0000000000 0.0000000000 0.2472124398 31.3927421570 0.0000000000 -0.1673772037
4.1103172302 0.0000000000 0.0000000000 0.2469974011 31.3797531128 0.0000000000 -0.1672829390
4.1164135933 0.0000000000 0.0000000000 0.2468352020 31.3676242828 0.0000000000 -0.1671818197
4.1229953766 0.0000000000 0.0000000000 0.2467166781 31.3552780151 0.0000000000 -0.1670829654
4.1299705505 0.0000000000 0.0000000000 0.2465928644 31.3432674408 0.0000000000 -0.1669865847
4.1370782852 0.0000000000 0.0000000000 0.2464513183 31.3317546844 0.0000000000 -0.1668660343
4.1444506645 0.0000000000 0.0000000000 0.2462577969 31.3202877045 0.0000000000 -0.1667854786
4.1516799927 0.0000000000 0.0000000000 0.2460591793 31.3083782196 0.0000000000 -0.1666879058
4.1585025787 0.0000000000 0.0000000000 0.2458737493 31.2957630157 0.0000000000 -0.1665917337
4.1650724411 0.0000000000 0.0000000000 0.2456910461 31.2828826904 0.0000000000 -0.1664963663
4.1715507507 0.0000000000 0.0000000000 0.2454897016 31.2694644928 0.0000000000 -0.1663830578
4.1779665947 0.0000000000 0.0000000000 0.2452869415 31.2564830780 0.0000000000 -0.1663106084
4.1843957901 0.0000000000 0.0000000000 0.2451258600 31.2428760529 0.0000000000 -0.1662220359
4.1905999184 0.0000000000 0.0000000000 0.2449854165 31.2293434143 0.0000000000 -0.1661285162
4.1966891289 0.0000000000 0.0000000000 0.2448242158 31.2156658173 0.0000000000 -0.1660366654
4.2025556564 0.0000000000 0.0000000000 0.2446416765 31.2017078400 0.0000000000 -0.1659435034
4.2080659866 0.0000000000 0.0000000000 0.2444520891 31.1879634857 0.0000000000 -0.1658542752
4.2133169174 0.0000000000 0.0000000000 0.2441907227 31.1742572784 0.0000000000 -0.1657631695
4.2183918953 0.0000000000 0.0000000000 0.2438855767 31.1611919403 0.0000000000 -0.1656713188
4.2234697342 0.0000000000 0.0000000000 0.2435687333 31.1490077972 0.0000000000 -0.1655812860
4.2286028862 0.0000000000 0.0000000000 0.2432976365 31.1370105743 0.0000000000 -0.1654866934
4.2336974144 0.0000000000 0.0000000000 0.2430820018 31.1256046295 0.0000000000 -0.1653965712
4.2385587692 0.0000000000 0.0000000000 0.2429038137 31.1147174835 0.0000000000 -0.1653057635
4.2432746887 0.0000000000 0.0000000000 0.2427000403 31.1048450470 0.0000000000 -0.1652171016
4.2476773262 0.0000000000 0.0000000000 0.2424814552 31.0960350037 0.0000000000 -0.1651261449
4.2518262863 0.0000000000 0.0000000000 0.2422457486 31.0869636536 0.0000000000 -0.1650404036
4.2560129166 0.0000000000 0.0000000000 0.2419880927 31.0777359009 0.0000000000 -0.1649575830
4.2603993416 0.0000000000 0.0000000000 0.2416816205 31.0687561035 0.0000000000 -0.1648776531
4.2651276588 0.0000000000 0.0000000000 0.2412959039 31.0590152740 0.0000000000 -0.1647961736
4.2702512741 0.0000000000 0.0000000000 0.2409083247 31.0483913422 0.0000000000 -0.1647185087
4.2755413055 0.0000000000 0.0000000000 0.2405406088 31.0376281738 0.0000000000 -0.1646430492
4.2809543610 0.0000000000 0.0000000000 0.2401563376 31.0270671844 0.0000000000 -0.1645718813
4.2862758636 0.0000000000 0.0000000000 0.2397366911 31.0164127350 0.0000000000 -0.1644974351
4.2913789749 0.0000000000 0.0000000000 0.2393839210 31.0063056946 0.0000000000 -0.1644267440
4.2962479591 0.0000000000 0.0000000000 0.2391547114 30.9967117310 0.0000000000 -0.1643577516
4.3008761406 0.0000000000 0.0000000000 0.2390234172 30.9874439240 0.0000000000 -0.1642890275
4.3053545952 0.0000000000 0.0000000000 0.2389392704 30.9785480499 0.0000000000 -0.1642288566
4.3096752167 0.0000000000 0.0000000000 0.2388077676 30.9694805145 0.0000000000 -0.1641620696
4.3136987686 0.0000000000 0.0000000000 0.2386070937 30.9587154388 0.0000000000 -0.1640980244
4.3172106743 0.0000000000 0.0000000000 0.2383868098 30.9475517273 0.0000000000 -0.1640378237
4.3201317787 0.0000000000 0.0000000000 0.2381911427 30.9362125397 0.0000000000 -0.1639730930
4.3226289749 0.0000000000 0.0000000000 0.2380436808 30.9249324799 0.0000000000 -0.1639133096
4.3250017166 0.0000000000 0.0000000000 0.2378807515 30.9136848450 0.0000000000 -0.1638505757
