#         rmsthk      stdthk       rmsvel       stdvel       rmsdiv       stddiv       rmsusurf       stdusurf
0.0000000000 0.0000000000 178.6378631592 133.1120147705 0.0000000000 0.0000000000 0.0000000000 0.0000000000
-0.1204630807 0.4719282091 92.3923263550 78.7507934570 0.0000000000 0.0000000000 -0.0612875894 0.9906336069
-0.2391095906 0.8634439111 61.7991294861 49.8710098267 0.0000000000 0.0000000000 -0.1198086143 1.8311815262
-0.3656423092 1.2029654980 61.3601684570 43.1412010193 0.0000000000 0.0000000000 -0.1687049866 2.5314567089
-0.5013993382 1.5078275204 63.8590736389 42.5480728149 0.0000000000 0.0000000000 -0.2064309567 3.1122252941
-0.6442387104 1.7936638594 63.9524192810 42.1778411865 0.0000000000 0.0000000000 -0.2353830189 3.5979793072
-0.7917348742 2.0701813698 61.3051452637 40.3861541748 0.0000000000 0.0000000000 -0.2566470504 4.0082702637
-0.9416528940 2.3422756195 57.0073547363 38.0802879333 0.0000000000 0.0000000000 -0.2704279423 4.3574733734
-1.0919215679 2.6115062237 51.8618125916 35.9001655579 0.0000000000 0.0000000000 -0.2773263156 4.6546449661
-1.2408748865 2.8778879642 46.3265457153 33.8492393494 0.0000000000 0.0000000000 -0.2780165672 4.9067487717
-1.3869839907 3.1403157711 40.6554946899 31.9243640900 0.0000000000 0.0000000000 -0.2728947401 5.1185965538
-1.5289341211 3.3973560333 35.1192169189 30.2863330841 0.0000000000 0.0000000000 -0.2621846199 5.2939853668
-1.6656233072 3.6475579739 29.8956661224 29.1346492767 0.0000000000 0.0000000000 -0.2464412153 5.4357690811
-1.7963508368 3.8897752762 25.0573043823 28.3567123413 0.0000000000 0.0000000000 -0.2262939066 5.5467438698
-1.9205936193 4.1229033470 20.6601276398 27.8966541290 0.0000000000 0.0000000000 -0.2024866641 5.6293706894
-2.0380489826 4.3462481499 16.6862506866 27.6926212311 0.0000000000 0.0000000000 -0.1756692976 5.6861395836
-2.1487615108 4.5596799850 13.1017522812 27.7236843109 0.0000000000 0.0000000000 -0.1463873386 5.7193794250
-2.2527525425 4.7630233765 9.8890371323 27.9425487518 0.0000000000 0.0000000000 -0.1151151061 5.7312026024
-2.3501570225 4.9562501907 7.0328531265 28.3031845093 0.0000000000 0.0000000000 -0.0823667943 5.7236289978
-2.4412326813 5.1395816803 4.5273599625 28.7566528320 0.0000000000 0.0000000000 -0.0485967174 5.6986169815
-2.5261528492 5.3131427765 2.3570709229 29.2511348724 0.0000000000 0.0000000000 -0.0142194265 5.6579470634
-2.6052899361 5.4775142670 0.5067012310 29.7548542023 0.0000000000 0.0000000000 0.0203925557 5.6033749580
-2.6789047718 5.6330771446 -1.0454812050 30.2229614258 0.0000000000 0.0000000000 0.0548563004 5.5365905762
-2.7472956181 5.7803549767 -2.3342604637 30.6348247528 0.0000000000 0.0000000000 0.0888653770 5.4591717720
-2.8108553886 5.9200286865 -3.3851015568 30.9793758392 0.0000000000 0.0000000000 0.1220844090 5.3727321625
-2.8699448109 6.0527248383 -4.2249884605 31.2508335114 0.0000000000 0.0000000000 0.1542457044 5.2787351608
-2.9249134064 6.1790561676 -4.8767805099 31.4496612549 0.0000000000 0.0000000000 0.1850774437 5.1785769463
-2.9761214256 6.2997050285 -5.3598661423 31.5761547089 0.0000000000 0.0000000000 0.2143435180 5.0735549927
-3.0238656998 6.4152226448 -5.6918702126 31.6363620758 0.0000000000 0.0000000000 0.2418615222 4.9648675919
-3.0684628487 6.5261821747 -5.8864126205 31.6346187592 0.0000000000 0.0000000000 0.2674928308 4.8536314964
-3.1102006435 6.6331267357 -5.9557747841 31.5775833130 0.0000000000 0.0000000000 0.2911063433 4.7408680916
-3.1493306160 6.7365069389 -5.9108381271 31.4735717773 0.0000000000 0.0000000000 0.3126076758 4.6274876595
-3.1861197948 6.8367972374 -5.7601499557 31.3278865814 0.0000000000 0.0000000000 0.3319129646 4.5142698288
-3.2208168507 6.9344649315 -5.5117344856 31.1478519440 0.0000000000 0.0000000000 0.3489930332 4.4019012451
-3.2536222935 7.0298447609 -5.1738934517 30.9390048981 0.0000000000 0.0000000000 0.3638274074 4.2910070419
-3.2847461700 7.1232976913 -4.7525582314 30.7082290649 0.0000000000 0.0000000000 0.3764682412 4.1821179390
-3.3144292831 7.2152628899 -4.2564744949 30.4615573883 0.0000000000 0.0000000000 0.3869820237 4.0756726265
-3.3428697586 7.3060827255 -3.6926243305 30.2050323486 0.0000000000 0.0000000000 0.3954862654 3.9720058441
-3.3702404499 7.3959774971 -3.0692131519 29.9444808960 0.0000000000 0.0000000000 0.4021157324 3.8713951111
-3.3967683315 7.4853773117 -2.3935608864 29.6872768402 0.0000000000 0.0000000000 0.4070396423 3.7740685940
-3.4226250648 7.5745563507 -1.6733764410 29.4386825562 0.0000000000 0.0000000000 0.4104342163 3.6802358627
-3.4479818344 7.6638221741 -0.9163916111 29.2020645142 0.0000000000 0.0000000000 0.4124504626 3.5900509357
-3.4729971886 7.7534737587 -0.1315611005 28.9822273254 0.0000000000 0.0000000000 0.4132334888 3.5036177635
-3.4977858067 7.8436341286 0.6752035618 28.7824592590 0.0000000000 0.0000000000 0.4129074216 3.4210062027
-3.5225405693 7.9346685410 1.4951734543 28.6076488495 0.0000000000 0.0000000000 0.4115991890 3.3422586918
-3.5474295616 8.0268011093 2.3209455013 28.4603786469 0.0000000000 0.0000000000 0.4094222188 3.2673492432
-3.5725917816 8.1202678680 3.1452832222 28.3418655396 0.0000000000 0.0000000000 0.4064896703 3.1962027550
-3.5981612206 8.2153215408 3.9618062973 28.2527465820 0.0000000000 0.0000000000 0.4028971791 3.1287460327
-3.6243209839 8.3122453690 4.7652249336 28.1956501007 0.0000000000 0.0000000000 0.3987550735 3.0648925304
-3.6511893272 8.4111862183 5.5525965691 28.1706256866 0.0000000000 0.0000000000 0.3941653371 3.0045509338
-3.6788136959 8.5121927261 6.3188409805 28.1763210297 0.0000000000 0.0000000000 0.3892472684 2.9477047920
-3.7073211670 8.6154346466 7.0614948273 28.2121734619 0.0000000000 0.0000000000 0.3840981126 2.8943943977
-3.7368161678 8.7210216522 7.7790899277 28.2750740051 0.0000000000 0.0000000000 0.3788125217 2.8446462154
-3.7673211098 8.8289194107 8.4682207108 28.3633136749 0.0000000000 0.0000000000 0.3734675944 2.7986073494
-3.7988972664 8.9390869141 9.1284351349 28.4729557037 0.0000000000 0.0000000000 0.3681553602 2.7564048767
-3.8316254616 9.0514869690 9.7571763992 28.5980148315 0.0000000000 0.0000000000 0.3629106283 2.7181944847
-3.8656322956 9.1664352417 10.3540763855 28.7326030731 0.0000000000 0.0000000000 0.3577722609 2.6841711998
-3.9009294510 9.2837963104 10.9161319733 28.8694667816 0.0000000000 0.0000000000 0.3527804017 2.6545052528
-3.9375395775 9.4035968781 11.4414739609 29.0000114441 0.0000000000 0.0000000000 0.3479603231 2.6294572353
-3.9755575657 9.5260305405 11.9279956818 29.1165313721 0.0000000000 0.0000000000 0.3433718979 2.6091716290
-4.0149259567 9.6509170532 12.3766870499 29.2136211395 0.0000000000 0.0000000000 0.3390273750 2.5939145088
-4.0556769371 9.7783088684 12.7848176956 29.2823219299 0.0000000000 0.0000000000 0.3349466324 2.5838418007
-4.0978069305 9.9081726074 13.1502904892 29.3184680939 0.0000000000 0.0000000000 0.3311523199 2.5791285038
-4.1412353516 10.0403690338 13.4730043411 29.3204994202 0.0000000000 0.0000000000 0.3276628554 2.5798673630
-4.1859164238 10.1748657227 13.7544059753 29.2904663086 0.0000000000 0.0000000000 0.3245568275 2.5860128403
-4.2318143845 10.3114957809 13.9928092957 29.2295455933 0.0000000000 0.0000000000 0.3218854964 2.5974714756
-4.2789320946 10.4501981735 14.1904907227 29.1398963928 0.0000000000 0.0000000000 0.3197211325 2.6138622761
-4.3271822929 10.5907516479 14.3508634567 29.0253257751 0.0000000000 0.0000000000 0.3181250691 2.6348867416
-4.3765106201 10.7330007553 14.4784364700 28.8936729431 0.0000000000 0.0000000000 0.3171922266 2.6601099968
-4.4268426895 10.8768453598 14.5754756927 28.7502555847 0.0000000000 0.0000000000 0.3170013428 2.6889684200
-4.4780888557 11.0221023560 14.6456928253 28.6039867401 0.0000000000 0.0000000000 0.3175992370 2.7208490372
-4.5301737785 11.1685819626 14.6935987473 28.4586429596 0.0000000000 0.0000000000 0.3190197051 2.7551476955
-4.5829315186 11.3158893585 14.7251968384 28.3219108582 0.0000000000 0.0000000000 0.3212479949 2.7912743092
-4.6363968849 11.4639711380 14.7432298660 28.1951560974 0.0000000000 0.0000000000 0.3242142200 2.8287184238
-4.6905136108 11.6127290726 14.7546443939 28.0854949951 0.0000000000 0.0000000000 0.3278678060 2.8671004772
-4.7453117371 11.7622537613 14.7609272003 27.9945411682 0.0000000000 0.0000000000 0.3321626186 2.9060735703
-4.8006873131 11.9123334885 14.7673988342 27.9225711823 0.0000000000 0.0000000000 0.3369624913 2.9453516006
-4.8565945625 12.0628242493 14.7775878906 27.8686237335 0.0000000000 0.0000000000 0.3421796262 2.9846372604
-4.9130883217 12.2138366699 14.7960290909 27.8300609589 0.0000000000 0.0000000000 0.3477286696 3.0236732960
-4.9700598717 12.3651180267 14.8271903992 27.8030967712 0.0000000000 0.0000000000 0.3534898460 3.0623524189
-5.0273222923 12.5164079666 14.8741855621 27.7839832306 0.0000000000 0.0000000000 0.3593545258 3.1004319191
-5.0848870277 12.6675796509 14.9388437271 27.7681446075 0.0000000000 0.0000000000 0.3652484119 3.1378078461
-5.1427359581 12.8186025620 15.0202054977 27.7484416962 0.0000000000 0.0000000000 0.3710722923 3.1743118763
-5.2008605003 12.9695644379 15.1157817841 27.7205200195 0.0000000000 0.0000000000 0.3767397702 3.2099740505
-5.2593522072 13.1206226349 15.2219982147 27.6821193695 0.0000000000 0.0000000000 0.3822260797 3.2446815968
-5.3182673454 13.2718353271 15.3354082108 27.6269874573 0.0000000000 0.0000000000 0.3874800801 3.2784898281
-5.3776097298 13.4232492447 15.4514951706 27.5499172211 0.0000000000 0.0000000000 0.3924830556 3.3115088940
-5.4373383522 13.5747451782 15.5659198761 27.4489936829 0.0000000000 0.0000000000 0.3972483873 3.3437669277
-5.4974694252 13.7263898849 15.6710519791 27.3225555420 0.0000000000 0.0000000000 0.4017862678 3.3752925396
-5.5580754280 13.8783283234 15.7658710480 27.1728992462 0.0000000000 0.0000000000 0.4061063230 3.4060728550
-5.6190266609 14.0302762985 15.8478784561 27.0041809082 0.0000000000 0.0000000000 0.4101843834 3.4361381531
-5.6803970337 14.1823749542 15.9129428864 26.8235855103 0.0000000000 0.0000000000 0.4140094221 3.4654707909
-5.7421927452 14.3345232010 15.9583873749 26.6381702423 0.0000000000 0.0000000000 0.4175554812 3.4940798283
-5.8043522835 14.4866847992 15.9818286896 26.4533233643 0.0000000000 0.0000000000 0.4208085239 3.5218639374
-5.8668098450 14.6385431290 15.9788455963 26.2727317810 0.0000000000 0.0000000000 0.4237669110 3.5486853123
-5.9296989441 14.7904634476 15.9488916397 26.1013793945 0.0000000000 0.0000000000 0.4264230430 3.5745210648
-5.9929790497 14.9424200058 15.8923692703 25.9440975189 0.0000000000 0.0000000000 0.4287846386 3.5993244648
-6.0565328598 15.0942392349 15.8095121384 25.8014698029 0.0000000000 0.0000000000 0.4308152497 3.6230056286
-6.1203765869 15.2459001541 15.7000284195 25.6733303070 0.0000000000 0.0000000000 0.4325124621 3.6455745697
-6.1844038963 15.3971433640 15.5691528320 25.5598087311 0.0000000000 0.0000000000 0.4338539243 3.6669158936
-6.2484917641 15.5477695465 15.4205942154 25.4579429626 0.0000000000 0.0000000000 0.4348048568 3.6868650913
-6.3126907349 15.6979274750 15.2569131851 25.3639831543 0.0000000000 0.0000000000 0.4353365898 3.7053642273
-6.3768801689 15.8473606110 15.0807981491 25.2728767395 0.0000000000 0.0000000000 0.4354368746 3.7223498821
-6.4409627914 15.9958505630 14.8973608017 25.1803283691 0.0000000000 0.0000000000 0.4351366758 3.7377483845
-6.5049700737 16.1437339783 14.7092437744 25.0819339752 0.0000000000 0.0000000000 0.4344776571 3.7515642643
-6.5689344406 16.2910633087 14.5200624466 24.9747161865 0.0000000000 0.0000000000 0.4335229993 3.7637434006
-6.6327471733 16.4375457764 14.3333387375 24.8572540283 0.0000000000 0.0000000000 0.4323372543 3.7742528915
-6.6964440346 16.5834693909 14.1522388458 24.7294101715 0.0000000000 0.0000000000 0.4309673905 3.7831335068
-6.7600517273 16.7289237976 13.9793930054 24.5923385620 0.0000000000 0.0000000000 0.4294413030 3.7904045582
-6.8233985901 16.8735904694 13.8166170120 24.4480533600 0.0000000000 0.0000000000 0.4277973175 3.7960717678
-6.8866076469 17.0176906586 13.6636705399 24.3001880646 0.0000000000 0.0000000000 0.4260251224 3.8002111912
-6.9495978355 17.1610031128 13.5210704803 24.1508026123 0.0000000000 0.0000000000 0.4241584539 3.8027820587
-7.0121450424 17.3031082153 13.3881874084 24.0033607483 0.0000000000 0.0000000000 0.4222149253 3.8037886620
-7.0744071007 17.4444351196 13.2650604248 23.8609962463 0.0000000000 0.0000000000 0.4201624990 3.8032729626
-7.1364150047 17.5850467682 13.1503086090 23.7256183624 0.0000000000 0.0000000000 0.4180108011 3.8012688160
-7.1983046532 17.7251300812 13.0413398743 23.5993595123 0.0000000000 0.0000000000 0.4157510102 3.7978456020
-7.2600302696 17.8645381927 12.9351673126 23.4824066162 0.0000000000 0.0000000000 0.4133854806 3.7931041718
-7.3214440346 18.0029888153 12.8320064545 23.3743400574 0.0000000000 0.0000000000 0.4109417796 3.7871162891
-7.3827672005 18.1409244537 12.7297086716 23.2745151520 0.0000000000 0.0000000000 0.4084534645 3.7800080776
-7.4439797401 18.2783718109 12.6269502640 23.1808300018 0.0000000000 0.0000000000 0.4058978856 3.7718544006
-7.5049991608 18.4152469635 12.5227680206 23.0913333893 0.0000000000 0.0000000000 0.4032579362 3.7627532482
-7.5658817291 18.5515556335 12.4157161713 23.0031623840 0.0000000000 0.0000000000 0.4005454779 3.7528166771
-7.6266469955 18.6873474121 12.3053121567 22.9145507812 0.0000000000 0.0000000000 0.3977908194 3.7420849800
-7.6872797012 18.8225536346 12.1902551651 22.8229789734 0.0000000000 0.0000000000 0.3950539827 3.7306661606
-7.7478017807 18.9571781158 12.0717630386 22.7270488739 0.0000000000 0.0000000000 0.3923806548 3.7186346054
-7.8082141876 19.0913181305 11.9506530762 22.6264190674 0.0000000000 0.0000000000 0.3898356557 3.7059934139
-7.8684897423 19.2248477936 11.8275156021 22.5208492279 0.0000000000 0.0000000000 0.3874371946 3.6928236485
-7.9286656380 19.3580131531 11.7031297684 22.4122276306 0.0000000000 0.0000000000 0.3851997554 3.6791589260
-7.9886751175 19.4906406403 11.5788631439 22.3012104034 0.0000000000 0.0000000000 0.3831488490 3.6650152206
-8.0486068726 19.6229553223 11.4568386078 22.1886291504 0.0000000000 0.0000000000 0.3812907040 3.6504077911
-8.1084880829 19.7549972534 11.3360948563 22.0764789581 0.0000000000 0.0000000000 0.3795948029 3.6354012489
-8.1682729721 19.8866729736 11.2181682587 21.9666137695 0.0000000000 0.0000000000 0.3780722916 3.6199705601
-8.2279863358 20.0180454254 11.1037254333 21.8600578308 0.0000000000 0.0000000000 0.3767273128 3.6041259766
-8.2875947952 20.1490917206 10.9938249588 21.7586441040 0.0000000000 0.0000000000 0.3755324185 3.5879378319
-8.3470983505 20.2797355652 10.8886661530 21.6627578735 0.0000000000 0.0000000000 0.3744720221 3.5714430809
-8.4065036774 20.4099655151 10.7878770828 21.5720443726 0.0000000000 0.0000000000 0.3735387623 3.5546674728
-8.4657611847 20.5395908356 10.6896696091 21.4858093262 0.0000000000 0.0000000000 0.3727195561 3.5376975536
-8.5249233246 20.6688423157 10.5936975479 21.4020519257 0.0000000000 0.0000000000 0.3720180392 3.5205125809
-8.5840015411 20.7977256775 10.4997911453 21.3204288483 0.0000000000 0.0000000000 0.3714330494 3.5031144619
-8.6429805756 20.9263019562 10.4092760086 21.2389431000 0.0000000000 0.0000000000 0.3709395230 3.4855003357
-8.7017974854 21.0544872284 10.3221979141 21.1562080383 0.0000000000 0.0000000000 0.3705278337 3.4677317142
-8.7605180740 21.1823501587 10.2387685776 21.0723667145 0.0000000000 0.0000000000 0.3701990545 3.4499049187
-8.8191814423 21.3099575043 10.1574668884 20.9864864349 0.0000000000 0.0000000000 0.3699490428 3.4320843220
-8.8778152466 21.4373874664 10.0772743225 20.8988761902 0.0000000000 0.0000000000 0.3697831631 3.4143280983
-8.9363842010 21.5646095276 9.9978418350 20.8107509613 0.0000000000 0.0000000000 0.3696798682 3.3966541290
-8.9948816299 21.6915245056 9.9193134308 20.7222309113 0.0000000000 0.0000000000 0.3696273565 3.3791196346
-9.0533695221 21.8183364868 9.8411054611 20.6331405640 0.0000000000 0.0000000000 0.3695773482 3.3617045879
-9.1117820740 21.9449710846 9.7649326324 20.5455093384 0.0000000000 0.0000000000 0.3695112765 3.3444271088
-9.1701440811 22.0713958740 9.6894302368 20.4597415924 0.0000000000 0.0000000000 0.3694356084 3.3272681236
-9.2284030914 22.1974849701 9.6138677597 20.3758373260 0.0000000000 0.0000000000 0.3693579137 3.3102223873
-9.2865285873 22.3232231140 9.5375242233 20.2935810089 0.0000000000 0.0000000000 0.3692820668 3.2932431698
-9.3445291519 22.4486560822 9.4612245560 20.2136783600 0.0000000000 0.0000000000 0.3692153096 3.2763288021
-9.4024877548 22.5739459991 9.3848552704 20.1345520020 0.0000000000 0.0000000000 0.3691519201 3.2595314980
-9.4602718353 22.6988143921 9.3097686768 20.0582103729 0.0000000000 0.0000000000 0.3690996468 3.2428612709
-9.5179615021 22.8234462738 9.2348241806 19.9824409485 0.0000000000 0.0000000000 0.3690703213 3.2263300419
-9.5755233765 22.9478092194 9.1599349976 19.9068012238 0.0000000000 0.0000000000 0.3690803945 3.2099709511
-9.6330013275 23.0719375610 9.0853300095 19.8313407898 0.0000000000 0.0000000000 0.3691561818 3.1937882900
-9.6904220581 23.1958751678 9.0111522675 19.7553234100 0.0000000000 0.0000000000 0.3692843318 3.1777896881
-9.7477016449 23.3194732666 8.9374647141 19.6789169312 0.0000000000 0.0000000000 0.3694563210 3.1619684696
-9.8049335480 23.4429645538 8.8658638000 19.6024017334 0.0000000000 0.0000000000 0.3696609437 3.1463365555
-9.8620758057 23.5662155151 8.7951869965 19.5261039734 0.0000000000 0.0000000000 0.3698932528 3.1309273243
-9.9191503525 23.6893978119 8.7240133286 19.4491119385 0.0000000000 0.0000000000 0.3701527119 3.1157462597
-9.9761762619 23.8125114441 8.6525955200 19.3719635010 0.0000000000 0.0000000000 0.3704327643 3.1008048058
-10.0331420898 23.9355449677 8.5808753967 19.2947444916 0.0000000000 0.0000000000 0.3707213998 3.0860822201
-10.0900745392 24.0584430695 8.5079765320 19.2182769775 0.0000000000 0.0000000000 0.3709912598 3.0715296268
-10.1469163895 24.1811733246 8.4336338043 19.1420288086 0.0000000000 0.0000000000 0.3712199628 3.0571010113
-10.2037153244 24.3037528992 8.3580951691 19.0661258698 0.0000000000 0.0000000000 0.3714099824 3.0427885056
-10.2604408264 24.4261837006 8.2790489197 18.9896697998 0.0000000000 0.0000000000 0.3715547919 3.0285704136
-10.3171558380 24.5485801697 8.1965723038 18.9137802124 0.0000000000 0.0000000000 0.3716533184 3.0144095421
-10.3738107681 24.6708831787 8.1107759476 18.8378677368 0.0000000000 0.0000000000 0.3716865778 3.0003101826
-10.4303684235 24.7930393219 8.0210952759 18.7626571655 0.0000000000 0.0000000000 0.3716309965 2.9862267971
-10.4868316650 24.9150333405 7.9275231361 18.6868782043 0.0000000000 0.0000000000 0.3715030849 2.9721310139
-10.5432014465 25.0368728638 7.8286948204 18.6096439362 0.0000000000 0.0000000000 0.3713109195 2.9580073357
-10.5993824005 25.1584339142 7.7257275581 18.5318050385 0.0000000000 0.0000000000 0.3710721135 2.9438791275
-10.6553201675 25.2796630859 7.6205883026 18.4541435242 0.0000000000 0.0000000000 0.3708081245 2.9297132492
-10.7111053467 25.4006919861 7.5138964653 18.3755397797 0.0000000000 0.0000000000 0.3705332577 2.9154868126
-10.7666883469 25.5214233398 7.4053521156 18.2965145111 0.0000000000 0.0000000000 0.3702600896 2.9011802673
-10.8220682144 25.6418418884 7.2968020439 18.2190399170 0.0000000000 0.0000000000 0.3699734807 2.8867537975
-10.8771553040 25.7618350983 7.1892261505 18.1435623169 0.0000000000 0.0000000000 0.3696703315 2.8721330166
-10.9319324493 25.8814620972 7.0839619637 18.0719203949 0.0000000000 0.0000000000 0.3693450391 2.8573200703
-10.9864397049 26.0007247925 6.9794187546 18.0015583038 0.0000000000 0.0000000000 0.3690139651 2.8423089981
-11.0406293869 26.1195087433 6.8770627975 17.9330997467 0.0000000000 0.0000000000 0.3686860800 2.8270761967
-11.0945491791 26.2379055023 6.7774567604 17.8660869598 0.0000000000 0.0000000000 0.3683799207 2.8116304874
-11.1481943130 26.3559780121 6.6802763939 17.7992725372 0.0000000000 0.0000000000 0.3680913150 2.7959437370
-11.2015666962 26.4735832214 6.5859131813 17.7330818176 0.0000000000 0.0000000000 0.3678342402 2.7800247669
-11.2546539307 26.5907840729 6.4934983253 17.6670112610 0.0000000000 0.0000000000 0.3676162660 2.7639117241
-11.3074722290 26.7075939178 6.4032831192 17.6004619598 0.0000000000 0.0000000000 0.3674235046 2.7476341724
-11.3599863052 26.8239994049 6.3146715164 17.5327987671 0.0000000000 0.0000000000 0.3672381639 2.7312409878
-11.4121904373 26.9399261475 6.2272586823 17.4642276764 0.0000000000 0.0000000000 0.3670316935 2.7148056030
-11.4641370773 27.0553894043 6.1409268379 17.3959960938 0.0000000000 0.0000000000 0.3667874932 2.6983423233
-11.5156974792 27.1701793671 6.0550732613 17.3289775848 0.0000000000 0.0000000000 0.3664703965 2.6819033623
-11.5668849945 27.2843284607 5.9701957703 17.2639503479 0.0000000000 0.0000000000 0.3660535514 2.6655330658
-11.6176605225 27.3978385925 5.8859701157 17.2009048462 0.0000000000 0.0000000000 0.3655315936 2.6492629051
-11.6681470871 27.5110149384 5.8023295403 17.1394977570 0.0000000000 0.0000000000 0.3648901880 2.6331384182
-11.7183933258 27.6237659454 5.7199788094 17.0803909302 0.0000000000 0.0000000000 0.3641626537 2.6171550751
-11.7683744431 27.7359619141 5.6385254860 17.0228519440 0.0000000000 0.0000000000 0.3633673787 2.6013638973
-11.8181047440 27.8477592468 5.5573091507 16.9665031433 0.0000000000 0.0000000000 0.3625399768 2.5857610703
-11.8675765991 27.9591617584 5.4768857956 16.9116859436 0.0000000000 0.0000000000 0.3616841137 2.5703678131
-11.9168148041 28.0701961517 5.3969464302 16.8577690125 0.0000000000 0.0000000000 0.3607918918 2.5552000999
-11.9657220840 28.1807403564 5.3197093010 16.8050632477 0.0000000000 0.0000000000 0.3598732948 2.5402452946
-12.0143318176 28.2908344269 5.2447776794 16.7531833649 0.0000000000 0.0000000000 0.3589208424 2.5255317688
-12.0625810623 28.4003982544 5.1729345322 16.7022686005 0.0000000000 0.0000000000 0.3579334617 2.5110471249
-12.1104793549 28.5094051361 5.1044006348 16.6524715424 0.0000000000 0.0000000000 0.3569287062 2.4967596531
-12.1579399109 28.6175880432 5.0388956070 16.6034603119 0.0000000000 0.0000000000 0.3559155166 2.4826772213
-12.2051219940 28.7253112793 4.9756631851 16.5548782349 0.0000000000 0.0000000000 0.3548856378 2.4688227177
-12.2520532608 28.8326969147 4.9143757820 16.5073528290 0.0000000000 0.0000000000 0.3538492918 2.4552016258
-12.2987546921 28.9397163391 4.8546280861 16.4601898193 0.0000000000 0.0000000000 0.3528282344 2.4418213367
-12.3452119827 29.0463066101 4.7957029343 16.4133548737 0.0000000000 0.0000000000 0.3517929614 2.4287064075
-12.3914365768 29.1524410248 4.7370309830 16.3668327332 0.0000000000 0.0000000000 0.3507580757 2.4158322811
-12.4374065399 29.2580718994 4.6786561012 16.3207988739 0.0000000000 0.0000000000 0.3497096598 2.4032092094
-12.4831991196 29.3633460999 4.6188430786 16.2751312256 0.0000000000 0.0000000000 0.3486445546 2.3908405304
-12.5287971497 29.4681377411 4.5573229790 16.2306327820 0.0000000000 0.0000000000 0.3475657403 2.3787243366
-12.5742330551 29.5726051331 4.4941234589 16.1865444183 0.0000000000 0.0000000000 0.3464908898 2.3668367863
-12.6195020676 29.6767425537 4.4291815758 16.1429214478 0.0000000000 0.0000000000 0.3454521894 2.3551752567
-12.6645479202 29.7805290222 4.3626413345 16.0996532440 0.0000000000 0.0000000000 0.3444142640 2.3437182903
-12.7093515396 29.8838329315 4.2945671082 16.0561294556 0.0000000000 0.0000000000 0.3433528841 2.3324260712
-12.7538776398 29.9865245819 4.2257227898 16.0140285492 0.0000000000 0.0000000000 0.3422577977 2.3213186264
-12.7982206345 30.0888347626 4.1557888985 15.9722261429 0.0000000000 0.0000000000 0.3411462903 2.3103625774
-12.8423862457 30.1908092499 4.0854215622 15.9306564331 0.0000000000 0.0000000000 0.3400363028 2.2995600700
-12.8863277435 30.2923603058 4.0147910118 15.8886013031 0.0000000000 0.0000000000 0.3389298022 2.2888910770
-12.9300460815 30.3935375214 3.9440252781 15.8463497162 0.0000000000 0.0000000000 0.3378197849 2.2783501148
-12.9734964371 30.4941654205 3.8735144138 15.8044004440 0.0000000000 0.0000000000 0.3367190957 2.2678530216
-13.0167045593 30.5943489075 3.8041670322 15.7624473572 0.0000000000 0.0000000000 0.3355950713 2.2573778629
-13.0595397949 30.6939945221 3.7360846996 15.7203884125 0.0000000000 0.0000000000 0.3344317377 2.2468800545
-13.1021528244 30.7932071686 3.6696016788 15.6782426834 0.0000000000 0.0000000000 0.3332199156 2.2363498211
-13.1444377899 30.8918132782 3.6053678989 15.6361780167 0.0000000000 0.0000000000 0.3319744170 2.2257928848
-13.1865453720 30.9900722504 3.5426199436 15.5944681168 0.0000000000 0.0000000000 0.3307063580 2.2152583599
-13.2284660339 31.0879821777 3.4808714390 15.5528621674 0.0000000000 0.0000000000 0.3294465840 2.2047555447
-13.2702035904 31.1855716705 3.4205608368 15.5115957260 0.0000000000 0.0000000000 0.3282209635 2.1942675114
-13.3117256165 31.2827606201 3.3614799976 15.4708032608 0.0000000000 0.0000000000 0.3270313442 2.1837975979
-13.3529815674 31.3794898987 3.3035399914 15.4308500290 0.0000000000 0.0000000000 0.3258890808 2.1733751297
-13.3939876556 31.4757633209 3.2464125156 15.3916082382 0.0000000000 0.0000000000 0.3247868121 2.1630666256
-13.4348058701 31.5716495514 3.1895127296 15.3530502319 0.0000000000 0.0000000000 0.3237241209 2.1528940201
-13.4753799438 31.6670246124 3.1331098080 15.3154726028 0.0000000000 0.0000000000 0.3226960897 2.1428346634
-13.5156974792 31.7619171143 3.0762579441 15.2785873413 0.0000000000 0.0000000000 0.3216900527 2.1329216957
-13.5557508469 31.8562145233 3.0193140507 15.2423954010 0.0000000000 0.0000000000 0.3207018375 2.1231975555
-13.5956239700 31.9501628876 2.9618787766 15.2064599991 0.0000000000 0.0000000000 0.3197525144 2.1136929989
-13.6353464127 32.0438041687 2.9039955139 15.1707220078 0.0000000000 0.0000000000 0.3188377023 2.1044037342
-13.6748180389 32.1370048523 2.8467710018 15.1349115372 0.0000000000 0.0000000000 0.3179525733 2.0953261852
-13.7141580582 32.2299194336 2.7897140980 15.0984182358 0.0000000000 0.0000000000 0.3170969784 2.0864713192
-13.7533483505 32.3225898743 2.7334203720 15.0613765717 0.0000000000 0.0000000000 0.3162605166 2.0778450966
-13.7923908234 32.4149780273 2.6791007519 15.0233392715 0.0000000000 0.0000000000 0.3154385090 2.0694093704
-13.8313283920 32.5072212219 2.6259388924 14.9846973419 0.0000000000 0.0000000000 0.3146060109 2.0611660480
-13.8701648712 32.5993309021 2.5744769573 14.9461412430 0.0000000000 0.0000000000 0.3137541711 2.0530509949
-13.9088602066 32.6911735535 2.5248594284 14.9071426392 0.0000000000 0.0000000000 0.3128813207 2.0450382233
-13.9474267960 32.7827072144 2.4767825603 14.8677740097 0.0000000000 0.0000000000 0.3119941950 2.0371034145
-13.9858398438 32.8740196228 2.4297304153 14.8272237778 0.0000000000 0.0000000000 0.3111184239 2.0292558670
-14.0241641998 32.9651908875 2.3828358650 14.7860097885 0.0000000000 0.0000000000 0.3102528155 2.0214896202
-14.0623664856 33.0561599731 2.3363020420 14.7438936234 0.0000000000 0.0000000000 0.3094006777 2.0138044357
-14.1003704071 33.1468582153 2.2905409336 14.7012872696 0.0000000000 0.0000000000 0.3085764647 2.0062024593
-14.1381835938 33.2372245789 2.2452144623 14.6590471268 0.0000000000 0.0000000000 0.3078113496 1.9986698627
-14.1758489609 33.3272552490 2.2006220818 14.6175403595 0.0000000000 0.0000000000 0.3071090281 1.9912006855
-14.2134656906 33.4171104431 2.1563127041 14.5766620636 0.0000000000 0.0000000000 0.3064765334 1.9837682247
-14.2510013580 33.5067253113 2.1117351055 14.5364017487 0.0000000000 0.0000000000 0.3058970273 1.9763865471
-14.2884559631 33.5960960388 2.0661940575 14.4972181320 0.0000000000 0.0000000000 0.3053689599 1.9690595865
-14.3258104324 33.6851539612 2.0198557377 14.4604101181 0.0000000000 0.0000000000 0.3048873246 1.9618147612
-14.3630819321 33.7738876343 1.9721587896 14.4252099991 0.0000000000 0.0000000000 0.3044300079 1.9546666145
-14.4002294540 33.8622322083 1.9241701365 14.3913383484 0.0000000000 0.0000000000 0.3039931059 1.9476188421
-14.4372615814 33.9501533508 1.8763768673 14.3586034775 0.0000000000 0.0000000000 0.3035691082 1.9406670332
-14.4741249084 34.0375671387 1.8281149864 14.3263187408 0.0000000000 0.0000000000 0.3031598032 1.9337913990
-14.5108232498 34.1245193481 1.7800239325 14.2948131561 0.0000000000 0.0000000000 0.3027614653 1.9269984961
-14.5473518372 34.2110176086 1.7323082685 14.2645120621 0.0000000000 0.0000000000 0.3023591936 1.9202325344
-14.5836687088 34.2970085144 1.6851161718 14.2348423004 0.0000000000 0.0000000000 0.3019704521 1.9135032892
-14.6198358536 34.3825645447 1.6391707659 14.2059383392 0.0000000000 0.0000000000 0.3015993237 1.9068171978
-14.6558179855 34.4675941467 1.5946520567 14.1775617599 0.0000000000 0.0000000000 0.3012349010 1.9001660347
-14.6916112900 34.5520858765 1.5515421629 14.1501617432 0.0000000000 0.0000000000 0.3009106219 1.8935742378
-14.7271928787 34.6359825134 1.5099310875 14.1237554550 0.0000000000 0.0000000000 0.3005758822 1.8871141672
-14.7625970840 34.7193069458 1.4700092077 14.0985469818 0.0000000000 0.0000000000 0.3002312183 1.8807874918
-14.7977304459 34.8018913269 1.4315882921 14.0739459991 0.0000000000 0.0000000000 0.2998597324 1.8746079206
-14.8326787949 34.8839340210 1.3943427801 14.0498371124 0.0000000000 0.0000000000 0.2994800806 1.8685910702
-14.8674383163 34.9654464722 1.3581486940 14.0263042450 0.0000000000 0.0000000000 0.2991039455 1.8627442122
-14.9020643234 35.0464897156 1.3237919807 14.0031356812 0.0000000000 0.0000000000 0.2987566888 1.8570300341
-14.9365386963 35.1269912720 1.2905677557 13.9808282852 0.0000000000 0.0000000000 0.2984485030 1.8514074087
-14.9708366394 35.2070312500 1.2587355375 13.9588899612 0.0000000000 0.0000000000 0.2981784046 1.8458805084
-15.0049600601 35.2865371704 1.2279568911 13.9370613098 0.0000000000 0.0000000000 0.2979179323 1.8404179811
-15.0389728546 35.3656425476 1.1978070736 13.9153842926 0.0000000000 0.0000000000 0.2976453602 1.8350499868
-15.0729131699 35.4444160461 1.1682780981 13.8937673569 0.0000000000 0.0000000000 0.2973358929 1.8298187256
-15.1067714691 35.5228462219 1.1389143467 13.8718528748 0.0000000000 0.0000000000 0.2969749868 1.8247627020
-15.1404790878 35.6008224487 1.1099551916 13.8510789871 0.0000000000 0.0000000000 0.2965822220 1.8198438883
-15.1740388870 35.6784400940 1.0805964470 13.8299503326 0.0000000000 0.0000000000 0.2961708605 1.8150621653
-15.2074432373 35.7556915283 1.0505226851 13.8087892532 0.0000000000 0.0000000000 0.2957393825 1.8103766441
-15.2408027649 35.8326873779 1.0198001862 13.7875118256 0.0000000000 0.0000000000 0.2952919006 1.8057531118
-15.2740411758 35.9093742371 0.9884976745 13.7664813995 0.0000000000 0.0000000000 0.2948357463 1.8012130260
-15.3071975708 35.9857749939 0.9565874338 13.7453174591 0.0000000000 0.0000000000 0.2943872213 1.7967090607
-15.3402729034 36.0618972778 0.9251272082 13.7244300842 0.0000000000 0.0000000000 0.2939456403 1.7922304869
-15.3732309341 36.1377410889 0.8945923448 13.7039165497 0.0000000000 0.0000000000 0.2935256064 1.7877949476
-15.4061536789 36.2133789062 0.8644011021 13.6839265823 0.0000000000 0.0000000000 0.2931199372 1.7833982706
-15.4390525818 36.2888221741 0.8349312544 13.6645498276 0.0000000000 0.0000000000 0.2927168310 1.7790503502
-15.4719123840 36.3640861511 0.8064876795 13.6458272934 0.0000000000 0.0000000000 0.2923182249 1.7747217417
-15.5046186447 36.4390411377 0.7790893912 13.6277379990 0.0000000000 0.0000000000 0.2919061184 1.7703886032
-15.5372610092 36.5137748718 0.7524929643 13.6100511551 0.0000000000 0.0000000000 0.2914869785 1.7660981417
-15.5698509216 36.5883064270 0.7261118293 13.5925092697 0.0000000000 0.0000000000 0.2910623848 1.7618567944
-15.6024198532 36.6626701355 0.7005705237 13.5750389099 0.0000000000 0.0000000000 0.2906553149 1.7576898336
-15.6349430084 36.7368240356 0.6752884388 13.5576744080 0.0000000000 0.0000000000 0.2902638912 1.7535804510
-15.6674518585 36.8108177185 0.6498241425 13.5398025513 0.0000000000 0.0000000000 0.2898736000 1.7495323420
-15.6999549866 36.8846817017 0.6240231991 13.5214815140 0.0000000000 0.0000000000 0.2894831300 1.7455588579
-15.7324161530 36.9583930969 0.5979245305 13.5028705597 0.0000000000 0.0000000000 0.2890848517 1.7416875362
-15.7647895813 37.0319557190 0.5709988475 13.4840602875 0.0000000000 0.0000000000 0.2886779606 1.7378774881
-15.7971467972 37.1053695679 0.5434173942 13.4653263092 0.0000000000 0.0000000000 0.2882598937 1.7341350317
-15.8294448853 37.1786079407 0.5152810216 13.4467515945 0.0000000000 0.0000000000 0.2878282368 1.7303874493
-15.8616342545 37.2516174316 0.4863546491 13.4283542633 0.0000000000 0.0000000000 0.2873930931 1.7266210318
-15.8938035965 37.3244590759 0.4562635720 13.4101734161 0.0000000000 0.0000000000 0.2869691551 1.7228395939
-15.9258775711 37.3970603943 0.4253249168 13.3921947479 0.0000000000 0.0000000000 0.2865624726 1.7190364599
-15.9578886032 37.4694938660 0.3933668733 13.3743972778 0.0000000000 0.0000000000 0.2861695290 1.7152074575
-15.9898309708 37.5416717529 0.3603911698 13.3569822311 0.0000000000 0.0000000000 0.2857985198 1.7113271952
-16.0217227936 37.6136703491 0.3264024556 13.3402624130 0.0000000000 0.0000000000 0.2854159474 1.7074242830
-16.0535602570 37.6854591370 0.2918169498 13.3241262436 0.0000000000 0.0000000000 0.2850236893 1.7035496235
-16.0852890015 37.7569503784 0.2575018704 13.3084030151 0.0000000000 0.0000000000 0.2846171558 1.6997476816
-16.1168766022 37.8281250000 0.2229923308 13.2929143906 0.0000000000 0.0000000000 0.2842031717 1.6960248947
-16.1483936310 37.8990745544 0.1885399520 13.2775945663 0.0000000000 0.0000000000 0.2837769985 1.6923882961
-16.1798496246 37.9698219299 0.1540417373 13.2626352310 0.0000000000 0.0000000000 0.2833200991 1.6888233423
-16.2111835480 38.0402908325 0.1197881475 13.2479782104 0.0000000000 0.0000000000 0.2828271985 1.6853053570
-16.2424488068 38.1105651855 0.0858229101 13.2335557938 0.0000000000 0.0000000000 0.2823013961 1.6818145514
-16.2735996246 38.1805877686 0.0523944981 13.2191228867 0.0000000000 0.0000000000 0.2817322016 1.6783187389
-16.3045673370 38.2503509521 0.0192951057 13.2048568726 0.0000000000 0.0000000000 0.2811233997 1.6748192310
-16.3354110718 38.3198852539 -0.0133667551 13.1907224655 0.0000000000 0.0000000000 0.2804927826 1.6713019609
-16.3661766052 38.3892440796 -0.0460224524 13.1766471863 0.0000000000 0.0000000000 0.2798409462 1.6677486897
-16.3968334198 38.4583625793 -0.0779209286 13.1633634567 0.0000000000 0.0000000000 0.2791843414 1.6641600132
-16.4274177551 38.5273094177 -0.1093523949 13.1499052048 0.0000000000 0.0000000000 0.2785422802 1.6605492830
-16.4579010010 38.5960655212 -0.1399223357 13.1364355087 0.0000000000 0.0000000000 0.2779236138 1.6569159031
-16.4882946014 38.6645736694 -0.1702866405 13.1228904724 0.0000000000 0.0000000000 0.2773363888 1.6532793045
-16.5185508728 38.7327690125 -0.1997470111 13.1095705032 0.0000000000 0.0000000000 0.2767902017 1.6496267319
-16.5487556458 38.8008117676 -0.2288251668 13.0961570740 0.0000000000 0.0000000000 0.2762966454 1.6459455490
-16.5788650513 38.8686332703 -0.2578679025 13.0825738907 0.0000000000 0.0000000000 0.2758490741 1.6422694921
-16.6089191437 38.9362945557 -0.2869523168 13.0689630508 0.0000000000 0.0000000000 0.2754199207 1.6385539770
-16.6389026642 39.0037803650 -0.3164461553 13.0554170609 0.0000000000 0.0000000000 0.2750080526 1.6347788572
-16.6686897278 39.0708961487 -0.3455869257 13.0421619415 0.0000000000 0.0000000000 0.2746058106 1.6309915781
-16.6983642578 39.1378402710 -0.3748485148 13.0293550491 0.0000000000 0.0000000000 0.2742100060 1.6271802187
-16.7279644012 39.2046508789 -0.4042231143 13.0168571472 0.0000000000 0.0000000000 0.2738298476 1.6233503819
-16.7574405670 39.2712326050 -0.4336420000 13.0052680969 0.0000000000 0.0000000000 0.2734583616 1.6194838285
-16.7866668701 39.3374366760 -0.4626344740 12.9940729141 0.0000000000 0.0000000000 0.2731058002 1.6156290770
-16.8157806396 39.4034309387 -0.4918582141 12.9833745956 0.0000000000 0.0000000000 0.2727601230 1.6117836237
-16.8448238373 39.4692878723 -0.5214329362 12.9730358124 0.0000000000 0.0000000000 0.2724306881 1.6079733372
-16.8737316132 39.5349845886 -0.5513556004 12.9629621506 0.0000000000 0.0000000000 0.2720918655 1.6042256355
-16.9024848938 39.6004676819 -0.5810263157 12.9530143738 0.0000000000 0.0000000000 0.2717180550 1.6005239487
-16.9311199188 39.6657295227 -0.6103833318 12.9429149628 0.0000000000 0.0000000000 0.2713018656 1.5968843699
-16.9596939087 39.7308654785 -0.6391753554 12.9323883057 0.0000000000 0.0000000000 0.2708506882 1.5933326483
-16.9881744385 39.7958259583 -0.6672845483 12.9216032028 0.0000000000 0.0000000000 0.2703684866 1.5898867846
-17.0165596008 39.8605995178 -0.6954479218 12.9109449387 0.0000000000 0.0000000000 0.2698755264 1.5865110159
-17.0448894501 39.9252395630 -0.7233194709 12.9002866745 0.0000000000 0.0000000000 0.2694108486 1.5831726789
-17.0731220245 39.9897308350 -0.7504512072 12.8896102905 0.0000000000 0.0000000000 0.2689699233 1.5798521042
-17.1012916565 40.0540542603 -0.7769458890 12.8787889481 0.0000000000 0.0000000000 0.2685410976 1.5765862465
-17.1293544769 40.1181755066 -0.8022964597 12.8682622910 0.0000000000 0.0000000000 0.2681263089 1.5733597279
-17.1573619843 40.1821670532 -0.8272007704 12.8580980301 0.0000000000 0.0000000000 0.2677163482 1.5701988935
-17.1853122711 40.2460060120 -0.8520101309 12.8481693268 0.0000000000 0.0000000000 0.2673278451 1.5670970678
-17.2131671906 40.3097038269 -0.8770210147 12.8387746811 0.0000000000 0.0000000000 0.2669576108 1.5640634298
-17.2409076691 40.3732261658 -0.9024837613 12.8297777176 0.0000000000 0.0000000000 0.2666156888 1.5611040592
-17.2685718536 40.4365882874 -0.9279202223 12.8212995529 0.0000000000 0.0000000000 0.2662995160 1.5581811666
-17.2961597443 40.4997978210 -0.9529724717 12.8125705719 0.0000000000 0.0000000000 0.2660052180 1.5552788973
-17.3236389160 40.5627708435 -0.9768880606 12.8036422729 0.0000000000 0.0000000000 0.2657092512 1.5524089336
-17.3510494232 40.6256065369 -1.0006011724 12.7945499420 0.0000000000 0.0000000000 0.2654109895 1.5495579243
-17.3783912659 40.6883163452 -1.0242483616 12.7852382660 0.0000000000 0.0000000000 0.2650885284 1.5467467308
-17.4056453705 40.7508964539 -1.0482139587 12.7756309509 0.0000000000 0.0000000000 0.2647563815 1.5439854860
-17.4328403473 40.8133735657 -1.0720839500 12.7658996582 0.0000000000 0.0000000000 0.2644113898 1.5412731171
-17.4599742889 40.8757095337 -1.0957311392 12.7559595108 0.0000000000 0.0000000000 0.2640713751 1.5386219025
-17.4869689941 40.9378013611 -1.1193187237 12.7459964752 0.0000000000 0.0000000000 0.2637583315 1.5360087156
-17.5138587952 40.9997329712 -1.1428762674 12.7357006073 0.0000000000 0.0000000000 0.2634657025 1.5334527493
-17.5406341553 41.0614624023 -1.1664676666 12.7250528336 0.0000000000 0.0000000000 0.2631507218 1.5309275389
-17.5673580170 41.1230621338 -1.1902122498 12.7143363953 0.0000000000 0.0000000000 0.2628298998 1.5284318924
-17.5939540863 41.1844215393 -1.2140605450 12.7034816742 0.0000000000 0.0000000000 0.2625204325 1.5259783268
-17.6205062866 41.2456512451 -1.2377631664 12.6927452087 0.0000000000 0.0000000000 0.2622195482 1.5235332251
-17.6470069885 41.3067665100 -1.2613321543 12.6822557449 0.0000000000 0.0000000000 0.2619078159 1.5210856199
-17.6734657288 41.3677673340 -1.2853800058 12.6722669601 0.0000000000 0.0000000000 0.2616039515 1.5186638832
-17.6998710632 41.4286422729 -1.3097575903 12.6625356674 0.0000000000 0.0000000000 0.2612953782 1.5162602663
-17.7261848450 41.4893188477 -1.3344728947 12.6531658173 0.0000000000 0.0000000000 0.2609765530 1.5138903856
-17.7524337769 41.5498428345 -1.3590205908 12.6442232132 0.0000000000 0.0000000000 0.2606601715 1.5115389824
-17.7786235809 41.6102180481 -1.3835846186 12.6356630325 0.0000000000 0.0000000000 0.2603559494 1.5091841221
-17.8047504425 41.6704559326 -1.4075506926 12.6274080276 0.0000000000 0.0000000000 0.2600776553 1.5068296194
-17.8306770325 41.7303962708 -1.4312752485 12.6196794510 0.0000000000 0.0000000000 0.2598070800 1.5044779778
-17.8564662933 41.7901687622 -1.4549868107 12.6122074127 0.0000000000 0.0000000000 0.2595201135 1.5021581650
-17.8821945190 41.8497886658 -1.4790321589 12.6049566269 0.0000000000 0.0000000000 0.2592002451 1.4998575449
-17.9078254700 41.9091873169 -1.5033186674 12.5979366302 0.0000000000 0.0000000000 0.2588541210 1.4975181818
-17.9333992004 41.9684600830 -1.5272395611 12.5911483765 0.0000000000 0.0000000000 0.2584854066 1.4951329231
-17.9589233398 42.0276184082 -1.5510358810 12.5845870972 0.0000000000 0.0000000000 0.2581000924 1.4927134514
-17.9843578339 42.0866088867 -1.5745134354 12.5781803131 0.0000000000 0.0000000000 0.2577235997 1.4902322292
-18.0097389221 42.1454925537 -1.5977175236 12.5718774796 0.0000000000 0.0000000000 0.2573569119 1.4877210855
-18.0350608826 42.2042655945 -1.6207946539 12.5657787323 0.0000000000 0.0000000000 0.2569943368 1.4852340221
-18.0603179932 42.2629127502 -1.6438359022 12.5598917007 0.0000000000 0.0000000000 0.2566299438 1.4828000069
-18.0854358673 42.3212852478 -1.6666778326 12.5540819168 0.0000000000 0.0000000000 0.2562647462 1.4804263115
-18.1104602814 42.3795280457 -1.6895142794 12.5483150482 0.0000000000 0.0000000000 0.2558879554 1.4781585932
-18.1354427338 42.4376678467 -1.7121783495 12.5424976349 0.0000000000 0.0000000000 0.2555183768 1.4759855270
-18.1603355408 42.4956626892 -1.7345508337 12.5364913940 0.0000000000 0.0000000000 0.2551422417 1.4739131927
-18.1850872040 42.5534820557 -1.7566274405 12.5305347443 0.0000000000 0.0000000000 0.2547590733 1.4719550610
-18.2097930908 42.6111869812 -1.7780359983 12.5246095657 0.0000000000 0.0000000000 0.2543996274 1.4700831175
-18.2344741821 42.6687965393 -1.7990752459 12.5185136795 0.0000000000 0.0000000000 0.2540785074 1.4682613611
-18.2590808868 42.7262878418 -1.8194658756 12.5122966766 0.0000000000 0.0000000000 0.2537895143 1.4664645195
-18.2836093903 42.7836151123 -1.8393156528 12.5062561035 0.0000000000 0.0000000000 0.2535252869 1.4646543264
-18.3081016541 42.8408241272 -1.8584392071 12.5004701614 0.0000000000 0.0000000000 0.2532927990 1.4628031254
-18.3325023651 42.8978157043 -1.8772122860 12.4949560165 0.0000000000 0.0000000000 0.2531009018 1.4609501362
-18.3568458557 42.9546699524 -1.8958680630 12.4895925522 0.0000000000 0.0000000000 0.2529126406 1.4590876102
-18.3810901642 43.0112876892 -1.9146351814 12.4851179123 0.0000000000 0.0000000000 0.2527236640 1.4571861029
-18.4052829742 43.0677604675 -1.9337105751 12.4810295105 0.0000000000 0.0000000000 0.2525188029 1.4552963972
-18.4293880463 43.1240692139 -1.9531868696 12.4771070480 0.0000000000 0.0000000000 0.2523134947 1.4534335136
-18.4534053802 43.1801643372 -1.9725311995 12.4735355377 0.0000000000 0.0000000000 0.2521099150 1.4515794516
-18.4773750305 43.2361259460 -1.9916725159 12.4698514938 0.0000000000 0.0000000000 0.2518922985 1.4497985840
-18.5013008118 43.2919425964 -2.0106871128 12.4661865234 0.0000000000 0.0000000000 0.2516590357 1.4480770826
-18.5251388550 43.3475837708 -2.0293014050 12.4623928070 0.0000000000 0.0000000000 0.2514235973 1.4464223385
-18.5489387512 43.4030876160 -2.0479266644 12.4584112167 0.0000000000 0.0000000000 0.2511787415 1.4448467493
-18.5727024078 43.4584465027 -2.0670073032 12.4543571472 0.0000000000 0.0000000000 0.2509279251 1.4433573484
-18.5964279175 43.5136833191 -2.0861458778 12.4501457214 0.0000000000 0.0000000000 0.2506791353 1.4419118166
-18.6201019287 43.5687980652 -2.1053884029 12.4461364746 0.0000000000 0.0000000000 0.2504054010 1.4405497313
-18.6436843872 43.6237449646 -2.1252493858 12.4421024323 0.0000000000 0.0000000000 0.2500864267 1.4392585754
-18.6672286987 43.6785926819 -2.1454148293 12.4382104874 0.0000000000 0.0000000000 0.2497278303 1.4379637241
-18.6907386780 43.7333412170 -2.1655137539 12.4343652725 0.0000000000 0.0000000000 0.2493475825 1.4366488457
-18.7142200470 43.7879829407 -2.1859946251 12.4306192398 0.0000000000 0.0000000000 0.2489898652 1.4352986813
-18.7376556396 43.8425178528 -2.2073483467 12.4271039963 0.0000000000 0.0000000000 0.2486519963 1.4338703156
-18.7609615326 43.8969001770 -2.2285406590 12.4236507416 0.0000000000 0.0000000000 0.2483524829 1.4323780537
-18.7841777802 43.9511833191 -2.2493584156 12.4202365875 0.0000000000 0.0000000000 0.2480667382 1.4308537245
-18.8073577881 44.0053558350 -2.2700378895 12.4170627594 0.0000000000 0.0000000000 0.2478052378 1.4293080568
-18.8304996490 44.0594329834 -2.2903296947 12.4138946533 0.0000000000 0.0000000000 0.2475443482 1.4277796745
-18.8535156250 44.1133079529 -2.3101267815 12.4106178284 0.0000000000 0.0000000000 0.2472952902 1.4263035059
-18.8764801025 44.1670036316 -2.3289849758 12.4070672989 0.0000000000 0.0000000000 0.2470465899 1.4248794317
-18.8994026184 44.2206192017 -2.3472635746 12.4033966064 0.0000000000 0.0000000000 0.2468118817 1.4234422445
-18.9222469330 44.2741317749 -2.3643643856 12.4000444412 0.0000000000 0.0000000000 0.2466079444 1.4219909906
-18.9450187683 44.3275527954 -2.3810889721 12.3967056274 0.0000000000 0.0000000000 0.2463954091 1.4205441475
-18.9677772522 44.3809013367 -2.3971116543 12.3934230804 0.0000000000 0.0000000000 0.2461666763 1.4191021919
-18.9905185699 44.4341506958 -2.4123570919 12.3901948929 0.0000000000 0.0000000000 0.2459052652 1.4176752567
-19.0131816864 44.4872703552 -2.4267432690 12.3870429993 0.0000000000 0.0000000000 0.2456207424 1.4162125587
-19.0358219147 44.5403022766 -2.4404201508 12.3839654922 0.0000000000 0.0000000000 0.2453256845 1.4147045612
-19.0584220886 44.5932159424 -2.4537959099 12.3810453415 0.0000000000 0.0000000000 0.2450591773 1.4131444693
-19.0809326172 44.6458358765 -2.4669635296 12.3781719208 0.0000000000 0.0000000000 0.2448084503 1.4115827084
-19.1033840179 44.6982269287 -2.4803905487 12.3755741119 0.0000000000 0.0000000000 0.2445583194 1.4100869894
-19.1257896423 44.7504997253 -2.4938371181 12.3733663559 0.0000000000 0.0000000000 0.2443279624 1.4086158276
-19.1481933594 44.8026962280 -2.5073792934 12.3712310791 0.0000000000 0.0000000000 0.2441292405 1.4071799517
-19.1705989838 44.8548049927 -2.5210285187 12.3691997528 0.0000000000 0.0000000000 0.2439485043 1.4058294296
-19.1929950714 44.9068069458 -2.5348739624 12.3672027588 0.0000000000 0.0000000000 0.2437585145 1.4045588970
-19.2153682709 44.9587020874 -2.5488059521 12.3654327393 0.0000000000 0.0000000000 0.2435891777 1.4033044577
-19.2376861572 45.0104217529 -2.5637650490 12.3640975952 0.0000000000 0.0000000000 0.2434206903 1.4020838737
-19.2599525452 45.0619964600 -2.5798523426 12.3632316589 0.0000000000 0.0000000000 0.2432222664 1.4009329081
-19.2822093964 45.1134681702 -2.5964601040 12.3624897003 0.0000000000 0.0000000000 0.2430094481 1.3998475075
-19.3044414520 45.1648216248 -2.6136226654 12.3616590500 0.0000000000 0.0000000000 0.2427982986 1.3987551928
-19.3265609741 45.2159538269 -2.6310245991 12.3604068756 0.0000000000 0.0000000000 0.2426014394 1.3977282047
-19.3486061096 45.2669754028 -2.6482417583 12.3586893082 0.0000000000 0.0000000000 0.2424138635 1.3968007565
-19.3706264496 45.3178825378 -2.6659340858 12.3565368652 0.0000000000 0.0000000000 0.2422339320 1.3960011005
-19.3924865723 45.3685493469 -2.6837787628 12.3538684845 0.0000000000 0.0000000000 0.2420412004 1.3953038454
-19.4143352509 45.4190864563 -2.7022280693 12.3508882523 0.0000000000 0.0000000000 0.2418361902 1.3946673870
-19.4361553192 45.4694938660 -2.7206957340 12.3475456238 0.0000000000 0.0000000000 0.2415977269 1.3940125704
-19.4579277039 45.5197830200 -2.7390592098 12.3438796997 0.0000000000 0.0000000000 0.2413173467 1.3933159113
-19.4796562195 45.5699539185 -2.7572507858 12.3400926590 0.0000000000 0.0000000000 0.2410137504 1.3925750256
-19.5013351440 45.6199951172 -2.7755458355 12.3362550735 0.0000000000 0.0000000000 0.2406804413 1.3918178082
-19.5229587555 45.6698989868 -2.7936871052 12.3323945999 0.0000000000 0.0000000000 0.2403575778 1.3909993172
-19.5444850922 45.7196006775 -2.8112215996 12.3285140991 0.0000000000 0.0000000000 0.2400383949 1.3902150393
-19.5659790039 45.7691802979 -2.8282680511 12.3246889114 0.0000000000 0.0000000000 0.2397238463 1.3894518614
-19.5873985291 45.8186149597 -2.8450360298 12.3210124969 0.0000000000 0.0000000000 0.2393987626 1.3887407780
-19.6087894440 45.8679313660 -2.8619420528 12.3175668716 0.0000000000 0.0000000000 0.2390765250 1.3880153894
-19.6300964355 45.9170570374 -2.8785800934 12.3148994446 0.0000000000 0.0000000000 0.2387415171 1.3872462511
-19.6512832642 45.9659729004 -2.8951275349 12.3127336502 0.0000000000 0.0000000000 0.2383968383 1.3864543438
-19.6724433899 46.0147857666 -2.9122002125 12.3112630844 0.0000000000 0.0000000000 0.2380430251 1.3856836557
-19.6935310364 46.0633544922 -2.9293305874 12.3105154037 0.0000000000 0.0000000000 0.2376851290 1.3849369287
-19.7145557404 46.1117858887 -2.9468562603 12.3103828430 0.0000000000 0.0000000000 0.2373322546 1.3842010498
-19.7355155945 46.1600303650 -2.9645071030 12.3108024597 0.0000000000 0.0000000000 0.2369968444 1.3834831715
-19.7564620972 46.2082138062 -2.9820470810 12.3117036819 0.0000000000 0.0000000000 0.2366621494 1.3828067780
-19.7773914337 46.2563362122 -2.9996290207 12.3130197525 0.0000000000 0.0000000000 0.2363222241 1.3822124004
-19.7983074188 46.3043937683 -3.0178430080 12.3147649765 0.0000000000 0.0000000000 0.2359809279 1.3816294670
-19.8192005157 46.3523750305 -3.0362830162 12.3166284561 0.0000000000 0.0000000000 0.2356575131 1.3809962273
-19.8399791718 46.4002494812 -3.0547862053 12.3185443878 0.0000000000 0.0000000000 0.2353899777 1.3802118301
-19.8607368469 46.4480476379 -3.0733501911 12.3203334808 0.0000000000 0.0000000000 0.2351852655 1.3793289661
-19.8814258575 46.4956855774 -3.0919456482 12.3219614029 0.0000000000 0.0000000000 0.2350338250 1.3783119917
-19.9020767212 46.5432395935 -3.1106133461 12.3234748840 0.0000000000 0.0000000000 0.2349400520 1.3771445751
-19.9226341248 46.5906715393 -3.1292226315 12.3247013092 0.0000000000 0.0000000000 0.2348866463 1.3758848906
-19.9431095123 46.6379547119 -3.1476805210 12.3256587982 0.0000000000 0.0000000000 0.2348603755 1.3746483326
-19.9635467529 46.6851501465 -3.1657891273 12.3261871338 0.0000000000 0.0000000000 0.2348230928 1.3734880686
-19.9839477539 46.7322731018 -3.1836938858 12.3263874054 0.0000000000 0.0000000000 0.2347922474 1.3724454641
-20.0042915344 46.7792892456 -3.2012279034 12.3262777328 0.0000000000 0.0000000000 0.2347694188 1.3714436293
-20.0246067047 46.8262214661 -3.2184278965 12.3258399963 0.0000000000 0.0000000000 0.2347087562 1.3705517054
-20.0448493958 46.8730125427 -3.2355151176 12.3252592087 0.0000000000 0.0000000000 0.2346004695 1.3697614670
-20.0650119781 46.9197158813 -3.2524743080 12.3246574402 0.0000000000 0.0000000000 0.2344652861 1.3690799475
-20.0850620270 46.9662628174 -3.2693860531 12.3241815567 0.0000000000 0.0000000000 0.2343172878 1.3683331013
-20.1050395966 47.0127105713 -3.2859191895 12.3237075806 0.0000000000 0.0000000000 0.2341338098 1.3675348759
-20.1249485016 47.0590858459 -3.3023152351 12.3232517242 0.0000000000 0.0000000000 0.2338960171 1.3667939901
-20.1448383331 47.1054039001 -3.3187184334 12.3227977753 0.0000000000 0.0000000000 0.2336015701 1.3660339117
-20.1646480560 47.1516304016 -3.3349311352 12.3224372864 0.0000000000 0.0000000000 0.2333049774 1.3652143478
-20.1844444275 47.1977806091 -3.3507726192 12.3222341537 0.0000000000 0.0000000000 0.2330328077 1.3642886877
-20.2042026520 47.2438430786 -3.3663275242 12.3219509125 0.0000000000 0.0000000000 0.2327843606 1.3632992506
-20.2239246368 47.2898216248 -3.3819065094 12.3215780258 0.0000000000 0.0000000000 0.2326002568 1.3622776270
-20.2436065674 47.3357276917 -3.3971669674 12.3208713531 0.0000000000 0.0000000000 0.2324729413 1.3612359762
-20.2632007599 47.3815193176 -3.4114890099 12.3197183609 0.0000000000 0.0000000000 0.2323991805 1.3601326942
-20.2826290131 47.4271469116 -3.4254612923 12.3182029724 0.0000000000 0.0000000000 0.2323561162 1.3590233326
-20.3019924164 47.4726638794 -3.4393115044 12.3166637421 0.0000000000 0.0000000000 0.2322899550 1.3579714298
-20.3212413788 47.5179901123 -3.4534220695 12.3153371811 0.0000000000 0.0000000000 0.2321774960 1.3570117950
-20.3404617310 47.5632324219 -3.4675097466 12.3142108917 0.0000000000 0.0000000000 0.2320196331 1.3561054468
-20.3596096039 47.6083869934 -3.4816434383 12.3139410019 0.0000000000 0.0000000000 0.2318627387 1.3552333117
-20.3786926270 47.6533279419 -3.4959971905 12.3142728806 0.0000000000 0.0000000000 0.2316999137 1.3544828892
-20.3976764679 47.6980133057 -3.5104072094 12.3148918152 0.0000000000 0.0000000000 0.2315057516 1.3538985252
-20.4166564941 47.7426528931 -3.5250740051 12.3157634735 0.0000000000 0.0000000000 0.2312696576 1.3534200191
-20.4356365204 47.7872352600 -3.5398497581 12.3168897629 0.0000000000 0.0000000000 0.2310140133 1.3528658152
-20.4546012878 47.8317489624 -3.5545692444 12.3181409836 0.0000000000 0.0000000000 0.2307457328 1.3522030115
-20.4735012054 47.8761520386 -3.5688943863 12.3191032410 0.0000000000 0.0000000000 0.2304844260 1.3514865637
-20.4923763275 47.9205093384 -3.5830640793 12.3198490143 0.0000000000 0.0000000000 0.2302267104 1.3507725000
-20.5112476349 47.9648246765 -3.5967783928 12.3201198578 0.0000000000 0.0000000000 0.2299844623 1.3501595259
-20.5301074982 48.0091133118 -3.6101477146 12.3198347092 0.0000000000 0.0000000000 0.2297627330 1.3495939970
-20.5489463806 48.0533676147 -3.6231727600 12.3189754486 0.0000000000 0.0000000000 0.2295515984 1.3490352631
-20.5677680969 48.0975723267 -3.6355721951 12.3175315857 0.0000000000 0.0000000000 0.2293603569 1.3484655619
-20.5865592957 48.1417236328 -3.6474385262 12.3155927658 0.0000000000 0.0000000000 0.2291842550 1.3478729725
-20.6053333282 48.1858215332 -3.6586980820 12.3134813309 0.0000000000 0.0000000000 0.2290424556 1.3472406864
-20.6240901947 48.2298622131 -3.6698687077 12.3115844727 0.0000000000 0.0000000000 0.2289193571 1.3465499878
-20.6428356171 48.2738533020 -3.6811864376 12.3099336624 0.0000000000 0.0000000000 0.2287787944 1.3457981348
-20.6615676880 48.3177642822 -3.6927378178 12.3086090088 0.0000000000 0.0000000000 0.2286420912 1.3450188637
-20.6802749634 48.3615989685 -3.7048501968 12.3076381683 0.0000000000 0.0000000000 0.2285359800 1.3442633152
-20.6989021301 48.4052848816 -3.7176139355 12.3073749542 0.0000000000 0.0000000000 0.2284698337 1.3434761763
