#         rmsthk      stdthk       rmsvel       stdvel       rmsdiv       stddiv       rmsusurf       stdusurf
0.0000000000 0.0000000000 178.6378631592 133.1120147705 0.0000000000 0.0000000000 0.0000000000 0.0000000000
-0.1188185737 0.4723911285 92.3929061890 78.7489395142 0.0000000000 0.0000000000 -0.0629246011 0.9904391170
-0.2355372161 0.8641675115 61.8025856018 49.8670616150 0.0000000000 0.0000000000 -0.1251175404 1.8302127123
-0.3597541153 1.2030133009 61.3675880432 43.1366081238 0.0000000000 0.0000000000 -0.1783555299 2.5292801857
-0.4930793047 1.5063481331 63.8685607910 42.5442581177 0.0000000000 0.0000000000 -0.2204235643 3.1084113121
-0.6335928440 1.7896293402 63.9622993469 42.1726531982 0.0000000000 0.0000000000 -0.2536844909 3.5926828384
-0.7788611054 2.0628211498 61.3157081604 40.3798828125 0.0000000000 0.0000000000 -0.2791416049 4.0019159317
-0.9266344309 2.3311049938 57.0171318054 38.0726776123 0.0000000000 0.0000000000 -0.2971898317 4.3505077362
-1.0747531652 2.5961396694 51.8703117371 35.8901062012 0.0000000000 0.0000000000 -0.3085218370 4.6474423409
-1.2215508223 2.8580598831 46.3328819275 33.8356819153 0.0000000000 0.0000000000 -0.3138475418 4.8994388580
-1.3654322624 3.1158301830 40.6601791382 31.9082355499 0.0000000000 0.0000000000 -0.3136071265 5.1111745834
-1.5050538778 3.3679947853 35.1223373413 30.2685585022 0.0000000000 0.0000000000 -0.3079862595 5.2863421440
-1.6392906904 3.6130926609 29.8969573975 29.1153240204 0.0000000000 0.0000000000 -0.2974449098 5.4276890755
-1.7673295736 3.8498244286 25.0577564240 28.3367500305 0.0000000000 0.0000000000 -0.2826037109 5.5379734039
-1.8886630535 4.0771389008 20.6600761414 27.8751773834 0.0000000000 0.0000000000 -0.2641700208 5.6196532249
-2.0030071735 4.2943682671 16.6850490570 27.6707496643 0.0000000000 0.0000000000 -0.2427176684 5.6751799583
-2.1102952957 4.5011186600 13.1005716324 27.7011184692 0.0000000000 0.0000000000 -0.2186962962 5.7068529129
-2.2106158733 4.6973052025 9.8892583847 27.9185390472 0.0000000000 0.0000000000 -0.1925133914 5.7168097496
-2.3041315079 4.8829822540 7.0338912010 28.2786502838 0.0000000000 0.0000000000 -0.1646156758 5.7071342468
-2.3911399841 5.0584530830 4.5306601524 28.7314739227 0.0000000000 0.0000000000 -0.1354499608 5.6798467636
-2.4718384743 5.2238597870 2.3613874912 29.2253551483 0.0000000000 0.0000000000 -0.1054402143 5.6367869377
-2.5464861393 5.3795623779 0.5131565332 29.7281646729 0.0000000000 0.0000000000 -0.0749587864 5.5797677040
-2.6153767109 5.5260677338 -1.0357062817 30.1957111359 0.0000000000 0.0000000000 -0.0444169082 5.5105142593
-2.6789174080 5.6640648842 -2.3211386204 30.6057720184 0.0000000000 0.0000000000 -0.0141037563 5.4306111336
-2.7374467850 5.7941384315 -3.3684380054 30.9476852417 0.0000000000 0.0000000000 0.0156580247 5.3416676521
-2.7913312912 5.9169368744 -4.2044901848 31.2175064087 0.0000000000 0.0000000000 0.0445863977 5.2451672554
-2.8409175873 6.0330972672 -4.8521704674 31.4143085480 0.0000000000 0.0000000000 0.0724182874 5.1425127983
-2.8865723610 6.1433424950 -5.3309350014 31.5384998322 0.0000000000 0.0000000000 0.0989226848 5.0350146294
-2.9286329746 6.2482953072 -5.6576151848 31.5963802338 0.0000000000 0.0000000000 0.1239153594 4.9238963127
-2.9674363136 6.3485851288 -5.8464579582 31.5921821594 0.0000000000 0.0000000000 0.1472401172 4.8102955818
-3.0032999516 6.4448571205 -5.9101648331 31.5324554443 0.0000000000 0.0000000000 0.1687458158 4.6952261925
-3.0364854336 6.5376133919 -5.8591985703 31.4258785248 0.0000000000 0.0000000000 0.1883311123 4.5796117783
-3.0672383308 6.6272716522 -5.7019467354 31.2773303986 0.0000000000 0.0000000000 0.2059163749 4.4642348289
-3.0958154202 6.7143292427 -5.4461278915 31.0944614410 0.0000000000 0.0000000000 0.2214629352 4.3498044014
-3.1224250793 6.7991647720 -5.0996584892 30.8826828003 0.0000000000 0.0000000000 0.2349447012 4.2369589806
-3.1473090649 6.8822245598 -4.6706700325 30.6484985352 0.0000000000 0.0000000000 0.2463595122 4.1262369156
-3.1706480980 6.9638280869 -4.1659102440 30.3983287811 0.0000000000 0.0000000000 0.2557810545 4.0180954933
-3.1926696301 7.0443577766 -3.5927207470 30.1382751465 0.0000000000 0.0000000000 0.2632952631 3.9128799438
-3.2135746479 7.1241683960 -2.9591984749 29.8750095367 0.0000000000 0.0000000000 0.2690151036 3.8108952045
-3.2335693836 7.2036013603 -2.2732269764 29.6145877838 0.0000000000 0.0000000000 0.2730824649 3.7123546600
-3.2528157234 7.2829461098 -1.5421853065 29.3617153168 0.0000000000 0.0000000000 0.2756460607 3.6174669266
-3.2715158463 7.3625736237 -0.7740986943 29.1207389832 0.0000000000 0.0000000000 0.2768554091 3.5263764858
-3.2897989750 7.4427108765 0.0232012663 28.8965015411 0.0000000000 0.0000000000 0.2768318057 3.4391686916
-3.3078434467 7.5236234665 0.8417407870 28.6923484802 0.0000000000 0.0000000000 0.2757145166 3.3558807373
-3.3257997036 7.6055355072 1.6747932434 28.5132064819 0.0000000000 0.0000000000 0.2736475170 3.2765257359
-3.3438339233 7.6887183189 2.5140380859 28.3613338470 0.0000000000 0.0000000000 0.2707947493 3.2010581493
-3.3620994091 7.7733912468 3.3526093960 28.2389354706 0.0000000000 0.0000000000 0.2672673464 3.1294052601
-3.3807413578 7.8598389626 4.1834421158 28.1468925476 0.0000000000 0.0000000000 0.2631652355 3.0614612103
-3.3998489380 7.9481229782 5.0023627281 28.0886173248 0.0000000000 0.0000000000 0.2585869730 2.9971561432
-3.4196326733 8.0386381149 5.8054952621 28.0629196167 0.0000000000 0.0000000000 0.2536398768 2.9364292622
-3.4401757717 8.1314420700 6.5882453918 28.0688743591 0.0000000000 0.0000000000 0.2483863980 2.8792603016
-3.4616048336 8.2267246246 7.3470730782 28.1065330505 0.0000000000 0.0000000000 0.2429208159 2.8256609440
-3.4839632511 8.3244237900 8.0807113647 28.1720504761 0.0000000000 0.0000000000 0.2373171896 2.7757058144
-3.5073642731 8.4246768951 8.7861137390 28.2643985748 0.0000000000 0.0000000000 0.2316531390 2.7295293808
-3.5318315029 8.5274534225 9.4634723663 28.3788299561 0.0000000000 0.0000000000 0.2259969115 2.6872723103
-3.5574607849 8.6328907013 10.1094379425 28.5094490051 0.0000000000 0.0000000000 0.2204199880 2.6490819454
-3.5843129158 8.7409391403 10.7229833603 28.6499271393 0.0000000000 0.0000000000 0.2149225920 2.6151342392
-3.6124329567 8.8517265320 11.3040552139 28.7917804718 0.0000000000 0.0000000000 0.2095279396 2.5856401920
-3.6418385506 8.9651546478 11.8470325470 28.9254341125 0.0000000000 0.0000000000 0.2042543441 2.5608057976
-3.6726202965 9.0814008713 12.3505716324 29.0444545746 0.0000000000 0.0000000000 0.1991278380 2.5408318043
-3.7047338486 9.2003583908 12.8157005310 29.1407489777 0.0000000000 0.0000000000 0.1941882521 2.5259642601
-3.7381930351 9.3219642639 13.2392301559 29.2059783936 0.0000000000 0.0000000000 0.1894500852 2.5164313316
-3.7728981972 9.4459409714 13.6179676056 29.2359180450 0.0000000000 0.0000000000 0.1849723011 2.5125226974
-3.8089280128 9.5724182129 13.9512863159 29.2295494080 0.0000000000 0.0000000000 0.1808240116 2.5143604279
-3.8462784290 9.7013683319 14.2403078079 29.1892452240 0.0000000000 0.0000000000 0.1770902276 2.5219321251
-3.8847815990 9.8323564529 14.4872283936 29.1172313690 0.0000000000 0.0000000000 0.1738430411 2.5350463390
-3.9244520664 9.9653882980 14.6936559677 29.0144729614 0.0000000000 0.0000000000 0.1711869985 2.5533876419
-3.9652016163 10.1003684998 14.8634176254 28.8892860413 0.0000000000 0.0000000000 0.1691962481 2.5766236782
-4.0070366859 10.2372121811 14.9986085892 28.7487850189 0.0000000000 0.0000000000 0.1679248959 2.6042282581
-4.0499405861 10.3758468628 15.1026830673 28.5998191833 0.0000000000 0.0000000000 0.1674122512 2.6355886459
-4.0937876701 10.5159130096 15.1818008423 28.4486789703 0.0000000000 0.0000000000 0.1677092165 2.6701004505
-4.1385803223 10.6574516296 15.2395267487 28.3008060455 0.0000000000 0.0000000000 0.1688617468 2.7071280479
-4.1842684746 10.8003282547 15.2796344757 28.1623649597 0.0000000000 0.0000000000 0.1708776802 2.7460966110
-4.2307925224 10.9444179535 15.3051519394 28.0375099182 0.0000000000 0.0000000000 0.1737076789 2.7864248753
-4.2780084610 11.0894756317 15.3223810196 27.9287796021 0.0000000000 0.0000000000 0.1773495525 2.8276834488
-4.3258748055 11.2353277206 15.3354673386 27.8387393951 0.0000000000 0.0000000000 0.1817267388 2.8694558144
-4.3742537498 11.3816270828 15.3508720398 27.7678604126 0.0000000000 0.0000000000 0.1867145747 2.9114110470
-4.4230694771 11.5282058716 15.3742065430 27.7160110474 0.0000000000 0.0000000000 0.1922388226 2.9532523155
-4.4723515511 11.6752138138 15.4080171585 27.6795177460 0.0000000000 0.0000000000 0.1981546283 2.9947633743
-4.5221204758 11.8226795197 15.4552602768 27.6556816101 0.0000000000 0.0000000000 0.2042900175 3.0357983112
-4.5721960068 11.9701890945 15.5204114914 27.6412315369 0.0000000000 0.0000000000 0.2105802447 3.0761542320
-4.6224822998 12.1174125671 15.6048259735 27.6302738190 0.0000000000 0.0000000000 0.2169389427 3.1157038212
-4.6729431152 12.2642555237 15.7064886093 27.6159210205 0.0000000000 0.0000000000 0.2233187854 3.1543927193
-4.7237572670 12.4112873077 15.8219804764 27.5883750916 0.0000000000 0.0000000000 0.2296483815 3.1921694279
-4.7750291824 12.5586643219 15.9490623474 27.5453701019 0.0000000000 0.0000000000 0.2358649969 3.2290656567
-4.8267207146 12.7063741684 16.0824699402 27.4819660187 0.0000000000 0.0000000000 0.2418764383 3.2650229931
-4.8788623810 12.8543882370 16.2178173065 27.3938121796 0.0000000000 0.0000000000 0.2476460189 3.3001034260
-4.9315190315 13.0028352737 16.3497772217 27.2799472809 0.0000000000 0.0000000000 0.2531003952 3.3343040943
-4.9846611023 13.1516799927 16.4750308990 27.1425590515 0.0000000000 0.0000000000 0.2582029998 3.3677217960
-5.0382695198 13.3008337021 16.5889263153 26.9816284180 0.0000000000 0.0000000000 0.2629404366 3.4004697800
-5.0923395157 13.4501380920 16.6867103577 26.8030166626 0.0000000000 0.0000000000 0.2673155367 3.4325556755
-5.1467843056 13.5993261337 16.7650413513 26.6159591675 0.0000000000 0.0000000000 0.2713317573 3.4639077187
-5.2015810013 13.7481794357 16.8190555573 26.4276142120 0.0000000000 0.0000000000 0.2749996483 3.4945013523
-5.2567524910 13.8968305588 16.8490905762 26.2426872253 0.0000000000 0.0000000000 0.2783578038 3.5242571831
-5.3123259544 14.0453243256 16.8500137329 26.0658454895 0.0000000000 0.0000000000 0.2813920081 3.5530533791
-5.3682117462 14.1935806274 16.8205356598 25.9000301361 0.0000000000 0.0000000000 0.2841037512 3.5808508396
-5.4242906570 14.3413534164 16.7604274750 25.7483978271 0.0000000000 0.0000000000 0.2864850760 3.6075942516
-5.4805784225 14.4886913300 16.6726207733 25.6129055023 0.0000000000 0.0000000000 0.2885333598 3.6331617832
-5.5372118950 14.6359596252 16.5588779449 25.4915599823 0.0000000000 0.0000000000 0.2902622819 3.6575055122
-5.5941247940 14.7830238342 16.4237232208 25.3814334869 0.0000000000 0.0000000000 0.2916334271 3.6804871559
-5.6512956619 14.9298248291 16.2683963776 25.2800903320 0.0000000000 0.0000000000 0.2926189899 3.7020628452
-5.7086753845 15.0763101578 16.0969257355 25.1816234589 0.0000000000 0.0000000000 0.2932130098 3.7221913338
-5.7661428452 15.2221298218 15.9160366058 25.0832157135 0.0000000000 0.0000000000 0.2934125960 3.7408180237
-5.8236918449 15.3674631119 15.7291755676 24.9816188812 0.0000000000 0.0000000000 0.2932362556 3.7578604221
-5.8812522888 15.5122632980 15.5412635803 24.8744316101 0.0000000000 0.0000000000 0.2927129865 3.7731831074
-5.9386558533 15.6562042236 15.3568143845 24.7579421997 0.0000000000 0.0000000000 0.2918630242 3.7867419720
-5.9959993362 15.7995090485 15.1781206131 24.6315975189 0.0000000000 0.0000000000 0.2907273769 3.7985167503
-6.0531873703 15.9419679642 15.0083990097 24.4960594177 0.0000000000 0.0000000000 0.2893718779 3.8085036278
-6.1101603508 16.0835342407 14.8503713608 24.3531265259 0.0000000000 0.0000000000 0.2878195643 3.8166091442
-6.1669731140 16.2243690491 14.7047004700 24.2055416107 0.0000000000 0.0000000000 0.2861205637 3.8228368759
-6.2235145569 16.3640937805 14.5736846924 24.0567569733 0.0000000000 0.0000000000 0.2842859328 3.8272573948
-6.2798194885 16.5028610229 14.4562902451 23.9111557007 0.0000000000 0.0000000000 0.2823435068 3.8298923969
-6.3357567787 16.6404476166 14.3522386551 23.7711124420 0.0000000000 0.0000000000 0.2803351879 3.8307974339
-6.3915185928 16.7772274017 14.2586355209 23.6394367218 0.0000000000 0.0000000000 0.2782480419 3.8300600052
-6.4471836090 16.9132938385 14.1717863083 23.5175247192 0.0000000000 0.0000000000 0.2760964632 3.8278026581
-6.5028376579 17.0489082336 14.0897617340 23.4047412872 0.0000000000 0.0000000000 0.2738892436 3.8241751194
-6.5583233833 17.1836395264 14.0113325119 23.3010463715 0.0000000000 0.0000000000 0.2716541290 3.8192996979
-6.6138505936 17.3180427551 13.9327182770 23.2040538788 0.0000000000 0.0000000000 0.2693976164 3.8132891655
-6.6693787575 17.4521179199 13.8526859283 23.1104755402 0.0000000000 0.0000000000 0.2671107948 3.8062708378
-6.7247433662 17.5855216980 13.7697839737 23.0184020996 0.0000000000 0.0000000000 0.2648296356 3.7983417511
-6.7800455093 17.7184181213 13.6825523376 22.9259433746 0.0000000000 0.0000000000 0.2625634670 3.7895350456
-6.8353633881 17.8509883881 13.5879230499 22.8304061890 0.0000000000 0.0000000000 0.2603324056 3.7799608707
-6.8906712532 17.9831066132 13.4853572845 22.7293052673 0.0000000000 0.0000000000 0.2581689656 3.7696759701
-6.9459295273 18.1148338318 13.3745908737 22.6231918335 0.0000000000 0.0000000000 0.2561255395 3.7587273121
-7.0011982918 18.2461624146 13.2561788559 22.5118808746 0.0000000000 0.0000000000 0.2542321682 3.7471885681
-7.0564498901 18.3770503998 13.1321277618 22.3980426788 0.0000000000 0.0000000000 0.2525012195 3.7350392342
-7.1117324829 18.5076732635 13.0028829575 22.2818794250 0.0000000000 0.0000000000 0.2509148717 3.7223479748
-7.1670670509 18.6381225586 12.8719348907 22.1671600342 0.0000000000 0.0000000000 0.2494585961 3.7090766430
-7.2223672867 18.7682170868 12.7407007217 22.0549716949 0.0000000000 0.0000000000 0.2481055111 3.6951968670
-7.2775669098 18.8977584839 12.6111078262 21.9466991425 0.0000000000 0.0000000000 0.2468625307 3.6807029247
-7.3326702118 19.0267925262 12.4853839874 21.8428115845 0.0000000000 0.0000000000 0.2457264066 3.6656143665
-7.3876776695 19.1554088593 12.3656949997 21.7453422546 0.0000000000 0.0000000000 0.2447119355 3.6499915123
-7.4424848557 19.2833671570 12.2515306473 21.6532287598 0.0000000000 0.0000000000 0.2438539565 3.6339447498
-7.4971566200 19.4106960297 12.1442127228 21.5668525696 0.0000000000 0.0000000000 0.2431827337 3.6175253391
-7.5516791344 19.5374717712 12.0449419022 21.4860897064 0.0000000000 0.0000000000 0.2426987439 3.6007437706
-7.6061010361 19.6638259888 11.9532032013 21.4072608948 0.0000000000 0.0000000000 0.2423920184 3.5836751461
-7.6604170799 19.7897701263 11.8676939011 21.3269958496 0.0000000000 0.0000000000 0.2422184646 3.5663192272
-7.7146463394 19.9152698517 11.7858705521 21.2439651489 0.0000000000 0.0000000000 0.2421511859 3.5487394333
-7.7688002586 20.0403976440 11.7077121735 21.1576251984 0.0000000000 0.0000000000 0.2421899587 3.5309634209
-7.8228631020 20.1650848389 11.6322860718 21.0668163300 0.0000000000 0.0000000000 0.2423297465 3.5131120682
-7.8768496513 20.2895183563 11.5585613251 20.9720001221 0.0000000000 0.0000000000 0.2425918877 3.4952232838
-7.9308037758 20.4136695862 11.4865217209 20.8737525940 0.0000000000 0.0000000000 0.2429406941 3.4773194790
-7.9848217964 20.5377979279 11.4153919220 20.7735462189 0.0000000000 0.0000000000 0.2433518767 3.4594230652
-8.0388221741 20.6616764069 11.3439445496 20.6732540131 0.0000000000 0.0000000000 0.2438323498 3.4416043758
-8.0927495956 20.7851200104 11.2718458176 20.5729827881 0.0000000000 0.0000000000 0.2443653345 3.4239149094
-8.1466541290 20.9082851410 11.1994085312 20.4748306274 0.0000000000 0.0000000000 0.2449809760 3.4063956738
-8.2005453110 21.0312576294 11.1270933151 20.3796997070 0.0000000000 0.0000000000 0.2456936538 3.3890902996
-8.2544841766 21.1542358398 11.0547361374 20.2870712280 0.0000000000 0.0000000000 0.2465095669 3.3719594479
-8.3083915710 21.2769908905 10.9820652008 20.1967277527 0.0000000000 0.0000000000 0.2474341840 3.3549971581
-8.3623094559 21.3996353149 10.9092617035 20.1083812714 0.0000000000 0.0000000000 0.2484404445 3.3381719589
-8.4161958694 21.5221214294 10.8364629745 20.0210723877 0.0000000000 0.0000000000 0.2494878620 3.3215067387
-8.4699382782 21.6442489624 10.7636594772 19.9340553284 0.0000000000 0.0000000000 0.2505231798 3.3049817085
-8.5236511230 21.7662429810 10.6911840439 19.8461341858 0.0000000000 0.0000000000 0.2515048385 3.2886056900
-8.5773105621 21.8880939484 10.6167316437 19.7559051514 0.0000000000 0.0000000000 0.2524055243 3.2724022865
-8.6309156418 22.0098228455 10.5410690308 19.6635265350 0.0000000000 0.0000000000 0.2532225549 3.2563281059
-8.6844625473 22.1314373016 10.4628820419 19.5690708160 0.0000000000 0.0000000000 0.2539413273 3.2403483391
-8.7379322052 22.2529125214 10.3827981949 19.4733581543 0.0000000000 0.0000000000 0.2545608878 3.2244234085
-8.7913198471 22.3741741180 10.3013734818 19.3774318695 0.0000000000 0.0000000000 0.2550808489 3.2085297108
-8.8446569443 22.4953479767 10.2189474106 19.2820053101 0.0000000000 0.0000000000 0.2555048764 3.1926140785
-8.8979110718 22.6163921356 10.1360588074 19.1883792877 0.0000000000 0.0000000000 0.2558298409 3.1767029762
-8.9510354996 22.7372055054 10.0520238876 19.0953598022 0.0000000000 0.0000000000 0.2560726702 3.1608140469
-9.0040512085 22.8579406738 9.9670171738 19.0040988922 0.0000000000 0.0000000000 0.2562245727 3.1449110508
-9.0569324493 22.9784984589 9.8812685013 18.9143943787 0.0000000000 0.0000000000 0.2562685013 3.1289575100
-9.1095829010 23.0986843109 9.7940273285 18.8255615234 0.0000000000 0.0000000000 0.2562423050 3.1129362583
-9.1620998383 23.2187824249 9.7058172226 18.7387619019 0.0000000000 0.0000000000 0.2561604381 3.0968344212
-9.2145433426 23.3388824463 9.6158676147 18.6536159515 0.0000000000 0.0000000000 0.2560295761 3.0806498528
-9.2668619156 23.4588527679 9.5241632462 18.5696735382 0.0000000000 0.0000000000 0.2558734417 3.0643732548
-9.3190126419 23.5786228180 9.4313297272 18.4861679077 0.0000000000 0.0000000000 0.2557047904 3.0480494499
-9.3709754944 23.6981811523 9.3373174667 18.4020099640 0.0000000000 0.0000000000 0.2555371821 3.0316925049
-9.4224996567 23.8169288635 9.2434129715 18.3175640106 0.0000000000 0.0000000000 0.2553926408 3.0153255463
-9.4738464355 23.9354286194 9.1505746841 18.2318096161 0.0000000000 0.0000000000 0.2552762628 2.9989509583
-9.5250730515 24.0539073944 9.0575494766 18.1436328888 0.0000000000 0.0000000000 0.2551835179 2.9825439453
-9.5760631561 24.1721343994 8.9648313522 18.0546131134 0.0000000000 0.0000000000 0.2551203966 2.9660537243
-9.6268529892 24.2901535034 8.8738584518 17.9661521912 0.0000000000 0.0000000000 0.2550660670 2.9494414330
-9.6774158478 24.4079284668 8.7838907242 17.8784732819 0.0000000000 0.0000000000 0.2549995780 2.9327197075
-9.7278175354 24.5255737305 8.6949863434 17.7926998138 0.0000000000 0.0000000000 0.2548976243 2.9159131050
-9.7780246735 24.6430358887 8.6064357758 17.7077789307 0.0000000000 0.0000000000 0.2547604442 2.8990588188
-9.8279256821 24.7601966858 8.5178270340 17.6227397919 0.0000000000 0.0000000000 0.2546030581 2.8821694851
-9.8776788712 24.8772258759 8.4298858643 17.5398960114 0.0000000000 0.0000000000 0.2544105351 2.8652312756
-9.9272394180 24.9939804077 8.3418846130 17.4588966370 0.0000000000 0.0000000000 0.2541732192 2.8482165337
-9.9765462875 25.1103858948 8.2545948029 17.3797702789 0.0000000000 0.0000000000 0.2538872659 2.8311524391
-10.0255985260 25.2263698578 8.1669683456 17.3032531738 0.0000000000 0.0000000000 0.2535673678 2.8140552044
-10.0744209290 25.3420276642 8.0777215958 17.2274284363 0.0000000000 0.0000000000 0.2532103956 2.7969417572
-10.1229963303 25.4572906494 7.9876427650 17.1526412964 0.0000000000 0.0000000000 0.2527993321 2.7798540592
-10.1712560654 25.5721092224 7.8958816528 17.0782775879 0.0000000000 0.0000000000 0.2523447871 2.7627794743
-10.2191019058 25.6861457825 7.8035411835 17.0044479370 0.0000000000 0.0000000000 0.2518523037 2.7457723618
-10.2666463852 25.7996425629 7.7110147476 16.9322471619 0.0000000000 0.0000000000 0.2513151765 2.7288553715
-10.3138208389 25.9123764038 7.6181569099 16.8612861633 0.0000000000 0.0000000000 0.2507452071 2.7119843960
-10.3605451584 26.0244235992 7.5267777443 16.7918262482 0.0000000000 0.0000000000 0.2501579225 2.6951858997
-10.4069843292 26.1360015869 7.4362692833 16.7233638763 0.0000000000 0.0000000000 0.2495639920 2.6784605980
-10.4530496597 26.2468776703 7.3475127220 16.6572189331 0.0000000000 0.0000000000 0.2489443421 2.6618251801
-10.4988651276 26.3572998047 7.2609109879 16.5929565430 0.0000000000 0.0000000000 0.2482997328 2.6452679634
-10.5443658829 26.4671993256 7.1771931648 16.5307960510 0.0000000000 0.0000000000 0.2476432323 2.6287622452
-10.5896024704 26.5767478943 7.0954375267 16.4692516327 0.0000000000 0.0000000000 0.2469657063 2.6123273373
-10.6345252991 26.6857261658 7.0162582397 16.4079666138 0.0000000000 0.0000000000 0.2462731600 2.5959935188
-10.6791658401 26.7942428589 6.9405436516 16.3487815857 0.0000000000 0.0000000000 0.2455713004 2.5798008442
-10.7235050201 26.9023208618 6.8664255142 16.2901039124 0.0000000000 0.0000000000 0.2448734641 2.5637984276
-10.7675580978 27.0099544525 6.7933783531 16.2316436768 0.0000000000 0.0000000000 0.2441877276 2.5479872227
-10.8113355637 27.1172161102 6.7205982208 16.1736869812 0.0000000000 0.0000000000 0.2435090691 2.5324082375
-10.8548974991 27.2241783142 6.6486964226 16.1153354645 0.0000000000 0.0000000000 0.2428166419 2.5171020031
-10.8982267380 27.3307895660 6.5775589943 16.0576667786 0.0000000000 0.0000000000 0.2421069592 2.5021109581
-10.9413309097 27.4370861053 6.5063667297 16.0009040833 0.0000000000 0.0000000000 0.2413776964 2.4874529839
-10.9842214584 27.5430374146 6.4361453056 15.9449748993 0.0000000000 0.0000000000 0.2406472415 2.4731106758
-11.0269050598 27.6486091614 6.3664741516 15.8893423080 0.0000000000 0.0000000000 0.2399264872 2.4591028690
-11.0693378448 27.7536640167 6.2979521751 15.8339662552 0.0000000000 0.0000000000 0.2391938120 2.4454383850
-11.1115036011 27.8582477570 6.2309775352 15.7783832550 0.0000000000 0.0000000000 0.2384314835 2.4321267605
-11.1534366608 27.9624576569 6.1656908989 15.7233781815 0.0000000000 0.0000000000 0.2376254052 2.4191610813
-11.1951217651 28.0662899017 6.1010866165 15.6679143906 0.0000000000 0.0000000000 0.2367748171 2.4064972401
-11.2366228104 28.1697921753 6.0374794006 15.6126174927 0.0000000000 0.0000000000 0.2358713597 2.3941142559
-11.2778215408 28.2727298737 5.9752373695 15.5571689606 0.0000000000 0.0000000000 0.2349411398 2.3819680214
-11.3186855316 28.3749885559 5.9145064354 15.5031538010 0.0000000000 0.0000000000 0.2340199351 2.3700270653
-11.3592729568 28.4766445160 5.8548245430 15.4498214722 0.0000000000 0.0000000000 0.2331443727 2.3583014011
-11.3995904922 28.5778770447 5.7958827019 15.3975152969 0.0000000000 0.0000000000 0.2323398590 2.3467664719
-11.4397144318 28.6787147522 5.7375330925 15.3467111588 0.0000000000 0.0000000000 0.2316257507 2.3353924751
-11.4795312881 28.7787780762 5.6796312332 15.2971715927 0.0000000000 0.0000000000 0.2310011238 2.3241937160
-11.5191230774 28.8783760071 5.6205224991 15.2480478287 0.0000000000 0.0000000000 0.2304660678 2.3131477833
-11.5584659576 28.9775180817 5.5598583221 15.1997690201 0.0000000000 0.0000000000 0.2300164998 2.3022289276
-11.5975894928 29.0762119293 5.4985790253 15.1526260376 0.0000000000 0.0000000000 0.2296361774 2.2914414406
-11.6365003586 29.1745433807 5.4363918304 15.1059141159 0.0000000000 0.0000000000 0.2293009013 2.2807695866
-11.6751852036 29.2724533081 5.3738350868 15.0594320297 0.0000000000 0.0000000000 0.2289891690 2.2702012062
-11.7136535645 29.3699626923 5.3114948273 15.0120925903 0.0000000000 0.0000000000 0.2286454737 2.2597246170
-11.7518653870 29.4669570923 5.2495198250 14.9636678696 0.0000000000 0.0000000000 0.2282359749 2.2493321896
-11.7898168564 29.5633125305 5.1890516281 14.9152765274 0.0000000000 0.0000000000 0.2277330309 2.2389869690
-11.8274946213 29.6591777802 5.1305932999 14.8656225204 0.0000000000 0.0000000000 0.2271411568 2.2287108898
-11.8649730682 29.7547054291 5.0741395950 14.8144512177 0.0000000000 0.0000000000 0.2264916748 2.2185244560
-11.9022817612 29.8498458862 5.0194549561 14.7624216080 0.0000000000 0.0000000000 0.2258055955 2.2084016800
-11.9393138885 29.9443531036 4.9669747353 14.7102327347 0.0000000000 0.0000000000 0.2251072675 2.1983399391
-11.9761123657 30.0381374359 4.9167313576 14.6588125229 0.0000000000 0.0000000000 0.2244125605 2.1883468628
-12.0127410889 30.1316013336 4.8675780296 14.6078109741 0.0000000000 0.0000000000 0.2237142324 2.1784272194
-12.0491437912 30.2245388031 4.8199586868 14.5580158234 0.0000000000 0.0000000000 0.2230207920 2.1685726643
-12.0852632523 30.3170146942 4.7733573914 14.5090179443 0.0000000000 0.0000000000 0.2223272026 2.1588110924
-12.1211929321 30.4091758728 4.7276000977 14.4611120224 0.0000000000 0.0000000000 0.2216191590 2.1491580009
-12.1570062637 30.5011444092 4.6821436882 14.4131555557 0.0000000000 0.0000000000 0.2208797634 2.1396334171
-12.1926784515 30.5928802490 4.6367564201 14.3651723862 0.0000000000 0.0000000000 0.2201179415 2.1302478313
-12.2281322479 30.6842556000 4.5910615921 14.3168840408 0.0000000000 0.0000000000 0.2193552852 2.1210508347
-12.2633733749 30.7751274109 4.5449042320 14.2694177628 0.0000000000 0.0000000000 0.2185992301 2.1120429039
-12.2983264923 30.8653316498 4.4982423782 14.2219791412 0.0000000000 0.0000000000 0.2178527713 2.1032171249
-12.3331489563 30.9552059174 4.4507670403 14.1752490997 0.0000000000 0.0000000000 0.2171138823 2.0945599079
-12.3678731918 31.0447597504 4.4024343491 14.1284475327 0.0000000000 0.0000000000 0.2163712680 2.0860095024
-12.4024438858 31.1339855194 4.3528871536 14.0817222595 0.0000000000 0.0000000000 0.2156244218 2.0776014328
-12.4369392395 31.2230472565 4.3020749092 14.0345802307 0.0000000000 0.0000000000 0.2148830891 2.0693140030
-12.4713077545 31.3118953705 4.2502002716 13.9864091873 0.0000000000 0.0000000000 0.2141528279 2.0611035824
-12.5055856705 31.4005737305 4.1969966888 13.9374980927 0.0000000000 0.0000000000 0.2134290785 2.0529613495
-12.5398235321 31.4891605377 4.1435928345 13.8884067535 0.0000000000 0.0000000000 0.2127063870 2.0448460579
-12.5739917755 31.5776100159 4.0903053284 13.8388643265 0.0000000000 0.0000000000 0.2119805217 2.0367577076
-12.6081027985 31.6659069061 4.0375127792 13.7896776199 0.0000000000 0.0000000000 0.2112446278 2.0287258625
-12.6420783997 31.7539806366 3.9848504066 13.7406816483 0.0000000000 0.0000000000 0.2105012238 2.0207531452
-12.6759338379 31.8417606354 3.9326477051 13.6917285919 0.0000000000 0.0000000000 0.2097604424 2.0128536224
-12.7097053528 31.9292888641 3.8823020458 13.6431856155 0.0000000000 0.0000000000 0.2090036273 2.0050427914
-12.7433328629 32.0164527893 3.8327999115 13.5946559906 0.0000000000 0.0000000000 0.2082414925 1.9973385334
-12.7768001556 32.1032485962 3.7839581966 13.5459785461 0.0000000000 0.0000000000 0.2074846625 1.9897593260
-12.8101329803 32.1896820068 3.7352862358 13.4971513748 0.0000000000 0.0000000000 0.2067247033 1.9823318720
-12.8433027267 32.2756423950 3.6869852543 13.4489345551 0.0000000000 0.0000000000 0.2059872150 1.9750481844
-12.8763132095 32.3611869812 3.6392397881 13.4021959305 0.0000000000 0.0000000000 0.2052849233 1.9678834677
-12.9091348648 32.4462203979 3.5926713943 13.3579425812 0.0000000000 0.0000000000 0.2046368122 1.9607907534
-12.9418344498 32.5308074951 3.5474524498 13.3158569336 0.0000000000 0.0000000000 0.2040326297 1.9537760019
-12.9742736816 32.6147003174 3.5036942959 13.2751712799 0.0000000000 0.0000000000 0.2034644037 1.9467972517
-13.0065364838 32.6979675293 3.4611802101 13.2368469238 0.0000000000 0.0000000000 0.2029343843 1.9398281574
-13.0386295319 32.7807044983 3.4196338654 13.2005386353 0.0000000000 0.0000000000 0.2024358660 1.9328700304
-13.0704584122 32.8626441956 3.3784337044 13.1663227081 0.0000000000 0.0000000000 0.2019822001 1.9259318113
-13.1021728516 32.9441795349 3.3371376991 13.1332578659 0.0000000000 0.0000000000 0.2015598267 1.9190315008
-13.1337785721 33.0253334045 3.2955369949 13.1014480591 0.0000000000 0.0000000000 0.2011654824 1.9121729136
-13.1652193069 33.1060180664 3.2548561096 13.0714025497 0.0000000000 0.0000000000 0.2007962614 1.9053632021
-13.1965188980 33.1862373352 3.2143268585 13.0425462723 0.0000000000 0.0000000000 0.2004380524 1.8986368179
-13.2276716232 33.2659645081 3.1751561165 13.0144615173 0.0000000000 0.0000000000 0.2000972480 1.8919607401
-13.2585544586 33.3450546265 3.1383049488 12.9875707626 0.0000000000 0.0000000000 0.1997629553 1.8853255510
-13.2892904282 33.4236869812 3.1029677391 12.9607858658 0.0000000000 0.0000000000 0.1994302571 1.8787517548
-13.3198833466 33.5018692017 3.0689575672 12.9342508316 0.0000000000 0.0000000000 0.1990909427 1.8722503185
-13.3502807617 33.5795478821 3.0364696980 12.9076738358 0.0000000000 0.0000000000 0.1987464130 1.8658624887
-13.3805227280 33.6567878723 3.0052232742 12.8816003799 0.0000000000 0.0000000000 0.1983968318 1.8596067429
-13.4105739594 33.7336235046 2.9753668308 12.8558492661 0.0000000000 0.0000000000 0.1980616599 1.8535004854
-13.4403648376 33.8099327087 2.9473702908 12.8320474625 0.0000000000 0.0000000000 0.1977287978 1.8475465775
-13.4700107574 33.8857269287 2.9195649624 12.8084306717 0.0000000000 0.0000000000 0.1974054724 1.8417136669
-13.4995250702 33.9612121582 2.8917024136 12.7847690582 0.0000000000 0.0000000000 0.1971046925 1.8359216452
-13.5289554596 34.0364303589 2.8635566235 12.7611808777 0.0000000000 0.0000000000 0.1968462765 1.8301601410
-13.5583086014 34.1113929749 2.8349673748 12.7375154495 0.0000000000 0.0000000000 0.1966351867 1.8244471550
-13.5875520706 34.1860198975 2.8060076237 12.7136507034 0.0000000000 0.0000000000 0.1964838356 1.8187599182
-13.6167116165 34.2604026794 2.7768733501 12.6896829605 0.0000000000 0.0000000000 0.1963599622 1.8131259680
-13.6457338333 34.3344993591 2.7476656437 12.6656808853 0.0000000000 0.0000000000 0.1962291151 1.8075642586
-13.6745986938 34.4082946777 2.7175335884 12.6418180466 0.0000000000 0.0000000000 0.1960711926 1.8021154404
-13.7034254074 34.4819374084 2.6865046024 12.6182851791 0.0000000000 0.0000000000 0.1958728433 1.7967833281
-13.7321681976 34.5553474426 2.6539881229 12.5949068069 0.0000000000 0.0000000000 0.1956302226 1.7915773392
-13.7608633041 34.6285934448 2.6206178665 12.5715990067 0.0000000000 0.0000000000 0.1953468323 1.7864683867
-13.7895069122 34.7016563416 2.5865812302 12.5483694077 0.0000000000 0.0000000000 0.1950239539 1.7814463377
-13.8180532455 34.7743797302 2.5516362190 12.5254535675 0.0000000000 0.0000000000 0.1946717948 1.7765301466
-13.8465375900 34.8469200134 2.5165679455 12.5023927689 0.0000000000 0.0000000000 0.1942905486 1.7717307806
-13.8749561310 34.9192695618 2.4816842079 12.4789590836 0.0000000000 0.0000000000 0.1938870400 1.7670345306
-13.9032983780 34.9914054871 2.4470052719 12.4556674957 0.0000000000 0.0000000000 0.1934744567 1.7623922825
-13.9314498901 35.0631599426 2.4133822918 12.4327154160 0.0000000000 0.0000000000 0.1930656731 1.7577569485
-13.9594917297 35.1346740723 2.3804566860 12.4100379944 0.0000000000 0.0000000000 0.1926666498 1.7531483173
-13.9874429703 35.2059211731 2.3484447002 12.3877735138 0.0000000000 0.0000000000 0.1922645569 1.7485749722
-14.0152883530 35.2769012451 2.3173396587 12.3657817841 0.0000000000 0.0000000000 0.1918685734 1.7439736128
-14.0430526733 35.3476333618 2.2872011662 12.3438625336 0.0000000000 0.0000000000 0.1914688349 1.7393733263
-14.0706796646 35.4179840088 2.2580428123 12.3220825195 0.0000000000 0.0000000000 0.1910613775 1.7347624302
-14.0980920792 35.4877777100 2.2294383049 12.3006210327 0.0000000000 0.0000000000 0.1906212866 1.7301545143
-14.1254291534 35.5573234558 2.2011792660 12.2792358398 0.0000000000 0.0000000000 0.1901565939 1.7256227732
-14.1526565552 35.6265716553 2.1737012863 12.2579898834 0.0000000000 0.0000000000 0.1896745563 1.7211517096
-14.1797876358 35.6955604553 2.1473910809 12.2364339828 0.0000000000 0.0000000000 0.1891725808 1.7167384624
-14.2068624496 35.7643508911 2.1222984791 12.2146282196 0.0000000000 0.0000000000 0.1886870265 1.7123996019
-14.2338151932 35.8328475952 2.0983939171 12.1922712326 0.0000000000 0.0000000000 0.1882317513 1.7081248760
-14.2606592178 35.9011535645 2.0755453110 12.1696300507 0.0000000000 0.0000000000 0.1878095716 1.7038770914
-14.2874708176 35.9693107605 2.0541095734 12.1468505859 0.0000000000 0.0000000000 0.1874192804 1.6996698380
-14.3142223358 36.0372848511 2.0336849689 12.1244277954 0.0000000000 0.0000000000 0.1870585084 1.6955479383
-14.3409557343 36.1051521301 2.0133490562 12.1026496887 0.0000000000 0.0000000000 0.1867103726 1.6915081739
-14.3676319122 36.1728858948 1.9931938648 12.0815734863 0.0000000000 0.0000000000 0.1863690466 1.6875765324
-14.3942441940 36.2404327393 1.9731372595 12.0610342026 0.0000000000 0.0000000000 0.1860584468 1.6837389469
-14.4207391739 36.3076171875 1.9531950951 12.0405979156 0.0000000000 0.0000000000 0.1857881397 1.6799699068
-14.4471817017 36.3746185303 1.9332900047 12.0208148956 0.0000000000 0.0000000000 0.1855481714 1.6762959957
-14.4734859467 36.4413795471 1.9132817984 12.0018396378 0.0000000000 0.0000000000 0.1853348613 1.6727719307
-14.4997959137 36.5081024170 1.8928478956 11.9829015732 0.0000000000 0.0000000000 0.1851250976 1.6694101095
-14.5260801315 36.5747375488 1.8725390434 11.9639883041 0.0000000000 0.0000000000 0.1849068850 1.6661680937
-14.5523786545 36.6413383484 1.8519874811 11.9452476501 0.0000000000 0.0000000000 0.1846802831 1.6629704237
-14.5786437988 36.7078323364 1.8313107491 11.9264478683 0.0000000000 0.0000000000 0.1844422966 1.6597707272
-14.6048259735 36.7742042542 1.8108423948 11.9078779221 0.0000000000 0.0000000000 0.1842016131 1.6565197706
-14.6309051514 36.8403816223 1.7900999784 11.8894138336 0.0000000000 0.0000000000 0.1839732528 1.6531760693
-14.6569919586 36.9064979553 1.7690201998 11.8708381653 0.0000000000 0.0000000000 0.1837661713 1.6497439146
-14.6830568314 36.9725379944 1.7478528023 11.8523397446 0.0000000000 0.0000000000 0.1835901290 1.6461929083
-14.7090072632 37.0384216309 1.7269843817 11.8338298798 0.0000000000 0.0000000000 0.1834399998 1.6425529718
-14.7349262238 37.1041984558 1.7055429220 11.8153638840 0.0000000000 0.0000000000 0.1833116561 1.6388655901
-14.7608137131 37.1698303223 1.6837795973 11.7969999313 0.0000000000 0.0000000000 0.1831920445 1.6351228952
-14.7866325378 37.2353134155 1.6619954109 11.7787714005 0.0000000000 0.0000000000 0.1830771565 1.6313530207
-14.8124618530 37.3007659912 1.6403573751 11.7607822418 0.0000000000 0.0000000000 0.1829741150 1.6276043653
-14.8382635117 37.3661308289 1.6186921597 11.7431859970 0.0000000000 0.0000000000 0.1828667969 1.6238833666
-14.8640556335 37.4313888550 1.5968049765 11.7256956100 0.0000000000 0.0000000000 0.1827452034 1.6201883554
-14.8897924423 37.4963531494 1.5742334127 11.7086839676 0.0000000000 0.0000000000 0.1826069504 1.6165028811
-14.9155330658 37.5612487793 1.5513795614 11.6918659210 0.0000000000 0.0000000000 0.1824498922 1.6128411293
-14.9412317276 37.6260261536 1.5283020735 11.6751155853 0.0000000000 0.0000000000 0.1822881848 1.6092003584
-14.9668636322 37.6905784607 1.5045052767 11.6585197449 0.0000000000 0.0000000000 0.1821216643 1.6055920124
-14.9924411774 37.7549781799 1.4799653292 11.6422166824 0.0000000000 0.0000000000 0.1819543689 1.6020743847
-15.0180072784 37.8193016052 1.4547694921 11.6260824203 0.0000000000 0.0000000000 0.1817879379 1.5986337662
-15.0435180664 37.8834877014 1.4288585186 11.6101026535 0.0000000000 0.0000000000 0.1816157699 1.5952981710
-15.0689554214 37.9474830627 1.4028546810 11.5941171646 0.0000000000 0.0000000000 0.1814334244 1.5920889378
-15.0943546295 38.0113677979 1.3771589994 11.5778684616 0.0000000000 0.0000000000 0.1812165827 1.5890065432
-15.1196317673 38.0750122070 1.3517304659 11.5613231659 0.0000000000 0.0000000000 0.1809702069 1.5860249996
-15.1448373795 38.1384696960 1.3274672031 11.5442352295 0.0000000000 0.0000000000 0.1807001233 1.5831203461
-15.1700000763 38.2017669678 1.3040007353 11.5269651413 0.0000000000 0.0000000000 0.1804029644 1.5802835226
-15.1951169968 38.2648925781 1.2810907364 11.5094871521 0.0000000000 0.0000000000 0.1800832450 1.5774711370
-15.2201890945 38.3278388977 1.2577742338 11.4921159744 0.0000000000 0.0000000000 0.1797540486 1.5746307373
-15.2452116013 38.3906097412 1.2337408066 11.4751300812 0.0000000000 0.0000000000 0.1794156730 1.5717422962
-15.2701435089 38.4531326294 1.2088265419 11.4585704803 0.0000000000 0.0000000000 0.1790826917 1.5688073635
-15.2949857712 38.5153732300 1.1833002567 11.4424867630 0.0000000000 0.0000000000 0.1787649542 1.5658142567
-15.3196926117 38.5773582458 1.1574835777 11.4268560410 0.0000000000 0.0000000000 0.1784420311 1.5628367662
-15.3443040848 38.6390991211 1.1317371130 11.4114952087 0.0000000000 0.0000000000 0.1781131476 1.5598502159
-15.3688173294 38.7006225586 1.1060417891 11.3964691162 0.0000000000 0.0000000000 0.1777663678 1.5569051504
-15.3932704926 38.7619934082 1.0805152655 11.3815259933 0.0000000000 0.0000000000 0.1774062514 1.5539823771
-15.4175434113 38.8230705261 1.0557323694 11.3667993546 0.0000000000 0.0000000000 0.1770360917 1.5510531664
-15.4417476654 38.8839721680 1.0312553644 11.3522777557 0.0000000000 0.0000000000 0.1766594648 1.5481418371
-15.4658451080 38.9446678162 1.0073273182 11.3377923965 0.0000000000 0.0000000000 0.1762915999 1.5453013182
-15.4898872375 39.0052223206 0.9840369225 11.3231859207 0.0000000000 0.0000000000 0.1759461462 1.5424983501
-15.5138378143 39.0656089783 0.9615572095 11.3087759018 0.0000000000 0.0000000000 0.1756081134 1.5397360325
-15.5377082825 39.1258544922 0.9393324852 11.2944507599 0.0000000000 0.0000000000 0.1752916425 1.5369743109
-15.5614995956 39.1859245300 0.9169340134 11.2800292969 0.0000000000 0.0000000000 0.1750042588 1.5342137814
-15.5852212906 39.2458572388 0.8943443298 11.2654924393 0.0000000000 0.0000000000 0.1747519672 1.5314742327
-15.6088724136 39.3056678772 0.8716511130 11.2507343292 0.0000000000 0.0000000000 0.1745345592 1.5287475586
-15.6324968338 39.3653984070 0.8493188024 11.2356252670 0.0000000000 0.0000000000 0.1743429005 1.5260474682
-15.6560859680 39.4250411987 0.8271398544 11.2204427719 0.0000000000 0.0000000000 0.1741609126 1.5234156847
-15.6795654297 39.4844436646 0.8047371507 11.2052621841 0.0000000000 0.0000000000 0.1739908159 1.5208187103
-15.7030105591 39.5437545776 0.7824833393 11.1901903152 0.0000000000 0.0000000000 0.1738259792 1.5182211399
-15.7263431549 39.6028976440 0.7605616450 11.1752853394 0.0000000000 0.0000000000 0.1736752689 1.5156319141
-15.7496490479 39.6619300842 0.7385170460 11.1606016159 0.0000000000 0.0000000000 0.1735542566 1.5130844116
-15.7728767395 39.7206649780 0.7164112926 11.1463432312 0.0000000000 0.0000000000 0.1734573096 1.5105826855
-15.7960376740 39.7792510986 0.6941470504 11.1325616837 0.0000000000 0.0000000000 0.1733804345 1.5081235170
-15.8191623688 39.8377075195 0.6711353064 11.1191196442 0.0000000000 0.0000000000 0.1733116210 1.5057246685
-15.8421640396 39.8959426880 0.6477938294 11.1059627533 0.0000000000 0.0000000000 0.1732457280 1.5033878088
-15.8650436401 39.9538002014 0.6241319776 11.0930528641 0.0000000000 0.0000000000 0.1731697619 1.5011031628
-15.8876695633 40.0111503601 0.6010606289 11.0813827515 0.0000000000 0.0000000000 0.1730639935 1.4988527298
-15.9102678299 40.0683898926 0.5780116320 11.0697469711 0.0000000000 0.0000000000 0.1729225963 1.4966417551
-15.9328498840 40.1255416870 0.5552514791 11.0581636429 0.0000000000 0.0000000000 0.1727412790 1.4944810867
-15.9554109573 40.1825790405 0.5326289535 11.0465917587 0.0000000000 0.0000000000 0.1725285351 1.4923725128
-15.9779319763 40.2395248413 0.5105685592 11.0347242355 0.0000000000 0.0000000000 0.1722960025 1.4903005362
-16.0003471375 40.2963104248 0.4890447259 11.0226831436 0.0000000000 0.0000000000 0.1720342040 1.4882391691
-16.0227069855 40.3529853821 0.4674214423 11.0104675293 0.0000000000 0.0000000000 0.1717432290 1.4862079620
-16.0449905396 40.4094657898 0.4456845522 10.9978818893 0.0000000000 0.0000000000 0.1714399457 1.4841934443
-16.0671901703 40.4658317566 0.4236165583 10.9848995209 0.0000000000 0.0000000000 0.1711283773 1.4822111130
-16.0893115997 40.5220413208 0.4013602138 10.9715967178 0.0000000000 0.0000000000 0.1707999557 1.4802527428
-16.1114006042 40.5781517029 0.3788888752 10.9580898285 0.0000000000 0.0000000000 0.1704808921 1.4783196449
-16.1334190369 40.6341171265 0.3565449715 10.9445858002 0.0000000000 0.0000000000 0.1701562703 1.4764221907
-16.1553573608 40.6899414062 0.3341763318 10.9312152863 0.0000000000 0.0000000000 0.1698214114 1.4745125771
-16.1772136688 40.7456245422 0.3122477233 10.9181222916 0.0000000000 0.0000000000 0.1694942564 1.4725822210
-16.1990242004 40.8012046814 0.2906259298 10.9054164886 0.0000000000 0.0000000000 0.1691715121 1.4706792831
-16.2207088470 40.8565979004 0.2702113390 10.8931732178 0.0000000000 0.0000000000 0.1688397676 1.4688500166
-16.2423553467 40.9118537903 0.2506729364 10.8813076019 0.0000000000 0.0000000000 0.1685018986 1.4671248198
-16.2639827728 40.9669723511 0.2322039753 10.8696594238 0.0000000000 0.0000000000 0.1681614667 1.4655045271
-16.2855892181 41.0219650269 0.2146487981 10.8581705093 0.0000000000 0.0000000000 0.1678401381 1.4639853239
-16.3071765900 41.0768547058 0.1981360465 10.8468160629 0.0000000000 0.0000000000 0.1675555259 1.4624930620
-16.3286972046 41.1315917969 0.1826620102 10.8355302811 0.0000000000 0.0000000000 0.1673080474 1.4610033035
-16.3501949310 41.1862220764 0.1677348912 10.8243322372 0.0000000000 0.0000000000 0.1670851260 1.4595052004
-16.3716773987 41.2407493591 0.1532446593 10.8130989075 0.0000000000 0.0000000000 0.1668713242 1.4579954147
-16.3931293488 41.2951812744 0.1389457434 10.8017673492 0.0000000000 0.0000000000 0.1666734368 1.4564467669
-16.4145240784 41.3494644165 0.1249758080 10.7905120850 0.0000000000 0.0000000000 0.1664890200 1.4548437595
-16.4359016418 41.4036407471 0.1110817045 10.7793197632 0.0000000000 0.0000000000 0.1663093865 1.4531838894
-16.4572219849 41.4576492310 0.0969784632 10.7689580917 0.0000000000 0.0000000000 0.1661427021 1.4514921904
-16.4784889221 41.5115280151 0.0819315612 10.7589530945 0.0000000000 0.0000000000 0.1659843475 1.4497823715
-16.4997310638 41.5653114319 0.0660114288 10.7492218018 0.0000000000 0.0000000000 0.1658415943 1.4480365515
-16.5208263397 41.6188735962 0.0493453778 10.7397432327 0.0000000000 0.0000000000 0.1657141447 1.4463014603
-16.5419101715 41.6723709106 0.0323281959 10.7303981781 0.0000000000 0.0000000000 0.1655829549 1.4445985556
-16.5629253387 41.7257003784 0.0151354903 10.7215976715 0.0000000000 0.0000000000 0.1654417366 1.4429395199
-16.5838718414 41.7788848877 -0.0029524262 10.7129230499 0.0000000000 0.0000000000 0.1652761400 1.4413506985
-16.6047592163 41.8319396973 -0.0216284022 10.7042703629 0.0000000000 0.0000000000 0.1650956124 1.4397897720
-16.6256275177 41.8849029541 -0.0405597985 10.6954813004 0.0000000000 0.0000000000 0.1648901552 1.4382495880
-16.6464328766 41.9377174377 -0.0599294193 10.6867570877 0.0000000000 0.0000000000 0.1646670848 1.4366945028
-16.6671752930 41.9903907776 -0.0794118196 10.6783514023 0.0000000000 0.0000000000 0.1644114107 1.4351663589
-16.6877212524 42.0427970886 -0.0984655991 10.6701288223 0.0000000000 0.0000000000 0.1641221642 1.4336538315
-16.7081661224 42.0950622559 -0.1173635572 10.6615762711 0.0000000000 0.0000000000 0.1638019532 1.4321391582
-16.7285881042 42.1472549438 -0.1354089230 10.6528692245 0.0000000000 0.0000000000 0.1634519547 1.4306019545
-16.7489910126 42.1993904114 -0.1525274962 10.6439142227 0.0000000000 0.0000000000 0.1630845666 1.4290930033
-16.7693729401 42.2514533997 -0.1681233197 10.6347389221 0.0000000000 0.0000000000 0.1627172530 1.4276127815
-16.7896595001 42.3033828735 -0.1824517548 10.6252717972 0.0000000000 0.0000000000 0.1623655707 1.4261583090
-16.8099422455 42.3552551270 -0.1953040361 10.6157941818 0.0000000000 0.0000000000 0.1620462984 1.4247008562
-16.8302192688 42.4070549011 -0.2069432884 10.6064157486 0.0000000000 0.0000000000 0.1617416143 1.4232211113
-16.8504524231 42.4587516785 -0.2180259079 10.5971632004 0.0000000000 0.0000000000 0.1614513397 1.4217393398
-16.8706569672 42.5103492737 -0.2283997238 10.5884342194 0.0000000000 0.0000000000 0.1611705571 1.4202363491
-16.8907909393 42.5618209839 -0.2386980355 10.5798349380 0.0000000000 0.0000000000 0.1608889103 1.4187034369
-16.9109516144 42.6132583618 -0.2495306432 10.5714702606 0.0000000000 0.0000000000 0.1606230140 1.4171404839
-16.9311332703 42.6646614075 -0.2614234984 10.5632085800 0.0000000000 0.0000000000 0.1603631973 1.4155486822
-16.9513263702 42.7160263062 -0.2739173770 10.5550508499 0.0000000000 0.0000000000 0.1600906402 1.4139426947
-16.9714832306 42.7673034668 -0.2870955467 10.5470905304 0.0000000000 0.0000000000 0.1597985327 1.4124121666
-16.9916458130 42.8185195923 -0.3011105359 10.5391769409 0.0000000000 0.0000000000 0.1595101207 1.4109814167
-17.0118122101 42.8696670532 -0.3157811463 10.5313329697 0.0000000000 0.0000000000 0.1592541337 1.4096339941
-17.0319290161 42.9206809998 -0.3311674893 10.5237340927 0.0000000000 0.0000000000 0.1590416282 1.4083465338
-17.0520114899 42.9715728760 -0.3469055593 10.5159702301 0.0000000000 0.0000000000 0.1588802487 1.4070736170
-17.0720119476 43.0223274231 -0.3628796041 10.5080842972 0.0000000000 0.0000000000 0.1587564796 1.4058090448
-17.0919742584 43.0729942322 -0.3795141280 10.5002050400 0.0000000000 0.0000000000 0.1586480886 1.4045720100
-17.1118907928 43.1235466003 -0.3965478539 10.4924087524 0.0000000000 0.0000000000 0.1585214883 1.4033848047
-17.1317958832 43.1740379333 -0.4134951532 10.4845113754 0.0000000000 0.0000000000 0.1583745629 1.4022053480
-17.1516189575 43.2243576050 -0.4301356971 10.4765996933 0.0000000000 0.0000000000 0.1582123488 1.4010533094
-17.1714420319 43.2746124268 -0.4467134476 10.4687004089 0.0000000000 0.0000000000 0.1580508947 1.3999042511
-17.1912498474 43.3247833252 -0.4629213214 10.4609203339 0.0000000000 0.0000000000 0.1579021066 1.3987400532
-17.2109870911 43.3748550415 -0.4784217775 10.4532041550 0.0000000000 0.0000000000 0.1577512473 1.3975713253
-17.2307071686 43.4248352051 -0.4935099185 10.4455327988 0.0000000000 0.0000000000 0.1575772464 1.3964068890
-17.2503395081 43.4746284485 -0.5078994036 10.4378957748 0.0000000000 0.0000000000 0.1573927999 1.3952320814
-17.2699851990 43.5243911743 -0.5217451453 10.4302501678 0.0000000000 0.0000000000 0.1572231948 1.3940533400
-17.2896385193 43.5741081238 -0.5352855325 10.4226684570 0.0000000000 0.0000000000 0.1570746452 1.3928587437
-17.3092880249 43.6237754822 -0.5486381054 10.4152460098 0.0000000000 0.0000000000 0.1569540203 1.3916019201
-17.3289260864 43.6733779907 -0.5617533922 10.4077796936 0.0000000000 0.0000000000 0.1568418890 1.3903350830
-17.3485546112 43.7228851318 -0.5745430589 10.4001770020 0.0000000000 0.0000000000 0.1567284912 1.3891050816
-17.3681240082 43.7721786499 -0.5870007277 10.3925771713 0.0000000000 0.0000000000 0.1565927416 1.3879711628
-17.3876342773 43.8212928772 -0.5992612839 10.3848524094 0.0000000000 0.0000000000 0.1564257443 1.3869230747
-17.4071483612 43.8703460693 -0.6114624143 10.3769950867 0.0000000000 0.0000000000 0.1562277377 1.3859205246
-17.4266681671 43.9193305969 -0.6237034202 10.3689918518 0.0000000000 0.0000000000 0.1560060233 1.3849252462
-17.4461765289 43.9682312012 -0.6366897821 10.3609323502 0.0000000000 0.0000000000 0.1557940245 1.3839185238
-17.4656219482 44.0169906616 -0.6501376033 10.3528547287 0.0000000000 0.0000000000 0.1556011438 1.3829121590
-17.4848747253 44.0654792786 -0.6641407609 10.3448457718 0.0000000000 0.0000000000 0.1554383785 1.3818999529
-17.5040607452 44.1138000488 -0.6780965924 10.3371458054 0.0000000000 0.0000000000 0.1553113759 1.3808649778
-17.5232028961 44.1619949341 -0.6922395229 10.3296499252 0.0000000000 0.0000000000 0.1551863551 1.3798255920
-17.5423336029 44.2101211548 -0.7068321109 10.3221759796 0.0000000000 0.0000000000 0.1550499648 1.3787779808
-17.5614395142 44.2581596375 -0.7214619517 10.3149280548 0.0000000000 0.0000000000 0.1548884809 1.3777019978
-17.5804367065 44.3060035706 -0.7359820604 10.3077859879 0.0000000000 0.0000000000 0.1547190398 1.3766177893
-17.5993785858 44.3537445068 -0.7505991459 10.3009128571 0.0000000000 0.0000000000 0.1545831412 1.3754897118
-17.6183109283 44.4014282227 -0.7654505968 10.2941484451 0.0000000000 0.0000000000 0.1544701457 1.3743976355
-17.6372222900 44.4490356445 -0.7801628113 10.2875585556 0.0000000000 0.0000000000 0.1543739438 1.3733279705
-17.6560897827 44.4964599609 -0.7952688932 10.2811927795 0.0000000000 0.0000000000 0.1542877704 1.3723495007
-17.6749038696 44.5437355042 -0.8103756905 10.2749786377 0.0000000000 0.0000000000 0.1542108506 1.3714239597
-17.6936988831 44.5909538269 -0.8257640004 10.2689456940 0.0000000000 0.0000000000 0.1541391164 1.3705312014
-17.7124748230 44.6380882263 -0.8411960006 10.2629375458 0.0000000000 0.0000000000 0.1540604979 1.3696634769
-17.7312297821 44.6851539612 -0.8564525247 10.2570371628 0.0000000000 0.0000000000 0.1539761573 1.3688296080
-17.7499694824 44.7321357727 -0.8711913228 10.2510919571 0.0000000000 0.0000000000 0.1538863331 1.3680236340
-17.7686042786 44.7789192200 -0.8847674131 10.2451963425 0.0000000000 0.0000000000 0.1537875086 1.3672331572
-17.7871456146 44.8255310059 -0.8980265260 10.2393531799 0.0000000000 0.0000000000 0.1536924243 1.3663812876
-17.8056983948 44.8721008301 -0.9109551907 10.2335901260 0.0000000000 0.0000000000 0.1536054909 1.3654839993
-17.8242111206 44.9185600281 -0.9241314530 10.2279510498 0.0000000000 0.0000000000 0.1535165459 1.3646022081
-17.8426799774 44.9648475647 -0.9369334579 10.2225580215 0.0000000000 0.0000000000 0.1534048915 1.3637454510
-17.8611450195 45.0110702515 -0.9498712420 10.2172794342 0.0000000000 0.0000000000 0.1532769203 1.3629515171
-17.8795146942 45.0571136475 -0.9627931714 10.2120485306 0.0000000000 0.0000000000 0.1531296521 1.3622214794
-17.8978328705 45.1030616760 -0.9761834741 10.2069120407 0.0000000000 0.0000000000 0.1529889852 1.3615757227
-17.9161357880 45.1489181519 -0.9901237488 10.2019796371 0.0000000000 0.0000000000 0.1528573632 1.3609709740
-17.9343757629 45.1945991516 -1.0046112537 10.1970691681 0.0000000000 0.0000000000 0.1527435482 1.3603874445
-17.9525947571 45.2401847839 -1.0199650526 10.1921777725 0.0000000000 0.0000000000 0.1526411176 1.3598312140
-17.9707889557 45.2856788635 -1.0357356071 10.1872539520 0.0000000000 0.0000000000 0.1525352448 1.3592633009
-17.9888668060 45.3308906555 -1.0519071817 10.1824159622 0.0000000000 0.0000000000 0.1524147987 1.3586468697
-18.0068016052 45.3758888245 -1.0682429075 10.1776113510 0.0000000000 0.0000000000 0.1522736698 1.3579545021
-18.0246810913 45.4207611084 -1.0852617025 10.1727218628 0.0000000000 0.0000000000 0.1521082819 1.3571584225
-18.0425510406 45.4655723572 -1.1024208069 10.1675548553 0.0000000000 0.0000000000 0.1519206315 1.3562784195
-18.0603675842 45.5102653503 -1.1194539070 10.1621999741 0.0000000000 0.0000000000 0.1517231166 1.3553239107
-18.0781822205 45.5549087524 -1.1361105442 10.1566553116 0.0000000000 0.0000000000 0.1515396535 1.3543022871
-18.0959472656 45.5994110107 -1.1521160603 10.1509103775 0.0000000000 0.0000000000 0.1513754129 1.3532836437
-18.1136360168 45.6437339783 -1.1671735048 10.1450309753 0.0000000000 0.0000000000 0.1512348205 1.3523075581
-18.1312904358 45.6878814697 -1.1812769175 10.1390619278 0.0000000000 0.0000000000 0.1511166543 1.3513753414
-18.1489028931 45.7318725586 -1.1948418617 10.1330432892 0.0000000000 0.0000000000 0.1510000229 1.3505181074
-18.1664848328 45.7757644653 -1.2073355913 10.1274023056 0.0000000000 0.0000000000 0.1508809477 1.3497577906
-18.1840076447 45.8195571899 -1.2191404104 10.1225500107 0.0000000000 0.0000000000 0.1507633626 1.3490848541
-18.2015171051 45.8633041382 -1.2307430506 10.1175718307 0.0000000000 0.0000000000 0.1506557912 1.3484718800
-18.2190227509 45.9070014954 -1.2420896292 10.1125316620 0.0000000000 0.0000000000 0.1505635679 1.3479353189
-18.2365608215 45.9507064819 -1.2531013489 10.1075334549 0.0000000000 0.0000000000 0.1504987180 1.3474599123
-18.2539978027 45.9941482544 -1.2639153004 10.1030044556 0.0000000000 0.0000000000 0.1504440159 1.3470426798
-18.2714290619 46.0375137329 -1.2753205299 10.0984163284 0.0000000000 0.0000000000 0.1503822953 1.3466246128
-18.2888889313 46.0808715820 -1.2869223356 10.0938129425 0.0000000000 0.0000000000 0.1503043324 1.3462190628
-18.3063468933 46.1241569519 -1.2991753817 10.0893840790 0.0000000000 0.0000000000 0.1502228379 1.3458051682
-18.3237895966 46.1674003601 -1.3121314049 10.0849809647 0.0000000000 0.0000000000 0.1501586735 1.3453629017
-18.3412590027 46.2106170654 -1.3258631229 10.0806255341 0.0000000000 0.0000000000 0.1501334012 1.3448748589
-18.3587036133 46.2537651062 -1.3398382664 10.0762882233 0.0000000000 0.0000000000 0.1501395404 1.3443301916
-18.3761253357 46.2968330383 -1.3539566994 10.0719184875 0.0000000000 0.0000000000 0.1501564085 1.3437247276
-18.3935508728 46.3398475647 -1.3679978848 10.0674934387 0.0000000000 0.0000000000 0.1501619220 1.3430713415
-18.4109668732 46.3827781677 -1.3820692301 10.0629777908 0.0000000000 0.0000000000 0.1501367837 1.3423893452
-18.4283695221 46.4256134033 -1.3958529234 10.0584774017 0.0000000000 0.0000000000 0.1500705183 1.3416837454
-18.4457263947 46.4682350159 -1.4090164900 10.0540819168 0.0000000000 0.0000000000 0.1499924511 1.3409752846
-18.4630813599 46.5107994080 -1.4218703508 10.0497455597 0.0000000000 0.0000000000 0.1499092728 1.3402740955
-18.4804248810 46.5532722473 -1.4345904589 10.0455398560 0.0000000000 0.0000000000 0.1498485208 1.3395463228
-18.4977512360 46.5956611633 -1.4476771355 10.0416927338 0.0000000000 0.0000000000 0.1498278677 1.3387789726
-18.5149669647 46.6378517151 -1.4606907368 10.0381479263 0.0000000000 0.0000000000 0.1498403102 1.3379746675
