#         COST_U        COST_H      COST_D       COST_S       REGU_H       REGU_A          HPO 
12.0817184448 619.9717407227 0.0000000000 0.0000000000 0.0000000000 0.0000000000
12.0837364197 611.7141113281 0.0000000000 0.0000075882 -0.8668459058 0.0436409488
12.1503496170 603.5367431641 0.0000000000 0.0000203824 -1.7130447626 0.2853618562
12.0889244080 595.4443969727 0.0000000000 0.0000486160 -2.5389456749 0.0851531923
12.0895786285 587.4318237305 0.0000000000 0.0000976660 -3.3465006351 0.1425381601
12.1052427292 579.5045776367 0.0000000000 0.0001520745 -4.1375303268 0.1550768316
12.0973215103 571.6619262695 0.0000000000 0.0001995532 -4.9143819809 0.0821795464
12.0985269547 563.9048461914 0.0000000000 0.0002354801 -5.6789264679 0.0520305522
12.0974712372 556.2340087891 0.0000000000 0.0002591067 -6.4325428009 0.0774581730
12.0964527130 548.6499633789 0.0000000000 0.0002725114 -7.1762204170 0.0905287415
12.0961360931 541.1529541016 0.0000000000 0.0002782596 -7.9106988907 0.0643063784
12.0976247787 533.7431640625 0.0000000000 0.0002782021 -8.6365652084 0.0353750922
12.0971345901 526.4206542969 0.0000000000 0.0002743757 -9.3542804718 0.0328157283
12.1006374359 519.1854248047 0.0000000000 0.0002682085 -10.0641937256 0.0460836105
12.1077270508 512.0366210938 0.0000000000 0.0002621977 -10.7665615082 0.0490488447
12.1044979095 504.9742431641 0.0000000000 0.0002679629 -11.4615020752 0.0360408612
12.1007957458 497.9979553223 0.0000000000 0.0002951671 -12.1492404938 0.0224296078
12.0987997055 491.1073608398 0.0000000000 0.0003503628 -12.8298997879 0.0203320011
12.1008796692 484.3023071289 0.0000000000 0.0004342479 -13.5035572052 0.0257175602
12.1065244675 477.5824279785 0.0000000000 0.0005417630 -14.1702728271 0.0272722691
12.1135501862 470.9473571777 0.0000000000 0.0006662363 -14.8301029205 0.0215360634
12.1207456589 464.3964538574 0.0000000000 0.0008040790 -15.4830951691 0.0147652663
12.1262025833 457.9291381836 0.0000000000 0.0009543428 -16.1293010712 0.0129452022
12.1296005249 451.5444641113 0.0000000000 0.0011177358 -16.7687816620 0.0149297230
12.1323528290 445.2418518066 0.0000000000 0.0012898915 -17.4015941620 0.0155736115
12.1353073120 439.0205688477 0.0000000000 0.0014728229 -18.0277843475 0.0128348405
12.1395034790 432.8800048828 0.0000000000 0.0016703069 -18.6474037170 0.0093965102
12.1454486847 426.8193664551 0.0000000000 0.0018869990 -19.2604923248 0.0082432255
12.1529531479 420.8382263184 0.0000000000 0.0021272164 -19.8670902252 0.0089785587
12.1619663239 414.9357299805 0.0000000000 0.0023953540 -20.4672431946 0.0091080545
12.1724138260 409.1112670898 0.0000000000 0.0026961849 -21.0610122681 0.0076071136
12.1842460632 403.3639831543 0.0000000000 0.0030326857 -21.6484355927 0.0058296388
12.1970624924 397.6931152344 0.0000000000 0.0034067661 -22.2295761108 0.0052360022
12.2103433609 392.0979309082 0.0000000000 0.0038209660 -22.8044795990 0.0055161631
12.2227115631 386.5773925781 0.0000000000 0.0042791613 -23.3732051849 0.0053915009
12.2335119247 381.1305236816 0.0000000000 0.0047858162 -23.9358119965 0.0044878898
12.2434511185 375.7564086914 0.0000000000 0.0053467876 -24.4923706055 0.0035971268
12.2526426315 370.4541320801 0.0000000000 0.0059681004 -25.0429306030 0.0033548935
12.2615270615 365.2228088379 0.0000000000 0.0066523026 -25.5875587463 0.0034368928
12.2703075409 360.0615844727 0.0000000000 0.0073984400 -26.1263046265 0.0032175593
12.2791433334 354.9696350098 0.0000000000 0.0082074841 -26.6592235565 0.0026647509
12.2880849838 349.9460144043 0.0000000000 0.0090824924 -27.1863746643 0.0022406611
12.2972116470 344.9899902344 0.0000000000 0.0100258570 -27.7078170776 0.0021644044
12.3064470291 340.1006469727 0.0000000000 0.0110413013 -28.2236194611 0.0021551265
12.3157873154 335.2772521973 0.0000000000 0.0121330563 -28.7338485718 0.0019260281
12.3255157471 330.5189208984 0.0000000000 0.0133064268 -29.2385711670 0.0015944341
12.3356599808 325.8249206543 0.0000000000 0.0145607749 -29.7378501892 0.0014249319
12.3461914062 321.1944274902 0.0000000000 0.0158954114 -30.2317504883 0.0014130315
12.3572168350 316.6266479492 0.0000000000 0.0173142571 -30.7203369141 0.0013491999
12.3684835434 312.1208496094 0.0000000000 0.0188202653 -31.2036666870 0.0011632940
12.3800334930 307.6762084961 0.0000000000 0.0204157252 -31.6817951202 0.0009966815
12.3916835785 303.2919006348 0.0000000000 0.0220992863 -32.1547927856 0.0009472204
12.4033346176 298.9672851562 0.0000000000 0.0238745101 -32.6227111816 0.0009334177
12.4149808884 294.7014465332 0.0000000000 0.0257474016 -33.0856132507 0.0008520285
12.4264879227 290.4937133789 0.0000000000 0.0277154986 -33.5435562134 0.0007372031
12.4381046295 286.3432922363 0.0000000000 0.0297801346 -33.9966125488 0.0006774282
12.4499139786 282.2493286133 0.0000000000 0.0319370367 -34.4448280334 0.0006652288
12.4619064331 278.2112121582 0.0000000000 0.0341812968 -34.8882713318 0.0006312042
12.4741439819 274.2282104492 0.0000000000 0.0365078710 -35.3270034790 0.0005645331
12.4863996506 270.2995300293 0.0000000000 0.0389194861 -35.7610855103 0.0005159990
12.4984674454 266.4244689941 0.0000000000 0.0414203964 -36.1905860901 0.0005037735
12.5103006363 262.6023864746 0.0000000000 0.0440144874 -36.6155624390 0.0004916286
12.5217256546 258.8324279785 0.0000000000 0.0467018448 -37.0360870361 0.0004586583
12.5326023102 255.1140136719 0.0000000000 0.0494801737 -37.4522209167 0.0004261787
12.5425634384 251.4463348389 0.0000000000 0.0523404144 -37.8640518188 0.0004132222
12.5512504578 247.8286895752 0.0000000000 0.0552840866 -38.2716293335 0.0004077605
12.5580015182 244.2603302002 0.0000000000 0.0583155788 -38.6750450134 0.0003914462
12.5633401871 240.7405395508 0.0000000000 0.0614440627 -39.0743713379 0.0003730723
12.5677881241 237.2686309814 0.0000000000 0.0646557957 -39.4696884155 0.0003644011
12.5716323853 233.8439483643 0.0000000000 0.0679403022 -39.8610534668 0.0003601820
12.5749750137 230.4658966064 0.0000000000 0.0712860525 -40.2485466003 0.0003508778
12.5780153275 227.1338348389 0.0000000000 0.0746882483 -40.6322174072 0.0003399935
12.5804548264 223.8471374512 0.0000000000 0.0781444684 -41.0121383667 0.0003325914
12.5824642181 220.6052398682 0.0000000000 0.0816488117 -41.3883743286 0.0003316173
12.5842018127 217.4075775146 0.0000000000 0.0851991922 -41.7609710693 0.0003312421
12.5856571198 214.2535705566 0.0000000000 0.0887867436 -42.1299896240 0.0003298288
12.5867042542 211.1426544189 0.0000000000 0.0924147442 -42.4954795837 0.0003315143
12.5874252319 208.0743408203 0.0000000000 0.0960828066 -42.8575096130 0.0003356676
12.5875968933 205.0480651855 0.0000000000 0.0997877717 -43.2160949707 0.0003369752
12.5876188278 202.0633239746 0.0000000000 0.1035313383 -43.5712966919 0.0003376568
12.5875024796 199.1195526123 0.0000000000 0.1073056757 -43.9231681824 0.0003404970
12.5871896744 196.2162322998 0.0000000000 0.1111121476 -44.2717514038 0.0003450629
12.5869426727 193.3528594971 0.0000000000 0.1149408594 -44.6170768738 0.0003464647
12.5866851807 190.5289154053 0.0000000000 0.1187904254 -44.9591903687 0.0003457975
12.5864582062 187.7438812256 0.0000000000 0.1226603761 -45.2981529236 0.0003512600
12.5863943100 184.9972686768 0.0000000000 0.1265431643 -45.6339721680 0.0003589805
12.5863027573 182.2885437012 0.0000000000 0.1304373890 -45.9667205811 0.0003629005
12.5860633850 179.6172485352 0.0000000000 0.1343445331 -46.2964057922 0.0003644148
12.5857334137 176.9829101562 0.0000000000 0.1382727027 -46.6230621338 0.0003668029
12.5853271484 174.3850402832 0.0000000000 0.1422185004 -46.9467468262 0.0003707621
12.5847396851 171.8231506348 0.0000000000 0.1461914033 -47.2674636841 0.0003714445
12.5841245651 169.2967681885 0.0000000000 0.1501971930 -47.5852661133 0.0003747168
12.5835113525 166.8054809570 0.0000000000 0.1542394608 -47.9001922607 0.0003785978
12.5828199387 164.3487854004 0.0000000000 0.1583195925 -48.2122573853 0.0003850100
12.5819149017 161.9262390137 0.0000000000 0.1624376625 -48.5214843750 0.0003897572
12.5809049606 159.5373992920 0.0000000000 0.1665877253 -48.8279266357 0.0003944861
12.5799531937 157.1818695068 0.0000000000 0.1707577854 -49.1315879822 0.0003997593
12.5789165497 154.8591613770 0.0000000000 0.1749530882 -49.4325218201 0.0004058004
12.5777845383 152.5688629150 0.0000000000 0.1791641563 -49.7307434082 0.0004086039
12.5766181946 150.3105468750 0.0000000000 0.1833777875 -50.0262985229 0.0004093341
12.5753135681 148.0838317871 0.0000000000 0.1875952780 -50.3191795349 0.0004093093
12.5738182068 145.8882598877 0.0000000000 0.1918104589 -50.6094284058 0.0004115019
12.5722532272 143.7234191895 0.0000000000 0.1960213780 -50.8970603943 0.0004163368
12.5707206726 141.5889282227 0.0000000000 0.2002249360 -51.1820945740 0.0004244050
12.5692768097 139.4843750000 0.0000000000 0.2044212967 -51.4645690918 0.0004281526
12.5677795410 137.4093322754 0.0000000000 0.2086221129 -51.7444839478 0.0004357497
12.5662393570 135.3634643555 0.0000000000 0.2128397077 -52.0218887329 0.0004356803
12.5647163391 133.3463592529 0.0000000000 0.2170762420 -52.2967948914 0.0004353778
12.5630788803 131.3576660156 0.0000000000 0.2213396877 -52.5692176819 0.0004371016
12.5613279343 129.3969879150 0.0000000000 0.2256285399 -52.8391952515 0.0004380861
12.5595216751 127.4639663696 0.0000000000 0.2299464643 -53.1067276001 0.0004406079
12.5576372147 125.5582733154 0.0000000000 0.2342960536 -53.3718490601 0.0004475063
12.5557899475 123.6794815063 0.0000000000 0.2386694700 -53.6345748901 0.0004565424
12.5539207458 121.8272933960 0.0000000000 0.2430641949 -53.8949394226 0.0004588909
12.5520067215 120.0013732910 0.0000000000 0.2474788576 -54.1529541016 0.0004630698
12.5500612259 118.2013320923 0.0000000000 0.2519208193 -54.4086608887 0.0004673062
12.5482540131 116.4268493652 0.0000000000 0.2563839555 -54.6620635986 0.0004745043
12.5464305878 114.6776046753 0.0000000000 0.2608626783 -54.9131851196 0.0004762966
12.5445146561 112.9532165527 0.0000000000 0.2653541863 -55.1620483398 0.0004754987
12.5425634384 111.2533721924 0.0000000000 0.2698531747 -55.4086761475 0.0004761186
12.5405693054 109.5777359009 0.0000000000 0.2743676901 -55.6530838013 0.0004779114
12.5385560989 107.9259643555 0.0000000000 0.2789025009 -55.8952941895 0.0004789831
12.5364923477 106.2977828979 0.0000000000 0.2834395468 -56.1353149414 0.0004805535
12.5343379974 104.6928176880 0.0000000000 0.2879785001 -56.3731689453 0.0004824259
12.5321283340 103.1108016968 0.0000000000 0.2925189137 -56.6088905334 0.0004852968
12.5297918320 101.5514068604 0.0000000000 0.2970524728 -56.8424835205 0.0004854675
12.5273780823 100.0143661499 0.0000000000 0.3015893102 -57.0739746094 0.0004840806
12.5248298645 98.4993591309 0.0000000000 0.3061314225 -57.3033828735 0.0004876571
12.5221338272 97.0061111450 0.0000000000 0.3106795549 -57.5307273865 0.0004937525
12.5193510056 95.5343017578 0.0000000000 0.3152324855 -57.7560081482 0.0004962886
12.5164699554 94.0836486816 0.0000000000 0.3197871745 -57.9792594910 0.0004960491
12.5135211945 92.6538925171 0.0000000000 0.3243442774 -58.2004852295 0.0004976443
12.5104627609 91.2447204590 0.0000000000 0.3289021850 -58.4197158813 0.0004967666
12.5073404312 89.8558807373 0.0000000000 0.3334628344 -58.6369628906 0.0004950231
12.5039815903 88.4871063232 0.0000000000 0.3380400538 -58.8522338867 0.0004961736
12.5004491806 87.1381225586 0.0000000000 0.3426409960 -59.0655708313 0.0004991503
12.4967823029 85.8086776733 0.0000000000 0.3472610414 -59.2769699097 0.0005025220
12.4929847717 84.4984970093 0.0000000000 0.3518972099 -59.4864654541 0.0005016368
12.4890203476 83.2073364258 0.0000000000 0.3565418422 -59.6940574646 0.0004966977
12.4848737717 81.9349288940 0.0000000000 0.3611901104 -59.8997573853 0.0004991507
12.4805603027 80.6810226440 0.0000000000 0.3658412695 -60.1035919189 0.0005036935
12.4761915207 79.4453735352 0.0000000000 0.3704893589 -60.3055877686 0.0005125990
12.4717540741 78.2277374268 0.0000000000 0.3751316369 -60.5057334900 0.0005108769
12.4671955109 77.0278625488 0.0000000000 0.3797679245 -60.7040939331 0.0005118583
12.4625015259 75.8455276489 0.0000000000 0.3843972981 -60.9006423950 0.0005126867
12.4577102661 74.6804962158 0.0000000000 0.3890241981 -61.0954208374 0.0005195715
12.4528074265 73.5325241089 0.0000000000 0.3936417103 -61.2884445190 0.0005306846
12.4477415085 72.4013824463 0.0000000000 0.3982588053 -61.4797134399 0.0005410789
12.4425792694 71.2868652344 0.0000000000 0.4028808475 -61.6692581177 0.0005435467
12.4373388290 70.1887283325 0.0000000000 0.4075114727 -61.8571014404 0.0005445071
12.4320354462 69.1067657471 0.0000000000 0.4121496081 -62.0432243347 0.0005406588
12.4266805649 68.0407562256 0.0000000000 0.4167959690 -62.2276611328 0.0005415030
12.4211349487 66.9904785156 0.0000000000 0.4214484096 -62.4104156494 0.0005444169
12.4154748917 65.9557342529 0.0000000000 0.4261056185 -62.5915184021 0.0005427759
12.4096717834 64.9362945557 0.0000000000 0.4307614863 -62.7709770203 0.0005454049
12.4037551880 63.9319725037 0.0000000000 0.4354153872 -62.9488067627 0.0005440490
12.3977518082 62.9425735474 0.0000000000 0.4400529563 -63.1250228882 0.0005449218
12.3916769028 61.9678421021 0.0000000000 0.4446766078 -63.2996520996 0.0005459361
12.3855304718 61.0076179504 0.0000000000 0.4492951035 -63.4726715088 0.0005512023
12.3793268204 60.0616950989 0.0000000000 0.4539092779 -63.6441230774 0.0005518230
12.3731079102 59.1298789978 0.0000000000 0.4585189521 -63.8139915466 0.0005529390
12.3667793274 58.2119903564 0.0000000000 0.4631243050 -63.9823188782 0.0005531950
12.3603324890 57.3078269958 0.0000000000 0.4677286148 -64.1491012573 0.0005553884
12.3537817001 56.4172172546 0.0000000000 0.4723470211 -64.3143539429 0.0005565666
12.3471508026 55.5399780273 0.0000000000 0.4769759476 -64.4781036377 0.0005518784
12.3403463364 54.6759185791 0.0000000000 0.4816121161 -64.6403503418 0.0005535046
12.3334226608 53.8248519897 0.0000000000 0.4862538278 -64.8011093140 0.0005580822
12.3263568878 52.9866027832 0.0000000000 0.4908928871 -64.9603881836 0.0005655469
12.3191490173 52.1609992981 0.0000000000 0.4955328703 -65.1182022095 0.0005708241
12.3117790222 51.3478698730 0.0000000000 0.5001736879 -65.2745742798 0.0005871042
12.3042631149 50.5470504761 0.0000000000 0.5048139691 -65.4295043945 0.0005987009
12.2966604233 49.7583656311 0.0000000000 0.5094515085 -65.5830230713 0.0006071434
12.2888841629 48.9816513062 0.0000000000 0.5140931010 -65.7351303101 0.0006034885
12.2810144424 48.2167587280 0.0000000000 0.5187375546 -65.8858566284 0.0005948363
12.2730541229 47.4634933472 0.0000000000 0.5233797431 -66.0351943970 0.0005926490
12.2648973465 46.7217063904 0.0000000000 0.5280133486 -66.1831588745 0.0005951920
12.2566518784 45.9912261963 0.0000000000 0.5326402187 -66.3297576904 0.0006008064
12.2483177185 45.2719078064 0.0000000000 0.5372512937 -66.4750213623 0.0006112364
12.2399663925 44.5635795593 0.0000000000 0.5418403745 -66.6189346313 0.0006224979
12.2316350937 43.8660926819 0.0000000000 0.5464052558 -66.7615127563 0.0006186071
12.2232007980 43.1793136597 0.0000000000 0.5509608388 -66.9027862549 0.0006234837
12.2146120071 42.5030975342 0.0000000000 0.5555207133 -67.0427627563 0.0006262734
12.2059135437 41.8372879028 0.0000000000 0.5600861907 -67.1814575195 0.0006398330
12.1971426010 41.1817512512 0.0000000000 0.5646619797 -67.3188705444 0.0006500693
12.1883172989 40.5363349915 0.0000000000 0.5692367554 -67.4550170898 0.0006548237
12.1794595718 39.9008979797 0.0000000000 0.5737970471 -67.5899047852 0.0006567046
12.1705150604 39.2753028870 0.0000000000 0.5783358812 -67.7235488892 0.0006698892
12.1615962982 38.6594085693 0.0000000000 0.5828481913 -67.8559494019 0.0006825185
12.1527137756 38.0530815125 0.0000000000 0.5873401761 -67.9871292114 0.0006827461
12.1438694000 37.4561996460 0.0000000000 0.5918226838 -68.1171188354 0.0006799293
12.1350317001 36.8686256409 0.0000000000 0.5963024497 -68.2458877563 0.0006865098
12.1262025833 36.2902259827 0.0000000000 0.6007727385 -68.3734741211 0.0006941738
12.1174001694 35.7208862305 0.0000000000 0.6052314043 -68.4998779297 0.0007069710
12.1085643768 35.1604537964 0.0000000000 0.6096772552 -68.6251144409 0.0007107430
12.0996561050 34.6088256836 0.0000000000 0.6141088605 -68.7491760254 0.0007131632
12.0907258987 34.0658531189 0.0000000000 0.6185125709 -68.8720779419 0.0007190822
12.0817146301 33.5314178467 0.0000000000 0.6228908896 -68.9938278198 0.0007197344
12.0727577209 33.0054092407 0.0000000000 0.6272419691 -69.1144638062 0.0007197774
12.0638771057 32.4877014160 0.0000000000 0.6315578818 -69.2339630127 0.0007145335
12.0550336838 31.9781761169 0.0000000000 0.6358476877 -69.3523483276 0.0007231360
12.0462198257 31.4767379761 0.0000000000 0.6401187181 -69.4696350098 0.0007297057
12.0374126434 30.9832592010 0.0000000000 0.6443709731 -69.5858383179 0.0007357207
12.0285835266 30.4976348877 0.0000000000 0.6486042738 -69.7009506226 0.0007400996
12.0197114944 30.0197505951 0.0000000000 0.6528131962 -69.8149948120 0.0007495731
12.0107927322 29.5495014191 0.0000000000 0.6570047140 -69.9279785156 0.0007634270
12.0018501282 29.0867729187 0.0000000000 0.6611767411 -70.0399017334 0.0007713152
11.9928579330 28.6314582825 0.0000000000 0.6653231382 -70.1507720947 0.0007776818
11.9838523865 28.1834430695 0.0000000000 0.6694477797 -70.2606353760 0.0007845843
11.9748258591 27.7426242828 0.0000000000 0.6735543013 -70.3694305420 0.0007844203
11.9656820297 27.3089027405 0.0000000000 0.6776556969 -70.4772186279 0.0007857434
11.9564638138 26.8821697235 0.0000000000 0.6817501187 -70.5839843750 0.0007943599
11.9472618103 26.4623222351 0.0000000000 0.6858273149 -70.6897583008 0.0008184713
11.9380464554 26.0492572784 0.0000000000 0.6898831725 -70.7945175171 0.0008402744
11.9288349152 25.6428852081 0.0000000000 0.6939144731 -70.8982849121 0.0008493863
11.9196567535 25.2430992126 0.0000000000 0.6979257464 -71.0010681152 0.0008596979
11.9105014801 24.8498134613 0.0000000000 0.7019177079 -71.1028900146 0.0008591314
11.9012918472 24.4629325867 0.0000000000 0.7059026361 -71.2037353516 0.0008647720
11.8920564651 24.0823650360 0.0000000000 0.7098888159 -71.3036346436 0.0008886746
11.8828020096 23.7080211639 0.0000000000 0.7138640881 -71.4025726318 0.0008967486
11.8734283447 23.3398094177 0.0000000000 0.7178341746 -71.5005874634 0.0009108904
11.8640136719 22.9776420593 0.0000000000 0.7218080759 -71.5976638794 0.0009286425
11.8545398712 22.6214351654 0.0000000000 0.7257753015 -71.6938323975 0.0009538606
11.8450555801 22.2710971832 0.0000000000 0.7297307849 -71.7890930176 0.0009903776
11.8355779648 21.9265460968 0.0000000000 0.7336656451 -71.8834609985 0.0010095972
11.8261003494 21.5876922607 0.0000000000 0.7375848889 -71.9769058228 0.0010421717
11.8165636063 21.2544460297 0.0000000000 0.7414847612 -72.0694808960 0.0010683187
11.8069982529 20.9267272949 0.0000000000 0.7453628182 -72.1611709595 0.0010954011
11.7973766327 20.6044464111 0.0000000000 0.7492297888 -72.2520065308 0.0011165090
11.7876749039 20.2875270844 0.0000000000 0.7530978918 -72.3419647217 0.0011450199
11.7778959274 19.9758834839 0.0000000000 0.7569542527 -72.4310455322 0.0011768484
11.7680568695 19.6694431305 0.0000000000 0.7607947588 -72.5192871094 0.0012028953
11.7582416534 19.3681259155 0.0000000000 0.7646141648 -72.6066741943 0.0012179558
11.7484102249 19.0718536377 0.0000000000 0.7684119940 -72.6932220459 0.0012270664
11.7385168076 18.7805557251 0.0000000000 0.7721945643 -72.7789535522 0.0012524502
11.7284812927 18.4941539764 0.0000000000 0.7759759426 -72.8638534546 0.0012828922
11.7182826996 18.2125740051 0.0000000000 0.7797507644 -72.9479293823 0.0013227790
11.7080068588 17.9357490540 0.0000000000 0.7835194468 -73.0312042236 0.0013534108
11.6976099014 17.6636085510 0.0000000000 0.7872931361 -73.1136779785 0.0013936220
11.6870756149 17.3960781097 0.0000000000 0.7910749316 -73.1953506470 0.0014360173
11.6765747070 17.1330871582 0.0000000000 0.7948541641 -73.2762374878 0.0014853328
11.6660451889 16.8745632172 0.0000000000 0.7986305356 -73.3563385010 0.0015174289
11.6554574966 16.6204357147 0.0000000000 0.8024048209 -73.4356689453 0.0015357806
11.6447725296 16.3706359863 0.0000000000 0.8061568737 -73.5142211914 0.0015560442
11.6341075897 16.1250991821 0.0000000000 0.8098897934 -73.5920028687 0.0016095919
11.6234331131 15.8837642670 0.0000000000 0.8135932684 -73.6690521240 0.0016623468
11.6126928329 15.6465616226 0.0000000000 0.8172687888 -73.7453536987 0.0017120934
11.6019744873 15.4134368896 0.0000000000 0.8209332228 -73.8209075928 0.0017473209
11.5913143158 15.1843214035 0.0000000000 0.8245962858 -73.8957290649 0.0017941475
11.5806779861 14.9591646194 0.0000000000 0.8282678723 -73.9698333740 0.0018354821
11.5700111389 14.7379074097 0.0000000000 0.8319264650 -74.0432205200 0.0018991111
11.5592985153 14.5204944611 0.0000000000 0.8355644345 -74.1159057617 0.0019573709
11.5485792160 14.3068666458 0.0000000000 0.8391791582 -74.1878890991 0.0019964210
11.5378103256 14.0969581604 0.0000000000 0.8427705765 -74.2591857910 0.0020383599
11.5269479752 13.8907175064 0.0000000000 0.8463504314 -74.3297958374 0.0020679685
11.5160675049 13.6880836487 0.0000000000 0.8499180675 -74.3997192383 0.0021136692
11.5051479340 13.4889955521 0.0000000000 0.8534850478 -74.4689712524 0.0021465009
11.4942865372 13.2934036255 0.0000000000 0.8570415378 -74.5375518799 0.0021997935
11.4834680557 13.1012496948 0.0000000000 0.8605770469 -74.6054534912 0.0022463100
11.4727096558 12.9124803543 0.0000000000 0.8640902638 -74.6726913452 0.0022614442
11.4619092941 12.7270402908 0.0000000000 0.8675873280 -74.7392883301 0.0022840130
11.4510784149 12.5448808670 0.0000000000 0.8710597157 -74.8052291870 0.0023382755
11.4402952194 12.3659477234 0.0000000000 0.8745018244 -74.8705139160 0.0023939302
11.4294557571 12.1901884079 0.0000000000 0.8779014349 -74.9351577759 0.0024980335
11.4187088013 12.0175552368 0.0000000000 0.8812595606 -74.9991607666 0.0025751384
11.4079847336 11.8480072021 0.0000000000 0.8845900297 -75.0625457764 0.0026396215
11.3971872330 11.6814994812 0.0000000000 0.8879069686 -75.1252899170 0.0027207583
11.3862810135 11.5179805756 0.0000000000 0.8912152648 -75.1874313354 0.0028006849
11.3753395081 11.3574085236 0.0000000000 0.8945186138 -75.2489471436 0.0028708628
11.3644189835 11.1997318268 0.0000000000 0.8978111148 -75.3098602295 0.0029445589
11.3535547256 11.0449085236 0.0000000000 0.9010917544 -75.3701629639 0.0030465841
11.3426809311 10.8928966522 0.0000000000 0.9043524861 -75.4298858643 0.0031127131
11.3318128586 10.7436485291 0.0000000000 0.9076044559 -75.4890289307 0.0031623025
11.3210296631 10.5971145630 0.0000000000 0.9108431339 -75.5475540161 0.0031926772
11.3102884293 10.4532499313 0.0000000000 0.9140805006 -75.6055068970 0.0032325683
11.2994499207 10.3120079041 0.0000000000 0.9173012972 -75.6629028320 0.0033088499
11.2884683609 10.1733493805 0.0000000000 0.9205025434 -75.7196960449 0.0034252834
11.2773399353 10.0372381210 0.0000000000 0.9236858487 -75.7759246826 0.0035404935
11.2662038803 9.9036331177 0.0000000000 0.9268594384 -75.8316040039 0.0036501107
11.2550516129 9.7724971771 0.0000000000 0.9300316572 -75.8867263794 0.0037491249
11.2438211441 9.6437826157 0.0000000000 0.9331937432 -75.9412841797 0.0038203201
11.2325305939 9.5174531937 0.0000000000 0.9363507628 -75.9953002930 0.0039112270
11.2211322784 9.3934631348 0.0000000000 0.9395024180 -76.0487747192 0.0040355097
11.2097253799 9.2717790604 0.0000000000 0.9426580667 -76.1017074585 0.0041404776
11.1982526779 9.1523637772 0.0000000000 0.9458268881 -76.1540985107 0.0042103273
11.1866159439 9.0351819992 0.0000000000 0.9490047693 -76.2059478760 0.0042721932
11.1748495102 8.9201936722 0.0000000000 0.9521774054 -76.2572860718 0.0043620770
11.1630678177 8.8073644638 0.0000000000 0.9553294182 -76.3080978394 0.0044881161
11.1511354446 8.6966676712 0.0000000000 0.9584811926 -76.3584213257 0.0046251267
11.1391992569 8.5880746841 0.0000000000 0.9616088271 -76.4082260132 0.0047519235
11.1272954941 8.4815464020 0.0000000000 0.9647155404 -76.4575271606 0.0048658708
11.1153545380 8.3770456314 0.0000000000 0.9677991867 -76.5063629150 0.0049695647
11.1034374237 8.2745409012 0.0000000000 0.9708731174 -76.5547103882 0.0050620930
11.0915784836 8.1739950180 0.0000000000 0.9739444256 -76.6025695801 0.0051569017
11.0796794891 8.0753784180 0.0000000000 0.9770111442 -76.6499786377 0.0052175443
11.0677080154 7.9786548615 0.0000000000 0.9800487757 -76.6968917847 0.0053777676
11.0554075241 7.8837924004 0.0000000000 0.9830657840 -76.7433471680 0.0055408813
11.0429201126 7.7907614708 0.0000000000 0.9860554934 -76.7893371582 0.0057314336
11.0303745270 7.6995315552 0.0000000000 0.9890273213 -76.8348617554 0.0059585716
11.0177879333 7.6100754738 0.0000000000 0.9919713736 -76.8799514771 0.0061496901
11.0050916672 7.5223660469 0.0000000000 0.9949058890 -76.9245834351 0.0063827890
10.9921808243 7.4363718033 0.0000000000 0.9978458881 -76.9687576294 0.0065949331
10.9791784286 7.3520550728 0.0000000000 1.0007672310 -77.0125122070 0.0068251071
10.9661121368 7.2693820000 0.0000000000 1.0036673546 -77.0558090210 0.0071481471
10.9528217316 7.1883215904 0.0000000000 1.0065402985 -77.0986633301 0.0075442521
10.9393863678 7.1088581085 0.0000000000 1.0094048977 -77.1410369873 0.0079554059
10.9259500504 7.0309705734 0.0000000000 1.0122821331 -77.1829986572 0.0083246268
10.9124889374 6.9546341896 0.0000000000 1.0151622295 -77.2245330811 0.0086613540
10.8988065720 6.8798170090 0.0000000000 1.0180499554 -77.2656402588 0.0089634135
10.8851804733 6.8064951897 0.0000000000 1.0209456682 -77.3063354492 0.0092249438
10.8715028763 6.7346467972 0.0000000000 1.0238649845 -77.3466033936 0.0094794659
10.8575887680 6.6642522812 0.0000000000 1.0267910957 -77.3864822388 0.0097484998
10.8436164856 6.5952854156 0.0000000000 1.0297305584 -77.4259490967 0.0100143235
10.8293914795 6.5277223587 0.0000000000 1.0326693058 -77.4650039673 0.0103035579
10.8148527145 6.4615340233 0.0000000000 1.0355995893 -77.5036697388 0.0107233031
10.8002586365 6.3967008591 0.0000000000 1.0385128260 -77.5419464111 0.0111251958
10.7854480743 6.3332028389 0.0000000000 1.0414367914 -77.5798263550 0.0114980945
10.7706899643 6.2710204124 0.0000000000 1.0443847179 -77.6173324585 0.0118899141
10.7560510635 6.2101302147 0.0000000000 1.0473651886 -77.6544494629 0.0122770118
10.7413969040 6.1505036354 0.0000000000 1.0503566265 -77.6911849976 0.0126317972
10.7265539169 6.0921187401 0.0000000000 1.0533648729 -77.7275543213 0.0130511001
10.7116327286 6.0349531174 0.0000000000 1.0563786030 -77.7635498047 0.0133739896
10.6966266632 5.9789862633 0.0000000000 1.0593923330 -77.7991790771 0.0136376247
10.6815366745 5.9241957664 0.0000000000 1.0624068975 -77.8344573975 0.0139425024
10.6662483215 5.8705606461 0.0000000000 1.0654128790 -77.8693542480 0.0144345462
10.6508045197 5.8180565834 0.0000000000 1.0683888197 -77.9038848877 0.0150811486
10.6353197098 5.7666659355 0.0000000000 1.0713256598 -77.9380722046 0.0156086609
10.6199550629 5.7163701057 0.0000000000 1.0742303133 -77.9718856812 0.0159710441
10.6045026779 5.6671543121 0.0000000000 1.0771075487 -78.0053787231 0.0163663272
10.5889358521 5.6189999580 0.0000000000 1.0799732208 -78.0385131836 0.0169076286
10.5734758377 5.5718879700 0.0000000000 1.0828222036 -78.0713272095 0.0173897371
10.5579891205 5.5258040428 0.0000000000 1.0856590271 -78.1037902832 0.0179341473
10.5422086716 5.4807291031 0.0000000000 1.0884876251 -78.1359252930 0.0186556987
10.5264043808 5.4366450310 0.0000000000 1.0913115740 -78.1677246094 0.0193316322
10.5106019974 5.3935303688 0.0000000000 1.0941348076 -78.1991882324 0.0198430046
10.4946956635 5.3513627052 0.0000000000 1.0969337225 -78.2303314209 0.0203503445
10.4789829254 5.3101348877 0.0000000000 1.0997242928 -78.2611389160 0.0208362415
10.4635295868 5.2698321342 0.0000000000 1.1025050879 -78.2916107178 0.0212506372
10.4480533600 5.2304301262 0.0000000000 1.1052807570 -78.3217773438 0.0215962939
10.4326953888 5.1919088364 0.0000000000 1.1080467701 -78.3516006470 0.0219268352
10.4174718857 5.1542515755 0.0000000000 1.1108000278 -78.3811111450 0.0223776065
10.4023046494 5.1174473763 0.0000000000 1.1135482788 -78.4103088379 0.0227741525
10.3870592117 5.0814762115 0.0000000000 1.1162837744 -78.4392089844 0.0231274925
10.3716869354 5.0463256836 0.0000000000 1.1190018654 -78.4678192139 0.0235623773
10.3562698364 5.0119824409 0.0000000000 1.1217072010 -78.4961013794 0.0239648018
10.3409843445 4.9784331322 0.0000000000 1.1243972778 -78.5240859985 0.0243380181
10.3256301880 4.9456691742 0.0000000000 1.1270525455 -78.5517807007 0.0247443691
10.3104438782 4.9136638641 0.0000000000 1.1296876669 -78.5791778564 0.0250765681
10.2953138351 4.8824110031 0.0000000000 1.1323096752 -78.6063003540 0.0254889801
10.2800636292 4.8519010544 0.0000000000 1.1349284649 -78.6331253052 0.0260850135
10.2647542953 4.8221187592 0.0000000000 1.1375231743 -78.6596984863 0.0267042574
10.2496185303 4.7930593491 0.0000000000 1.1401244402 -78.6859970093 0.0270902589
10.2345771790 4.7647047043 0.0000000000 1.1427264214 -78.7120285034 0.0273464639
10.2193984985 4.7370424271 0.0000000000 1.1453186274 -78.7378234863 0.0276986714
10.2040128708 4.7100563049 0.0000000000 1.1479116678 -78.7633209229 0.0280242600
10.1887578964 4.6837353706 0.0000000000 1.1505038738 -78.7885589600 0.0284063537
10.1735572815 4.6580691338 0.0000000000 1.1530919075 -78.8135452271 0.0286900606
10.1583995819 4.6330375671 0.0000000000 1.1556963921 -78.8382644653 0.0288474020
10.1432113647 4.6086254120 0.0000000000 1.1583083868 -78.8627090454 0.0291970167
10.1279811859 4.5848231316 0.0000000000 1.1609306335 -78.8869171143 0.0296242256
10.1128273010 4.5616378784 0.0000000000 1.1635438204 -78.9108581543 0.0301094018
10.0975427628 4.5390501022 0.0000000000 1.1661624908 -78.9345321655 0.0305077955
10.0821733475 4.5170521736 0.0000000000 1.1687868834 -78.9579772949 0.0309419632
10.0668296814 4.4956245422 0.0000000000 1.1714041233 -78.9811630249 0.0314228944
10.0515813828 4.4747543335 0.0000000000 1.1739929914 -79.0040893555 0.0319634452
10.0365600586 4.4544310570 0.0000000000 1.1765836477 -79.0267944336 0.0323445275
10.0216951370 4.4346404076 0.0000000000 1.1791499853 -79.0492401123 0.0325978622
10.0066785812 4.4153776169 0.0000000000 1.1816895008 -79.0714645386 0.0329041295
9.9916629791 4.3966326714 0.0000000000 1.1841940880 -79.0934677124 0.0332507528
9.9767665863 4.3783998489 0.0000000000 1.1866811514 -79.1152191162 0.0335270874
9.9619855881 4.3606624603 0.0000000000 1.1891589165 -79.1367416382 0.0338654555
9.9470663071 4.3434138298 0.0000000000 1.1916289330 -79.1580505371 0.0342565253
9.9323415756 4.3266367912 0.0000000000 1.1940908432 -79.1791381836 0.0345927104
9.9177455902 4.3103194237 0.0000000000 1.1965584755 -79.1999740601 0.0348933786
9.9033546448 4.2944555283 0.0000000000 1.1990116835 -79.2205886841 0.0350585990
9.8892230988 4.2790360451 0.0000000000 1.2014582157 -79.2410125732 0.0353603326
9.8749179840 4.2640571594 0.0000000000 1.2038974762 -79.2611846924 0.0357022695
9.8605279922 4.2495102882 0.0000000000 1.2063195705 -79.2811584473 0.0359338559
9.8462371826 4.2353873253 0.0000000000 1.2087200880 -79.3009490967 0.0360801034
9.8320674896 4.2216768265 0.0000000000 1.2111102343 -79.3205413818 0.0361229330
9.8181486130 4.2083687782 0.0000000000 1.2134928703 -79.3399581909 0.0362673216
9.8040733337 4.1954603195 0.0000000000 1.2158839703 -79.3591613770 0.0365126207
9.7898588181 4.1829395294 0.0000000000 1.2182648182 -79.3781738281 0.0369212404
9.7757177353 4.1707940102 0.0000000000 1.2206282616 -79.3969650269 0.0374032222
9.7619323730 4.1590166092 0.0000000000 1.2229688168 -79.4155807495 0.0377189219
9.7484025955 4.1476073265 0.0000000000 1.2253072262 -79.4340133667 0.0377927423
9.7349443436 4.1365604401 0.0000000000 1.2276355028 -79.4522399902 0.0378477536
9.7214679718 4.1258740425 0.0000000000 1.2299429178 -79.4702835083 0.0380967706
9.7078924179 4.1155376434 0.0000000000 1.2322334051 -79.4881134033 0.0384617932
9.6945228577 4.1055412292 0.0000000000 1.2344855070 -79.5057601929 0.0387862362
9.6814699173 4.0958766937 0.0000000000 1.2367081642 -79.5232467651 0.0388826840
9.6685857773 4.0865397453 0.0000000000 1.2389135361 -79.5405273438 0.0388877168
9.6556177139 4.0775260925 0.0000000000 1.2411141396 -79.5576477051 0.0390932895
9.6426181793 4.0688223839 0.0000000000 1.2433083057 -79.5745773315 0.0393656567
9.6298074722 4.0604276657 0.0000000000 1.2455053329 -79.5913467407 0.0396075472
9.6171798706 4.0523295403 0.0000000000 1.2476984262 -79.6079254150 0.0397714302
9.6046581268 4.0445213318 0.0000000000 1.2498693466 -79.6243438721 0.0399353169
9.5923423767 4.0369977951 0.0000000000 1.2520251274 -79.6405868530 0.0399106182
9.5801486969 4.0297570229 0.0000000000 1.2541607618 -79.6566696167 0.0398864746
9.5679960251 4.0227937698 0.0000000000 1.2562766075 -79.6725769043 0.0399990715
9.5558357239 4.0160951614 0.0000000000 1.2583767176 -79.6883239746 0.0401838683
9.5438156128 4.0096573830 0.0000000000 1.2604677677 -79.7039184570 0.0404165760
9.5317726135 4.0034770966 0.0000000000 1.2625303268 -79.7193298340 0.0406411849
9.5198678970 3.9975461960 0.0000000000 1.2645674944 -79.7345886230 0.0408104248
9.5078659058 3.9918589592 0.0000000000 1.2665882111 -79.7496795654 0.0409239121
9.4960489273 3.9864120483 0.0000000000 1.2685960531 -79.7646179199 0.0410368666
9.4843215942 3.9812095165 0.0000000000 1.2705818415 -79.7793960571 0.0412526540
9.4725999832 3.9762408733 0.0000000000 1.2725445032 -79.7940368652 0.0415474512
9.4607152939 3.9714994431 0.0000000000 1.2745023966 -79.8085098267 0.0419071913
9.4490547180 3.9669713974 0.0000000000 1.2764611244 -79.8228073120 0.0422100797
9.4375276566 3.9626560211 0.0000000000 1.2784074545 -79.8369674683 0.0423521362
9.4259366989 3.9585521221 0.0000000000 1.2803397179 -79.8509674072 0.0425978154
9.4144811630 3.9546532631 0.0000000000 1.2822730541 -79.8648376465 0.0428862534
9.4032182693 3.9509503841 0.0000000000 1.2841904163 -79.8785324097 0.0431317464
9.3921184540 3.9474344254 0.0000000000 1.2861229181 -79.8921051025 0.0431345403
9.3812665939 3.9441022873 0.0000000000 1.2880458832 -79.9055023193 0.0431855097
9.3704414368 3.9409496784 0.0000000000 1.2899777889 -79.9187545776 0.0432663411
9.3597335815 3.9379684925 0.0000000000 1.2919169664 -79.9318542480 0.0434080958
9.3490571976 3.9351551533 0.0000000000 1.2938477993 -79.9448089600 0.0435114503
9.3387346268 3.9325006008 0.0000000000 1.2957762480 -79.9576263428 0.0433669277
9.3285999298 3.9300086498 0.0000000000 1.2976924181 -79.9703063965 0.0432404913
9.3183574677 3.9276912212 0.0000000000 1.2995923758 -79.9828796387 0.0432319008
9.3080806732 3.9255418777 0.0000000000 1.3014801741 -79.9953002930 0.0434048027
9.2980890274 3.9235477448 0.0000000000 1.3033888340 -80.0076446533 0.0434748158
9.2880411148 3.9217028618 0.0000000000 1.3052790165 -80.0198516846 0.0435844511
9.2782430649 3.9199917316 0.0000000000 1.3071424961 -80.0319595337 0.0436098129
9.2685203552 3.9184157848 0.0000000000 1.3089996576 -80.0439376831 0.0436141901
9.2588167191 3.9169719219 0.0000000000 1.3108628988 -80.0557785034 0.0437267199
9.2493495941 3.9156582355 0.0000000000 1.3127173185 -80.0675201416 0.0437539071
9.2399749756 3.9144768715 0.0000000000 1.3145576715 -80.0791168213 0.0438481383
9.2306184769 3.9134356976 0.0000000000 1.3163722754 -80.0906219482 0.0439316593
9.2213611603 3.9125323296 0.0000000000 1.3181631565 -80.1019973755 0.0440812819
9.2123804092 3.9117479324 0.0000000000 1.3199505806 -80.1132507324 0.0439638644
9.2035884857 3.9110851288 0.0000000000 1.3217192888 -80.1243972778 0.0438283682
9.1945676804 3.9105370045 0.0000000000 1.3234503269 -80.1354064941 0.0439106971
9.1854133606 3.9101028442 0.0000000000 1.3251522779 -80.1462860107 0.0442625880
9.1763858795 3.9097771645 0.0000000000 1.3268334866 -80.1570281982 0.0444993339
9.1676616669 3.9095578194 0.0000000000 1.3285039663 -80.1676559448 0.0444825515
9.1590003967 3.9094436169 0.0000000000 1.3301819563 -80.1781539917 0.0444855690
9.1502676010 3.9094336033 0.0000000000 1.3318371773 -80.1885299683 0.0445826873
9.1416397095 3.9095246792 0.0000000000 1.3334718943 -80.1987915039 0.0446873344
9.1330957413 3.9097125530 0.0000000000 1.3350888491 -80.2089614868 0.0447276570
9.1247549057 3.9099957943 0.0000000000 1.3366867304 -80.2190246582 0.0447072387
9.1162509918 3.9103717804 0.0000000000 1.3382898569 -80.2289657593 0.0448391587
9.1077451706 3.9108254910 0.0000000000 1.3398946524 -80.2388000488 0.0449358970
9.0993442535 3.9113602638 0.0000000000 1.3415107727 -80.2485046387 0.0449576378
9.0910339355 3.9119844437 0.0000000000 1.3431265354 -80.2581481934 0.0450274386
9.0826368332 3.9126992226 0.0000000000 1.3447332382 -80.2676391602 0.0452587605
9.0742769241 3.9135007858 0.0000000000 1.3463343382 -80.2770538330 0.0455303565
9.0660448074 3.9143722057 0.0000000000 1.3479475975 -80.2863769531 0.0455582850
9.0578718185 3.9153103828 0.0000000000 1.3495545387 -80.2955703735 0.0456140228
9.0496549606 3.9163103104 0.0000000000 1.3511301279 -80.3046417236 0.0457519293
9.0416250229 3.9173669815 0.0000000000 1.3526811600 -80.3135986328 0.0458144546
9.0336990356 3.9184942245 0.0000000000 1.3542101383 -80.3224563599 0.0457981639
9.0256805420 3.9196896553 0.0000000000 1.3557411432 -80.3312225342 0.0457424596
9.0174856186 3.9209520817 0.0000000000 1.3572615385 -80.3398742676 0.0459301546
9.0093870163 3.9222807884 0.0000000000 1.3587828875 -80.3483963013 0.0460726842
9.0012788773 3.9236681461 0.0000000000 1.3603043556 -80.3568267822 0.0461669117
8.9932909012 3.9251115322 0.0000000000 1.3618021011 -80.3651580811 0.0461222306
8.9852857590 3.9266061783 0.0000000000 1.3632959127 -80.3733978271 0.0460273474
8.9772672653 3.9281516075 0.0000000000 1.3647754192 -80.3815383911 0.0460394025
8.9691085815 3.9297530651 0.0000000000 1.3662425280 -80.3895568848 0.0461272895
8.9608812332 3.9314103127 0.0000000000 1.3676893711 -80.3974990845 0.0463624671
8.9528465271 3.9331212044 0.0000000000 1.3691133261 -80.4053802490 0.0465454720
8.9450168610 3.9348773956 0.0000000000 1.3705143929 -80.4131317139 0.0465944707
8.9373149872 3.9366729259 0.0000000000 1.3719171286 -80.4208221436 0.0465214178
8.9292659760 3.9385075569 0.0000000000 1.3733097315 -80.4283981323 0.0466702133
8.9211378098 3.9403824806 0.0000000000 1.3746852875 -80.4358596802 0.0469750576
8.9131412506 3.9422960281 0.0000000000 1.3760409355 -80.4432525635 0.0471147895
8.9054222107 3.9442551136 0.0000000000 1.3773908615 -80.4505538940 0.0470560044
8.8976354599 3.9462559223 0.0000000000 1.3787379265 -80.4577789307 0.0471068360
8.8897924423 3.9482948780 0.0000000000 1.3800963163 -80.4649353027 0.0472778156
8.8819417953 3.9503662586 0.0000000000 1.3814578056 -80.4720001221 0.0475291088
8.8743143082 3.9524598122 0.0000000000 1.3828144073 -80.4789810181 0.0476576760
8.8667459488 3.9545822144 0.0000000000 1.3841834068 -80.4859085083 0.0476404093
8.8591232300 3.9567346573 0.0000000000 1.3855674267 -80.4927444458 0.0477412269
8.8514966965 3.9589259624 0.0000000000 1.3869668245 -80.4994964600 0.0479415432
8.8441286087 3.9611570835 0.0000000000 1.3883687258 -80.5061950684 0.0478400700
8.8367376328 3.9634253979 0.0000000000 1.3897613287 -80.5128402710 0.0477888994
8.8291435242 3.9657258987 0.0000000000 1.3911526203 -80.5193710327 0.0479316562
8.8217077255 3.9680495262 0.0000000000 1.3925350904 -80.5258331299 0.0480077565
8.8142728806 3.9704051018 0.0000000000 1.3939026594 -80.5322418213 0.0481336229
8.8068475723 3.9727795124 0.0000000000 1.3952784538 -80.5385894775 0.0482321978
8.7995433807 3.9751648903 0.0000000000 1.3966728449 -80.5448455811 0.0483281389
8.7922248840 3.9775617123 0.0000000000 1.3980809450 -80.5510101318 0.0483625941
8.7848520279 3.9799723625 0.0000000000 1.3994872570 -80.5570983887 0.0484674983
8.7775163651 3.9824008942 0.0000000000 1.4008796215 -80.5631256104 0.0486503318
8.7703323364 3.9848399162 0.0000000000 1.4022808075 -80.5690841675 0.0487041883
8.7632646561 3.9872949123 0.0000000000 1.4036864042 -80.5749969482 0.0487975329
8.7560796738 3.9897696972 0.0000000000 1.4050770998 -80.5808410645 0.0489659011
8.7488937378 3.9922699928 0.0000000000 1.4064656496 -80.5866394043 0.0491925851
8.7417755127 3.9947838783 0.0000000000 1.4078434706 -80.5923919678 0.0493334532
8.7346496582 3.9972949028 0.0000000000 1.4092245102 -80.5980682373 0.0493957475
8.7275552750 3.9998197556 0.0000000000 1.4106094837 -80.6036529541 0.0495009832
8.7203712463 4.0023674965 0.0000000000 1.4119794369 -80.6092376709 0.0496381707
8.7132568359 4.0049376488 0.0000000000 1.4133185148 -80.6147308350 0.0498604365
8.7062473297 4.0075230598 0.0000000000 1.4146579504 -80.6201553345 0.0500401109
8.6994180679 4.0101189613 0.0000000000 1.4159902334 -80.6255340576 0.0501099974
8.6926527023 4.0127329826 0.0000000000 1.4173108339 -80.6308670044 0.0500987098
8.6858663559 4.0153608322 0.0000000000 1.4186283350 -80.6361007690 0.0501495525
8.6790761948 4.0180010796 0.0000000000 1.4199393988 -80.6412811279 0.0502394736
8.6722593307 4.0206379890 0.0000000000 1.4212461710 -80.6463928223 0.0502600223
8.6656551361 4.0232772827 0.0000000000 1.4225507975 -80.6514358521 0.0502437353
8.6589365005 4.0259208679 0.0000000000 1.4238340855 -80.6563949585 0.0502904095
8.6522884369 4.0285773277 0.0000000000 1.4250705242 -80.6613006592 0.0503272191
8.6454935074 4.0312547684 0.0000000000 1.4262617826 -80.6661376953 0.0505802184
8.6387853622 4.0339298248 0.0000000000 1.4274803400 -80.6709289551 0.0506394543
8.6323623657 4.0366001129 0.0000000000 1.4287341833 -80.6756668091 0.0506064594
8.6257162094 4.0392799377 0.0000000000 1.4299919605 -80.6803512573 0.0507666729
8.6191644669 4.0419611931 0.0000000000 1.4312163591 -80.6849822998 0.0509454124
8.6125974655 4.0446376801 0.0000000000 1.4324434996 -80.6895599365 0.0510252826
8.6060924530 4.0473003387 0.0000000000 1.4336644411 -80.6940841675 0.0511050299
8.5994853973 4.0499596596 0.0000000000 1.4348602295 -80.6984863281 0.0512609333
8.5930709839 4.0526199341 0.0000000000 1.4360498190 -80.7028579712 0.0512954555
8.5867033005 4.0552797318 0.0000000000 1.4372140169 -80.7071838379 0.0513753593
8.5803995132 4.0579390526 0.0000000000 1.4383565187 -80.7114868164 0.0514671281
8.5740623474 4.0605955124 0.0000000000 1.4394700527 -80.7157516479 0.0515437499
8.5679035187 4.0632419586 0.0000000000 1.4405698776 -80.7199859619 0.0516092852
8.5619840622 4.0658807755 0.0000000000 1.4416785240 -80.7241897583 0.0515620969
8.5559635162 4.0685086250 0.0000000000 1.4427793026 -80.7283401489 0.0516624413
8.5498294830 4.0711278915 0.0000000000 1.4438654184 -80.7324676514 0.0519100130
8.5438871384 4.0737404823 0.0000000000 1.4449590445 -80.7365493774 0.0520696491
8.5381011963 4.0763540268 0.0000000000 1.4460431337 -80.7406311035 0.0519750714
8.5324192047 4.0789647102 0.0000000000 1.4471344948 -80.7446594238 0.0518777780
8.5266227722 4.0815687180 0.0000000000 1.4482172728 -80.7486572266 0.0519405901
8.5208435059 4.0841593742 0.0000000000 1.4492735863 -80.7526016235 0.0519713014
8.5150613785 4.0867400169 0.0000000000 1.4503227472 -80.7565155029 0.0521990210
8.5091285706 4.0893144608 0.0000000000 1.4513627291 -80.7603454590 0.0525734499
8.5033912659 4.0918745995 0.0000000000 1.4523900747 -80.7641448975 0.0526685603
8.4979228973 4.0944299698 0.0000000000 1.4534114599 -80.7679061890 0.0525317006
8.4924974442 4.0969800949 0.0000000000 1.4544433355 -80.7716293335 0.0524018034
8.4867534637 4.0995240211 0.0000000000 1.4554777145 -80.7752914429 0.0525131449
8.4810867310 4.1020474434 0.0000000000 1.4565043449 -80.7789230347 0.0526895411
8.4753484726 4.1045522690 0.0000000000 1.4575500488 -80.7825012207 0.0528116152
8.4697265625 4.1070446968 0.0000000000 1.4586018324 -80.7860260010 0.0529856943
8.4641838074 4.1095299721 0.0000000000 1.4596751928 -80.7895202637 0.0530237332
8.4587697983 4.1120109558 0.0000000000 1.4607411623 -80.7929840088 0.0529697351
8.4533691406 4.1144790649 0.0000000000 1.4617995024 -80.7963943481 0.0530706383
8.4478263855 4.1169409752 0.0000000000 1.4628324509 -80.7997283936 0.0532604679
8.4423656464 4.1193952560 0.0000000000 1.4638568163 -80.8030624390 0.0533612818
8.4370355606 4.1218395233 0.0000000000 1.4648677111 -80.8063354492 0.0533975288
8.4317741394 4.1242613792 0.0000000000 1.4658807516 -80.8095932007 0.0534069613
8.4265184402 4.1266603470 0.0000000000 1.4668736458 -80.8128051758 0.0535382405
8.4211282730 4.1290493011 0.0000000000 1.4678614140 -80.8159790039 0.0537505671
8.4158325195 4.1314344406 0.0000000000 1.4688483477 -80.8191299438 0.0539994687
8.4104795456 4.1338186264 0.0000000000 1.4698321819 -80.8222503662 0.0541659482
8.4054813385 4.1361875534 0.0000000000 1.4708253145 -80.8253402710 0.0541885644
8.4004430771 4.1385288239 0.0000000000 1.4718025923 -80.8284149170 0.0541442819
8.3951950073 4.1408481598 0.0000000000 1.4727733135 -80.8314056396 0.0544095002
8.3899040222 4.1431474686 0.0000000000 1.4737545252 -80.8343353271 0.0547073968
8.3849220276 4.1454238892 0.0000000000 1.4747276306 -80.8372421265 0.0547491461
8.3800830841 4.1476898193 0.0000000000 1.4756933451 -80.8401336670 0.0546951927
8.3753108978 4.1499533653 0.0000000000 1.4766561985 -80.8429794312 0.0546840802
8.3704319000 4.1522126198 0.0000000000 1.4775882959 -80.8457870483 0.0548148006
8.3657464981 4.1544628143 0.0000000000 1.4784923792 -80.8486175537 0.0548821092
8.3610172272 4.1566963196 0.0000000000 1.4793943167 -80.8513793945 0.0549692810
8.3565120697 4.1589088440 0.0000000000 1.4803187847 -80.8541717529 0.0549356826
8.3520565033 4.1610970497 0.0000000000 1.4812561274 -80.8569259644 0.0549021550
8.3474540710 4.1632494926 0.0000000000 1.4822130203 -80.8596420288 0.0550694466
8.3426456451 4.1653923988 0.0000000000 1.4831582308 -80.8623123169 0.0552918091
8.3379402161 4.1675243378 0.0000000000 1.4841027260 -80.8649444580 0.0554856583
8.3335151672 4.1696367264 0.0000000000 1.4850500822 -80.8675537109 0.0554481521
8.3289794922 4.1717300415 0.0000000000 1.4859851599 -80.8701019287 0.0554859824
8.3245353699 4.1738100052 0.0000000000 1.4869189262 -80.8726119995 0.0554361269
8.3199157715 4.1758842468 0.0000000000 1.4878519773 -80.8750762939 0.0555827282
8.3153753281 4.1779575348 0.0000000000 1.4888039827 -80.8774948120 0.0556005612
8.3108091354 4.1800317764 0.0000000000 1.4897534847 -80.8798904419 0.0557009690
8.3062973022 4.1820893288 0.0000000000 1.4906899929 -80.8822479248 0.0556820445
8.3017921448 4.1841359138 0.0000000000 1.4916247129 -80.8845520020 0.0557588600
8.2973480225 4.1861639023 0.0000000000 1.4925472736 -80.8868408203 0.0557952560
8.2926540375 4.1881771088 0.0000000000 1.4934508801 -80.8890991211 0.0560076386
8.2881307602 4.1901702881 0.0000000000 1.4943581820 -80.8913116455 0.0560513213
8.2836437225 4.1921415329 0.0000000000 1.4952774048 -80.8935165405 0.0560603850
8.2790288925 4.1940999031 0.0000000000 1.4962075949 -80.8956756592 0.0562075935
8.2743053436 4.1960444450 0.0000000000 1.4971232414 -80.8978118896 0.0564215668
8.2697114944 4.1979746819 0.0000000000 1.4980468750 -80.8999481201 0.0565560907
8.2652845383 4.1999001503 0.0000000000 1.4989672899 -80.9020919800 0.0565670766
8.2608823776 4.2018041611 0.0000000000 1.4998841286 -80.9041976929 0.0564658046
8.2564449310 4.2036800385 0.0000000000 1.5007855892 -80.9062957764 0.0566256791
8.2520093918 4.2055292130 0.0000000000 1.5017167330 -80.9083251953 0.0567030236
8.2476167679 4.2073588371 0.0000000000 1.5026527643 -80.9103317261 0.0567411259
8.2433900833 4.2091908455 0.0000000000 1.5035690069 -80.9123306274 0.0566765703
8.2390661240 4.2110166550 0.0000000000 1.5044642687 -80.9143218994 0.0566882193
8.2346649170 4.2128248215 0.0000000000 1.5053583384 -80.9162979126 0.0567843467
8.2303752899 4.2146096230 0.0000000000 1.5062303543 -80.9182891846 0.0567535311
8.2262296677 4.2163686752 0.0000000000 1.5071139336 -80.9202575684 0.0567002445
8.2220458984 4.2181034088 0.0000000000 1.5080080032 -80.9222335815 0.0566678867
8.2178335190 4.2198114395 0.0000000000 1.5088701248 -80.9241638184 0.0568148680
8.2134628296 4.2214970589 0.0000000000 1.5097016096 -80.9261245728 0.0570773706
8.2092742920 4.2231616974 0.0000000000 1.5105385780 -80.9281005859 0.0573071055
8.2051258087 4.2248106003 0.0000000000 1.5113570690 -80.9300231934 0.0574339479
8.2011518478 4.2264537811 0.0000000000 1.5121755600 -80.9319686890 0.0575183928
8.1971921921 4.2280855179 0.0000000000 1.5129954815 -80.9338455200 0.0575589798
8.1930131912 4.2296938896 0.0000000000 1.5138098001 -80.9357070923 0.0577263534
8.1888113022 4.2312707901 0.0000000000 1.5146200657 -80.9375000000 0.0578962043
8.1846609116 4.2328329086 0.0000000000 1.5154377222 -80.9392852783 0.0579495914
8.1805944443 4.2343859673 0.0000000000 1.5162601471 -80.9410552979 0.0579324737
8.1765975952 4.2359399796 0.0000000000 1.5170792341 -80.9428253174 0.0580166355
8.1724739075 4.2374892235 0.0000000000 1.5179066658 -80.9445343018 0.0581247173
8.1683406830 4.2390480042 0.0000000000 1.5187146664 -80.9462585449 0.0582708120
8.1643972397 4.2406039238 0.0000000000 1.5195075274 -80.9479370117 0.0583723634
8.1603565216 4.2421464920 0.0000000000 1.5202941895 -80.9495697021 0.0584495068
8.1564779282 4.2436738014 0.0000000000 1.5211101770 -80.9512176514 0.0585304983
8.1523895264 4.2451829910 0.0000000000 1.5219526291 -80.9528198242 0.0585832670
8.1483144760 4.2466783524 0.0000000000 1.5227900743 -80.9543609619 0.0587945767
8.1441211700 4.2481641769 0.0000000000 1.5236322880 -80.9558792114 0.0590185858
8.1400680542 4.2496395111 0.0000000000 1.5244753361 -80.9573822021 0.0591358542
8.1362218857 4.2510976791 0.0000000000 1.5253160000 -80.9588775635 0.0591148585
8.1322154999 4.2525501251 0.0000000000 1.5261596441 -80.9603424072 0.0591669530
8.1281805038 4.2539868355 0.0000000000 1.5270105600 -80.9617767334 0.0593447387
8.1240825653 4.2554054260 0.0000000000 1.5278584957 -80.9632034302 0.0594290569
8.1201496124 4.2568111420 0.0000000000 1.5286895037 -80.9646224976 0.0595597476
8.1160659790 4.2582011223 0.0000000000 1.5295096636 -80.9659881592 0.0596645139
8.1119966507 4.2595858574 0.0000000000 1.5303306580 -80.9673233032 0.0598291159
8.1082305908 4.2609591484 0.0000000000 1.5311648846 -80.9686889648 0.0597150400
8.1046066284 4.2623200417 0.0000000000 1.5320143700 -80.9700622559 0.0595121123
8.1007175446 4.2636857033 0.0000000000 1.5328246355 -80.9714508057 0.0595799051
8.0967798233 4.2650604248 0.0000000000 1.5336023569 -80.9728164673 0.0597623810
8.0929517746 4.2664241791 0.0000000000 1.5343767405 -80.9741821289 0.0599440597
8.0891160965 4.2677760124 0.0000000000 1.5351619720 -80.9755325317 0.0600535423
8.0851726532 4.2691092491 0.0000000000 1.5359416008 -80.9768676758 0.0602554902
8.0814809799 4.2704215050 0.0000000000 1.5367184877 -80.9781723022 0.0602646917
8.0778102875 4.2717399597 0.0000000000 1.5374956131 -80.9794769287 0.0602031052
8.0741767883 4.2730612755 0.0000000000 1.5382667780 -80.9807662964 0.0601689890
8.0705070496 4.2743716240 0.0000000000 1.5390470028 -80.9820404053 0.0600723252
8.0668878555 4.2756705284 0.0000000000 1.5398154259 -80.9833221436 0.0600657612
8.0631761551 4.2769575119 0.0000000000 1.5405707359 -80.9845886230 0.0601077899
8.0595149994 4.2782235146 0.0000000000 1.5413105488 -80.9858551025 0.0601553246
8.0561103821 4.2794589996 0.0000000000 1.5420607328 -80.9870986938 0.0600102842
8.0526943207 4.2806825638 0.0000000000 1.5428000689 -80.9883117676 0.0597937368
8.0489768982 4.2818894386 0.0000000000 1.5435450077 -80.9894943237 0.0599194504
8.0452728271 4.2830753326 0.0000000000 1.5442966223 -80.9906463623 0.0600551441
8.0417251587 4.2842473984 0.0000000000 1.5450187922 -80.9918060303 0.0601195134
8.0381259918 4.2854127884 0.0000000000 1.5457370281 -80.9928970337 0.0602052771
8.0346508026 4.2865719795 0.0000000000 1.5464633703 -80.9940032959 0.0601769239
8.0313234329 4.2877216339 0.0000000000 1.5471812487 -80.9950866699 0.0601392798
8.0278882980 4.2888660431 0.0000000000 1.5479044914 -80.9961776733 0.0600794405
8.0245647430 4.2900071144 0.0000000000 1.5486209393 -80.9972534180 0.0600677803
8.0211477280 4.2911343575 0.0000000000 1.5493316650 -80.9983139038 0.0600918010
8.0176639557 4.2922539711 0.0000000000 1.5500355959 -80.9993591309 0.0602734908
8.0141696930 4.2933750153 0.0000000000 1.5507217646 -81.0004043579 0.0604204535
8.0107784271 4.2944788933 0.0000000000 1.5513962507 -81.0014419556 0.0605515689
8.0074558258 4.2955527306 0.0000000000 1.5520762205 -81.0024871826 0.0605418533
8.0042591095 4.2966008186 0.0000000000 1.5527571440 -81.0034942627 0.0605615675
8.0010824203 4.2976331711 0.0000000000 1.5534505844 -81.0045166016 0.0605718605
7.9980473518 4.2986683846 0.0000000000 1.5541323423 -81.0055465698 0.0605157577
7.9948143959 4.2996997833 0.0000000000 1.5548064709 -81.0065765381 0.0605063438
7.9915757179 4.3007206917 0.0000000000 1.5554969311 -81.0075683594 0.0605966970
7.9883918762 4.3017191887 0.0000000000 1.5561866760 -81.0085296631 0.0606510714
7.9853396416 4.3027229309 0.0000000000 1.5568423271 -81.0095062256 0.0606402531
7.9821925163 4.3037362099 0.0000000000 1.5574886799 -81.0104522705 0.0606885478
7.9790010452 4.3047285080 0.0000000000 1.5581334829 -81.0113525391 0.0608255900
7.9758758545 4.3057031631 0.0000000000 1.5587606430 -81.0122528076 0.0608451888
7.9727659225 4.3066759109 0.0000000000 1.5593740940 -81.0131225586 0.0608926564
7.9698953629 4.3076338768 0.0000000000 1.5599927902 -81.0140380859 0.0609457791
7.9667778015 4.3085842133 0.0000000000 1.5606186390 -81.0149383545 0.0609799288
7.9637069702 4.3095245361 0.0000000000 1.5612378120 -81.0158157349 0.0610728711
7.9606900215 4.3104505539 0.0000000000 1.5618482828 -81.0167007446 0.0611462109
7.9577937126 4.3113741875 0.0000000000 1.5624529123 -81.0175781250 0.0611912496
7.9548683167 4.3122954369 0.0000000000 1.5630631447 -81.0184631348 0.0612326935
7.9518165588 4.3132176399 0.0000000000 1.5636693239 -81.0193481445 0.0613344014
7.9488391876 4.3141326904 0.0000000000 1.5642671585 -81.0202026367 0.0614816174
7.9457364082 4.3150429726 0.0000000000 1.5648640394 -81.0210418701 0.0616045669
7.9429421425 4.3159527779 0.0000000000 1.5654423237 -81.0219116211 0.0615477525
7.9400472641 4.3168630600 0.0000000000 1.5660200119 -81.0227355957 0.0615179837
7.9371786118 4.3177638054 0.0000000000 1.5665863752 -81.0235290527 0.0614475906
7.9343514442 4.3186540604 0.0000000000 1.5671857595 -81.0243606567 0.0613827258
7.9313879013 4.3195214272 0.0000000000 1.5678070784 -81.0251693726 0.0613665879
7.9283585548 4.3203778267 0.0000000000 1.5684082508 -81.0259399414 0.0614837185
7.9253354073 4.3212194443 0.0000000000 1.5690239668 -81.0267333984 0.0615383983
7.9224557877 4.3220481873 0.0000000000 1.5696731806 -81.0275268555 0.0616151914
7.9195413589 4.3228740692 0.0000000000 1.5703312159 -81.0283584595 0.0616127327
7.9165630341 4.3237051964 0.0000000000 1.5709735155 -81.0291442871 0.0617147535
7.9134860039 4.3245358467 0.0000000000 1.5716043711 -81.0298919678 0.0617522411
7.9106035233 4.3253531456 0.0000000000 1.5722203255 -81.0306396484 0.0617551804
7.9076566696 4.3261632919 0.0000000000 1.5728267431 -81.0313720703 0.0617036782
7.9047207832 4.3269639015 0.0000000000 1.5734269619 -81.0321044922 0.0617831349
7.9017739296 4.3277606964 0.0000000000 1.5739946365 -81.0328063965 0.0617426112
7.8990211487 4.3285522461 0.0000000000 1.5745637417 -81.0335083008 0.0615952015
7.8960943222 4.3293361664 0.0000000000 1.5751445293 -81.0341796875 0.0615442134
7.8930377960 4.3301095963 0.0000000000 1.5757218599 -81.0348510742 0.0616144687
7.8900833130 4.3308706284 0.0000000000 1.5763028860 -81.0354919434 0.0616658665
7.8871860504 4.3316278458 0.0000000000 1.5768740177 -81.0361404419 0.0616151541
7.8845191002 4.3323626518 0.0000000000 1.5774538517 -81.0367889404 0.0614711568
7.8813800812 4.3330974579 0.0000000000 1.5780341625 -81.0373687744 0.0616407953
7.8783278465 4.3338212967 0.0000000000 1.5786240101 -81.0379714966 0.0618344098
7.8752555847 4.3345422745 0.0000000000 1.5792089701 -81.0385742188 0.0619128868
7.8723864555 4.3352642059 0.0000000000 1.5797945261 -81.0392074585 0.0618904419
7.8694548607 4.3359875679 0.0000000000 1.5803594589 -81.0398483276 0.0619439594
7.8664994240 4.3367137909 0.0000000000 1.5809081793 -81.0404968262 0.0620340630
7.8635973930 4.3374166489 0.0000000000 1.5814546347 -81.0411529541 0.0620875135
7.8608388901 4.3381042480 0.0000000000 1.5820237398 -81.0417938232 0.0620895959
7.8579773903 4.3387937546 0.0000000000 1.5826019049 -81.0424652100 0.0620972142
7.8550138474 4.3394784927 0.0000000000 1.5831983089 -81.0430984497 0.0622445755
7.8517355919 4.3401675224 0.0000000000 1.5838029385 -81.0437088013 0.0625007302
7.8486351967 4.3408427238 0.0000000000 1.5843845606 -81.0443115234 0.0627833381
7.8458127975 4.3415093422 0.0000000000 1.5849794149 -81.0448837280 0.0626537055
7.8429293633 4.3421692848 0.0000000000 1.5855718851 -81.0454101562 0.0625368059
7.8399701118 4.3428192139 0.0000000000 1.5861666203 -81.0458831787 0.0626749694
7.8366727829 4.3434729576 0.0000000000 1.5867677927 -81.0463104248 0.0629025325
7.8338093758 4.3441319466 0.0000000000 1.5873689651 -81.0467987061 0.0629053414
7.8309297562 4.3447961807 0.0000000000 1.5879576206 -81.0472793579 0.0628413260
7.8279600143 4.3454642296 0.0000000000 1.5885394812 -81.0477294922 0.0629825965
7.8248238564 4.3461327553 0.0000000000 1.5891118050 -81.0481567383 0.0631538704
7.8221044540 4.3467879295 0.0000000000 1.5896848440 -81.0485916138 0.0631324500
7.8191905022 4.3474264145 0.0000000000 1.5902673006 -81.0490112305 0.0630675852
7.8163399696 4.3480606079 0.0000000000 1.5908643007 -81.0494079590 0.0631668121
7.8133025169 4.3486852646 0.0000000000 1.5914856195 -81.0498123169 0.0632123649
7.8103451729 4.3493132591 0.0000000000 1.5920929909 -81.0502014160 0.0633032545
7.8075346947 4.3499412537 0.0000000000 1.5926721096 -81.0506362915 0.0633084327
7.8044843674 4.3505635262 0.0000000000 1.5932672024 -81.0510177612 0.0634255931
7.8013772964 4.3512001038 0.0000000000 1.5938336849 -81.0513916016 0.0637275055
7.7983341217 4.3518371582 0.0000000000 1.5943797827 -81.0517959595 0.0639453530
7.7954921722 4.3524832726 0.0000000000 1.5948948860 -81.0522079468 0.0640462264
7.7927265167 4.3531260490 0.0000000000 1.5953842402 -81.0526351929 0.0640846789
7.7899708748 4.3537793159 0.0000000000 1.5958756208 -81.0530853271 0.0640394166
7.7873206139 4.3544263840 0.0000000000 1.5963406563 -81.0535125732 0.0640888512
7.7844586372 4.3550548553 0.0000000000 1.5967937708 -81.0539550781 0.0642727241
7.7816228867 4.3556718826 0.0000000000 1.5972549915 -81.0543441772 0.0643758327
7.7790894508 4.3562788963 0.0000000000 1.5977247953 -81.0547561646 0.0643282458
7.7765417099 4.3568811417 0.0000000000 1.5982307196 -81.0551605225 0.0642310381
7.7739477158 4.3574905396 0.0000000000 1.5987333059 -81.0555877686 0.0642612576
7.7710671425 4.3580999374 0.0000000000 1.5992308855 -81.0559997559 0.0643823892
7.7683148384 4.3586983681 0.0000000000 1.5997405052 -81.0564270020 0.0644270182
7.7658982277 4.3592767715 0.0000000000 1.6002423763 -81.0568389893 0.0642245859
7.7633385658 4.3598423004 0.0000000000 1.6007436514 -81.0572433472 0.0641536713
7.7604684830 4.3604216576 0.0000000000 1.6012350321 -81.0575942993 0.0644038916
7.7577028275 4.3609757423 0.0000000000 1.6017445326 -81.0579299927 0.0645362288
7.7553920746 4.3614935875 0.0000000000 1.6022738218 -81.0583343506 0.0643449724
7.7531466484 4.3619852066 0.0000000000 1.6028082371 -81.0587234497 0.0641442463
7.7507524490 4.3624796867 0.0000000000 1.6033300161 -81.0590667725 0.0641497672
7.7482461929 4.3629550934 0.0000000000 1.6038312912 -81.0594024658 0.0641975701
7.7458534241 4.3634090424 0.0000000000 1.6043199301 -81.0597305298 0.0641870499
7.7433757782 4.3638324738 0.0000000000 1.6048308611 -81.0600585938 0.0642344430
7.7410197258 4.3642344475 0.0000000000 1.6053344011 -81.0603713989 0.0643088669
7.7386302948 4.3646340370 0.0000000000 1.6058144569 -81.0606842041 0.0643881112
7.7365818024 4.3650140762 0.0000000000 1.6062947512 -81.0610122681 0.0642128736
7.7344117165 4.3653864861 0.0000000000 1.6067465544 -81.0613098145 0.0641700849
7.7322769165 4.3657498360 0.0000000000 1.6071833372 -81.0616302490 0.0642098784
7.7300457954 4.3661189079 0.0000000000 1.6076185703 -81.0618972778 0.0643290803
7.7276988029 4.3664889336 0.0000000000 1.6080662012 -81.0621948242 0.0644702092
7.7255959511 4.3668603897 0.0000000000 1.6084916592 -81.0624847412 0.0644716248
7.7233037949 4.3672161102 0.0000000000 1.6089229584 -81.0627441406 0.0644466951
7.7212071419 4.3675589561 0.0000000000 1.6094170809 -81.0630111694 0.0644766986
7.7188482285 4.3679127693 0.0000000000 1.6099041700 -81.0632781982 0.0645237491
7.7166962624 4.3682670593 0.0000000000 1.6103485823 -81.0635528564 0.0645976514
7.7145524025 4.3686184883 0.0000000000 1.6107761860 -81.0638122559 0.0646329299
7.7124853134 4.3689665794 0.0000000000 1.6111937761 -81.0641021729 0.0645560324
7.7105474472 4.3692874908 0.0000000000 1.6115996838 -81.0644073486 0.0644962639
7.7084751129 4.3696036339 0.0000000000 1.6119909286 -81.0646820068 0.0644613355
7.7062444687 4.3699312210 0.0000000000 1.6123698950 -81.0649414062 0.0645867661
7.7042851448 4.3702611923 0.0000000000 1.6127538681 -81.0652542114 0.0645132437
7.7023282051 4.3705816269 0.0000000000 1.6131520271 -81.0655822754 0.0644998848
7.7000150681 4.3709082603 0.0000000000 1.6135345697 -81.0658264160 0.0647928864
7.6978063583 4.3712229729 0.0000000000 1.6139086485 -81.0660705566 0.0648818538
7.6958169937 4.3715362549 0.0000000000 1.6142672300 -81.0663452148 0.0648870245
7.6937861443 4.3718481064 0.0000000000 1.6146175861 -81.0665893555 0.0649071485
7.6917252541 4.3721489906 0.0000000000 1.6149656773 -81.0668182373 0.0649680048
7.6897544861 4.3724603653 0.0000000000 1.6153005362 -81.0670547485 0.0649412870
7.6877827644 4.3727827072 0.0000000000 1.6156251431 -81.0672836304 0.0649401620
7.6858134270 4.3730936050 0.0000000000 1.6159693003 -81.0675048828 0.0649793148
7.6836724281 4.3733973503 0.0000000000 1.6163246632 -81.0677261353 0.0650652125
7.6816596985 4.3736929893 0.0000000000 1.6166846752 -81.0679550171 0.0650951937
7.6794385910 4.3740048409 0.0000000000 1.6170427799 -81.0681762695 0.0651559234
7.6772618294 4.3743329048 0.0000000000 1.6174157858 -81.0683593750 0.0652444214
7.6751518250 4.3746523857 0.0000000000 1.6177715063 -81.0686035156 0.0651951432
7.6730122566 4.3749737740 0.0000000000 1.6181371212 -81.0688095093 0.0652279779
7.6707468033 4.3752908707 0.0000000000 1.6185516119 -81.0690231323 0.0652770847
7.6687154770 4.3756084442 0.0000000000 1.6189727783 -81.0692214966 0.0651478171
7.6668639183 4.3759231567 0.0000000000 1.6193886995 -81.0695037842 0.0649356917
7.6645574570 4.3762321472 0.0000000000 1.6198185682 -81.0697250366 0.0650153011
7.6620330811 4.3765521049 0.0000000000 1.6202563047 -81.0699157715 0.0653746650
7.6598434448 4.3768773079 0.0000000000 1.6206711531 -81.0701751709 0.0654367432
7.6578049660 4.3771972656 0.0000000000 1.6210857630 -81.0704345703 0.0653280914
7.6557970047 4.3775196075 0.0000000000 1.6214936972 -81.0706710815 0.0652291253
7.6537528038 4.3778400421 0.0000000000 1.6219133139 -81.0709304810 0.0651529729
7.6513600349 4.3781709671 0.0000000000 1.6223512888 -81.0711517334 0.0653909519
7.6490159035 4.3785057068 0.0000000000 1.6227883101 -81.0713806152 0.0655640438
7.6467080116 4.3788185120 0.0000000000 1.6232061386 -81.0715179443 0.0657266304
7.6443929672 4.3791198730 0.0000000000 1.6236182451 -81.0716552734 0.0658099800
7.6422791481 4.3794212341 0.0000000000 1.6240429878 -81.0717926025 0.0657651052
7.6403217316 4.3797340393 0.0000000000 1.6244575977 -81.0719680786 0.0655762255
7.6383233070 4.3800382614 0.0000000000 1.6248959303 -81.0721588135 0.0654570609
7.6362028122 4.3803367615 0.0000000000 1.6253523827 -81.0723495483 0.0654521435
7.6339044571 4.3806400299 0.0000000000 1.6257747412 -81.0724945068 0.0655408204
7.6315574646 4.3809390068 0.0000000000 1.6261627674 -81.0726242065 0.0658396482
7.6293306351 4.3812165260 0.0000000000 1.6265892982 -81.0727691650 0.0659150779
7.6274709702 4.3814930916 0.0000000000 1.6270432472 -81.0729217529 0.0657778159
7.6254754066 4.3817696571 0.0000000000 1.6275029182 -81.0730667114 0.0656646937
7.6233334541 4.3820447922 0.0000000000 1.6279566288 -81.0731811523 0.0657371506
7.6214003563 4.3822817802 0.0000000000 1.6284106970 -81.0733642578 0.0656762347
7.6194357872 4.3824887276 0.0000000000 1.6288549900 -81.0735244751 0.0656908676
7.6175012589 4.3826999664 0.0000000000 1.6292858124 -81.0736541748 0.0656938702
7.6154737473 4.3829140663 0.0000000000 1.6297049522 -81.0737915039 0.0658661798
7.6135935783 4.3831167221 0.0000000000 1.6301320791 -81.0740585327 0.0658798069
7.6118154526 4.3833146095 0.0000000000 1.6305743456 -81.0742950439 0.0659071505
7.6097269058 4.3835191727 0.0000000000 1.6310395002 -81.0744476318 0.0660352260
7.6076207161 4.3837227821 0.0000000000 1.6314893961 -81.0746002197 0.0661567152
7.6058440208 4.3839287758 0.0000000000 1.6319084167 -81.0748291016 0.0660767108
7.6040019989 4.3841362000 0.0000000000 1.6323293447 -81.0750198364 0.0661382526
7.6019802094 4.3843522072 0.0000000000 1.6327643394 -81.0752029419 0.0661618635
7.6000132561 4.3845920563 0.0000000000 1.6331816912 -81.0753479004 0.0661762282
7.5983071327 4.3848261833 0.0000000000 1.6336078644 -81.0755004883 0.0660059676
7.5964522362 4.3850569725 0.0000000000 1.6340268850 -81.0756683350 0.0660088360
7.5944304466 4.3852863312 0.0000000000 1.6344417334 -81.0758285522 0.0661497563
7.5925860405 4.3855156898 0.0000000000 1.6348614693 -81.0760345459 0.0661460608
7.5908522606 4.3857254982 0.0000000000 1.6352890730 -81.0762405396 0.0661235005
7.5891008377 4.3859381676 0.0000000000 1.6357010603 -81.0764312744 0.0660857409
7.5871043205 4.3861570358 0.0000000000 1.6360994577 -81.0766296387 0.0661711842
7.5853285789 4.3863835335 0.0000000000 1.6364890337 -81.0768127441 0.0662042052
7.5832786560 4.3866214752 0.0000000000 1.6368751526 -81.0769195557 0.0663237721
7.5815315247 4.3868618011 0.0000000000 1.6372489929 -81.0770721436 0.0662639737
7.5798349380 4.3870902061 0.0000000000 1.6376146078 -81.0772323608 0.0661785677
7.5779695511 4.3873124123 0.0000000000 1.6379909515 -81.0773620605 0.0661686882
7.5759444237 4.3875265121 0.0000000000 1.6383751631 -81.0774536133 0.0662602261
7.5742335320 4.3877367973 0.0000000000 1.6387315989 -81.0775146484 0.0662172884
7.5726289749 4.3879642487 0.0000000000 1.6390933990 -81.0776901245 0.0660308972
7.5709071159 4.3882055283 0.0000000000 1.6394748688 -81.0778961182 0.0660453215
7.5689883232 4.3884458542 0.0000000000 1.6398619413 -81.0780792236 0.0661881194
7.5672974586 4.3886675835 0.0000000000 1.6402665377 -81.0782546997 0.0661251768
7.5656137466 4.3888878822 0.0000000000 1.6406618357 -81.0784759521 0.0660325512
7.5641074181 4.3891048431 0.0000000000 1.6410380602 -81.0787200928 0.0659273863
7.5621895790 4.3893184662 0.0000000000 1.6414244175 -81.0788879395 0.0660043880
7.5603909492 4.3895254135 0.0000000000 1.6418143511 -81.0790557861 0.0661449581
7.5585699081 4.3897261620 0.0000000000 1.6422085762 -81.0792465210 0.0662539601
7.5570330620 4.3899321556 0.0000000000 1.6426005363 -81.0794906616 0.0661806837
7.5553202629 4.3901567459 0.0000000000 1.6429911852 -81.0796966553 0.0661298037
7.5534472466 4.3903880119 0.0000000000 1.6433485746 -81.0798797607 0.0662571490
7.5516715050 4.3906111717 0.0000000000 1.6437077522 -81.0800781250 0.0662115365
7.5500469208 4.3908152580 0.0000000000 1.6440758705 -81.0802612305 0.0661606640
7.5483322144 4.3910036087 0.0000000000 1.6444681883 -81.0804367065 0.0661414042
7.5465283394 4.3912019730 0.0000000000 1.6448656321 -81.0806121826 0.0661147460
7.5448989868 4.3913917542 0.0000000000 1.6452739239 -81.0808563232 0.0660342798
7.5432705879 4.3915605545 0.0000000000 1.6456662416 -81.0810699463 0.0659110025
7.5413928032 4.3917422295 0.0000000000 1.6460297108 -81.0812072754 0.0660256147
7.5395731926 4.3919205666 0.0000000000 1.6463989019 -81.0814056396 0.0660323426
7.5378289223 4.3920927048 0.0000000000 1.6467984915 -81.0816040039 0.0660681129
7.5358576775 4.3922781944 0.0000000000 1.6471904516 -81.0817794800 0.0661564916
7.5338897705 4.3924732208 0.0000000000 1.6475671530 -81.0819168091 0.0663708821
7.5320324898 4.3926463127 0.0000000000 1.6479429007 -81.0820465088 0.0663329512
7.5302500725 4.3928236961 0.0000000000 1.6482976675 -81.0821914673 0.0663370118
7.5283594131 4.3930268288 0.0000000000 1.6486539841 -81.0823211670 0.0663240328
7.5265612602 4.3932323456 0.0000000000 1.6489915848 -81.0824584961 0.0663710013
7.5246062279 4.3934264183 0.0000000000 1.6493319273 -81.0825729370 0.0665079877
7.5227341652 4.3936171532 0.0000000000 1.6496531963 -81.0827178955 0.0665877685
7.5209341049 4.3938097954 0.0000000000 1.6499811411 -81.0828323364 0.0665444955
7.5189743042 4.3940105438 0.0000000000 1.6503086090 -81.0829086304 0.0665765330
7.5170993805 4.3941941261 0.0000000000 1.6506589651 -81.0830307007 0.0665503889
7.5151705742 4.3943781853 0.0000000000 1.6510034800 -81.0831756592 0.0666103065
7.5130004883 4.3945579529 0.0000000000 1.6513359547 -81.0832977295 0.0667472854
7.5108032227 4.3947267532 0.0000000000 1.6516791582 -81.0833129883 0.0669425428
7.5090403557 4.3948884010 0.0000000000 1.6520115137 -81.0834121704 0.0668551028
7.5071673393 4.3950524330 0.0000000000 1.6523444653 -81.0835571289 0.0666993484
7.5049672127 4.3952445984 0.0000000000 1.6526696682 -81.0836486816 0.0667872950
7.5027847290 4.3954377174 0.0000000000 1.6529821157 -81.0837402344 0.0669197738
7.5008120537 4.3956017494 0.0000000000 1.6533055305 -81.0838394165 0.0669409558
7.4989080429 4.3957629204 0.0000000000 1.6536654234 -81.0839691162 0.0669137985
7.4969968796 4.3959250450 0.0000000000 1.6540325880 -81.0840988159 0.0669136196
7.4949045181 4.3960919380 0.0000000000 1.6543771029 -81.0842056274 0.0669757724
7.4926176071 4.3962497711 0.0000000000 1.6547038555 -81.0842208862 0.0672267154
7.4904184341 4.3963971138 0.0000000000 1.6550480127 -81.0842208862 0.0674278811
7.4886846542 4.3965320587 0.0000000000 1.6554040909 -81.0843582153 0.0672101080
7.4869456291 4.3966822624 0.0000000000 1.6557778120 -81.0844268799 0.0670624450
7.4848170280 4.3968472481 0.0000000000 1.6561524868 -81.0844268799 0.0673029125
7.4827375412 4.3970127106 0.0000000000 1.6565068960 -81.0844802856 0.0674090981
7.4810385704 4.3971562386 0.0000000000 1.6568695307 -81.0845794678 0.0673142523
7.4792046547 4.3972878456 0.0000000000 1.6572571993 -81.0846557617 0.0672069043
7.4773793221 4.3974294662 0.0000000000 1.6576365232 -81.0847320557 0.0672151446
7.4752550125 4.3975949287 0.0000000000 1.6580096483 -81.0848388672 0.0672928616
7.4730195999 4.3977675438 0.0000000000 1.6583929062 -81.0848846436 0.0676007122
7.4709224701 4.3979420662 0.0000000000 1.6587684155 -81.0849609375 0.0677651018
7.4689531326 4.3981089592 0.0000000000 1.6591392756 -81.0850601196 0.0677565932
7.4669222832 4.3982820511 0.0000000000 1.6595423222 -81.0851135254 0.0677900910
7.4650826454 4.3984684944 0.0000000000 1.6599569321 -81.0851669312 0.0676397681
7.4631185532 4.3986511230 0.0000000000 1.6603415012 -81.0851974487 0.0676408559
7.4611115456 4.3988204002 0.0000000000 1.6607462168 -81.0852661133 0.0676592439
7.4589619637 4.3989944458 0.0000000000 1.6611523628 -81.0853118896 0.0677953586
7.4570107460 4.3991508484 0.0000000000 1.6615866423 -81.0853729248 0.0677180439
7.4552578926 4.3992896080 0.0000000000 1.6620190144 -81.0855407715 0.0675079972
7.4534411430 4.3994150162 0.0000000000 1.6624639034 -81.0856475830 0.0674968064
7.4510726929 4.3995633125 0.0000000000 1.6628830433 -81.0856781006 0.0677147955
7.4489192963 4.3997125626 0.0000000000 1.6632664204 -81.0857238770 0.0679194480
7.4470081329 4.3998565674 0.0000000000 1.6636776924 -81.0858459473 0.0679105222
7.4450373650 4.3999967575 0.0000000000 1.6641209126 -81.0859222412 0.0678702891
7.4427843094 4.4001483917 0.0000000000 1.6645675898 -81.0859375000 0.0680398792
7.4406442642 4.4003057480 0.0000000000 1.6650054455 -81.0859527588 0.0681560114
7.4388623238 4.4004592896 0.0000000000 1.6654065847 -81.0860595703 0.0680121109
7.4370150566 4.4006185532 0.0000000000 1.6658021212 -81.0861511230 0.0680576712
7.4347257614 4.4007840157 0.0000000000 1.6661884785 -81.0861587524 0.0682367310
7.4327425957 4.4009776115 0.0000000000 1.6665879488 -81.0861968994 0.0683201700
7.4309120178 4.4011631012 0.0000000000 1.6669704914 -81.0863189697 0.0681919977
7.4290747643 4.4013471603 0.0000000000 1.6673358679 -81.0864334106 0.0682149157
7.4269857407 4.4015293121 0.0000000000 1.6677043438 -81.0865020752 0.0683347955
7.4249634743 4.4017128944 0.0000000000 1.6680642366 -81.0865783691 0.0684325546
7.4229741096 4.4018931389 0.0000000000 1.6684352160 -81.0866699219 0.0684895962
7.4211153984 4.4020643234 0.0000000000 1.6688112020 -81.0867996216 0.0684991330
7.4192185402 4.4022479057 0.0000000000 1.6691664457 -81.0868835449 0.0685492083
7.4171619415 4.4024229050 0.0000000000 1.6694996357 -81.0869903564 0.0686104298
7.4151725769 4.4025888443 0.0000000000 1.6698459387 -81.0870971680 0.0687408447
7.4130821228 4.4027638435 0.0000000000 1.6701754332 -81.0871582031 0.0689270496
7.4111061096 4.4029288292 0.0000000000 1.6704959869 -81.0872268677 0.0689922646
7.4092059135 4.4030742645 0.0000000000 1.6708354950 -81.0872268677 0.0689531192
7.4073390961 4.4032073021 0.0000000000 1.6711854935 -81.0872650146 0.0689105764
7.4054656029 4.4033632278 0.0000000000 1.6715275049 -81.0873718262 0.0689053163
7.4035124779 4.4035172462 0.0000000000 1.6718822718 -81.0874481201 0.0689809024
7.4013838768 4.4036889076 0.0000000000 1.6722445488 -81.0874938965 0.0691261292
7.3993167877 4.4038534164 0.0000000000 1.6726282835 -81.0875625610 0.0692318380
7.3975663185 4.4040117264 0.0000000000 1.6730092764 -81.0877151489 0.0691243336
7.3957114220 4.4041786194 0.0000000000 1.6733655930 -81.0877838135 0.0690801442
7.3936772346 4.4043602943 0.0000000000 1.6737278700 -81.0877685547 0.0692442209
7.3919334412 4.4045143127 0.0000000000 1.6740975380 -81.0879364014 0.0691175535
7.3903293610 4.4046506882 0.0000000000 1.6744688749 -81.0880661011 0.0689823255
7.3883399963 4.4048013687 0.0000000000 1.6748144627 -81.0880889893 0.0690619051
7.3862137794 4.4049453735 0.0000000000 1.6751893759 -81.0880889893 0.0691905543
7.3843693733 4.4050989151 0.0000000000 1.6755657196 -81.0881423950 0.0691893846
7.3825545311 4.4052634239 0.0000000000 1.6759362221 -81.0882568359 0.0690932423
7.3806681633 4.4054398537 0.0000000000 1.6763032675 -81.0883407593 0.0691187456
7.3789272308 4.4056372643 0.0000000000 1.6766511202 -81.0884704590 0.0690685883
7.3770489693 4.4058542252 0.0000000000 1.6770068407 -81.0886001587 0.0691207424
7.3749003410 4.4060583115 0.0000000000 1.6773500443 -81.0886993408 0.0692583472
7.3729920387 4.4062409401 0.0000000000 1.6776839495 -81.0888061523 0.0693482235
7.3707947731 4.4064469337 0.0000000000 1.6780314445 -81.0888519287 0.0695015490
7.3688054085 4.4066538811 0.0000000000 1.6783961058 -81.0889129639 0.0695060641
7.3668389320 4.4068508148 0.0000000000 1.6787720919 -81.0889816284 0.0694293380
7.3649554253 4.4070477486 0.0000000000 1.6791433096 -81.0890884399 0.0693702474
7.3627591133 4.4072527885 0.0000000000 1.6795399189 -81.0891265869 0.0695419237
7.3606028557 4.4074673653 0.0000000000 1.6799474955 -81.0891418457 0.0696239471
7.3586368561 4.4076709747 0.0000000000 1.6803215742 -81.0892105103 0.0695833266
7.3566117287 4.4078469276 0.0000000000 1.6807062626 -81.0892105103 0.0696104318
7.3545489311 4.4080176353 0.0000000000 1.6811268330 -81.0892181396 0.0697542801
7.3525996208 4.4082045555 0.0000000000 1.6815319061 -81.0892791748 0.0697766170
7.3507699966 4.4084172249 0.0000000000 1.6819076538 -81.0894012451 0.0697839335
7.3488879204 4.4086356163 0.0000000000 1.6823229790 -81.0894775391 0.0696874112
7.3468928337 4.4088573456 0.0000000000 1.6827566624 -81.0895385742 0.0697625354
7.3448796272 4.4090738297 0.0000000000 1.6831578016 -81.0896453857 0.0698334128
7.3431816101 4.4092783928 0.0000000000 1.6835266352 -81.0897979736 0.0698200688
7.3412027359 4.4094800949 0.0000000000 1.6839158535 -81.0898742676 0.0699253380
7.3391408920 4.4096908569 0.0000000000 1.6843016148 -81.0899200439 0.0700235441
7.3372712135 4.4098978043 0.0000000000 1.6846905947 -81.0900268555 0.0700804293
7.3355855942 4.4100990295 0.0000000000 1.6850806475 -81.0902328491 0.0700277984
7.3334851265 4.4102993011 0.0000000000 1.6854683161 -81.0903167725 0.0701474324
7.3312597275 4.4104938507 0.0000000000 1.6858627796 -81.0903549194 0.0704776049
7.3293652534 4.4106435776 0.0000000000 1.6862556934 -81.0904388428 0.0704386532
7.3278102875 4.4107842445 0.0000000000 1.6866534948 -81.0905914307 0.0701971352
7.3258876801 4.4109501839 0.0000000000 1.6870478392 -81.0906372070 0.0702077448
7.3239302635 4.4111337662 0.0000000000 1.6874554157 -81.0907135010 0.0703192651
7.3221626282 4.4113297462 0.0000000000 1.6878321171 -81.0909118652 0.0704569966
7.3202424049 4.4115409851 0.0000000000 1.6881664991 -81.0910339355 0.0705261752
7.3184528351 4.4117274284 0.0000000000 1.6884946823 -81.0911102295 0.0705373883
7.3168902397 4.4118876457 0.0000000000 1.6888448000 -81.0912628174 0.0704407692
7.3150844574 4.4120512009 0.0000000000 1.6891967058 -81.0913543701 0.0704963058
7.3131175041 4.4122362137 0.0000000000 1.6895637512 -81.0914154053 0.0706302971
7.3115148544 4.4123792648 0.0000000000 1.6899278164 -81.0915069580 0.0705326721
7.3100290298 4.4125199318 0.0000000000 1.6902709007 -81.0916519165 0.0703987405
7.3083343506 4.4126768112 0.0000000000 1.6906234026 -81.0917968750 0.0704347268
7.3065009117 4.4128479958 0.0000000000 1.6910007000 -81.0918731689 0.0705102086
7.3048739433 4.4130034447 0.0000000000 1.6913782358 -81.0919876099 0.0705062151
7.3034229279 4.4131507874 0.0000000000 1.6917474270 -81.0921096802 0.0703629255
7.3017573357 4.4133157730 0.0000000000 1.6921281815 -81.0922393799 0.0704113320
7.3000235558 4.4134874344 0.0000000000 1.6924873590 -81.0923614502 0.0704659447
7.2982568741 4.4136419296 0.0000000000 1.6928719282 -81.0924148560 0.0706160888
7.2964854240 4.4137873650 0.0000000000 1.6932429075 -81.0924911499 0.0705995709
7.2949652672 4.4139413834 0.0000000000 1.6935924292 -81.0926208496 0.0705176741
7.2934145927 4.4141201973 0.0000000000 1.6939475536 -81.0927581787 0.0704303980
7.2918291092 4.4142980576 0.0000000000 1.6943219900 -81.0928802490 0.0703838468
7.2903532982 4.4144711494 0.0000000000 1.6946915388 -81.0930328369 0.0703547597
7.2887105942 4.4146513939 0.0000000000 1.6950627565 -81.0931396484 0.0703788996
7.2870883942 4.4148197174 0.0000000000 1.6954342127 -81.0932540894 0.0703791380
7.2855038643 4.4149866104 0.0000000000 1.6957952976 -81.0934448242 0.0703511685
7.2840132713 4.4151668549 0.0000000000 1.6961420774 -81.0936355591 0.0703898668
7.2822589874 4.4153375626 0.0000000000 1.6964948177 -81.0937347412 0.0705492049
7.2805919647 4.4155092239 0.0000000000 1.6968532801 -81.0938644409 0.0705804378
7.2792539597 4.4156842232 0.0000000000 1.6971902847 -81.0939865112 0.0704960823
7.2778472900 4.4158372879 0.0000000000 1.6975470781 -81.0941238403 0.0703283995
7.2762222290 4.4159998894 0.0000000000 1.6979107857 -81.0941619873 0.0703212172
7.2746286392 4.4161572456 0.0000000000 1.6982644796 -81.0941925049 0.0701961070
7.2731075287 4.4163222313 0.0000000000 1.6985940933 -81.0942535400 0.0701821595
7.2714467049 4.4164896011 0.0000000000 1.6989164352 -81.0942993164 0.0701708943
7.2700247765 4.4166455269 0.0000000000 1.6992447376 -81.0943298340 0.0700748190
7.2687582970 4.4167795181 0.0000000000 1.6995972395 -81.0944213867 0.0698600113
7.2671575546 4.4168982506 0.0000000000 1.6999553442 -81.0944747925 0.0698846504
7.2653026581 4.4170427322 0.0000000000 1.7003142834 -81.0944519043 0.0702202916
7.2635545731 4.4171714783 0.0000000000 1.7006722689 -81.0944671631 0.0704239905
7.2623391151 4.4172744751 0.0000000000 1.7009871006 -81.0945816040 0.0702530071
7.2609491348 4.4173913002 0.0000000000 1.7013047934 -81.0946578979 0.0702495947
7.2593750954 4.4175028801 0.0000000000 1.7016178370 -81.0947418213 0.0702843890
7.2577648163 4.4175977707 0.0000000000 1.7019333839 -81.0947723389 0.0704541057
7.2562737465 4.4176850319 0.0000000000 1.7022603750 -81.0948486328 0.0705376416
7.2548303604 4.4177856445 0.0000000000 1.7025879622 -81.0949096680 0.0704852343
7.2532372475 4.4178948402 0.0000000000 1.7029277086 -81.0949325562 0.0706264302
7.2516546249 4.4179849625 0.0000000000 1.7032679319 -81.0950088501 0.0706602708
7.2501220703 4.4180798531 0.0000000000 1.7036342621 -81.0951080322 0.0706597567
7.2483959198 4.4182000160 0.0000000000 1.7040028572 -81.0951309204 0.0708074421
7.2467274666 4.4183115959 0.0000000000 1.7043612003 -81.0951614380 0.0708804131
7.2453055382 4.4183902740 0.0000000000 1.7047293186 -81.0952377319 0.0707490295
7.2439036369 4.4184684753 0.0000000000 1.7050868273 -81.0953063965 0.0706743300
7.2420911789 4.4185609818 0.0000000000 1.7054558992 -81.0953063965 0.0708867088
7.2403430939 4.4186382294 0.0000000000 1.7058182955 -81.0952758789 0.0710401386
7.2388167381 4.4187073708 0.0000000000 1.7061849833 -81.0953216553 0.0710231662
7.2373905182 4.4187674522 0.0000000000 1.7065515518 -81.0953826904 0.0709855333
7.2357869148 4.4188690186 0.0000000000 1.7068926096 -81.0954132080 0.0710353181
