#         COST_U        COST_H      COST_D       COST_S       REGU_H       REGU_S          HPO           COSTGLEN 
294.1456604004 0.0000000000 0.0000000000 0.0000000000 34.3166007996 0.0000000000 1.7718815804
102.8536987305 0.0000000000 0.0000000000 0.1215002090 33.4338836670 0.0000000000 -0.1090657711
74.1262893677 0.0000000000 0.0000000000 0.3887703419 31.9029922485 0.0000000000 -0.3741987944
67.8353805542 0.0000000000 0.0000000000 0.7323101163 31.3120613098 0.0000000000 -0.3902821541
62.2726936340 0.0000000000 0.0000000000 1.1132344007 31.6168537140 0.0000000000 -0.3635673523
55.7471961975 0.0000000000 0.0000000000 1.5085362196 32.5001564026 0.0000000000 -0.3368098736
48.7909164429 0.0000000000 0.0000000000 1.9008823633 32.6016311646 0.0000000000 -0.3209801912
42.0420989990 0.0000000000 0.0000000000 2.2764992714 32.9123382568 0.0000000000 -0.3174679279
35.7880134583 0.0000000000 0.0000000000 2.6246836185 32.7518005371 0.0000000000 -0.3231010437
30.2693080902 0.0000000000 0.0000000000 2.9366374016 32.1676521301 0.0000000000 -0.3343794346
25.7418060303 0.0000000000 0.0000000000 3.2060363293 31.7013072968 0.0000000000 -0.3468321562
22.3390197754 0.0000000000 0.0000000000 3.4285831451 31.2905597687 0.0000000000 -0.3562083840
19.9802341461 0.0000000000 0.0000000000 3.6017587185 30.5857467651 0.0000000000 -0.3607458472
18.4437808990 0.0000000000 0.0000000000 3.7249763012 30.0742492676 0.0000000000 -0.3607082665
17.4799518585 0.0000000000 0.0000000000 3.7997307777 29.6730766296 0.0000000000 -0.3579638004
16.8847446442 0.0000000000 0.0000000000 3.8291542530 29.5283679962 0.0000000000 -0.3542501330
16.4922218323 0.0000000000 0.0000000000 3.8178637028 29.4100322723 0.0000000000 -0.3505317569
16.1927261353 0.0000000000 0.0000000000 3.7712373734 29.2816848755 0.0000000000 -0.3478442430
15.9288320541 0.0000000000 0.0000000000 3.6951110363 29.1744384766 0.0000000000 -0.3463151455
15.6718635559 0.0000000000 0.0000000000 3.5952267647 29.0992431641 0.0000000000 -0.3460801840
15.4160966873 0.0000000000 0.0000000000 3.4769670963 29.0770645142 0.0000000000 -0.3473190367
15.1710100174 0.0000000000 0.0000000000 3.3454031944 29.0830211639 0.0000000000 -0.3498117030
14.9581375122 0.0000000000 0.0000000000 3.2052071095 29.0957736969 0.0000000000 -0.3534065187
14.8048133850 0.0000000000 0.0000000000 3.0603892803 29.0958480835 0.0000000000 -0.3580204248
14.7389783859 0.0000000000 0.0000000000 2.9145917892 29.0935649872 0.0000000000 -0.3634797335
14.7898797989 0.0000000000 0.0000000000 2.7707395554 29.0820980072 0.0000000000 -0.3696003556
14.9834737778 0.0000000000 0.0000000000 2.6312689781 29.0592536926 0.0000000000 -0.3761498332
15.3472232819 0.0000000000 0.0000000000 2.4980325699 29.0266151428 0.0000000000 -0.3830184937
15.8996963501 0.0000000000 0.0000000000 2.3725342751 28.9738121033 0.0000000000 -0.3897941113
16.6546096802 0.0000000000 0.0000000000 2.2558584213 28.9105701447 0.0000000000 -0.3959562778
17.6107368469 0.0000000000 0.0000000000 2.1487627029 28.8417987823 0.0000000000 -0.4015804529
18.7633819580 0.0000000000 0.0000000000 2.0519750118 28.7460765839 0.0000000000 -0.4061702490
20.0903205872 0.0000000000 0.0000000000 1.9661736488 28.6600723267 0.0000000000 -0.4092338681
21.5126609802 0.0000000000 0.0000000000 1.8919805288 28.6105937958 0.0000000000 -0.4105141163
22.9287433624 0.0000000000 0.0000000000 1.8299940825 28.5836772919 0.0000000000 -0.4102406502
24.2104015350 0.0000000000 0.0000000000 1.7807439566 28.5487842560 0.0000000000 -0.4089494944
25.2126941681 0.0000000000 0.0000000000 1.7448972464 28.5062446594 0.0000000000 -0.4071956873
25.8088150024 0.0000000000 0.0000000000 1.7230795622 28.4543781281 0.0000000000 -0.4051698446
25.9309368134 0.0000000000 0.0000000000 1.7156111002 28.3876895905 0.0000000000 -0.4035928249
25.5808506012 0.0000000000 0.0000000000 1.7225408554 28.3111991882 0.0000000000 -0.4023716450
24.8387737274 0.0000000000 0.0000000000 1.7433983088 28.2377834320 0.0000000000 -0.4015300274
23.8288478851 0.0000000000 0.0000000000 1.7769505978 28.1538867950 0.0000000000 -0.4001283646
22.6820888519 0.0000000000 0.0000000000 1.8213812113 28.0775108337 0.0000000000 -0.3984249830
21.5210533142 0.0000000000 0.0000000000 1.8744263649 28.0095214844 0.0000000000 -0.3960648775
20.4374065399 0.0000000000 0.0000000000 1.9332942963 27.9490776062 0.0000000000 -0.3928903937
19.4853210449 0.0000000000 0.0000000000 1.9951117039 27.8887634277 0.0000000000 -0.3897839785
18.6852626801 0.0000000000 0.0000000000 2.0572047234 27.8120784760 0.0000000000 -0.3862681985
18.0443058014 0.0000000000 0.0000000000 2.1172306538 27.7409801483 0.0000000000 -0.3824535012
17.5613040924 0.0000000000 0.0000000000 2.1734089851 27.6762619019 0.0000000000 -0.3789487481
17.2173480988 0.0000000000 0.0000000000 2.2244696617 27.6189594269 0.0000000000 -0.3757722974
16.9964160919 0.0000000000 0.0000000000 2.2697398663 27.5604686737 0.0000000000 -0.3728739023
16.8707370758 0.0000000000 0.0000000000 2.3089821339 27.4997520447 0.0000000000 -0.3698384166
16.8094215393 0.0000000000 0.0000000000 2.3423585892 27.4392948151 0.0000000000 -0.3674694300
16.7834053040 0.0000000000 0.0000000000 2.3701791763 27.3780136108 0.0000000000 -0.3652272820
16.7586345673 0.0000000000 0.0000000000 2.3930416107 27.3154335022 0.0000000000 -0.3627470136
16.7153167725 0.0000000000 0.0000000000 2.4116308689 27.2533645630 0.0000000000 -0.3607047796
16.6350669861 0.0000000000 0.0000000000 2.4266531467 27.1919822693 0.0000000000 -0.3583575487
16.5092964172 0.0000000000 0.0000000000 2.4385290146 27.1364765167 0.0000000000 -0.3559554815
16.3359966278 0.0000000000 0.0000000000 2.4475913048 27.0809288025 0.0000000000 -0.3529953361
16.1180877686 0.0000000000 0.0000000000 2.4540176392 27.0236606598 0.0000000000 -0.3503842950
15.8565082550 0.0000000000 0.0000000000 2.4578497410 26.9628353119 0.0000000000 -0.3478372693
15.5533208847 0.0000000000 0.0000000000 2.4591248035 26.8965015411 0.0000000000 -0.3451025486
15.2114391327 0.0000000000 0.0000000000 2.4577100277 26.8246479034 0.0000000000 -0.3425530195
14.8412570953 0.0000000000 0.0000000000 2.4534866810 26.7502326965 0.0000000000 -0.3401911259
14.4550256729 0.0000000000 0.0000000000 2.4463429451 26.6702404022 0.0000000000 -0.3380810618
14.0649557114 0.0000000000 0.0000000000 2.4360136986 26.5870685577 0.0000000000 -0.3360173702
13.6767444611 0.0000000000 0.0000000000 2.4222998619 26.5085391998 0.0000000000 -0.3340221643
13.2950496674 0.0000000000 0.0000000000 2.4049284458 26.4346618652 0.0000000000 -0.3317425251
12.9205417633 0.0000000000 0.0000000000 2.3836803436 26.3645763397 0.0000000000 -0.3299976587
12.5551977158 0.0000000000 0.0000000000 2.3585007191 26.2995395660 0.0000000000 -0.3280859590
12.2011985779 0.0000000000 0.0000000000 2.3294434547 26.2371730804 0.0000000000 -0.3262261152
11.8685369492 0.0000000000 0.0000000000 2.2966909409 26.1798076630 0.0000000000 -0.3242861629
11.5660495758 0.0000000000 0.0000000000 2.2603509426 26.1242980957 0.0000000000 -0.3229346275
11.2989797592 0.0000000000 0.0000000000 2.2207334042 26.0702667236 0.0000000000 -0.3212742209
11.0699834824 0.0000000000 0.0000000000 2.1782534122 26.0172348022 0.0000000000 -0.3197890520
10.8812818527 0.0000000000 0.0000000000 2.1333503723 25.9657001495 0.0000000000 -0.3186614513
10.7288322449 0.0000000000 0.0000000000 2.0865375996 25.9141807556 0.0000000000 -0.3172038198
10.6061220169 0.0000000000 0.0000000000 2.0384566784 25.8619766235 0.0000000000 -0.3161323667
10.5059003830 0.0000000000 0.0000000000 1.9897429943 25.8087482452 0.0000000000 -0.3146417737
10.4183483124 0.0000000000 0.0000000000 1.9409980774 25.7547817230 0.0000000000 -0.3136531711
10.3335924149 0.0000000000 0.0000000000 1.8927714825 25.7003326416 0.0000000000 -0.3123501539
10.2403097153 0.0000000000 0.0000000000 1.8454924822 25.6460628510 0.0000000000 -0.3108921051
10.1305704117 0.0000000000 0.0000000000 1.7995164394 25.5927276611 0.0000000000 -0.3100935221
10.0031633377 0.0000000000 0.0000000000 1.7550669909 25.5408573151 0.0000000000 -0.3088654876
9.8604612350 0.0000000000 0.0000000000 1.7121425867 25.4901618958 0.0000000000 -0.3078467846
9.7072820663 0.0000000000 0.0000000000 1.6707680225 25.4404277802 0.0000000000 -0.3066893220
9.5510501862 0.0000000000 0.0000000000 1.6309672594 25.3917083740 0.0000000000 -0.3054513931
9.3996601105 0.0000000000 0.0000000000 1.5926491022 25.3435096741 0.0000000000 -0.3042787313
9.2581396103 0.0000000000 0.0000000000 1.5557850599 25.2958507538 0.0000000000 -0.3030474782
9.1293725967 0.0000000000 0.0000000000 1.5202810764 25.2487411499 0.0000000000 -0.3018814921
9.0162286758 0.0000000000 0.0000000000 1.4860411882 25.2021408081 0.0000000000 -0.3008925915
8.9179096222 0.0000000000 0.0000000000 1.4529818296 25.1564388275 0.0000000000 -0.2997734547
8.8325910568 0.0000000000 0.0000000000 1.4210835695 25.1105651855 0.0000000000 -0.2985668182
8.7571182251 0.0000000000 0.0000000000 1.3903611898 25.0653133392 0.0000000000 -0.2974947691
8.6870870590 0.0000000000 0.0000000000 1.3609223366 25.0220413208 0.0000000000 -0.2965045571
8.6168165207 0.0000000000 0.0000000000 1.3328353167 24.9812946320 0.0000000000 -0.2954130173
8.5445709229 0.0000000000 0.0000000000 1.3061540127 24.9426918030 0.0000000000 -0.2943758965
8.4685173035 0.0000000000 0.0000000000 1.2808160782 24.9071044922 0.0000000000 -0.2932912707
8.3870143890 0.0000000000 0.0000000000 1.2567830086 24.8718891144 0.0000000000 -0.2922391891
8.3006677628 0.0000000000 0.0000000000 1.2340422869 24.8358707428 0.0000000000 -0.2912574410
8.2107686996 0.0000000000 0.0000000000 1.2125586271 24.8000030518 0.0000000000 -0.2901089787
8.1188354492 0.0000000000 0.0000000000 1.1921865940 24.7650680542 0.0000000000 -0.2890218496
8.0257759094 0.0000000000 0.0000000000 1.1728022099 24.7300376892 0.0000000000 -0.2881079316
7.9334859848 0.0000000000 0.0000000000 1.1542904377 24.6934337616 0.0000000000 -0.2871052623
7.8429722786 0.0000000000 0.0000000000 1.1365538836 24.6555023193 0.0000000000 -0.2859797478
7.7553296089 0.0000000000 0.0000000000 1.1194908619 24.6173133850 0.0000000000 -0.2849593163
7.6701397896 0.0000000000 0.0000000000 1.1029793024 24.5802040100 0.0000000000 -0.2837587595
7.5869808197 0.0000000000 0.0000000000 1.0869203806 24.5431327820 0.0000000000 -0.2829111814
7.5052843094 0.0000000000 0.0000000000 1.0712934732 24.5076313019 0.0000000000 -0.2819646001
7.4243736267 0.0000000000 0.0000000000 1.0559937954 24.4724063873 0.0000000000 -0.2812507749
7.3443632126 0.0000000000 0.0000000000 1.0410083532 24.4375190735 0.0000000000 -0.2802503109
7.2656130791 0.0000000000 0.0000000000 1.0262689590 24.4032478333 0.0000000000 -0.2794493437
7.1877288818 0.0000000000 0.0000000000 1.0117691755 24.3693523407 0.0000000000 -0.2786841393
7.1105647087 0.0000000000 0.0000000000 0.9975308776 24.3354454041 0.0000000000 -0.2778549194
7.0344457626 0.0000000000 0.0000000000 0.9835386872 24.3011970520 0.0000000000 -0.2770224810
6.9595260620 0.0000000000 0.0000000000 0.9698021412 24.2669830322 0.0000000000 -0.2761983275
6.8867769241 0.0000000000 0.0000000000 0.9563529491 24.2322006226 0.0000000000 -0.2754563093
6.8157386780 0.0000000000 0.0000000000 0.9432034492 24.1972942352 0.0000000000 -0.2746655345
6.7461476326 0.0000000000 0.0000000000 0.9303140044 24.1619682312 0.0000000000 -0.2739380598
6.6779370308 0.0000000000 0.0000000000 0.9176962376 24.1276168823 0.0000000000 -0.2731934786
6.6110987663 0.0000000000 0.0000000000 0.9053830504 24.0895080566 0.0000000000 -0.2721853852
6.5452604294 0.0000000000 0.0000000000 0.8933820724 24.0523433685 0.0000000000 -0.2716928720
6.4807677269 0.0000000000 0.0000000000 0.8816504478 24.0152187347 0.0000000000 -0.2709507346
6.4178199768 0.0000000000 0.0000000000 0.8701585531 23.9783725739 0.0000000000 -0.2702897787
6.3560280800 0.0000000000 0.0000000000 0.8588820696 23.9421176910 0.0000000000 -0.2696646452
6.2948417664 0.0000000000 0.0000000000 0.8478165269 23.9066295624 0.0000000000 -0.2688986063
6.2343316078 0.0000000000 0.0000000000 0.8369899392 23.8722534180 0.0000000000 -0.2682060003
6.1749110222 0.0000000000 0.0000000000 0.8264408112 23.8363037109 0.0000000000 -0.2677056789
6.1167798042 0.0000000000 0.0000000000 0.8161310554 23.8037967682 0.0000000000 -0.2670704126
6.0596199036 0.0000000000 0.0000000000 0.8060755730 23.7704181671 0.0000000000 -0.2663652897
6.0033679008 0.0000000000 0.0000000000 0.7962737679 23.7374477386 0.0000000000 -0.2658127546
5.9480171204 0.0000000000 0.0000000000 0.7867376804 23.7060585022 0.0000000000 -0.2651887536
5.8934164047 0.0000000000 0.0000000000 0.7774458528 23.6755504608 0.0000000000 -0.2646512985
5.8398375511 0.0000000000 0.0000000000 0.7684046626 23.6452312469 0.0000000000 -0.2640639544
5.7870407104 0.0000000000 0.0000000000 0.7596089244 23.6143093109 0.0000000000 -0.2634742260
5.7350006104 0.0000000000 0.0000000000 0.7510136366 23.5839042664 0.0000000000 -0.2629300356
5.6835393906 0.0000000000 0.0000000000 0.7426207662 23.5538921356 0.0000000000 -0.2622783184
5.6324725151 0.0000000000 0.0000000000 0.7344446182 23.5237979889 0.0000000000 -0.2618094683
5.5821008682 0.0000000000 0.0000000000 0.7264724374 23.4944667816 0.0000000000 -0.2612828016
5.5324759483 0.0000000000 0.0000000000 0.7186998725 23.4657478333 0.0000000000 -0.2607516050
5.4829425812 0.0000000000 0.0000000000 0.7111136913 23.4371700287 0.0000000000 -0.2602093220
5.4337077141 0.0000000000 0.0000000000 0.7037385702 23.4082145691 0.0000000000 -0.2595808506
5.3847646713 0.0000000000 0.0000000000 0.6965575218 23.3789882660 0.0000000000 -0.2591353059
5.3360805511 0.0000000000 0.0000000000 0.6895396113 23.3493652344 0.0000000000 -0.2586531043
5.2878322601 0.0000000000 0.0000000000 0.6826767921 23.3193130493 0.0000000000 -0.2580004334
5.2400736809 0.0000000000 0.0000000000 0.6759359837 23.2885799408 0.0000000000 -0.2576605082
5.1930680275 0.0000000000 0.0000000000 0.6693206429 23.2580070496 0.0000000000 -0.2571718097
5.1465067863 0.0000000000 0.0000000000 0.6628442407 23.2267456055 0.0000000000 -0.2567248344
5.1006808281 0.0000000000 0.0000000000 0.6564683914 23.1958694458 0.0000000000 -0.2561483383
5.0556015968 0.0000000000 0.0000000000 0.6501929164 23.1654033661 0.0000000000 -0.2557276487
5.0112090111 0.0000000000 0.0000000000 0.6440157890 23.1356487274 0.0000000000 -0.2553248405
4.9672369957 0.0000000000 0.0000000000 0.6379511356 23.1061382294 0.0000000000 -0.2548814416
4.9239444733 0.0000000000 0.0000000000 0.6319927573 23.0775852203 0.0000000000 -0.2544527650
4.8813896179 0.0000000000 0.0000000000 0.6260999441 23.0502452850 0.0000000000 -0.2540335655
4.8395113945 0.0000000000 0.0000000000 0.6202543974 23.0237464905 0.0000000000 -0.2536081672
4.7978963852 0.0000000000 0.0000000000 0.6144048572 22.9979496002 0.0000000000 -0.2531763315
4.7566866875 0.0000000000 0.0000000000 0.6085324287 22.9741382599 0.0000000000 -0.2527151108
4.7154784203 0.0000000000 0.0000000000 0.6026356220 22.9507064819 0.0000000000 -0.2523744702
4.6745920181 0.0000000000 0.0000000000 0.5967255235 22.9286785126 0.0000000000 -0.2520510554
4.6340317726 0.0000000000 0.0000000000 0.5907969475 22.9075908661 0.0000000000 -0.2516337633
4.5939321518 0.0000000000 0.0000000000 0.5848699808 22.8865242004 0.0000000000 -0.2513373494
4.5545563698 0.0000000000 0.0000000000 0.5789411664 22.8652801514 0.0000000000 -0.2509166002
4.5165271759 0.0000000000 0.0000000000 0.5729936361 22.8428783417 0.0000000000 -0.2506799698
4.4792151451 0.0000000000 0.0000000000 0.5670356750 22.8214187622 0.0000000000 -0.2503544688
4.4428730011 0.0000000000 0.0000000000 0.5611014366 22.7998962402 0.0000000000 -0.2500485778
4.4076700211 0.0000000000 0.0000000000 0.5552083850 22.7782688141 0.0000000000 -0.2497540414
4.3736734390 0.0000000000 0.0000000000 0.5493771434 22.7558174133 0.0000000000 -0.2494475245
4.3408513069 0.0000000000 0.0000000000 0.5436190367 22.7336158752 0.0000000000 -0.2491824627
4.3087840080 0.0000000000 0.0000000000 0.5379657745 22.7110080719 0.0000000000 -0.2489207387
4.2769885063 0.0000000000 0.0000000000 0.5324279666 22.6874752045 0.0000000000 -0.2486066222
4.2455682755 0.0000000000 0.0000000000 0.5270013809 22.6635074615 0.0000000000 -0.2483333349
4.2146449089 0.0000000000 0.0000000000 0.5216974020 22.6395034790 0.0000000000 -0.2480973005
4.1840286255 0.0000000000 0.0000000000 0.5165302753 22.6154365540 0.0000000000 -0.2477893531
4.1534638405 0.0000000000 0.0000000000 0.5114778280 22.5918445587 0.0000000000 -0.2476550341
4.1231369972 0.0000000000 0.0000000000 0.5065200329 22.5686740875 0.0000000000 -0.2474108636
4.0930824280 0.0000000000 0.0000000000 0.5016691089 22.5453453064 0.0000000000 -0.2471984625
4.0635828972 0.0000000000 0.0000000000 0.4969363809 22.5219230652 0.0000000000 -0.2469848990
4.0346918106 0.0000000000 0.0000000000 0.4923225045 22.4987144470 0.0000000000 -0.2466455400
4.0063662529 0.0000000000 0.0000000000 0.4878451526 22.4757442474 0.0000000000 -0.2465142608
3.9788377285 0.0000000000 0.0000000000 0.4834951162 22.4520931244 0.0000000000 -0.2463143468
3.9518034458 0.0000000000 0.0000000000 0.4793074727 22.4308662415 0.0000000000 -0.2460686564
3.9249498844 0.0000000000 0.0000000000 0.4752930701 22.4060707092 0.0000000000 -0.2458245158
3.8988304138 0.0000000000 0.0000000000 0.4714434445 22.3833179474 0.0000000000 -0.2456488311
3.8724396229 0.0000000000 0.0000000000 0.4677699208 22.3618354797 0.0000000000 -0.2454484403
3.8459014893 0.0000000000 0.0000000000 0.4642408788 22.3405418396 0.0000000000 -0.2452294528
3.8193657398 0.0000000000 0.0000000000 0.4608535171 22.3185424805 0.0000000000 -0.2449981570
3.7932112217 0.0000000000 0.0000000000 0.4575961828 22.2963619232 0.0000000000 -0.2448017001
3.7673776150 0.0000000000 0.0000000000 0.4544479549 22.2744121552 0.0000000000 -0.2445370853
3.7421531677 0.0000000000 0.0000000000 0.4513638020 22.2528781891 0.0000000000 -0.2442912459
3.7175936699 0.0000000000 0.0000000000 0.4483385980 22.2308521271 0.0000000000 -0.2441530824
3.6934375763 0.0000000000 0.0000000000 0.4453710318 22.2101860046 0.0000000000 -0.2439444661
3.6695203781 0.0000000000 0.0000000000 0.4424545467 22.1906070709 0.0000000000 -0.2437265515
3.6457397938 0.0000000000 0.0000000000 0.4395646155 22.1701984406 0.0000000000 -0.2434893250
3.6221330166 0.0000000000 0.0000000000 0.4366624057 22.1507720947 0.0000000000 -0.2433078289
3.5988574028 0.0000000000 0.0000000000 0.4337491989 22.1314296722 0.0000000000 -0.2431047559
3.5759770870 0.0000000000 0.0000000000 0.4308234155 22.1124706268 0.0000000000 -0.2428834438
3.5535168648 0.0000000000 0.0000000000 0.4278734028 22.0937042236 0.0000000000 -0.2425135970
3.5314280987 0.0000000000 0.0000000000 0.4249063134 22.0757541656 0.0000000000 -0.2424570024
3.5096862316 0.0000000000 0.0000000000 0.4219531417 22.0590534210 0.0000000000 -0.2422479391
3.4883637428 0.0000000000 0.0000000000 0.4190239310 22.0421466827 0.0000000000 -0.2420304418
3.4675097466 0.0000000000 0.0000000000 0.4161301553 22.0257015228 0.0000000000 -0.2418293953
3.4470632076 0.0000000000 0.0000000000 0.4132752120 22.0087852478 0.0000000000 -0.2416132689
3.4268782139 0.0000000000 0.0000000000 0.4104545414 21.9920444489 0.0000000000 -0.2414082587
3.4069688320 0.0000000000 0.0000000000 0.4076726735 21.9760990143 0.0000000000 -0.2412144244
3.3874783516 0.0000000000 0.0000000000 0.4049316049 21.9600925446 0.0000000000 -0.2410105169
3.3682777882 0.0000000000 0.0000000000 0.4022187591 21.9434032440 0.0000000000 -0.2407320738
3.3495705128 0.0000000000 0.0000000000 0.3995008767 21.9276103973 0.0000000000 -0.2405953109
3.3312304020 0.0000000000 0.0000000000 0.3968052566 21.9120388031 0.0000000000 -0.2403308451
3.3133282661 0.0000000000 0.0000000000 0.3941493332 21.8968963623 0.0000000000 -0.2401435375
3.2962217331 0.0000000000 0.0000000000 0.3915308118 21.8806190491 0.0000000000 -0.2399662733
3.2797536850 0.0000000000 0.0000000000 0.3888939917 21.8652877808 0.0000000000 -0.2397776246
3.2638001442 0.0000000000 0.0000000000 0.3862770200 21.8491668701 0.0000000000 -0.2395714521
3.2481503487 0.0000000000 0.0000000000 0.3837197423 21.8328914642 0.0000000000 -0.2393643260
3.2327446938 0.0000000000 0.0000000000 0.3812433779 21.8176383972 0.0000000000 -0.2391190529
3.2176802158 0.0000000000 0.0000000000 0.3788493872 21.8032684326 0.0000000000 -0.2389239967
3.2025139332 0.0000000000 0.0000000000 0.3765243590 21.7894840240 0.0000000000 -0.2387467623
3.1873943806 0.0000000000 0.0000000000 0.3742532730 21.7759952545 0.0000000000 -0.2384984493
3.1723866463 0.0000000000 0.0000000000 0.3720420897 21.7634582520 0.0000000000 -0.2383408248
3.1574659348 0.0000000000 0.0000000000 0.3698749542 21.7508926392 0.0000000000 -0.2381059527
3.1427934170 0.0000000000 0.0000000000 0.3677683771 21.7388420105 0.0000000000 -0.2378928363
3.1285250187 0.0000000000 0.0000000000 0.3657429516 21.7268447876 0.0000000000 -0.2377813756
3.1145207882 0.0000000000 0.0000000000 0.3637757003 21.7152004242 0.0000000000 -0.2375130653
3.1012268066 0.0000000000 0.0000000000 0.3618461788 21.7016754150 0.0000000000 -0.2373406291
3.0884225368 0.0000000000 0.0000000000 0.3599674702 21.6885528564 0.0000000000 -0.2372297049
3.0762610435 0.0000000000 0.0000000000 0.3581399620 21.6762485504 0.0000000000 -0.2369290590
3.0647976398 0.0000000000 0.0000000000 0.3563575745 21.6636924744 0.0000000000 -0.2367208600
3.0539050102 0.0000000000 0.0000000000 0.3546124399 21.6506557465 0.0000000000 -0.2365075052
3.0432314873 0.0000000000 0.0000000000 0.3529162109 21.6372833252 0.0000000000 -0.2362745404
3.0327792168 0.0000000000 0.0000000000 0.3512669206 21.6240768433 0.0000000000 -0.2360722721
3.0225033760 0.0000000000 0.0000000000 0.3496267498 21.6109294891 0.0000000000 -0.2358393073
3.0123608112 0.0000000000 0.0000000000 0.3479879797 21.5977325439 0.0000000000 -0.2356409729
3.0022640228 0.0000000000 0.0000000000 0.3463510275 21.5844745636 0.0000000000 -0.2353708148
2.9920685291 0.0000000000 0.0000000000 0.3446898460 21.5715293884 0.0000000000 -0.2350870669
2.9817738533 0.0000000000 0.0000000000 0.3430180848 21.5597572327 0.0000000000 -0.2349145114
2.9712040424 0.0000000000 0.0000000000 0.3413492143 21.5484104156 0.0000000000 -0.2345787883
2.9605932236 0.0000000000 0.0000000000 0.3396770358 21.5345764160 0.0000000000 -0.2344325781
2.9496166706 0.0000000000 0.0000000000 0.3380319476 21.5221862793 0.0000000000 -0.2341865301
2.9384205341 0.0000000000 0.0000000000 0.3364199102 21.5104637146 0.0000000000 -0.2339006364
2.9271900654 0.0000000000 0.0000000000 0.3348448277 21.4995784760 0.0000000000 -0.2336379886
2.9159302711 0.0000000000 0.0000000000 0.3333230317 21.4891262054 0.0000000000 -0.2334247828
2.9044573307 0.0000000000 0.0000000000 0.3318702877 21.4791278839 0.0000000000 -0.2331978083
2.8928596973 0.0000000000 0.0000000000 0.3304773271 21.4687805176 0.0000000000 -0.2329369783
2.8812835217 0.0000000000 0.0000000000 0.3291850388 21.4582424164 0.0000000000 -0.2326988578
2.8697462082 0.0000000000 0.0000000000 0.3279722631 21.4475936890 0.0000000000 -0.2324498892
2.8581767082 0.0000000000 0.0000000000 0.3268245459 21.4366245270 0.0000000000 -0.2321799397
2.8466629982 0.0000000000 0.0000000000 0.3257419467 21.4259490967 0.0000000000 -0.2318434119
2.8358614445 0.0000000000 0.0000000000 0.3247039616 21.4149398804 0.0000000000 -0.2317009568
2.8253390789 0.0000000000 0.0000000000 0.3236635029 21.4035472870 0.0000000000 -0.2314108312
2.8151562214 0.0000000000 0.0000000000 0.3225972354 21.3921852112 0.0000000000 -0.2312247455
2.8052289486 0.0000000000 0.0000000000 0.3214890659 21.3801078796 0.0000000000 -0.2308783531
2.7958986759 0.0000000000 0.0000000000 0.3203293383 21.3685531616 0.0000000000 -0.2307477891
2.7869832516 0.0000000000 0.0000000000 0.3191106319 21.3571243286 0.0000000000 -0.2305085063
2.7785165310 0.0000000000 0.0000000000 0.3178623319 21.3456554413 0.0000000000 -0.2302821279
2.7705481052 0.0000000000 0.0000000000 0.3165740073 21.3334026337 0.0000000000 -0.2300546765
2.7629687786 0.0000000000 0.0000000000 0.3152494133 21.3206081390 0.0000000000 -0.2298235297
2.7556266785 0.0000000000 0.0000000000 0.3139106631 21.3076438904 0.0000000000 -0.2295927703
2.7484393120 0.0000000000 0.0000000000 0.3125558496 21.2954902649 0.0000000000 -0.2293666601
2.7413890362 0.0000000000 0.0000000000 0.3111864030 21.2830047607 0.0000000000 -0.2291424870
2.7345232964 0.0000000000 0.0000000000 0.3097948432 21.2702960968 0.0000000000 -0.2289160788
2.7279319763 0.0000000000 0.0000000000 0.3083605468 21.2576866150 0.0000000000 -0.2286940515
2.7215423584 0.0000000000 0.0000000000 0.3068900704 21.2450714111 0.0000000000 -0.2284564972
2.7153296471 0.0000000000 0.0000000000 0.3054120243 21.2327861786 0.0000000000 -0.2282252312
2.7092955112 0.0000000000 0.0000000000 0.3039457798 21.2200813293 0.0000000000 -0.2280408442
2.7032911777 0.0000000000 0.0000000000 0.3025168180 21.2078456879 0.0000000000 -0.2278142273
2.6972486973 0.0000000000 0.0000000000 0.3011465371 21.1956844330 0.0000000000 -0.2275944352
2.6913113594 0.0000000000 0.0000000000 0.2998533845 21.1836071014 0.0000000000 -0.2273777723
2.6853945255 0.0000000000 0.0000000000 0.2986364663 21.1713924408 0.0000000000 -0.2271598577
2.6795730591 0.0000000000 0.0000000000 0.2974891067 21.1587085724 0.0000000000 -0.2269781828
2.6736688614 0.0000000000 0.0000000000 0.2963955104 21.1458263397 0.0000000000 -0.2266451716
2.6681439877 0.0000000000 0.0000000000 0.2953579724 21.1339550018 0.0000000000 -0.2265225947
2.6626117229 0.0000000000 0.0000000000 0.2943547964 21.1217842102 0.0000000000 -0.2263629436
2.6571860313 0.0000000000 0.0000000000 0.2933832407 21.1098804474 0.0000000000 -0.2261105776
2.6518430710 0.0000000000 0.0000000000 0.2924437523 21.0983657837 0.0000000000 -0.2258980274
2.6465888023 0.0000000000 0.0000000000 0.2915194631 21.0878162384 0.0000000000 -0.2257198393
2.6414101124 0.0000000000 0.0000000000 0.2906022966 21.0749511719 0.0000000000 -0.2255280018
2.6362659931 0.0000000000 0.0000000000 0.2897011936 21.0617332458 0.0000000000 -0.2253335416
2.6312944889 0.0000000000 0.0000000000 0.2888091207 21.0482673645 0.0000000000 -0.2250913680
2.6265552044 0.0000000000 0.0000000000 0.2879469991 21.0349826813 0.0000000000 -0.2249578238
2.6218442917 0.0000000000 0.0000000000 0.2871319652 21.0213260651 0.0000000000 -0.2247826457
2.6171751022 0.0000000000 0.0000000000 0.2863504291 21.0079784393 0.0000000000 -0.2245954275
2.6125786304 0.0000000000 0.0000000000 0.2855944633 20.9939460754 0.0000000000 -0.2244105935
2.6079394817 0.0000000000 0.0000000000 0.2848605216 20.9801387787 0.0000000000 -0.2242406011
2.6032350063 0.0000000000 0.0000000000 0.2841533124 20.9668560028 0.0000000000 -0.2240617275
2.5985479355 0.0000000000 0.0000000000 0.2834846079 20.9543781281 0.0000000000 -0.2238872051
2.5937631130 0.0000000000 0.0000000000 0.2828515768 20.9421596527 0.0000000000 -0.2237042785
2.5888242722 0.0000000000 0.0000000000 0.2822872400 20.9311351776 0.0000000000 -0.2235347629
2.5835714340 0.0000000000 0.0000000000 0.2817870378 20.9213809967 0.0000000000 -0.2233514786
2.5779726505 0.0000000000 0.0000000000 0.2813569903 20.9129600525 0.0000000000 -0.2231861353
2.5719676018 0.0000000000 0.0000000000 0.2809814811 20.9046764374 0.0000000000 -0.2230218053
2.5655176640 0.0000000000 0.0000000000 0.2806345522 20.8965511322 0.0000000000 -0.2228365839
2.5586769581 0.0000000000 0.0000000000 0.2803025246 20.8883647919 0.0000000000 -0.2226803303
2.5512323380 0.0000000000 0.0000000000 0.2799951434 20.8798484802 0.0000000000 -0.2225105166
2.5433266163 0.0000000000 0.0000000000 0.2797319591 20.8716793060 0.0000000000 -0.2223715782
2.5351994038 0.0000000000 0.0000000000 0.2794963717 20.8634624481 0.0000000000 -0.2221419215
2.5270195007 0.0000000000 0.0000000000 0.2792946994 20.8549880981 0.0000000000 -0.2219526768
2.5190353394 0.0000000000 0.0000000000 0.2791751027 20.8457622528 0.0000000000 -0.2218341231
2.5112514496 0.0000000000 0.0000000000 0.2791499794 20.8355712891 0.0000000000 -0.2216659486
2.5038392544 0.0000000000 0.0000000000 0.2791753709 20.8249378204 0.0000000000 -0.2215002179
2.4968373775 0.0000000000 0.0000000000 0.2792122960 20.8141822815 0.0000000000 -0.2213215232
2.4902527332 0.0000000000 0.0000000000 0.2792777419 20.8026752472 0.0000000000 -0.2211570144
2.4842164516 0.0000000000 0.0000000000 0.2793707550 20.7907333374 0.0000000000 -0.2209642529
2.4787309170 0.0000000000 0.0000000000 0.2794548869 20.7788734436 0.0000000000 -0.2207784653
2.4736487865 0.0000000000 0.0000000000 0.2795195580 20.7672519684 0.0000000000 -0.2205914855
2.4688959122 0.0000000000 0.0000000000 0.2795955539 20.7558727264 0.0000000000 -0.2204003930
2.4644789696 0.0000000000 0.0000000000 0.2796373367 20.7447452545 0.0000000000 -0.2202088237
2.4603884220 0.0000000000 0.0000000000 0.2796274424 20.7336196899 0.0000000000 -0.2200169563
2.4565110207 0.0000000000 0.0000000000 0.2795699537 20.7228412628 0.0000000000 -0.2198231220
2.4527461529 0.0000000000 0.0000000000 0.2794520855 20.7121391296 0.0000000000 -0.2196388543
2.4491157532 0.0000000000 0.0000000000 0.2792437077 20.7005481720 0.0000000000 -0.2194530368
2.4456470013 0.0000000000 0.0000000000 0.2789368629 20.6882419586 0.0000000000 -0.2192713022
2.4423122406 0.0000000000 0.0000000000 0.2785309553 20.6756725311 0.0000000000 -0.2190852165
2.4391787052 0.0000000000 0.0000000000 0.2780093551 20.6621475220 0.0000000000 -0.2189020514
2.4363052845 0.0000000000 0.0000000000 0.2773920298 20.6477775574 0.0000000000 -0.2187215686
2.4336216450 0.0000000000 0.0000000000 0.2766919434 20.6323757172 0.0000000000 -0.2185356915
2.4312021732 0.0000000000 0.0000000000 0.2759327292 20.6165924072 0.0000000000 -0.2183515728
2.4291315079 0.0000000000 0.0000000000 0.2751272321 20.6003398895 0.0000000000 -0.2181283236
2.4275188446 0.0000000000 0.0000000000 0.2742988467 20.5842456818 0.0000000000 -0.2179918587
2.4261598587 0.0000000000 0.0000000000 0.2734865844 20.5680713654 0.0000000000 -0.2177636325
2.4249234200 0.0000000000 0.0000000000 0.2727003992 20.5531787872 0.0000000000 -0.2176437080
2.4236121178 0.0000000000 0.0000000000 0.2719606757 20.5396671295 0.0000000000 -0.2174660563
2.4220321178 0.0000000000 0.0000000000 0.2712860107 20.5252761841 0.0000000000 -0.2172970176
2.4200625420 0.0000000000 0.0000000000 0.2706614137 20.5124530792 0.0000000000 -0.2171264887
2.4176192284 0.0000000000 0.0000000000 0.2700806558 20.5004806519 0.0000000000 -0.2169504166
2.4146254063 0.0000000000 0.0000000000 0.2695380747 20.4904842377 0.0000000000 -0.2167963982
2.4112176895 0.0000000000 0.0000000000 0.2690557539 20.4814186096 0.0000000000 -0.2166401744
2.4076650143 0.0000000000 0.0000000000 0.2686231136 20.4722003937 0.0000000000 -0.2164531946
2.4040133953 0.0000000000 0.0000000000 0.2682580650 20.4628295898 0.0000000000 -0.2163209319
2.4001955986 0.0000000000 0.0000000000 0.2679225206 20.4540519714 0.0000000000 -0.2161681354
2.3963027000 0.0000000000 0.0000000000 0.2676174641 20.4455375671 0.0000000000 -0.2160137892
2.3924007416 0.0000000000 0.0000000000 0.2673337758 20.4373779297 0.0000000000 -0.2158604860
2.3886728287 0.0000000000 0.0000000000 0.2670692801 20.4297466278 0.0000000000 -0.2157188952
2.3851091862 0.0000000000 0.0000000000 0.2668131292 20.4219722748 0.0000000000 -0.2155607939
2.3818423748 0.0000000000 0.0000000000 0.2665644884 20.4139728546 0.0000000000 -0.2154067755
2.3789536953 0.0000000000 0.0000000000 0.2663218975 20.4050045013 0.0000000000 -0.2152602077
2.3763589859 0.0000000000 0.0000000000 0.2661004961 20.3951911926 0.0000000000 -0.2151017189
2.3739380836 0.0000000000 0.0000000000 0.2658672631 20.3846321106 0.0000000000 -0.2149540186
2.3716192245 0.0000000000 0.0000000000 0.2656218708 20.3737964630 0.0000000000 -0.2147984505
2.3694086075 0.0000000000 0.0000000000 0.2653695941 20.3617630005 0.0000000000 -0.2146483064
2.3673062325 0.0000000000 0.0000000000 0.2651384473 20.3488559723 0.0000000000 -0.2144958377
2.3653399944 0.0000000000 0.0000000000 0.2649228871 20.3350124359 0.0000000000 -0.2143431306
2.3634335995 0.0000000000 0.0000000000 0.2647018135 20.3196754456 0.0000000000 -0.2141931653
2.3615696430 0.0000000000 0.0000000000 0.2644782960 20.3065471649 0.0000000000 -0.2140609026
2.3598108292 0.0000000000 0.0000000000 0.2642298639 20.2947444916 0.0000000000 -0.2138466835
2.3579993248 0.0000000000 0.0000000000 0.2639675438 20.2837886810 0.0000000000 -0.2137582898
2.3560481071 0.0000000000 0.0000000000 0.2637144625 20.2726516724 0.0000000000 -0.2136194706
2.3540325165 0.0000000000 0.0000000000 0.2634708881 20.2618274689 0.0000000000 -0.2134736180
2.3520479202 0.0000000000 0.0000000000 0.2632611394 20.2512264252 0.0000000000 -0.2133322358
2.3501603603 0.0000000000 0.0000000000 0.2630874217 20.2412052155 0.0000000000 -0.2131805420
2.3484604359 0.0000000000 0.0000000000 0.2628903687 20.2314338684 0.0000000000 -0.2130330801
2.3469250202 0.0000000000 0.0000000000 0.2626325190 20.2218952179 0.0000000000 -0.2128868103
2.3456122875 0.0000000000 0.0000000000 0.2623140216 20.2125492096 0.0000000000 -0.2127391696
2.3444752693 0.0000000000 0.0000000000 0.2619412243 20.2031879425 0.0000000000 -0.2125950754
2.3434653282 0.0000000000 0.0000000000 0.2615289390 20.1936130524 0.0000000000 -0.2124508023
2.3424937725 0.0000000000 0.0000000000 0.2611169517 20.1837368011 0.0000000000 -0.2122514844
2.3415875435 0.0000000000 0.0000000000 0.2607111931 20.1736202240 0.0000000000 -0.2121675611
2.3405537605 0.0000000000 0.0000000000 0.2603219450 20.1628990173 0.0000000000 -0.2120226026
2.3394949436 0.0000000000 0.0000000000 0.2599323392 20.1518878937 0.0000000000 -0.2118719816
2.3385367393 0.0000000000 0.0000000000 0.2595698237 20.1410942078 0.0000000000 -0.2118351460
2.3377542496 0.0000000000 0.0000000000 0.2592313290 20.1296157837 0.0000000000 -0.2116196156
2.3373146057 0.0000000000 0.0000000000 0.2589221001 20.1175632477 0.0000000000 -0.2114764452
2.3373284340 0.0000000000 0.0000000000 0.2585698664 20.1053180695 0.0000000000 -0.2113510668
2.3376996517 0.0000000000 0.0000000000 0.2581524849 20.0926475525 0.0000000000 -0.2112178206
2.3383421898 0.0000000000 0.0000000000 0.2576697767 20.0804691315 0.0000000000 -0.2110865712
2.3392117023 0.0000000000 0.0000000000 0.2571654320 20.0682315826 0.0000000000 -0.2109531760
2.3402049541 0.0000000000 0.0000000000 0.2566181421 20.0553188324 0.0000000000 -0.2108203769
2.3412342072 0.0000000000 0.0000000000 0.2560773790 20.0422840118 0.0000000000 -0.2106824517
2.3422086239 0.0000000000 0.0000000000 0.2555264235 20.0292282104 0.0000000000 -0.2105585337
2.3431582451 0.0000000000 0.0000000000 0.2549661100 20.0162658691 0.0000000000 -0.2104306221
2.3439323902 0.0000000000 0.0000000000 0.2543875873 20.0035419464 0.0000000000 -0.2103018761
2.3445086479 0.0000000000 0.0000000000 0.2538440526 19.9911422729 0.0000000000 -0.2101747990
2.3449118137 0.0000000000 0.0000000000 0.2533761859 19.9788551331 0.0000000000 -0.2100499868
2.3452520370 0.0000000000 0.0000000000 0.2529835403 19.9672107697 0.0000000000 -0.2099225521
2.3456702232 0.0000000000 0.0000000000 0.2526205480 19.9558963776 0.0000000000 -0.2098001540
2.3461656570 0.0000000000 0.0000000000 0.2522783875 19.9447135925 0.0000000000 -0.2096738517
2.3466513157 0.0000000000 0.0000000000 0.2519860268 19.9331493378 0.0000000000 -0.2095503807
2.3470962048 0.0000000000 0.0000000000 0.2517273128 19.9217262268 0.0000000000 -0.2094895244
2.3474247456 0.0000000000 0.0000000000 0.2514767349 19.9107818604 0.0000000000 -0.2093299031
2.3475580215 0.0000000000 0.0000000000 0.2512593567 19.9005851746 0.0000000000 -0.2091899812
2.3475320339 0.0000000000 0.0000000000 0.2510549128 19.8905391693 0.0000000000 -0.2090739012
2.3473994732 0.0000000000 0.0000000000 0.2508172691 19.8802833557 0.0000000000 -0.2089611292
2.3471715450 0.0000000000 0.0000000000 0.2505375147 19.8695659637 0.0000000000 -0.2088464200
2.3467824459 0.0000000000 0.0000000000 0.2501929998 19.8588752747 0.0000000000 -0.2087376118
2.3463039398 0.0000000000 0.0000000000 0.2498104125 19.8482017517 0.0000000000 -0.2086715102
2.3458125591 0.0000000000 0.0000000000 0.2494439483 19.8374252319 0.0000000000 -0.2085134983
2.3452310562 0.0000000000 0.0000000000 0.2491005063 19.8266735077 0.0000000000 -0.2084026337
2.3446435928 0.0000000000 0.0000000000 0.2487800568 19.8157653809 0.0000000000 -0.2082955241
2.3440687656 0.0000000000 0.0000000000 0.2484551668 19.8052845001 0.0000000000 -0.2081879377
2.3435006142 0.0000000000 0.0000000000 0.2481341511 19.7947578430 0.0000000000 -0.2080799937
2.3429343700 0.0000000000 0.0000000000 0.2478171587 19.7845153809 0.0000000000 -0.2080099583
2.3426437378 0.0000000000 0.0000000000 0.2474998087 19.7746448517 0.0000000000 -0.2078683376
2.3424808979 0.0000000000 0.0000000000 0.2472086251 19.7647495270 0.0000000000 -0.2077680230
2.3423917294 0.0000000000 0.0000000000 0.2469415367 19.7549991608 0.0000000000 -0.2075879276
2.3425645828 0.0000000000 0.0000000000 0.2466670871 19.7455005646 0.0000000000 -0.2075568438
2.3429207802 0.0000000000 0.0000000000 0.2463862449 19.7361125946 0.0000000000 -0.2075158358
2.3434488773 0.0000000000 0.0000000000 0.2461324334 19.7267665863 0.0000000000 -0.2073537111
2.3441905975 0.0000000000 0.0000000000 0.2458994836 19.7171897888 0.0000000000 -0.2072529197
2.3451097012 0.0000000000 0.0000000000 0.2456515282 19.7075366974 0.0000000000 -0.2072414160
2.3461036682 0.0000000000 0.0000000000 0.2453849614 19.6981735229 0.0000000000 -0.2070445418
2.3472676277 0.0000000000 0.0000000000 0.2450982630 19.6891155243 0.0000000000 -0.2070975304
2.3484666348 0.0000000000 0.0000000000 0.2448003888 19.6799564362 0.0000000000 -0.2068643868
2.3497343063 0.0000000000 0.0000000000 0.2445101440 19.6706027985 0.0000000000 -0.2067658305
2.3510422707 0.0000000000 0.0000000000 0.2442284524 19.6615505219 0.0000000000 -0.2066787779
2.3524417877 0.0000000000 0.0000000000 0.2439489812 19.6525802612 0.0000000000 -0.2065815330
2.3538706303 0.0000000000 0.0000000000 0.2437075377 19.6438064575 0.0000000000 -0.2064979672
2.3553729057 0.0000000000 0.0000000000 0.2435168326 19.6341342926 0.0000000000 -0.2063980699
2.3569753170 0.0000000000 0.0000000000 0.2432908267 19.6245326996 0.0000000000 -0.2063094974
2.3586401939 0.0000000000 0.0000000000 0.2430061698 19.6149730682 0.0000000000 -0.2062182426
2.3602550030 0.0000000000 0.0000000000 0.2427524030 19.6054916382 0.0000000000 -0.2061321735
2.3617660999 0.0000000000 0.0000000000 0.2425398231 19.5964317322 0.0000000000 -0.2060377002
2.3630883694 0.0000000000 0.0000000000 0.2423867732 19.5877075195 0.0000000000 -0.2059461474
2.3640644550 0.0000000000 0.0000000000 0.2422652692 19.5789642334 0.0000000000 -0.2058554888
2.3647692204 0.0000000000 0.0000000000 0.2420933098 19.5702934265 0.0000000000 -0.2057627439
2.3652548790 0.0000000000 0.0000000000 0.2418841869 19.5619926453 0.0000000000 -0.2056714892
2.3655531406 0.0000000000 0.0000000000 0.2416642457 19.5535774231 0.0000000000 -0.2055836916
2.3657360077 0.0000000000 0.0000000000 0.2414780408 19.5453128815 0.0000000000 -0.2054834366
2.3659505844 0.0000000000 0.0000000000 0.2413289845 19.5367374420 0.0000000000 -0.2053890526
2.3662822247 0.0000000000 0.0000000000 0.2411782742 19.5281314850 0.0000000000 -0.2052933574
2.3668427467 0.0000000000 0.0000000000 0.2410254478 19.5208835602 0.0000000000 -0.2051749527
2.3676137924 0.0000000000 0.0000000000 0.2409162223 19.5131111145 0.0000000000 -0.2050922513
2.3685076237 0.0000000000 0.0000000000 0.2408389896 19.5050067902 0.0000000000 -0.2049903870
2.3695440292 0.0000000000 0.0000000000 0.2407423109 19.4964714050 0.0000000000 -0.2048872113
2.3706958294 0.0000000000 0.0000000000 0.2405831665 19.4881286621 0.0000000000 -0.2047858238
2.3718640804 0.0000000000 0.0000000000 0.2403898388 19.4799137115 0.0000000000 -0.2046865821
2.3730266094 0.0000000000 0.0000000000 0.2402469516 19.4720153809 0.0000000000 -0.2045845389
2.3740947247 0.0000000000 0.0000000000 0.2401711196 19.4639167786 0.0000000000 -0.2044849396
2.3750820160 0.0000000000 0.0000000000 0.2401268184 19.4556236267 0.0000000000 -0.2043893337
2.3760247231 0.0000000000 0.0000000000 0.2401033044 19.4475364685 0.0000000000 -0.2042917013
2.3768434525 0.0000000000 0.0000000000 0.2400131673 19.4394302368 0.0000000000 -0.2041956782
2.3775448799 0.0000000000 0.0000000000 0.2398318201 19.4312973022 0.0000000000 -0.2040998340
2.3781328201 0.0000000000 0.0000000000 0.2395865023 19.4230518341 0.0000000000 -0.2040050030
2.3787250519 0.0000000000 0.0000000000 0.2393337786 19.4148502350 0.0000000000 -0.2039099336
2.3794200420 0.0000000000 0.0000000000 0.2390702218 19.4060688019 0.0000000000 -0.2038160563
2.3802239895 0.0000000000 0.0000000000 0.2388032377 19.3968448639 0.0000000000 -0.2037228346
2.3811051846 0.0000000000 0.0000000000 0.2385220677 19.3874702454 0.0000000000 -0.2036309540
2.3821246624 0.0000000000 0.0000000000 0.2382002324 19.3780307770 0.0000000000 -0.2035344541
2.3831815720 0.0000000000 0.0000000000 0.2378496528 19.3684730530 0.0000000000 -0.2034462094
2.3841271400 0.0000000000 0.0000000000 0.2374925613 19.3588352203 0.0000000000 -0.2033543885
2.3849663734 0.0000000000 0.0000000000 0.2371800989 19.3493423462 0.0000000000 -0.2032337785
2.3856077194 0.0000000000 0.0000000000 0.2368899137 19.3414058685 0.0000000000 -0.2031693161
2.3862676620 0.0000000000 0.0000000000 0.2366487533 19.3339786530 0.0000000000 -0.2030781507
2.3869199753 0.0000000000 0.0000000000 0.2364008576 19.3236122131 0.0000000000 -0.2029855251
2.3876152039 0.0000000000 0.0000000000 0.2361977249 19.3148059845 0.0000000000 -0.2028940916
2.3885171413 0.0000000000 0.0000000000 0.2360551506 19.3056259155 0.0000000000 -0.2028021514
2.3898489475 0.0000000000 0.0000000000 0.2359116524 19.2961006165 0.0000000000 -0.2027134895
2.3914766312 0.0000000000 0.0000000000 0.2357189357 19.2865848541 0.0000000000 -0.2026244998
2.3932292461 0.0000000000 0.0000000000 0.2354732603 19.2781734467 0.0000000000 -0.2025434375
2.3949618340 0.0000000000 0.0000000000 0.2351685762 19.2695388794 0.0000000000 -0.2024603188
2.3967590332 0.0000000000 0.0000000000 0.2348687798 19.2605323792 0.0000000000 -0.2023760080
2.3984701633 0.0000000000 0.0000000000 0.2345974445 19.2514228821 0.0000000000 -0.2023031712
2.3998925686 0.0000000000 0.0000000000 0.2343655229 19.2424030304 0.0000000000 -0.2022177577
2.4010655880 0.0000000000 0.0000000000 0.2341722697 19.2331295013 0.0000000000 -0.2021553814
2.4020738602 0.0000000000 0.0000000000 0.2339841574 19.2237186432 0.0000000000 -0.2020863295
2.4028744698 0.0000000000 0.0000000000 0.2338060886 19.2141914368 0.0000000000 -0.2020162344
2.4035584927 0.0000000000 0.0000000000 0.2336254269 19.2049102783 0.0000000000 -0.2019473314
2.4041302204 0.0000000000 0.0000000000 0.2334145457 19.1956615448 0.0000000000 -0.2018758357
2.4047451019 0.0000000000 0.0000000000 0.2331870049 19.1863574982 0.0000000000 -0.2018078268
2.4054365158 0.0000000000 0.0000000000 0.2329563051 19.1771278381 0.0000000000 -0.2017650008
2.4060928822 0.0000000000 0.0000000000 0.2327672839 19.1678771973 0.0000000000 -0.2016597986
2.4067864418 0.0000000000 0.0000000000 0.2326734364 19.1593761444 0.0000000000 -0.2015891671
2.4075105190 0.0000000000 0.0000000000 0.2326027751 19.1506919861 0.0000000000 -0.2015199065
2.4081287384 0.0000000000 0.0000000000 0.2325405777 19.1414985657 0.0000000000 -0.2014534175
2.4086682796 0.0000000000 0.0000000000 0.2324967980 19.1325721741 0.0000000000 -0.2013882995
2.4091105461 0.0000000000 0.0000000000 0.2324394584 19.1234951019 0.0000000000 -0.2013274133
2.4095256329 0.0000000000 0.0000000000 0.2323465496 19.1144542694 0.0000000000 -0.2012646794
2.4099845886 0.0000000000 0.0000000000 0.2322284132 19.1050643921 0.0000000000 -0.2012045979
2.4104583263 0.0000000000 0.0000000000 0.2320729345 19.0955314636 0.0000000000 -0.2011431456
2.4110212326 0.0000000000 0.0000000000 0.2318317890 19.0859813690 0.0000000000 -0.2010831833
2.4115896225 0.0000000000 0.0000000000 0.2315612584 19.0763626099 0.0000000000 -0.2010232210
2.4121737480 0.0000000000 0.0000000000 0.2313218862 19.0665779114 0.0000000000 -0.2009646893
2.4127581120 0.0000000000 0.0000000000 0.2311199158 19.0566616058 0.0000000000 -0.2009061575
2.4134149551 0.0000000000 0.0000000000 0.2308998257 19.0468444824 0.0000000000 -0.2008493543
2.4141786098 0.0000000000 0.0000000000 0.2306592613 19.0373954773 0.0000000000 -0.2007908821
2.4150114059 0.0000000000 0.0000000000 0.2303999513 19.0277900696 0.0000000000 -0.2007404566
2.4158124924 0.0000000000 0.0000000000 0.2301200777 19.0186214447 0.0000000000 -0.2006852925
2.4165134430 0.0000000000 0.0000000000 0.2298426926 19.0098533630 0.0000000000 -0.2006359994
2.4170727730 0.0000000000 0.0000000000 0.2295732498 19.0009727478 0.0000000000 -0.2005915940
2.4174425602 0.0000000000 0.0000000000 0.2293639779 18.9918899536 0.0000000000 -0.2005454302
2.4176125526 0.0000000000 0.0000000000 0.2292430252 18.9827098846 0.0000000000 -0.2004969120
2.4176740646 0.0000000000 0.0000000000 0.2291419953 18.9743766785 0.0000000000 -0.2004525065
2.4175643921 0.0000000000 0.0000000000 0.2291007340 18.9661045074 0.0000000000 -0.2004067898
2.4173743725 0.0000000000 0.0000000000 0.2291349322 18.9577026367 0.0000000000 -0.2003611624
2.4171469212 0.0000000000 0.0000000000 0.2292309105 18.9494304657 0.0000000000 -0.2003160119
2.4170374870 0.0000000000 0.0000000000 0.2293355912 18.9410247803 0.0000000000 -0.2002694309
2.4171607494 0.0000000000 0.0000000000 0.2294052541 18.9330024719 0.0000000000 -0.2002141476
2.4174849987 0.0000000000 0.0000000000 0.2293581665 18.9263114929 0.0000000000 -0.2001785338
2.4180302620 0.0000000000 0.0000000000 0.2292289734 18.9197463989 0.0000000000 -0.2001330256
2.4187781811 0.0000000000 0.0000000000 0.2290654182 18.9134922028 0.0000000000 -0.2000940442
2.4196166992 0.0000000000 0.0000000000 0.2289074063 18.9076118469 0.0000000000 -0.2000522614
2.4204087257 0.0000000000 0.0000000000 0.2287548482 18.9019718170 0.0000000000 -0.2000125349
2.4210639000 0.0000000000 0.0000000000 0.2285838425 18.8965358734 0.0000000000 -0.1999922991
2.4216792583 0.0000000000 0.0000000000 0.2283842564 18.8922958374 0.0000000000 -0.1999716163
2.4223282337 0.0000000000 0.0000000000 0.2281661928 18.8882827759 0.0000000000 -0.1999341547
2.4230384827 0.0000000000 0.0000000000 0.2279497236 18.8832759857 0.0000000000 -0.1999157965
2.4238092899 0.0000000000 0.0000000000 0.2277560681 18.8771972656 0.0000000000 -0.1998846531
2.4246833324 0.0000000000 0.0000000000 0.2275616229 18.8721179962 0.0000000000 -0.1998572946
2.4256072044 0.0000000000 0.0000000000 0.2273661941 18.8652286530 0.0000000000 -0.1998310089
2.4263806343 0.0000000000 0.0000000000 0.2271663547 18.8579826355 0.0000000000 -0.1998040676
2.4271357059 0.0000000000 0.0000000000 0.2269947678 18.8502655029 0.0000000000 -0.1997757554
2.4278891087 0.0000000000 0.0000000000 0.2268882543 18.8439579010 0.0000000000 -0.1997457743
2.4286410809 0.0000000000 0.0000000000 0.2268233001 18.8378372192 0.0000000000 -0.1997486353
