#         rmsthk      stdthk       rmsvel       stdvel       rmsdiv       stddiv       rmsusurf       stdusurf
0.0000000000 0.0000000000 178.6378631592 133.1120147705 0.0000000000 0.0000000000 0.0000000000 0.0000000000
-0.1186241060 0.4724707305 92.3929519653 78.7487564087 0.0000000000 0.0000000000 -0.0631122515 0.9904519916
-0.2349925488 0.8643337488 61.8037185669 49.8667526245 0.0000000000 0.0000000000 -0.1258983910 1.8300538063
-0.3587727845 1.2030988932 61.3703727722 43.1363868713 0.0000000000 0.0000000000 -0.1798867136 2.5289163589
-0.4916206002 1.5061880350 63.8726654053 42.5443992615 0.0000000000 0.0000000000 -0.2227372825 3.1078922749
-0.6316655278 1.7890542746 63.9672470093 42.1728134155 0.0000000000 0.0000000000 -0.2567331493 3.5920727253
-0.7764841914 2.0616879463 61.3205757141 40.3796958923 0.0000000000 0.0000000000 -0.2828627229 4.0012974739
-0.9238102436 2.3293209076 57.0212211609 38.0718116760 0.0000000000 0.0000000000 -0.3016097546 4.3499441147
-1.0714652538 2.5936217308 51.8740386963 35.8887214661 0.0000000000 0.0000000000 -0.3136897981 4.6470146179
-1.2178010941 2.8547697067 46.3357391357 33.8336181641 0.0000000000 0.0000000000 -0.3198226988 4.8991847038
-1.3611967564 3.1117308140 40.6619453430 31.9055061340 0.0000000000 0.0000000000 -0.3204321265 5.1111035347
-1.5003261566 3.3630456924 35.1240005493 30.2656230927 0.0000000000 0.0000000000 -0.3156834245 5.2864284515
-1.6340398788 3.6072485447 29.8981590271 29.1120719910 0.0000000000 0.0000000000 -0.3060165942 5.4278917313
-1.7615160942 3.8430175781 25.0585708618 28.3335208893 0.0000000000 0.0000000000 -0.2920570672 5.5382385254
-1.8822422028 4.0693178177 20.6607418060 27.8718376160 0.0000000000 0.0000000000 -0.2745076120 5.6199207306
-1.9959409237 4.2855110168 16.6854438782 27.6674251556 0.0000000000 0.0000000000 -0.2539321482 5.6753835678
-2.1025276184 4.4911293983 13.1009492874 27.6977958679 0.0000000000 0.0000000000 -0.2307660580 5.7069134712
-2.2020950317 4.6860885620 9.8899230957 27.9151420593 0.0000000000 0.0000000000 -0.2054078579 5.7166671753
-2.2948272228 4.8705096245 7.0346345901 28.2754421234 0.0000000000 0.0000000000 -0.1782962829 5.7067275047
-2.3810088634 5.0446610451 4.5320286751 28.7283592224 0.0000000000 0.0000000000 -0.1498770565 5.6791296005
-2.4608659744 5.2087340355 2.3631722927 29.2223625183 0.0000000000 0.0000000000 -0.1205713153 5.6357316971
-2.5345993042 5.3629770279 0.5155242085 29.7250499725 0.0000000000 0.0000000000 -0.0907661244 5.5783600807
-2.6025574207 5.5079789162 -1.0332142115 30.1928100586 0.0000000000 0.0000000000 -0.0608572997 5.5087428093
-2.6651337147 5.6444315910 -2.3182682991 30.6028957367 0.0000000000 0.0000000000 -0.0311394893 5.4284868240
-2.7226738930 5.7728905678 -3.3648281097 30.9445934296 0.0000000000 0.0000000000 -0.0019389859 5.3392143250
-2.7755377293 5.8940315247 -4.2003564835 31.2141342163 0.0000000000 0.0000000000 0.0264572501 5.2423963547
-2.8240897655 6.0085458755 -4.8473219872 31.4105815887 0.0000000000 0.0000000000 0.0537791438 5.1394305229
-2.8686726093 6.1171011925 -5.3252654076 31.5346126556 0.0000000000 0.0000000000 0.0798003227 5.0316214561
-2.9096119404 6.2202706337 -5.6510577202 31.5921115875 0.0000000000 0.0000000000 0.1043329239 4.9201960564
-2.9472668171 6.3187603951 -5.8387560844 31.5872516632 0.0000000000 0.0000000000 0.1272177547 4.8062753677
-2.9819600582 6.4132094383 -5.9010248184 31.5272693634 0.0000000000 0.0000000000 0.1483088434 4.6908850670
-3.0139596462 6.5041275024 -5.8486542702 31.4204654694 0.0000000000 0.0000000000 0.1675064266 4.5749611855
-3.0435028076 6.5919456482 -5.6898064613 31.2716751099 0.0000000000 0.0000000000 0.1847390532 4.4592885971
-3.0708677769 6.6772232056 -5.4322361946 31.0884265900 0.0000000000 0.0000000000 0.1999651492 4.3445930481
-3.0963046551 6.7604160309 -5.0841889381 30.8761100769 0.0000000000 0.0000000000 0.2131599784 4.2315268517
-3.1200101376 6.8418402672 -4.6538910866 30.6414222717 0.0000000000 0.0000000000 0.2243366390 4.1206221581
-3.1421985626 6.9218897820 -4.1475005150 30.3905982971 0.0000000000 0.0000000000 0.2335652411 4.0123295784
-3.1630725861 7.0009355545 -3.5725412369 30.1298427582 0.0000000000 0.0000000000 0.2409305722 3.9069859982
-3.1827681065 7.0791831017 -2.9374465942 29.8657207489 0.0000000000 0.0000000000 0.2465410233 3.8048999310
-3.2014944553 7.1570000648 -2.2494907379 29.6045112610 0.0000000000 0.0000000000 0.2505293489 3.7062840462
-3.2194674015 7.2347941399 -1.5164462328 29.3509578705 0.0000000000 0.0000000000 0.2530314624 3.6113421917
-3.2368791103 7.3128924370 -0.7462509871 29.1092987061 0.0000000000 0.0000000000 0.2541764379 3.5202248096
-3.2538974285 7.3915600777 0.0529470220 28.8844642639 0.0000000000 0.0000000000 0.2540912628 3.4330210686
-3.2706744671 7.4710626602 0.8735790253 28.6799755096 0.0000000000 0.0000000000 0.2528969944 3.3497576714
-3.2873113155 7.5515336990 1.7086584568 28.5003967285 0.0000000000 0.0000000000 0.2507498562 3.2704374790
-3.3040349483 7.6333570480 2.5501790047 28.3483142853 0.0000000000 0.0000000000 0.2478086054 3.1950252056
-3.3209707737 7.7166724205 3.3915295601 28.2257232666 0.0000000000 0.0000000000 0.2441959977 3.1234133244
-3.3382532597 7.8017487526 4.2252745628 28.1336555481 0.0000000000 0.0000000000 0.2400092632 3.0555036068
-3.3560373783 7.8888225555 5.0472674370 28.0754985809 0.0000000000 0.0000000000 0.2353448123 2.9912307262
-3.3744816780 7.9780464172 5.8531093597 28.0502529144 0.0000000000 0.0000000000 0.2303209007 2.9305284023
-3.3937537670 8.0697612762 6.6379551888 28.0567665100 0.0000000000 0.0000000000 0.2249981165 2.8733851910
-3.4138839245 8.1638965607 7.3995308876 28.0952396393 0.0000000000 0.0000000000 0.2194836736 2.8198072910
-3.4349040985 8.2603874207 8.1351957321 28.1618938446 0.0000000000 0.0000000000 0.2138565928 2.7698733807
-3.4569325447 8.3593540192 8.8426036835 28.2551879883 0.0000000000 0.0000000000 0.2081830949 2.7237088680
-3.4799973965 8.4608478546 9.5221443176 28.3705577850 0.0000000000 0.0000000000 0.2025251687 2.6814470291
-3.5042517185 8.5651512146 10.1704196930 28.5022277832 0.0000000000 0.0000000000 0.1969252974 2.6432836056
-3.5297567844 8.6722812653 10.7872438431 28.6439990997 0.0000000000 0.0000000000 0.1913915277 2.6093690395
-3.5565598011 8.7822322845 11.3709945679 28.7865638733 0.0000000000 0.0000000000 0.1859418601 2.5799038410
-3.5847067833 8.8950328827 11.9164381027 28.9206352234 0.0000000000 0.0000000000 0.1805976480 2.5551142693
-3.6141905785 9.0105752945 12.4224758148 29.0398330688 0.0000000000 0.0000000000 0.1753668785 2.5352020264
-3.6449639797 9.1286983490 12.8904266357 29.1357135773 0.0000000000 0.0000000000 0.1702872217 2.5204477310
-3.6770236492 9.2493515015 13.3172464371 29.2000331879 0.0000000000 0.0000000000 0.1654095352 2.5110466480
-3.7102944851 9.3722238541 13.6988248825 29.2287712097 0.0000000000 0.0000000000 0.1607655138 2.5072917938
-3.7448973656 9.4976453781 14.0357847214 29.2211608887 0.0000000000 0.0000000000 0.1564638168 2.5093050003
-3.7807936668 9.6255655289 14.3274135590 29.1792392731 0.0000000000 0.0000000000 0.1525719017 2.5170896053
-3.8178818226 9.7556734085 14.5773477554 29.1059265137 0.0000000000 0.0000000000 0.1491667330 2.5304689407
-3.8562111855 9.8879938126 14.7884273529 29.0029373169 0.0000000000 0.0000000000 0.1463503838 2.5490958691
-3.8956522942 10.0222539902 14.9615926743 28.8774681091 0.0000000000 0.0000000000 0.1441959590 2.5727088451
-3.9361715317 10.1584205627 15.0983018875 28.7353343964 0.0000000000 0.0000000000 0.1427827030 2.6007587910
-3.9777143002 10.2964067459 15.2055854797 28.5858516693 0.0000000000 0.0000000000 0.1421211660 2.6326391697
-4.0202264786 10.4358768463 15.2876510620 28.4345645905 0.0000000000 0.0000000000 0.1422801018 2.6676990986
-4.0636682510 10.5768461227 15.3485460281 28.2866687775 0.0000000000 0.0000000000 0.1433024853 2.7052853107
-4.1079487801 10.7190141678 15.3920574188 28.1492919922 0.0000000000 0.0000000000 0.1452007443 2.7448387146
-4.1530890465 10.8624629974 15.4218120575 28.0260429382 0.0000000000 0.0000000000 0.1479474604 2.7857973576
-4.1989722252 11.0068826675 15.4430208206 27.9195480347 0.0000000000 0.0000000000 0.1515203565 2.8276627064
-4.2454261780 11.1518621445 15.4613847733 27.8313217163 0.0000000000 0.0000000000 0.1558314413 2.8700528145
-4.2924714088 11.2974634171 15.4815874100 27.7629489899 0.0000000000 0.0000000000 0.1607864052 2.9125969410
-4.3401298523 11.4438076019 15.5081157684 27.7124843597 0.0000000000 0.0000000000 0.1662821919 2.9550478458
-4.3882112503 11.5905313492 15.5442514420 27.6772994995 0.0000000000 0.0000000000 0.1721854806 2.9971256256
-4.4366984367 11.7375822067 15.5927734375 27.6542015076 0.0000000000 0.0000000000 0.1783644557 3.0386507511
-4.4855394363 11.8847408295 15.6587171555 27.6393489838 0.0000000000 0.0000000000 0.1847065240 3.0794508457
-4.5345878601 12.0315256119 15.7428541183 27.6272525787 0.0000000000 0.0000000000 0.1911138147 3.1193380356
-4.5838494301 12.1780738831 15.8433237076 27.6108055115 0.0000000000 0.0000000000 0.1975247711 3.1582500935
-4.6334767342 12.3248004913 15.9569473267 27.5806827545 0.0000000000 0.0000000000 0.2038862407 3.1962316036
-4.6835732460 12.4719257355 16.0817565918 27.5346546173 0.0000000000 0.0000000000 0.2101342976 3.2333326340
-4.7341957092 12.6195297241 16.2137718201 27.4683055878 0.0000000000 0.0000000000 0.2162039727 3.2695562840
-4.7852802277 12.7674751282 16.3485126495 27.3765010834 0.0000000000 0.0000000000 0.2220394015 3.3049099445
-4.8368382454 12.9157772064 16.4788303375 27.2604942322 0.0000000000 0.0000000000 0.2276003361 3.3394203186
-4.8887872696 13.0642490387 16.6024723053 27.1212863922 0.0000000000 0.0000000000 0.2328338474 3.3731641769
-4.9410963058 13.2127504349 16.7163887024 26.9597568512 0.0000000000 0.0000000000 0.2377499938 3.4062430859
-4.9938187599 13.3612947464 16.8146305084 26.7811317444 0.0000000000 0.0000000000 0.2423279583 3.4386172295
-5.0469155312 13.5098695755 16.8943958282 26.5960941315 0.0000000000 0.0000000000 0.2465508431 3.4702243805
-5.1003332138 13.6582784653 16.9517059326 26.4085788727 0.0000000000 0.0000000000 0.2504128218 3.5009710789
-5.1541090012 13.8064708710 16.9839534760 26.2244567871 0.0000000000 0.0000000000 0.2539296150 3.5308318138
-5.2082791328 13.9544477463 16.9862556458 26.0479660034 0.0000000000 0.0000000000 0.2571121454 3.5598003864
-5.2627243996 14.1020345688 16.9578552246 25.8824920654 0.0000000000 0.0000000000 0.2599470317 3.5878021717
-5.3174972534 14.2494659424 16.8984394073 25.7312602997 0.0000000000 0.0000000000 0.2624446750 3.6147780418
-5.3725872040 14.3967542648 16.8115959167 25.5951099396 0.0000000000 0.0000000000 0.2646033466 3.6405448914
-5.4279780388 14.5438728333 16.6994800568 25.4723567963 0.0000000000 0.0000000000 0.2664303780 3.6651129723
-5.4835901260 14.6907377243 16.5643177032 25.3607730865 0.0000000000 0.0000000000 0.2679141462 3.6883485317
-5.5394082069 14.8372383118 16.4103126526 25.2579879761 0.0000000000 0.0000000000 0.2690158188 3.7101681232
-5.5953626633 14.9832725525 16.2410240173 25.1579360962 0.0000000000 0.0000000000 0.2696924806 3.7305107117
-5.6514534950 15.1288661957 16.0617084503 25.0572566986 0.0000000000 0.0000000000 0.2699059546 3.7493312359
-5.7074832916 15.2735452652 15.8768854141 24.9538536072 0.0000000000 0.0000000000 0.2696609795 3.7665624619
-5.7635059357 15.4176731110 15.6911792755 24.8448448181 0.0000000000 0.0000000000 0.2689977586 3.7820682526
-5.8194947243 15.5611810684 15.5085029602 24.7268466949 0.0000000000 0.0000000000 0.2679595053 3.7957494259
-5.8753571510 15.7038640976 15.3342933655 24.5991096497 0.0000000000 0.0000000000 0.2666502893 3.8076014519
-5.9311375618 15.8458814621 15.1688671112 24.4616851807 0.0000000000 0.0000000000 0.2651350796 3.8176403046
-5.9867267609 15.9870071411 15.0154905319 24.3179149628 0.0000000000 0.0000000000 0.2634712458 3.8257989883
-6.0421395302 16.1273899078 14.8755350113 24.1707534790 0.0000000000 0.0000000000 0.2616728842 3.8320574760
-6.0971379280 16.2664184570 14.7516794205 24.0230541229 0.0000000000 0.0000000000 0.2597813606 3.8364496231
-6.1517729759 16.4043140411 14.6437139511 23.8789806366 0.0000000000 0.0000000000 0.2578174472 3.8390083313
-6.2061872482 16.5413150787 14.5476551056 23.7404918671 0.0000000000 0.0000000000 0.2557861507 3.8397977352
-6.2604126930 16.6774253845 14.4628171921 23.6101665497 0.0000000000 0.0000000000 0.2536987960 3.8389248848
-6.3145294189 16.8128623962 14.3847398758 23.4894580841 0.0000000000 0.0000000000 0.2515545189 3.8364944458
-6.3685951233 16.9477481842 14.3097639084 23.3774547577 0.0000000000 0.0000000000 0.2493743896 3.8326566219
-6.4226341248 17.0821056366 14.2362709045 23.2742691040 0.0000000000 0.0000000000 0.2471868694 3.8275816441
-6.4767284393 17.2161540985 14.1605787277 23.1760330200 0.0000000000 0.0000000000 0.2450025976 3.8214213848
-6.5307960510 17.3497905731 14.0798206329 23.0803546906 0.0000000000 0.0000000000 0.2428231388 3.8143122196
-6.5848541260 17.4830055237 13.9935617447 22.9850444794 0.0000000000 0.0000000000 0.2406435013 3.8063292503
-6.6388497353 17.6157321930 13.9001016617 22.8890819550 0.0000000000 0.0000000000 0.2384811193 3.7975473404
-6.6928715706 17.7480583191 13.7971496582 22.7903041840 0.0000000000 0.0000000000 0.2363597155 3.7880158424
-6.7469534874 17.8799991608 13.6861305237 22.6883335114 0.0000000000 0.0000000000 0.2342876643 3.7777457237
-6.8010430336 18.0114974976 13.5670890808 22.5808410645 0.0000000000 0.0000000000 0.2323198915 3.7668449879
-6.8551588058 18.1426239014 13.4421977997 22.4693431854 0.0000000000 0.0000000000 0.2304864824 3.7553184032
-6.9093575478 18.2734603882 13.3123311996 22.3558616638 0.0000000000 0.0000000000 0.2287817448 3.7431282997
-6.9636425972 18.4040966034 13.1791000366 22.2417545319 0.0000000000 0.0000000000 0.2271967679 3.7303471565
-7.0179338455 18.5343551636 13.0448532104 22.1281032562 0.0000000000 0.0000000000 0.2257631123 3.7169644833
-7.0720558167 18.6639728546 12.9110517502 22.0165767670 0.0000000000 0.0000000000 0.2244496644 3.7029657364
-7.1260538101 18.7930011749 12.7817964554 21.9080410004 0.0000000000 0.0000000000 0.2232758254 3.6883866787
-7.1799468994 18.9215126038 12.6582870483 21.8038558960 0.0000000000 0.0000000000 0.2222408503 3.6732344627
-7.2337484360 19.0494766235 12.5414896011 21.7046966553 0.0000000000 0.0000000000 0.2213603556 3.6575779915
-7.2874727249 19.1769485474 12.4298315048 21.6099815369 0.0000000000 0.0000000000 0.2206492424 3.6414802074
-7.3410658836 19.3038902283 12.3248682022 21.5196895599 0.0000000000 0.0000000000 0.2201307714 3.6249971390
-7.3944582939 19.4302711487 12.2273931503 21.4337692261 0.0000000000 0.0000000000 0.2197714150 3.6081736088
-7.4477853775 19.5562744141 12.1362895966 21.3503017426 0.0000000000 0.0000000000 0.2195626795 3.5910439491
-7.5009999275 19.6817779541 12.0524034500 21.2679462433 0.0000000000 0.0000000000 0.2195139229 3.5736935139
-7.5541400909 19.8068923950 11.9742755890 21.1857738495 0.0000000000 0.0000000000 0.2196248174 3.5561287403
-7.6071605682 19.9315452576 11.9008560181 21.1010608673 0.0000000000 0.0000000000 0.2198600918 3.5384051800
-7.6600484848 20.0557079315 11.8311862946 21.0128192902 0.0000000000 0.0000000000 0.2201896459 3.5206019878
-7.7129020691 20.1795444489 11.7645025253 20.9215412140 0.0000000000 0.0000000000 0.2206304222 3.5027859211
-7.7657608986 20.3032150269 11.6986942291 20.8272171021 0.0000000000 0.0000000000 0.2211353183 3.4849250317
-7.8185739517 20.4265651703 11.6342687607 20.7305850983 0.0000000000 0.0000000000 0.2217152715 3.4670689106
-7.8714027405 20.5497303009 11.5706996918 20.6335659027 0.0000000000 0.0000000000 0.2223570198 3.4492874146
-7.9241285324 20.6724281311 11.5076398849 20.5369186401 0.0000000000 0.0000000000 0.2230390608 3.4316151142
-7.9768123627 20.7949466705 11.4443521500 20.4396305084 0.0000000000 0.0000000000 0.2237739861 3.4141311646
-8.0295763016 20.9175128937 11.3798875809 20.3428173065 0.0000000000 0.0000000000 0.2245715559 3.3968789577
-8.0823822021 21.0400600433 11.3131752014 20.2458190918 0.0000000000 0.0000000000 0.2254398763 3.3798191547
-8.1351623535 21.1624507904 11.2440557480 20.1497497559 0.0000000000 0.0000000000 0.2263866663 3.3629145622
-8.1878709793 21.2845726013 11.1735544205 20.0554294586 0.0000000000 0.0000000000 0.2273981571 3.3461294174
-8.2405424118 21.4066162109 11.1014528275 19.9632892609 0.0000000000 0.0000000000 0.2284426242 3.3294692039
-8.2931079865 21.5283679962 11.0276918411 19.8730068207 0.0000000000 0.0000000000 0.2295129150 3.3129425049
-8.3455982208 21.6498870850 10.9517135620 19.7824478149 0.0000000000 0.0000000000 0.2305545658 3.2965412140
-8.3980045319 21.7712860107 10.8725614548 19.6916847229 0.0000000000 0.0000000000 0.2315433472 3.2802891731
-8.4503440857 21.8925094604 10.7910051346 19.6003189087 0.0000000000 0.0000000000 0.2324600518 3.2641077042
-8.5026121140 22.0135116577 10.7071933746 19.5084266663 0.0000000000 0.0000000000 0.2332864851 3.2479870319
-8.5548458099 22.1344051361 10.6210126877 19.4156990051 0.0000000000 0.0000000000 0.2339972407 3.2318332195
-8.6070518494 22.2552528381 10.5317411423 19.3222045898 0.0000000000 0.0000000000 0.2345816195 3.2156007290
-8.6591529846 22.3759002686 10.4402818680 19.2281322479 0.0000000000 0.0000000000 0.2350349575 3.1992943287
-8.7111921310 22.4964847565 10.3472824097 19.1328468323 0.0000000000 0.0000000000 0.2353708148 3.1829588413
-8.7631464005 22.6169261932 10.2545757294 19.0376224518 0.0000000000 0.0000000000 0.2356010228 3.1665799618
-8.8148632050 22.7370376587 10.1627712250 18.9429855347 0.0000000000 0.0000000000 0.2357497364 3.1501922607
-8.8664426804 22.8569717407 10.0712375641 18.8489856720 0.0000000000 0.0000000000 0.2358375043 3.1337532997
-8.9179210663 22.9768047333 9.9800100327 18.7554645538 0.0000000000 0.0000000000 0.2358553857 3.1172449589
-8.9692602158 23.0965042114 9.8890399933 18.6633815765 0.0000000000 0.0000000000 0.2358116806 3.1006641388
-9.0203828812 23.2158374786 9.7981758118 18.5733089447 0.0000000000 0.0000000000 0.2357114702 3.0839807987
-9.0713148117 23.3348999023 9.7087459564 18.4856643677 0.0000000000 0.0000000000 0.2355515659 3.0672245026
-9.1220149994 23.4536571503 9.6201524734 18.3989200592 0.0000000000 0.0000000000 0.2353633046 3.0503993034
-9.1724815369 23.5721054077 9.5323076248 18.3130702972 0.0000000000 0.0000000000 0.2351784110 3.0335361958
-9.2227611542 23.6903800964 9.4447298050 18.2258415222 0.0000000000 0.0000000000 0.2350179851 3.0166566372
-9.2728366852 23.8085079193 9.3560800552 18.1382369995 0.0000000000 0.0000000000 0.2348968238 2.9997708797
-9.3226804733 23.9264717102 9.2665243149 18.0502891541 0.0000000000 0.0000000000 0.2348126620 2.9828302860
-9.3722887039 24.0441799164 9.1774988174 17.9614753723 0.0000000000 0.0000000000 0.2347577810 2.9658443928
-9.4217195511 24.1617717743 9.0891094208 17.8716487885 0.0000000000 0.0000000000 0.2347138673 2.9487519264
-9.4709434509 24.2790889740 9.0017709732 17.7808036804 0.0000000000 0.0000000000 0.2346770316 2.9316005707
-9.5199861526 24.3961849213 8.9155807495 17.6900863647 0.0000000000 0.0000000000 0.2346323133 2.9144277573
-9.5688266754 24.5130710602 8.8296241760 17.5982856750 0.0000000000 0.0000000000 0.2345966548 2.8972358704
-9.6174259186 24.6297454834 8.7446985245 17.5083713531 0.0000000000 0.0000000000 0.2345602214 2.8800091743
-9.6657981873 24.7461185455 8.6604413986 17.4210491180 0.0000000000 0.0000000000 0.2345198095 2.8627352715
-9.7138700485 24.8620834351 8.5762815475 17.3374633789 0.0000000000 0.0000000000 0.2344480157 2.8453860283
-9.7616958618 24.9777374268 8.4922771454 17.2582416534 0.0000000000 0.0000000000 0.2343264371 2.8279950619
-9.8092269897 25.0928955078 8.4074792862 17.1820201874 0.0000000000 0.0000000000 0.2341546714 2.8105480671
-9.8563823700 25.2074871063 8.3211174011 17.1078052521 0.0000000000 0.0000000000 0.2339109480 2.7930595875
-9.9032945633 25.3216590881 8.2329931259 17.0343170166 0.0000000000 0.0000000000 0.2335929871 2.7756075859
-9.9497814178 25.4349575043 8.1441135406 16.9631366730 0.0000000000 0.0000000000 0.2331980765 2.7582156658
-9.9958972931 25.5475196838 8.0545578003 16.8943977356 0.0000000000 0.0000000000 0.2327311933 2.7408847809
-10.0418100357 25.6598224640 7.9641032219 16.8256626129 0.0000000000 0.0000000000 0.2321823388 2.7236673832
-10.0875406265 25.7719268799 7.8724641800 16.7559967041 0.0000000000 0.0000000000 0.2315558791 2.7066004276
-10.1329555511 25.8835620880 7.7812643051 16.6865997314 0.0000000000 0.0000000000 0.2308972627 2.6896538734
-10.1780443192 25.9946689606 7.6909337044 16.6180896759 0.0000000000 0.0000000000 0.2302232683 2.6728000641
-10.2227582932 26.1050834656 7.6022257805 16.5505485535 0.0000000000 0.0000000000 0.2295615226 2.6560726166
-10.2671670914 26.2150382996 7.5158839226 16.4842281342 0.0000000000 0.0000000000 0.2289183587 2.6394851208
-10.3112001419 26.3242835999 7.4336080551 16.4194755554 0.0000000000 0.0000000000 0.2282988280 2.6230099201
-10.3549165726 26.4328231812 7.3547081947 16.3551826477 0.0000000000 0.0000000000 0.2276960015 2.6066482067
-10.3983697891 26.5409946442 7.2789497375 16.2921543121 0.0000000000 0.0000000000 0.2271190435 2.5904214382
-10.4415988922 26.6488723755 7.2061944008 16.2309551239 0.0000000000 0.0000000000 0.2265533805 2.5743727684
-10.4845600128 26.7563152313 7.1358308792 16.1703777313 0.0000000000 0.0000000000 0.2259837985 2.5585484505
-10.5272760391 26.8634757996 7.0683846474 16.1108589172 0.0000000000 0.0000000000 0.2254150212 2.5429809093
-10.5698471069 26.9704799652 7.0028467178 16.0515842438 0.0000000000 0.0000000000 0.2248332798 2.5277161598
-10.6122322083 27.0772399902 6.9388523102 15.9926900864 0.0000000000 0.0000000000 0.2242251635 2.5127770901
-10.6544246674 27.1837062836 6.8761405945 15.9344406128 0.0000000000 0.0000000000 0.2235771567 2.4981653690
-10.6964263916 27.2898616791 6.8140130043 15.8760471344 0.0000000000 0.0000000000 0.2229006588 2.4838833809
-10.7382316589 27.3956851959 6.7510194778 15.8181867599 0.0000000000 0.0000000000 0.2221873999 2.4699015617
-10.7797079086 27.5007934570 6.6888508797 15.7619295120 0.0000000000 0.0000000000 0.2214488983 2.4562232494
-10.8209724426 27.6055221558 6.6264615059 15.7067642212 0.0000000000 0.0000000000 0.2206874937 2.4428358078
-10.8620586395 27.7099075317 6.5633306503 15.6516265869 0.0000000000 0.0000000000 0.2198944390 2.4297401905
-10.9027881622 27.8135852814 6.4998235703 15.5960474014 0.0000000000 0.0000000000 0.2190619558 2.4169690609
-10.9432840347 27.9167976379 6.4354662895 15.5398883820 0.0000000000 0.0000000000 0.2181920707 2.4044988155
-10.9835624695 28.0195903778 6.3712029457 15.4835605621 0.0000000000 0.0000000000 0.2172868550 2.3923084736
-11.0235490799 28.1217784882 6.3064045906 15.4284458160 0.0000000000 0.0000000000 0.2163500935 2.3803262711
-11.0633249283 28.2235069275 6.2407374382 15.3734483719 0.0000000000 0.0000000000 0.2153832763 2.3685491085
-11.1028728485 28.3248252869 6.1750335693 15.3188858032 0.0000000000 0.0000000000 0.2144092172 2.3569812775
-11.1421222687 28.4256362915 6.1098437309 15.2646236420 0.0000000000 0.0000000000 0.2134537846 2.3455793858
-11.1811466217 28.5259780884 6.0447955132 15.2110509872 0.0000000000 0.0000000000 0.2125502080 2.3343408108
-11.2199678421 28.6257877350 5.9806122780 15.1584644318 0.0000000000 0.0000000000 0.2117123157 2.3232350349
-11.2585935593 28.7252216339 5.9170751572 15.1063861847 0.0000000000 0.0000000000 0.2109574676 2.3122458458
-11.2970523834 28.8243408203 5.8547072411 15.0546197891 0.0000000000 0.0000000000 0.2102979720 2.3013627529
-11.3352422714 28.9229469299 5.7933092117 15.0028705597 0.0000000000 0.0000000000 0.2097247094 2.2905690670
-11.3731613159 29.0210876465 5.7334222794 14.9514036179 0.0000000000 0.0000000000 0.2092148513 2.2798638344
-11.4107837677 29.1187133789 5.6741971970 14.8996934891 0.0000000000 0.0000000000 0.2087414861 2.2692387104
-11.4481039047 29.2156658173 5.6161351204 14.8475599289 0.0000000000 0.0000000000 0.2082918435 2.2587049007
-11.4852275848 29.3121490479 5.5584487915 14.7954654694 0.0000000000 0.0000000000 0.2078475207 2.2482659817
-11.5220937729 29.4080944061 5.5017189980 14.7428731918 0.0000000000 0.0000000000 0.2073930204 2.2379317284
-11.5586442947 29.5030879974 5.4466357231 14.6900672913 0.0000000000 0.0000000000 0.2069300711 2.2276680470
-11.5949354172 29.5975780487 5.3927588463 14.6373472214 0.0000000000 0.0000000000 0.2064632326 2.2174448967
-11.6310291290 29.6916732788 5.3404078484 14.5848283768 0.0000000000 0.0000000000 0.2059981376 2.2072787285
-11.6669836044 29.7854671478 5.2892332077 14.5321521759 0.0000000000 0.0000000000 0.2055288851 2.1971764565
-11.7025814056 29.8785285950 5.2395462990 14.4802808762 0.0000000000 0.0000000000 0.2050480843 2.1871511936
-11.7379369736 29.9711818695 5.1912469864 14.4287624359 0.0000000000 0.0000000000 0.2045677751 2.1772298813
-11.7731952667 30.0637130737 5.1435241699 14.3769245148 0.0000000000 0.0000000000 0.2041008025 2.1674122810
-11.8083353043 30.1561412811 5.0966749191 14.3253555298 0.0000000000 0.0000000000 0.2036571354 2.1576964855
-11.8432693481 30.2481765747 5.0509414673 14.2738742828 0.0000000000 0.0000000000 0.2032357007 2.1480779648
-11.8779954910 30.3398361206 5.0068016052 14.2241315842 0.0000000000 0.0000000000 0.2028206885 2.1385810375
-11.9126195908 30.4313163757 4.9635848999 14.1755142212 0.0000000000 0.0000000000 0.2023985684 2.1292426586
-11.9471111298 30.5225334167 4.9212341309 14.1278409958 0.0000000000 0.0000000000 0.2019541115 2.1200337410
-11.9815044403 30.6135253906 4.8795146942 14.0809354782 0.0000000000 0.0000000000 0.2014795691 2.1109626293
-12.0157537460 30.7043838501 4.8377003670 14.0341367722 0.0000000000 0.0000000000 0.2009631991 2.1020433903
-12.0499267578 30.7950057983 4.7957844734 13.9877490997 0.0000000000 0.0000000000 0.2003950328 2.0932986736
-12.0839204788 30.8853759766 4.7533135414 13.9412794113 0.0000000000 0.0000000000 0.1997698694 2.0847125053
-12.1178817749 30.9756793976 4.7098369598 13.8938398361 0.0000000000 0.0000000000 0.1990989298 2.0763044357
-12.1517238617 31.0658111572 4.6652517319 13.8455276489 0.0000000000 0.0000000000 0.1983980983 2.0680377483
-12.1855144501 31.1558322906 4.6196870804 13.7965726852 0.0000000000 0.0000000000 0.1976808459 2.0599026680
-12.2192258835 31.2456874847 4.5748686790 13.7469177246 0.0000000000 0.0000000000 0.1969584525 2.0519187450
-12.2528457642 31.3353595734 4.5303387642 13.6962823868 0.0000000000 0.0000000000 0.1962386221 2.0440528393
-12.2863826752 31.4248619080 4.4862289429 13.6459636688 0.0000000000 0.0000000000 0.1955391467 2.0362901688
-12.3198547363 31.5141696930 4.4424104691 13.5963859558 0.0000000000 0.0000000000 0.1948429793 2.0286741257
-12.3532056808 31.6031246185 4.4009151459 13.5488967896 0.0000000000 0.0000000000 0.1941072494 2.0211980343
-12.3863506317 31.6914768219 4.3609032631 13.5016202927 0.0000000000 0.0000000000 0.1933070570 2.0138146877
-12.4193763733 31.7795181274 4.3228197098 13.4552431107 0.0000000000 0.0000000000 0.1924335361 2.0065088272
-12.4522867203 31.8672103882 4.2887601852 13.4088172913 0.0000000000 0.0000000000 0.1915038675 1.9993041754
-12.4850225449 31.9544696808 4.2574081421 13.3617763519 0.0000000000 0.0000000000 0.1905537695 1.9922477007
-12.5175485611 32.0411720276 4.2306547165 13.3159389496 0.0000000000 0.0000000000 0.1896349937 1.9853752851
-12.5499629974 32.1274833679 4.2056236267 13.2703409195 0.0000000000 0.0000000000 0.1887727678 1.9786572456
-12.5822887421 32.2134933472 4.1817054749 13.2245397568 0.0000000000 0.0000000000 0.1879761815 1.9720147848
-12.6144819260 32.2991447449 4.1585674286 13.1791830063 0.0000000000 0.0000000000 0.1872354299 1.9654462337
-12.6465606689 32.3842735291 4.1363158226 13.1348104477 0.0000000000 0.0000000000 0.1865258217 1.9589282274
-12.6785078049 32.4689292908 4.1126432419 13.0906553268 0.0000000000 0.0000000000 0.1858238429 1.9524501562
-12.7103471756 32.5532035828 4.0865235329 13.0463371277 0.0000000000 0.0000000000 0.1851018816 1.9459959269
-12.7420682907 32.6369132996 4.0594968796 13.0042390823 0.0000000000 0.0000000000 0.1843396276 1.9395461082
-12.7737054825 32.7202949524 4.0304336548 12.9631872177 0.0000000000 0.0000000000 0.1835503429 1.9331219196
-12.8052482605 32.8033142090 3.9990487099 12.9233713150 0.0000000000 0.0000000000 0.1827449352 1.9267411232
-12.8366460800 32.8859176636 3.9649713039 12.8859634399 0.0000000000 0.0000000000 0.1819427162 1.9204227924
-12.8679323196 32.9681205750 3.9285702705 12.8501176834 0.0000000000 0.0000000000 0.1811721176 1.9141062498
-12.8990221024 33.0497131348 3.8897492886 12.8163614273 0.0000000000 0.0000000000 0.1804528087 1.9077550173
-12.9299678802 33.1308860779 3.8483016491 12.7840213776 0.0000000000 0.0000000000 0.1798021197 1.9013272524
-12.9607830048 33.2116699219 3.8062815666 12.7529106140 0.0000000000 0.0000000000 0.1792171746 1.8947938681
-12.9914045334 33.2919731140 3.7634139061 12.7227573395 0.0000000000 0.0000000000 0.1786797792 1.8881576061
-13.0218811035 33.3718719482 3.7203521729 12.6932353973 0.0000000000 0.0000000000 0.1782004386 1.8814454079
-13.0522127151 33.4513435364 3.6775214672 12.6641521454 0.0000000000 0.0000000000 0.1777867824 1.8746393919
-13.0823268890 33.5302734375 3.6357274055 12.6365728378 0.0000000000 0.0000000000 0.1774342507 1.8677934408
-13.1122913361 33.6087646484 3.5954587460 12.6092138290 0.0000000000 0.0000000000 0.1771373004 1.8609484434
-13.1420059204 33.6867027283 3.5563278198 12.5812845230 0.0000000000 0.0000000000 0.1768616885 1.8540985584
-13.1715011597 33.7641448975 3.5175492764 12.5529737473 0.0000000000 0.0000000000 0.1765912771 1.8472751379
-13.2008218765 33.8411483765 3.4798362255 12.5246343613 0.0000000000 0.0000000000 0.1763210446 1.8405164480
-13.2299642563 33.9177513123 3.4422283173 12.4959936142 0.0000000000 0.0000000000 0.1760595143 1.8339293003
-13.2589197159 33.9938774109 3.4050211906 12.4673376083 0.0000000000 0.0000000000 0.1758223921 1.8275552988
-13.2875976562 34.0694046021 3.3687694073 12.4393939972 0.0000000000 0.0000000000 0.1756151915 1.8213779926
-13.3161373138 34.1446075439 3.3333199024 12.4116525650 0.0000000000 0.0000000000 0.1754458994 1.8153989315
-13.3445653915 34.2195129395 3.2984032631 12.3841209412 0.0000000000 0.0000000000 0.1753119826 1.8096339703
-13.3728160858 34.2940483093 3.2636835575 12.3569650650 0.0000000000 0.0000000000 0.1752258986 1.8040560484
-13.4008874893 34.3678741455 3.2293512821 12.3308095932 0.0000000000 0.0000000000 0.1751812398 1.7986797094
-13.4288587570 34.4414405823 3.1951231956 12.3050689697 0.0000000000 0.0000000000 0.1751526445 1.7935053110
-13.4566726685 34.5146942139 3.1612834930 12.2800216675 0.0000000000 0.0000000000 0.1751349419 1.7885138988
-13.4844017029 34.5877151489 3.1275289059 12.2553730011 0.0000000000 0.0000000000 0.1751095802 1.7836706638
-13.5119609833 34.6604194641 3.0946433544 12.2311735153 0.0000000000 0.0000000000 0.1750818044 1.7789230347
-13.5394277573 34.7328758240 3.0623924732 12.2070150375 0.0000000000 0.0000000000 0.1750454903 1.7742488384
-13.5667915344 34.8050689697 3.0306406021 12.1828355789 0.0000000000 0.0000000000 0.1749907732 1.7696695328
-13.5939254761 34.8768081665 2.9999134541 12.1584682465 0.0000000000 0.0000000000 0.1749286801 1.7652106285
-13.6210145950 34.9483604431 2.9703924656 12.1342554092 0.0000000000 0.0000000000 0.1748556942 1.7608680725
-13.6480293274 35.0196647644 2.9413523674 12.1098756790 0.0000000000 0.0000000000 0.1747695804 1.7565987110
-13.6749782562 35.0907478333 2.9121463299 12.0857839584 0.0000000000 0.0000000000 0.1746806502 1.7523726225
-13.7018756866 35.1616363525 2.8828604221 12.0618076324 0.0000000000 0.0000000000 0.1745933443 1.7481962442
-13.7286176682 35.2322158813 2.8539090157 12.0376462936 0.0000000000 0.0000000000 0.1744992882 1.7440670729
-13.7552814484 35.3025054932 2.8256280422 12.0134553909 0.0000000000 0.0000000000 0.1743987650 1.7399754524
-13.7818984985 35.3726119995 2.7978732586 11.9893465042 0.0000000000 0.0000000000 0.1742916405 1.7359350920
-13.8083515167 35.4422988892 2.7710957527 11.9656763077 0.0000000000 0.0000000000 0.1741543114 1.7319192886
-13.8346843719 35.5116844177 2.7446568012 11.9426174164 0.0000000000 0.0000000000 0.1739818603 1.7279036045
-13.8609085083 35.5808067322 2.7184572220 11.9201345444 0.0000000000 0.0000000000 0.1737604290 1.7239009142
-13.8871040344 35.6497764587 2.6920375824 11.8979587555 0.0000000000 0.0000000000 0.1734808981 1.7199180126
-13.9132719040 35.7185859680 2.6654632092 11.8761215210 0.0000000000 0.0000000000 0.1731441468 1.7159521580
-13.9393367767 35.7871322632 2.6385030746 11.8547029495 0.0000000000 0.0000000000 0.1727552414 1.7120250463
-13.9653663635 35.8555297852 2.6114521027 11.8336467743 0.0000000000 0.0000000000 0.1723290533 1.7081254721
-13.9913291931 35.9237060547 2.5844347477 11.8133726120 0.0000000000 0.0000000000 0.1718928069 1.7042351961
-14.0171890259 35.9916191101 2.5572037697 11.7941532135 0.0000000000 0.0000000000 0.1714692861 1.7003189325
-14.0429725647 36.0593643188 2.5300831795 11.7747936249 0.0000000000 0.0000000000 0.1710662693 1.6963701248
-14.0687217712 36.1270103455 2.5029385090 11.7554197311 0.0000000000 0.0000000000 0.1706699282 1.6924082041
-14.0944690704 36.1946029663 2.4761674404 11.7359628677 0.0000000000 0.0000000000 0.1702842265 1.6884586811
-14.1201658249 36.2620468140 2.4502053261 11.7164630890 0.0000000000 0.0000000000 0.1698930860 1.6845480204
-14.1458005905 36.3293838501 2.4246094227 11.6969375610 0.0000000000 0.0000000000 0.1695099771 1.6806633472
-14.1713905334 36.3965644836 2.4000670910 11.6772785187 0.0000000000 0.0000000000 0.1691410542 1.6767868996
-14.1969614029 36.4636764526 2.3765599728 11.6574516296 0.0000000000 0.0000000000 0.1687887758 1.6729081869
-14.2224788666 36.5306053162 2.3539376259 11.6373863220 0.0000000000 0.0000000000 0.1684636325 1.6690150499
-14.2479829788 36.5974922180 2.3316590786 11.6172666550 0.0000000000 0.0000000000 0.1681606770 1.6651594639
-14.2734289169 36.6642189026 2.3096604347 11.5973062515 0.0000000000 0.0000000000 0.1678916216 1.6613856554
-14.2987775803 36.7307357788 2.2875657082 11.5773963928 0.0000000000 0.0000000000 0.1676466316 1.6576868296
-14.3240985870 36.7971496582 2.2648720741 11.5575170517 0.0000000000 0.0000000000 0.1674359590 1.6540633440
-14.3493585587 36.8634490967 2.2415134907 11.5378160477 0.0000000000 0.0000000000 0.1672472805 1.6504698992
-14.3745145798 36.9294166565 2.2176156044 11.5186996460 0.0000000000 0.0000000000 0.1670801342 1.6468665600
-14.3996219635 36.9952697754 2.1927685738 11.4998254776 0.0000000000 0.0000000000 0.1669294834 1.6432600021
-14.4246330261 37.0609321594 2.1665463448 11.4810533524 0.0000000000 0.0000000000 0.1667945236 1.6396473646
-14.4495782852 37.1263771057 2.1390480995 11.4626092911 0.0000000000 0.0000000000 0.1666787863 1.6360313892
-14.4743700027 37.1915283203 2.1110751629 11.4442577362 0.0000000000 0.0000000000 0.1665817201 1.6324067116
-14.4990663528 37.2565345764 2.0826659203 11.4260759354 0.0000000000 0.0000000000 0.1664981693 1.6287686825
-14.5237407684 37.3214988708 2.0537564754 11.4080047607 0.0000000000 0.0000000000 0.1664295644 1.6251493692
-14.5483989716 37.3864059448 2.0245225430 11.3901376724 0.0000000000 0.0000000000 0.1663713306 1.6215841770
-14.5729875565 37.4512023926 1.9952217340 11.3724861145 0.0000000000 0.0000000000 0.1663105637 1.6180986166
-14.5975141525 37.5158996582 1.9664616585 11.3550186157 0.0000000000 0.0000000000 0.1662352383 1.6146962643
-14.6220054626 37.5805091858 1.9383060932 11.3375759125 0.0000000000 0.0000000000 0.1661379337 1.6113623381
-14.6463766098 37.6448974609 1.9109991789 11.3202371597 0.0000000000 0.0000000000 0.1660067737 1.6080826521
-14.6706666946 37.7091827393 1.8845475912 11.3028783798 0.0000000000 0.0000000000 0.1658418477 1.6048535109
-14.6948900223 37.7733573914 1.8591071367 11.2856531143 0.0000000000 0.0000000000 0.1656541228 1.6016345024
-14.7190685272 37.8374671936 1.8345694542 11.2683172226 0.0000000000 0.0000000000 0.1654523909 1.5984032154
-14.7431297302 37.9013290405 1.8109482527 11.2512140274 0.0000000000 0.0000000000 0.1652403474 1.5951582193
-14.7670679092 37.9649124146 1.7877098322 11.2341823578 0.0000000000 0.0000000000 0.1650229543 1.5919305086
-14.7909688950 38.0284004211 1.7646375895 11.2171792984 0.0000000000 0.0000000000 0.1647937000 1.5887089968
-14.8148269653 38.0917663574 1.7415102720 11.2000684738 0.0000000000 0.0000000000 0.1645543873 1.5854381323
-14.8385906219 38.1549186707 1.7179844379 11.1831331253 0.0000000000 0.0000000000 0.1642997563 1.5821572542
-14.8622322083 38.2178573608 1.6939947605 11.1664152145 0.0000000000 0.0000000000 0.1640256047 1.5788993835
-14.8857994080 38.2807044983 1.6692235470 11.1496181488 0.0000000000 0.0000000000 0.1637412012 1.5756582022
-14.9093036652 38.3434715271 1.6438114643 11.1329336166 0.0000000000 0.0000000000 0.1634498984 1.5724397898
-14.9327735901 38.4061546326 1.6180251837 11.1163663864 0.0000000000 0.0000000000 0.1631425768 1.5692604780
-14.9562072754 38.4687385559 1.5916993618 11.1000938416 0.0000000000 0.0000000000 0.1628311574 1.5661073923
-14.9795904160 38.5312080383 1.5646196604 11.0841751099 0.0000000000 0.0000000000 0.1625276059 1.5629575253
-15.0028104782 38.5934333801 1.5382052660 11.0686607361 0.0000000000 0.0000000000 0.1622363925 1.5598144531
-15.0259771347 38.6555442810 1.5116651058 11.0534029007 0.0000000000 0.0000000000 0.1619497985 1.5566842556
-15.0490150452 38.7174644470 1.4852011204 11.0382356644 0.0000000000 0.0000000000 0.1616737545 1.5535522699
-15.0719699860 38.7792472839 1.4588608742 11.0231904984 0.0000000000 0.0000000000 0.1614137590 1.5504765511
-15.0948934555 38.8409423828 1.4329290390 11.0080833435 0.0000000000 0.0000000000 0.1611666381 1.5474224091
-15.1177835464 38.9025459290 1.4072948694 10.9930572510 0.0000000000 0.0000000000 0.1609268636 1.5443972349
-15.1406278610 38.9640464783 1.3817210197 10.9780101776 0.0000000000 0.0000000000 0.1606866270 1.5414242744
-15.1634035110 39.0254325867 1.3565840721 10.9628419876 0.0000000000 0.0000000000 0.1604268551 1.5384942293
-15.1860952377 39.0866966248 1.3322862387 10.9476490021 0.0000000000 0.0000000000 0.1601560563 1.5355542898
-15.2087068558 39.1477890015 1.3089282513 10.9323530197 0.0000000000 0.0000000000 0.1598763764 1.5325993299
-15.2311601639 39.2086181641 1.2862973213 10.9167451859 0.0000000000 0.0000000000 0.1595810056 1.5296301842
-15.2535448074 39.2693557739 1.2641221285 10.9009828568 0.0000000000 0.0000000000 0.1592646837 1.5266233683
-15.2759037018 39.3300056458 1.2420864105 10.8852853775 0.0000000000 0.0000000000 0.1589346528 1.5236047506
-15.2981910706 39.3904685974 1.2199103832 10.8696689606 0.0000000000 0.0000000000 0.1585887522 1.5205963850
-15.3203830719 39.4507942200 1.1975290775 10.8542671204 0.0000000000 0.0000000000 0.1582251787 1.5176457167
-15.3425445557 39.5110435486 1.1743693352 10.8393535614 0.0000000000 0.0000000000 0.1578511149 1.5148090124
-15.3646268845 39.5711479187 1.1508432627 10.8252019882 0.0000000000 0.0000000000 0.1574789286 1.5120735168
-15.3866157532 39.6310768127 1.1272178888 10.8121385574 0.0000000000 0.0000000000 0.1571258157 1.5094029903
-15.4085321426 39.6908912659 1.1026571989 10.7993907928 0.0000000000 0.0000000000 0.1567910910 1.5068330765
-15.4303903580 39.7506065369 1.0770193338 10.7870426178 0.0000000000 0.0000000000 0.1564701200 1.5043715239
-15.4521722794 39.8102302551 1.0501786470 10.7750539780 0.0000000000 0.0000000000 0.1561489552 1.5019936562
-15.4738330841 39.8696746826 1.0228867531 10.7630929947 0.0000000000 0.0000000000 0.1558182985 1.4996618032
-15.4953355789 39.9288520813 0.9955886602 10.7510623932 0.0000000000 0.0000000000 0.1554742754 1.4974097013
-15.5167264938 39.9878768921 0.9689281583 10.7394256592 0.0000000000 0.0000000000 0.1551267952 1.4952216148
-15.5380821228 40.0468101501 0.9435732961 10.7274026871 0.0000000000 0.0000000000 0.1547891945 1.4930824041
-15.5593938828 40.1056518555 0.9195433855 10.7149963379 0.0000000000 0.0000000000 0.1544728279 1.4909636974
-15.5806102753 40.1642837524 0.8964419961 10.7025518417 0.0000000000 0.0000000000 0.1541891545 1.4887948036
-15.6017313004 40.2227821350 0.8743488193 10.6901559830 0.0000000000 0.0000000000 0.1539434940 1.4865779877
-15.6227931976 40.2811889648 0.8526968360 10.6777791977 0.0000000000 0.0000000000 0.1537264884 1.4843170643
-15.6437845230 40.3394737244 0.8312566280 10.6655731201 0.0000000000 0.0000000000 0.1535377204 1.4820322990
-15.6646661758 40.3975486755 0.8097223639 10.6535844803 0.0000000000 0.0000000000 0.1533790529 1.4797105789
-15.6854467392 40.4554367065 0.7886835933 10.6417007446 0.0000000000 0.0000000000 0.1532580107 1.4773887396
-15.7061672211 40.5132026672 0.7679693103 10.6298646927 0.0000000000 0.0000000000 0.1531675458 1.4750822783
-15.7267351151 40.5706939697 0.7477539778 10.6182518005 0.0000000000 0.0000000000 0.1531063616 1.4727662802
-15.7471761703 40.6280021667 0.7278225422 10.6071853638 0.0000000000 0.0000000000 0.1530604511 1.4704177380
-15.7675695419 40.6852226257 0.7081701756 10.5959806442 0.0000000000 0.0000000000 0.1530217975 1.4680479765
-15.7879238129 40.7423706055 0.6884886622 10.5847425461 0.0000000000 0.0000000000 0.1529703289 1.4656894207
-15.8082056046 40.7994079590 0.6691370606 10.5734529495 0.0000000000 0.0000000000 0.1529029757 1.4633550644
-15.8284435272 40.8563728333 0.6499134302 10.5621843338 0.0000000000 0.0000000000 0.1528227180 1.4610455036
-15.8486366272 40.9132614136 0.6311080456 10.5507316589 0.0000000000 0.0000000000 0.1527137458 1.4587939978
-15.8687906265 40.9700660706 0.6136816740 10.5390739441 0.0000000000 0.0000000000 0.1525615752 1.4566481113
-15.8888473511 41.0267143250 0.5972318053 10.5273160934 0.0000000000 0.0000000000 0.1523647159 1.4546346664
-15.9087877274 41.0831031799 0.5831130147 10.5153617859 0.0000000000 0.0000000000 0.1521395594 1.4527922869
-15.9286403656 41.1393356323 0.5695151687 10.5031652451 0.0000000000 0.0000000000 0.1518920362 1.4511311054
-15.9483890533 41.1954307556 0.5565816760 10.4912424088 0.0000000000 0.0000000000 0.1516520530 1.4496531487
-15.9680728912 41.2512550354 0.5440123081 10.4791727066 0.0000000000 0.0000000000 0.1514414400 1.4482822418
-15.9877529144 41.3070335388 0.5310851932 10.4669322968 0.0000000000 0.0000000000 0.1512608826 1.4469615221
-16.0073871613 41.3627128601 0.5179731250 10.4545316696 0.0000000000 0.0000000000 0.1511047035 1.4456230402
-16.0270156860 41.4183273315 0.5043471456 10.4420814514 0.0000000000 0.0000000000 0.1509634852 1.4442622662
-16.0466403961 41.4738616943 0.4900439680 10.4294719696 0.0000000000 0.0000000000 0.1508426964 1.4429107904
-16.0662536621 41.5293312073 0.4749225378 10.4167480469 0.0000000000 0.0000000000 0.1507499963 1.4416193962
-16.0858478546 41.5847206116 0.4587363601 10.4039850235 0.0000000000 0.0000000000 0.1506778300 1.4403610229
-16.1054439545 41.6400489807 0.4417119920 10.3912553787 0.0000000000 0.0000000000 0.1506223083 1.4390705824
-16.1250267029 41.6952819824 0.4238568842 10.3786325455 0.0000000000 0.0000000000 0.1505801231 1.4376778603
-16.1445503235 41.7503890991 0.4057227671 10.3661403656 0.0000000000 0.0000000000 0.1505381167 1.4361886978
-16.1640129089 41.8053131104 0.3875818551 10.3540096283 0.0000000000 0.0000000000 0.1504958123 1.4346165657
-16.1833724976 41.8600234985 0.3693459928 10.3419456482 0.0000000000 0.0000000000 0.1504553854 1.4329898357
-16.2027168274 41.9146270752 0.3509144187 10.3299674988 0.0000000000 0.0000000000 0.1504165977 1.4313540459
-16.2220268250 41.9690818787 0.3324521184 10.3179502487 0.0000000000 0.0000000000 0.1503653377 1.4297398329
-16.2412929535 42.0233764648 0.3141631186 10.3058433533 0.0000000000 0.0000000000 0.1502845883 1.4281380177
-16.2604370117 42.0773963928 0.2966235280 10.2942142487 0.0000000000 0.0000000000 0.1501424313 1.4265613556
-16.2795486450 42.1313591003 0.2797082663 10.2827100754 0.0000000000 0.0000000000 0.1499386430 1.4250119925
-16.2986717224 42.1852302551 0.2640439272 10.2711172104 0.0000000000 0.0000000000 0.1496520042 1.4234517813
-16.3177852631 42.2390060425 0.2494427711 10.2594404221 0.0000000000 0.0000000000 0.1493026316 1.4218610525
-16.3368206024 42.2925834656 0.2355464250 10.2479019165 0.0000000000 0.0000000000 0.1489230692 1.4202506542
-16.3558235168 42.3459358215 0.2220805883 10.2364749908 0.0000000000 0.0000000000 0.1485602558 1.4186266661
-16.3747997284 42.3991966248 0.2087544352 10.2251176834 0.0000000000 0.0000000000 0.1482255906 1.4170192480
-16.3936805725 42.4523315430 0.1951682121 10.2138652802 0.0000000000 0.0000000000 0.1479345113 1.4154450893
-16.4125118256 42.5053405762 0.1816237420 10.2027502060 0.0000000000 0.0000000000 0.1476911455 1.4139224291
-16.4313087463 42.5582504272 0.1686394960 10.1918582916 0.0000000000 0.0000000000 0.1474854052 1.4124523401
-16.4501209259 42.6111183167 0.1557868421 10.1810293198 0.0000000000 0.0000000000 0.1473156214 1.4110378027
-16.4689064026 42.6639251709 0.1438205391 10.1702899933 0.0000000000 0.0000000000 0.1471713036 1.4096770287
-16.4876995087 42.7166671753 0.1323898882 10.1596508026 0.0000000000 0.0000000000 0.1470398754 1.4083570242
-16.5064220428 42.7692337036 0.1210099459 10.1490516663 0.0000000000 0.0000000000 0.1468974203 1.4070870876
-16.5250701904 42.8216247559 0.1095132530 10.1384267807 0.0000000000 0.0000000000 0.1467394233 1.4058384895
-16.5437335968 42.8739662170 0.0978737324 10.1279191971 0.0000000000 0.0000000000 0.1465688050 1.4045860767
-16.5623378754 42.9261665344 0.0854830816 10.1176242828 0.0000000000 0.0000000000 0.1463903338 1.4033204317
-16.5808944702 42.9782638550 0.0724446774 10.1075382233 0.0000000000 0.0000000000 0.1462091953 1.4020756483
-16.5994148254 43.0302925110 0.0585410781 10.0976009369 0.0000000000 0.0000000000 0.1460301578 1.4008313417
-16.6179542542 43.0822830200 0.0436793715 10.0876903534 0.0000000000 0.0000000000 0.1458497196 1.3996011019
-16.6365242004 43.1342201233 0.0276503880 10.0777635574 0.0000000000 0.0000000000 0.1456692815 1.3983705044
-16.6550750732 43.1860580444 0.0111294398 10.0680847168 0.0000000000 0.0000000000 0.1454872936 1.3971403837
-16.6736354828 43.2378349304 -0.0063626440 10.0584697723 0.0000000000 0.0000000000 0.1453053355 1.3959217072
-16.6922016144 43.2895355225 -0.0243468732 10.0489358902 0.0000000000 0.0000000000 0.1451269090 1.3947093487
-16.7107276917 43.3411293030 -0.0427154750 10.0394935608 0.0000000000 0.0000000000 0.1449448168 1.3934899569
-16.7292060852 43.3926124573 -0.0606294982 10.0300741196 0.0000000000 0.0000000000 0.1447512209 1.3922851086
-16.7476806641 43.4440345764 -0.0780768394 10.0205888748 0.0000000000 0.0000000000 0.1445473284 1.3910648823
-16.7661037445 43.4952735901 -0.0951865241 10.0109844208 0.0000000000 0.0000000000 0.1443249732 1.3898894787
-16.7844772339 43.5464286804 -0.1122993678 10.0015497208 0.0000000000 0.0000000000 0.1440874040 1.3887610435
-16.8028354645 43.5974884033 -0.1291904896 9.9922180176 0.0000000000 0.0000000000 0.1438443810 1.3876764774
-16.8211765289 43.6484642029 -0.1450485289 9.9828777313 0.0000000000 0.0000000000 0.1436149925 1.3866077662
-16.8394947052 43.6993370056 -0.1601084918 9.9736223221 0.0000000000 0.0000000000 0.1434124708 1.3855298758
-16.8577919006 43.7501182556 -0.1745163351 9.9645175934 0.0000000000 0.0000000000 0.1432387084 1.3844184875
-16.8760643005 43.8007926941 -0.1886769682 9.9555788040 0.0000000000 0.0000000000 0.1430826932 1.3832345009
-16.8942756653 43.8513031006 -0.2021336704 9.9469041824 0.0000000000 0.0000000000 0.1429386139 1.3819757700
-16.9124317169 43.9016609192 -0.2149167061 9.9384031296 0.0000000000 0.0000000000 0.1427999139 1.3806976080
-16.9304389954 43.9517326355 -0.2268970311 9.9301357269 0.0000000000 0.0000000000 0.1426527500 1.3794062138
-16.9484062195 44.0016441345 -0.2378606945 9.9218101501 0.0000000000 0.0000000000 0.1425032318 1.3781278133
-16.9663391113 44.0513687134 -0.2478337884 9.9135160446 0.0000000000 0.0000000000 0.1423401684 1.3768817186
-16.9842071533 44.1007919312 -0.2570134401 9.9052734375 0.0000000000 0.0000000000 0.1421643794 1.3756781816
-17.0021038055 44.1501731873 -0.2656282485 9.8969879150 0.0000000000 0.0000000000 0.1419800371 1.3745341301
-17.0200214386 44.1994857788 -0.2739396691 9.8887004852 0.0000000000 0.0000000000 0.1417943090 1.3734202385
-17.0378761292 44.2485809326 -0.2819522917 9.8802490234 0.0000000000 0.0000000000 0.1416150331 1.3723404408
-17.0557098389 44.2975273132 -0.2902183831 9.8717832565 0.0000000000 0.0000000000 0.1414303780 1.3713285923
-17.0735549927 44.3464088440 -0.2997526228 9.8636636734 0.0000000000 0.0000000000 0.1412508637 1.3703783751
-17.0913372040 44.3951225281 -0.3098976910 9.8563184738 0.0000000000 0.0000000000 0.1410762221 1.3695094585
-17.1089973450 44.4435310364 -0.3206543326 9.8490295410 0.0000000000 0.0000000000 0.1409060806 1.3687001467
-17.1266422272 44.4918289185 -0.3316832483 9.8416576385 0.0000000000 0.0000000000 0.1407526731 1.3679010868
-17.1442737579 44.5400581360 -0.3432589173 9.8344640732 0.0000000000 0.0000000000 0.1406264603 1.3670831919
-17.1618385315 44.5880966187 -0.3546649516 9.8272018433 0.0000000000 0.0000000000 0.1405338347 1.3662185669
-17.1793155670 44.6358871460 -0.3653230965 9.8197059631 0.0000000000 0.0000000000 0.1404683143 1.3653634787
-17.1968212128 44.6836242676 -0.3754522800 9.8119354248 0.0000000000 0.0000000000 0.1404371858 1.3645206690
-17.2143096924 44.7312698364 -0.3850468397 9.8038883209 0.0000000000 0.0000000000 0.1404490918 1.3636761904
-17.2318248749 44.7788581848 -0.3945592940 9.7957487106 0.0000000000 0.0000000000 0.1404937953 1.3628575802
-17.2493190765 44.8263816833 -0.4045325220 9.7874822617 0.0000000000 0.0000000000 0.1405555159 1.3620826006
-17.2667942047 44.8738288879 -0.4146886766 9.7790269852 0.0000000000 0.0000000000 0.1406120360 1.3613320589
-17.2842960358 44.9212226868 -0.4251710474 9.7704076767 0.0000000000 0.0000000000 0.1406458616 1.3605923653
-17.3017635345 44.9685096741 -0.4356852174 9.7616786957 0.0000000000 0.0000000000 0.1406505555 1.3598740101
-17.3190689087 45.0155296326 -0.4464017153 9.7532243729 0.0000000000 0.0000000000 0.1406417936 1.3591440916
-17.3363952637 45.0624732971 -0.4582098722 9.7447805405 0.0000000000 0.0000000000 0.1406158060 1.3584078550
-17.3537464142 45.1093482971 -0.4709634781 9.7363672256 0.0000000000 0.0000000000 0.1405685395 1.3576846123
-17.3710708618 45.1560554504 -0.4847553968 9.7278728485 0.0000000000 0.0000000000 0.1404829770 1.3570002317
-17.3883609772 45.2026290894 -0.4998223782 9.7196187973 0.0000000000 0.0000000000 0.1403640807 1.3563183546
-17.4056472778 45.2491073608 -0.5160406232 9.7114372253 0.0000000000 0.0000000000 0.1402211338 1.3556267023
-17.4228916168 45.2954673767 -0.5333778858 9.7033500671 0.0000000000 0.0000000000 0.1400773227 1.3549442291
-17.4401321411 45.3417320251 -0.5516494513 9.6952629089 0.0000000000 0.0000000000 0.1399338990 1.3542921543
-17.4573287964 45.3878936768 -0.5704531074 9.6870689392 0.0000000000 0.0000000000 0.1397896558 1.3537200689
-17.4744758606 45.4338989258 -0.5893332362 9.6786499023 0.0000000000 0.0000000000 0.1396533698 1.3531830311
-17.4916076660 45.4797859192 -0.6078210473 9.6700067520 0.0000000000 0.0000000000 0.1395131499 1.3526275158
-17.5086688995 45.5254821777 -0.6258435845 9.6611728668 0.0000000000 0.0000000000 0.1393608451 1.3520951271
-17.5256900787 45.5710334778 -0.6431777477 9.6521301270 0.0000000000 0.0000000000 0.1391994506 1.3515524864
-17.5426063538 45.6163825989 -0.6598501205 9.6431999207 0.0000000000 0.0000000000 0.1390369833 1.3510037661
-17.5594444275 45.6615829468 -0.6755880713 9.6341924667 0.0000000000 0.0000000000 0.1388840377 1.3504632711
-17.5762557983 45.7066612244 -0.6901516318 9.6252517700 0.0000000000 0.0000000000 0.1387502253 1.3499287367
-17.5929546356 45.7515602112 -0.7040046453 9.6163778305 0.0000000000 0.0000000000 0.1386315525 1.3493374586
-17.6096324921 45.7963676453 -0.7166370153 9.6077051163 0.0000000000 0.0000000000 0.1385225207 1.3486998081
-17.6262321472 45.8410186768 -0.7282894254 9.5997591019 0.0000000000 0.0000000000 0.1384042203 1.3480489254
-17.6427955627 45.8855705261 -0.7389477491 9.5920333862 0.0000000000 0.0000000000 0.1382831484 1.3474175930
-17.6593608856 45.9300460815 -0.7484706640 9.5846128464 0.0000000000 0.0000000000 0.1381521821 1.3468393087
-17.6757946014 45.9741249084 -0.7563467026 9.5772743225 0.0000000000 0.0000000000 0.1380209625 1.3462905884
-17.6922512054 46.0181579590 -0.7629864216 9.5699815750 0.0000000000 0.0000000000 0.1378884315 1.3458017111
-17.7086486816 46.0620689392 -0.7683743834 9.5628194809 0.0000000000 0.0000000000 0.1377585083 1.3453426361
-17.7250423431 46.1059265137 -0.7732262015 9.5559692383 0.0000000000 0.0000000000 0.1376295686 1.3449153900
-17.7414474487 46.1497383118 -0.7778099775 9.5491065979 0.0000000000 0.0000000000 0.1375170052 1.3444845676
-17.7578125000 46.1933670044 -0.7821583748 9.5423727036 0.0000000000 0.0000000000 0.1374167800 1.3440390825
-17.7741031647 46.2368087769 -0.7865272760 9.5361461639 0.0000000000 0.0000000000 0.1373225749 1.3435806036
-17.7903652191 46.2801284790 -0.7915391326 9.5298519135 0.0000000000 0.0000000000 0.1372324973 1.3431090117
-17.8065757751 46.3231773376 -0.7971217632 9.5236320496 0.0000000000 0.0000000000 0.1371406466 1.3426302671
-17.8228626251 46.3662719727 -0.8042291403 9.5172605515 0.0000000000 0.0000000000 0.1370440573 1.3421683311
-17.8391685486 46.4093399048 -0.8125603199 9.5108461380 0.0000000000 0.0000000000 0.1369463205 1.3417116404
-17.8554439545 46.4522628784 -0.8218802810 9.5049657822 0.0000000000 0.0000000000 0.1368672103 1.3412612677
-17.8717288971 46.4951705933 -0.8323146701 9.4990243912 0.0000000000 0.0000000000 0.1368205398 1.3407869339
-17.8880119324 46.5379943848 -0.8431942463 9.4932231903 0.0000000000 0.0000000000 0.1368019581 1.3403117657
-17.9042835236 46.5807495117 -0.8540545702 9.4874095917 0.0000000000 0.0000000000 0.1368068010 1.3398572206
-17.9205799103 46.6234855652 -0.8653555512 9.4815559387 0.0000000000 0.0000000000 0.1368192136 1.3393911123
-17.9368019104 46.6659660339 -0.8763327599 9.4760131836 0.0000000000 0.0000000000 0.1368226409 1.3389207125
-17.9528579712 46.7079696655 -0.8873069286 9.4707622528 0.0000000000 0.0000000000 0.1368116140 1.3384666443
