#         rmsthk      stdthk       rmsvel       stdvel       rmsdiv       stddiv       rmsusurf       stdusurf
0.0000000000 0.0000000000 89.5015106201 78.0862045288 0.0000000000 0.0000000000 0.0000000000 0.0000000000
-0.1520909965 0.4546721280 54.2580680847 50.8426284790 0.0000000000 0.0000000000 -0.0801790655 0.9827097654
-0.3079239726 0.8269395828 49.8876953125 43.0458183289 0.0000000000 0.0000000000 -0.1496492028 1.7574294806
-0.4666766524 1.1729938984 48.7504005432 40.4104537964 0.0000000000 0.0000000000 -0.2031984478 2.4123296738
-0.6275623441 1.5062420368 46.2004737854 38.2341308594 0.0000000000 0.0000000000 -0.2422973961 2.9749262333
-0.7890402079 1.8323247433 42.4001617432 36.2937355042 0.0000000000 0.0000000000 -0.2682264745 3.4639737606
-0.9494056106 2.1520485878 37.8658790588 34.5812950134 0.0000000000 0.0000000000 -0.2826749086 3.8896129131
-1.1070127487 2.4654111862 33.0036697388 33.1569404602 0.0000000000 0.0000000000 -0.2876565456 4.2579789162
-1.2602665424 2.7711551189 28.0262298584 31.9770107269 0.0000000000 0.0000000000 -0.2835889459 4.5735330582
-1.4079296589 3.0681843758 23.0552787781 31.0585670471 0.0000000000 0.0000000000 -0.2711663544 4.8393177986
-1.5489053726 3.3552763462 18.2935066223 30.4218788147 0.0000000000 0.0000000000 -0.2510690093 5.0581126213
-1.6820936203 3.6309831142 13.9568157196 30.0731868744 0.0000000000 0.0000000000 -0.2240514457 5.2324595451
-1.8067896366 3.8943295479 10.1895217896 29.9608287811 0.0000000000 0.0000000000 -0.1909898072 5.3646807671
-1.9226551056 4.1448683739 7.0829052925 29.9730224609 0.0000000000 0.0000000000 -0.1529476494 5.4572625160
-2.0297861099 4.3827900887 4.6266798973 30.0417194366 0.0000000000 0.0000000000 -0.1110872999 5.5131735802
-2.1283621788 4.6084656715 2.7582447529 30.1256980896 0.0000000000 0.0000000000 -0.0666813478 5.5356764793
-2.2187793255 4.8226695061 1.4049683809 30.1767787933 0.0000000000 0.0000000000 -0.0208905973 5.5284461975
-2.3016357422 5.0265145302 0.5014331341 30.1656665802 0.0000000000 0.0000000000 0.0252401195 5.4951987267
-2.3775799274 5.2211027145 -0.0117384065 30.0866622925 0.0000000000 0.0000000000 0.0707784444 5.4397201538
-2.4472730160 5.4075279236 -0.1853142083 29.9426212311 0.0000000000 0.0000000000 0.1150006577 5.3656020164
-2.5113139153 5.5867958069 -0.0616933741 29.7453823090 0.0000000000 0.0000000000 0.1572396904 5.2761769295
-2.5704250336 5.7601542473 0.3229394853 29.5118408203 0.0000000000 0.0000000000 0.1969157457 5.1746530533
-2.6252529621 5.9286398888 0.9366530180 29.2633934021 0.0000000000 0.0000000000 0.2335988879 5.0640368462
-2.6763796806 6.0931377411 1.7541658878 29.0240898132 0.0000000000 0.0000000000 0.2669096887 4.9470529556
-2.7245159149 6.2547545433 2.7518322468 28.8174266815 0.0000000000 0.0000000000 0.2965839207 4.8263344765
-2.7703337669 6.4145302773 3.9121804237 28.6658554077 0.0000000000 0.0000000000 0.3224838972 4.7041373253
-2.8144171238 6.5732488632 5.2167129517 28.5878810883 0.0000000000 0.0000000000 0.3445253670 4.5825586319
-2.8574221134 6.7317781448 6.6519083977 28.6015129089 0.0000000000 0.0000000000 0.3626943827 4.4633703232
-2.8999128342 6.8908104897 8.1941928864 28.7166976929 0.0000000000 0.0000000000 0.3770466745 4.3482384682
-2.9425673485 7.0512914658 9.8211545944 28.9380836487 0.0000000000 0.0000000000 0.3876553178 4.2385292053
-2.9860281944 7.2140760422 11.5127592087 29.2560806274 0.0000000000 0.0000000000 0.3946035206 4.1354641914
-3.0308341980 7.3798165321 13.2437715530 29.6590213776 0.0000000000 0.0000000000 0.3981162012 4.0402560234
-3.0775544643 7.5492305756 14.9813203812 30.1288757324 0.0000000000 0.0000000000 0.3983939290 3.9541795254
-3.1267488003 7.7229781151 16.6583175659 30.6214199066 0.0000000000 0.0000000000 0.3957924843 3.8784332275
-3.1788642406 7.9015350342 18.2129116058 31.0919303894 0.0000000000 0.0000000000 0.3906399608 3.8142585754
-3.2344129086 8.0853519440 19.5731792450 31.4835033417 0.0000000000 0.0000000000 0.3833041787 3.7627544403
-3.2935774326 8.2742938995 20.6682472229 31.7411651611 0.0000000000 0.0000000000 0.3740675747 3.7251014709
-3.3566524982 8.4689044952 21.4401569366 31.8210735321 0.0000000000 0.0000000000 0.3633040786 3.7023856640
-3.4235389233 8.6687593460 21.8614044189 31.6997642517 0.0000000000 0.0000000000 0.3514037728 3.6951534748
-3.4940974712 8.8735466003 21.9360141754 31.3791351318 0.0000000000 0.0000000000 0.3389098942 3.7034835815
-3.5679209232 9.0824909210 21.7047195435 30.8935565948 0.0000000000 0.0000000000 0.3263542950 3.7266652584
-3.6446099281 9.2950696945 21.2286548615 30.2944946289 0.0000000000 0.0000000000 0.3143727183 3.7630860806
-3.7235422134 9.5102558136 20.5805549622 29.6409187317 0.0000000000 0.0000000000 0.3033862114 3.8104069233
-3.8040313721 9.7269754410 19.8319396973 28.9915046692 0.0000000000 0.0000000000 0.2937737703 3.8659427166
-3.8856019974 9.9445610046 19.0436897278 28.3963565826 0.0000000000 0.0000000000 0.2859390080 3.9264764786
-3.9677002430 10.1621084213 18.2713069916 27.8875923157 0.0000000000 0.0000000000 0.2800558209 3.9888951778
-4.0501360893 10.3795242310 17.5544719696 27.4755649567 0.0000000000 0.0000000000 0.2762724459 4.0504608154
-4.1326241493 10.5963468552 16.9256286621 27.1614017487 0.0000000000 0.0000000000 0.2745752335 4.1089453697
-4.2149724960 10.8123216629 16.4116821289 26.9391288757 0.0000000000 0.0000000000 0.2748340666 4.1628160477
-4.2968425751 11.0268936157 16.0293083191 26.7928695679 0.0000000000 0.0000000000 0.2769068778 4.2110681534
-4.3782610893 11.2402524948 15.7938261032 26.7006168365 0.0000000000 0.0000000000 0.2806116343 4.2533192635
-4.4590787888 11.4521074295 15.7027845383 26.6316795349 0.0000000000 0.0000000000 0.2856688201 4.2895359993
-4.5393438339 11.6625299454 15.7455701828 26.5596313477 0.0000000000 0.0000000000 0.2917746603 4.3200473785
-4.6192398071 11.8718948364 15.9037971497 26.4617271423 0.0000000000 0.0000000000 0.2985966504 4.3452615738
-4.6988854408 12.0802955627 16.1428375244 26.3168544769 0.0000000000 0.0000000000 0.3058367670 4.3657798767
-4.7784280777 12.2879581451 16.4265403748 26.1193199158 0.0000000000 0.0000000000 0.3131218851 4.3822507858
-4.8581938744 12.4953422546 16.7142467499 25.8681964874 0.0000000000 0.0000000000 0.3201428652 4.3953666687
-4.9384317398 12.7028150558 16.9676189423 25.5734748840 0.0000000000 0.0000000000 0.3266491294 4.4056320190
-5.0192809105 12.9104509354 17.1520423889 25.2533397675 0.0000000000 0.0000000000 0.3325060606 4.4134011269
-5.1007890701 13.1181831360 17.2425155640 24.9323081970 0.0000000000 0.0000000000 0.3375250697 4.4188442230
-5.1829543114 13.3259029388 17.2185134888 24.6280498505 0.0000000000 0.0000000000 0.3415420651 4.4220829010
-5.2658390999 13.5336236954 17.0736141205 24.3549041748 0.0000000000 0.0000000000 0.3445731401 4.4231395721
-5.3492932320 13.7410030365 16.8061237335 24.1164340973 0.0000000000 0.0000000000 0.3465693891 4.4219188690
-5.4331002235 13.9476785660 16.4303474426 23.9136638641 0.0000000000 0.0000000000 0.3475409448 4.4182338715
-5.5171017647 14.1536321640 15.9687299728 23.7432537079 0.0000000000 0.0000000000 0.3475656211 4.4119329453
-5.6010293961 14.3586883545 15.4483804703 23.5976505280 0.0000000000 0.0000000000 0.3467556834 4.4028062820
-5.6846914291 14.5626802444 14.8978929520 23.4598865509 0.0000000000 0.0000000000 0.3451745808 4.3906068802
-5.7678494453 14.7654857635 14.3464488983 23.3154811859 0.0000000000 0.0000000000 0.3429145217 4.3750896454
-5.8502635956 14.9668178558 13.8158140182 23.1518878937 0.0000000000 0.0000000000 0.3400808871 4.3559999466
-5.9318323135 15.1666440964 13.3252573013 22.9624691010 0.0000000000 0.0000000000 0.3368376195 4.3332743645
-6.0124835968 15.3650140762 12.8862094879 22.7453308105 0.0000000000 0.0000000000 0.3333080709 4.3068895340
-6.0921134949 15.5617742538 12.5100984573 22.5093955994 0.0000000000 0.0000000000 0.3296014965 4.2768888474
-6.1705594063 15.7566719055 12.2026185989 22.2651271820 0.0000000000 0.0000000000 0.3257391751 4.2433376312
-6.2477240562 15.9495096207 11.9615583420 22.0271320343 0.0000000000 0.0000000000 0.3217443824 4.2063798904
-6.3237485886 16.1404838562 11.7807521820 21.8054409027 0.0000000000 0.0000000000 0.3176153004 4.1663770676
-6.3987221718 16.3297042847 11.6500453949 21.6105213165 0.0000000000 0.0000000000 0.3133361936 4.1236281395
-6.4726719856 16.5171508789 11.5559234619 21.4451122284 0.0000000000 0.0000000000 0.3089569807 4.0785903931
-6.5457015038 16.7028694153 11.4838800430 21.3073673248 0.0000000000 0.0000000000 0.3045064509 4.0318288803
-6.6179203987 16.8869934082 11.4227323532 21.1957778931 0.0000000000 0.0000000000 0.3000353277 3.9838643074
-6.6893339157 17.0693302155 11.3601913452 21.1026382446 0.0000000000 0.0000000000 0.2955529690 3.9352025986
-6.7601032257 17.2502460480 11.2866621017 21.0184631348 0.0000000000 0.0000000000 0.2910858393 3.8863775730
-6.8303437233 17.4299888611 11.1928148270 20.9321498871 0.0000000000 0.0000000000 0.2866284549 3.8378777504
-6.9000782967 17.6084823608 11.0752592087 20.8353328705 0.0000000000 0.0000000000 0.2822068036 3.7901270390
-6.9694232941 17.7859592438 10.9315032959 20.7240238190 0.0000000000 0.0000000000 0.2778767347 3.7433393002
-7.0383162498 17.9620952606 10.7648935318 20.5983924866 0.0000000000 0.0000000000 0.2736777961 3.6976046562
-7.1068282127 18.1372032166 10.5813636780 20.4617614746 0.0000000000 0.0000000000 0.2696147561 3.6530361176
-7.1749730110 18.3113498688 10.3883323669 20.3211498260 0.0000000000 0.0000000000 0.2657065988 3.6095798016
-7.2426824570 18.4844093323 10.1962823868 20.1838989258 0.0000000000 0.0000000000 0.2619553506 3.5672349930
-7.3098478317 18.6562576294 10.0120019913 20.0533256531 0.0000000000 0.0000000000 0.2583890855 3.5259742737
-7.3765082359 18.8269939423 9.8422288895 19.9324264526 0.0000000000 0.0000000000 0.2550588250 3.4857490063
-7.4427261353 18.9967746735 9.6898689270 19.8230438232 0.0000000000 0.0000000000 0.2519937754 3.4465110302
-7.5084590912 19.1655521393 9.5580987930 19.7249755859 0.0000000000 0.0000000000 0.2492403686 3.4082310200
-7.5736770630 19.3332633972 9.4496450424 19.6367454529 0.0000000000 0.0000000000 0.2468374223 3.3708372116
-7.6384239197 19.5000286102 9.3628072739 19.5542640686 0.0000000000 0.0000000000 0.2448258996 3.3343653679
-7.7027101517 19.6658782959 9.2941541672 19.4727191925 0.0000000000 0.0000000000 0.2432052344 3.2989337444
-7.7666058540 19.8309059143 9.2387094498 19.3864002228 0.0000000000 0.0000000000 0.2419237047 3.2646579742
-7.8301119804 19.9950733185 9.1921777725 19.2938766479 0.0000000000 0.0000000000 0.2409121543 3.2316439152
-7.8932714462 20.1584758759 9.1490316391 19.1941909790 0.0000000000 0.0000000000 0.2401071042 3.1998891830
-7.9561233521 20.3210811615 9.1050119400 19.0874004364 0.0000000000 0.0000000000 0.2394617945 3.1693751812
-8.0186367035 20.4827251434 9.0555362701 18.9754390717 0.0000000000 0.0000000000 0.2389400899 3.1401166916
-8.0808877945 20.6436958313 8.9967775345 18.8612957001 0.0000000000 0.0000000000 0.2384679466 3.1121385098
-8.1429042816 20.8039798737 8.9258995056 18.7491264343 0.0000000000 0.0000000000 0.2380143702 3.0853312016
-8.2046365738 20.9635887146 8.8418979645 18.6417541504 0.0000000000 0.0000000000 0.2375696898 3.0595583916
-8.2660446167 21.1223640442 8.7448463440 18.5404682159 0.0000000000 0.0000000000 0.2370986938 3.0347557068
-8.3272266388 21.2804794312 8.6363487244 18.4459342957 0.0000000000 0.0000000000 0.2365688235 3.0108373165
-8.3882026672 21.4380168915 8.5201721191 18.3582763672 0.0000000000 0.0000000000 0.2359790057 2.9877209663
-8.4488925934 21.5948390961 8.3993434906 18.2742061615 0.0000000000 0.0000000000 0.2353169173 2.9653213024
-8.5092086792 21.7508468628 8.2776670456 18.1924781799 0.0000000000 0.0000000000 0.2346100062 2.9435107708
-8.5691442490 21.9060764313 8.1574325562 18.1109294891 0.0000000000 0.0000000000 0.2338614315 2.9222161770
-8.6287307739 22.0606956482 8.0417251587 18.0271930695 0.0000000000 0.0000000000 0.2331010401 2.9013230801
-8.6879329681 22.2145996094 7.9323463440 17.9408187866 0.0000000000 0.0000000000 0.2323310524 2.8807384968
-8.7467136383 22.3677349091 7.8288269043 17.8515472412 0.0000000000 0.0000000000 0.2315718234 2.8603708744
-8.8051099777 22.5202293396 7.7327795029 17.7590332031 0.0000000000 0.0000000000 0.2308456004 2.8402261734
-8.8630809784 22.6719970703 7.6423110962 17.6640548706 0.0000000000 0.0000000000 0.2301358879 2.8203396797
-8.9207515717 22.8232746124 7.5568032265 17.5685939789 0.0000000000 0.0000000000 0.2294705659 2.8006436825
-8.9780683517 22.9739570618 7.4750809669 17.4744415283 0.0000000000 0.0000000000 0.2288353741 2.7811212540
-9.0350503922 23.1240539551 7.3953433037 17.3827247620 0.0000000000 0.0000000000 0.2282251567 2.7618539333
-9.0916738510 23.2734565735 7.3155779839 17.2944431305 0.0000000000 0.0000000000 0.2276327908 2.7428257465
-9.1479425430 23.4222068787 7.2350096703 17.2092170715 0.0000000000 0.0000000000 0.2270592749 2.7240173817
-9.2038803101 23.5703105927 7.1525301933 17.1267604828 0.0000000000 0.0000000000 0.2264937758 2.7054724693
-9.2593498230 23.7175216675 7.0682096481 17.0466709137 0.0000000000 0.0000000000 0.2258884162 2.6872222424
-9.3144464493 23.8639621735 6.9816389084 16.9690418243 0.0000000000 0.0000000000 0.2252122462 2.6692788601
-9.3691730499 24.0096206665 6.8931651115 16.8929004669 0.0000000000 0.0000000000 0.2244622707 2.6516175270
-9.4235277176 24.1545486450 6.8028864861 16.8173637390 0.0000000000 0.0000000000 0.2236082852 2.6342649460
-9.4774503708 24.2986354828 6.7120347023 16.7428264618 0.0000000000 0.0000000000 0.2226719111 2.6171808243
-9.5309667587 24.4419326782 6.6214332581 16.6697463989 0.0000000000 0.0000000000 0.2216732949 2.6003284454
-9.5840978622 24.5845565796 6.5317583084 16.5971164703 0.0000000000 0.0000000000 0.2206021249 2.5837404728
-9.6368408203 24.7264804840 6.4423761368 16.5236988068 0.0000000000 0.0000000000 0.2194824815 2.5673930645
-9.6891670227 24.8676223755 6.3543672562 16.4503440857 0.0000000000 0.0000000000 0.2183347791 2.5512259007
-9.7410860062 25.0080451965 6.2688498497 16.3774776459 0.0000000000 0.0000000000 0.2171569467 2.5352797508
-9.7926864624 25.1477909088 6.1870546341 16.3049640656 0.0000000000 0.0000000000 0.2159811407 2.5195779800
-9.8439826965 25.2869148254 6.1082329750 16.2328853607 0.0000000000 0.0000000000 0.2148435712 2.5041449070
-9.8949956894 25.4254455566 6.0312342644 16.1611576080 0.0000000000 0.0000000000 0.2137630582 2.4889745712
-9.9457263947 25.5633926392 5.9562129974 16.0893783569 0.0000000000 0.0000000000 0.2127650082 2.4740791321
-9.9961328506 25.7006893158 5.8828234673 16.0171356201 0.0000000000 0.0000000000 0.2118532360 2.4594841003
-10.0461225510 25.8371467590 5.8109555244 15.9449481964 0.0000000000 0.0000000000 0.2110110372 2.4451565742
-10.0958547592 25.9730815887 5.7389726639 15.8729648590 0.0000000000 0.0000000000 0.2101957351 2.4311106205
-10.1452970505 26.1084709167 5.6664118767 15.8016004562 0.0000000000 0.0000000000 0.2093959004 2.4173889160
-10.1944513321 26.2432537079 5.5917177200 15.7315063477 0.0000000000 0.0000000000 0.2085945606 2.4039771557
-10.2433605194 26.3775024414 5.5152206421 15.6629476547 0.0000000000 0.0000000000 0.2077944577 2.3908231258
-10.2919807434 26.5111331940 5.4357657433 15.5960960388 0.0000000000 0.0000000000 0.2069860846 2.3779344559
-10.3403434753 26.6442146301 5.3541288376 15.5317153931 0.0000000000 0.0000000000 0.2061422020 2.3653757572
-10.3883562088 26.7765312195 5.2719392776 15.4694814682 0.0000000000 0.0000000000 0.2052796930 2.3531334400
-10.4361066818 26.9083099365 5.1889176369 15.4079771042 0.0000000000 0.0000000000 0.2043794245 2.3411974907
-10.4835433960 27.0394840240 5.1072387695 15.3469457626 0.0000000000 0.0000000000 0.2034751475 2.3295459747
-10.5306844711 27.1700782776 5.0272641182 15.2847375870 0.0000000000 0.0000000000 0.2025848031 2.3180770874
-10.5774278641 27.2998676300 4.9496393204 15.2223062515 0.0000000000 0.0000000000 0.2017264515 2.3068459034
-10.6239261627 27.4291286469 4.8740744591 15.1594676971 0.0000000000 0.0000000000 0.2009112686 2.2958614826
-10.6701049805 27.5577812195 4.7997078896 15.0963687897 0.0000000000 0.0000000000 0.2001339346 2.2851576805
-10.7160358429 27.6858940125 4.7270050049 15.0338621140 0.0000000000 0.0000000000 0.1993524581 2.2747151852
-10.7616367340 27.8133506775 4.6548566818 14.9712505341 0.0000000000 0.0000000000 0.1985418797 2.2645041943
-10.8070020676 27.9403591156 4.5813050270 14.9084396362 0.0000000000 0.0000000000 0.1977020800 2.2544894218
-10.8521184921 28.0668334961 4.5078601837 14.8469839096 0.0000000000 0.0000000000 0.1968330443 2.2446024418
-10.8970022202 28.1928253174 4.4337577820 14.7870731354 0.0000000000 0.0000000000 0.1959146112 2.2347736359
-10.9416427612 28.3183498383 4.3588867188 14.7286949158 0.0000000000 0.0000000000 0.1949535459 2.2249050140
-10.9859523773 28.4433078766 4.2807202339 14.6712770462 0.0000000000 0.0000000000 0.1939846724 2.2149212360
-11.0299034119 28.5676689148 4.2002792358 14.6147794724 0.0000000000 0.0000000000 0.1930324286 2.2048337460
-11.0736236572 28.6915683746 4.1180276871 14.5592803955 0.0000000000 0.0000000000 0.1921164244 2.1946296692
-11.1170482635 28.8149185181 4.0354123116 14.5044298172 0.0000000000 0.0000000000 0.1912445277 2.1843194962
-11.1601657867 28.9377498627 3.9531221390 14.4494285583 0.0000000000 0.0000000000 0.1904239953 2.1738789082
-11.2030439377 29.0601863861 3.8721740246 14.3953857422 0.0000000000 0.0000000000 0.1896276176 2.1633045673
-11.2456560135 29.1822052002 3.7938358784 14.3413505554 0.0000000000 0.0000000000 0.1888744235 2.1526243687
-11.2879686356 29.3037605286 3.7189741135 14.2879419327 0.0000000000 0.0000000000 0.1881702542 2.1418216228
-11.3299722672 29.4248447418 3.6486189365 14.2345991135 0.0000000000 0.0000000000 0.1875167936 2.1309230328
-11.3716592789 29.5454311371 3.5809776783 14.1812067032 0.0000000000 0.0000000000 0.1869095117 2.1199607849
-11.4130792618 29.6655788422 3.5158364773 14.1282920837 0.0000000000 0.0000000000 0.1863227636 2.1089301109
-11.4542074203 29.7852325439 3.4527554512 14.0752506256 0.0000000000 0.0000000000 0.1857471168 2.0978994370
-11.4950771332 29.9044342041 3.3919651508 14.0220766068 0.0000000000 0.0000000000 0.1851722002 2.0869743824
-11.5357408524 30.0232467651 3.3335597515 13.9687175751 0.0000000000 0.0000000000 0.1846008152 2.0762109756
-11.5761861801 30.1416282654 3.2771868706 13.9153661728 0.0000000000 0.0000000000 0.1840227544 2.0656189919
-11.6163578033 30.2594738007 3.2228934765 13.8617382050 0.0000000000 0.0000000000 0.1834197640 2.0552220345
-11.6562929153 30.3768596649 3.1697709560 13.8084011078 0.0000000000 0.0000000000 0.1827938110 2.0449843407
-11.6960563660 30.4938297272 3.1172049046 13.7554531097 0.0000000000 0.0000000000 0.1821566224 2.0348994732
-11.7355642319 30.6102237701 3.0653877258 13.7029981613 0.0000000000 0.0000000000 0.1815045476 2.0249814987
-11.7747936249 30.7259750366 3.0147080421 13.6497955322 0.0000000000 0.0000000000 0.1808490753 2.0151977539
-11.8137655258 30.8412094116 2.9664790630 13.5961484909 0.0000000000 0.0000000000 0.1802068800 2.0055737495
-11.8525629044 30.9559307098 2.9201045036 13.5426864624 0.0000000000 0.0000000000 0.1796060055 1.9960700274
-11.8910779953 31.0699729919 2.8759956360 13.4903879166 0.0000000000 0.0000000000 0.1790636629 1.9867143631
-11.9294509888 31.1835536957 2.8347535133 13.4388799667 0.0000000000 0.0000000000 0.1785866171 1.9775468111
-11.9676990509 31.2967052460 2.7963752747 13.3880977631 0.0000000000 0.0000000000 0.1781663001 1.9686094522
-12.0057725906 31.4092712402 2.7607140541 13.3382110596 0.0000000000 0.0000000000 0.1777894199 1.9599127769
-12.0436458588 31.5212802887 2.7266633511 13.2896556854 0.0000000000 0.0000000000 0.1774642020 1.9514895678
-12.0813255310 31.6327533722 2.6944487095 13.2424278259 0.0000000000 0.0000000000 0.1771802604 1.9432797432
-12.1188535690 31.7436847687 2.6626935005 13.1970777512 0.0000000000 0.0000000000 0.1769105792 1.9352855682
-12.1562318802 31.8540325165 2.6305649281 13.1524810791 0.0000000000 0.0000000000 0.1766312122 1.9275164604
-12.1934967041 31.9639015198 2.5972945690 13.1083965302 0.0000000000 0.0000000000 0.1763511449 1.9200258255
-12.2306499481 32.0733261108 2.5630595684 13.0646762848 0.0000000000 0.0000000000 0.1760634929 1.9128053188
-12.2676782608 32.1823387146 2.5273728371 13.0211715698 0.0000000000 0.0000000000 0.1757713258 1.9059020281
-12.3046264648 32.2907829285 2.4891397953 12.9781770706 0.0000000000 0.0000000000 0.1754919738 1.8992087841
-12.3415422440 32.3988838196 2.4484767914 12.9355363846 0.0000000000 0.0000000000 0.1752115488 1.8926771879
-12.3784456253 32.5066413879 2.4050855637 12.8932666779 0.0000000000 0.0000000000 0.1749285012 1.8863149881
-12.4152946472 32.6139907837 2.3599393368 12.8510160446 0.0000000000 0.0000000000 0.1746397018 1.8800590038
-12.4520120621 32.7208557129 2.3137855530 12.8088006973 0.0000000000 0.0000000000 0.1743661016 1.8738505840
-12.4886465073 32.8273010254 2.2674958706 12.7659444809 0.0000000000 0.0000000000 0.1741055548 1.8676667213
-12.5251607895 32.9332809448 2.2212059498 12.7229967117 0.0000000000 0.0000000000 0.1738705635 1.8614789248
-12.5616331100 33.0389518738 2.1762859821 12.6803464890 0.0000000000 0.0000000000 0.1736661196 1.8552502394
-12.5980377197 33.1442070007 2.1335296631 12.6381177902 0.0000000000 0.0000000000 0.1735128462 1.8489953279
-12.6343860626 33.2490730286 2.0915794373 12.5965452194 0.0000000000 0.0000000000 0.1733705848 1.8427534103
-12.6706523895 33.3535194397 2.0512106419 12.5551109314 0.0000000000 0.0000000000 0.1732460558 1.8365938663
-12.7067794800 33.4574432373 2.0123126507 12.5139942169 0.0000000000 0.0000000000 0.1731439531 1.8304984570
-12.7427587509 33.5608291626 1.9741523266 12.4731960297 0.0000000000 0.0000000000 0.1730319262 1.8244227171
-12.7786378860 33.6637802124 1.9372769594 12.4325237274 0.0000000000 0.0000000000 0.1729035228 1.8183926344
-12.8143892288 33.7662544250 1.9012619257 12.3920001984 0.0000000000 0.0000000000 0.1727356911 1.8123877048
-12.8500843048 33.8683280945 1.8660809994 12.3517141342 0.0000000000 0.0000000000 0.1725521088 1.8063591719
-12.8857440948 33.9700737000 1.8313032389 12.3119544983 0.0000000000 0.0000000000 0.1723591238 1.8003607988
-12.9213848114 34.0714836121 1.7959990501 12.2730760574 0.0000000000 0.0000000000 0.1721696109 1.7944271564
-12.9569969177 34.1725158691 1.7600001097 12.2354373932 0.0000000000 0.0000000000 0.1719946414 1.7885625362
-12.9925727844 34.2730674744 1.7232873440 12.1990852356 0.0000000000 0.0000000000 0.1718813479 1.7827646732
-13.0280876160 34.3731575012 1.6856637001 12.1637001038 0.0000000000 0.0000000000 0.1718502045 1.7769845724
-13.0635709763 34.4728279114 1.6470149755 12.1295928955 0.0000000000 0.0000000000 0.1718812436 1.7712090015
-13.0988941193 34.5718650818 1.6078203917 12.0974254608 0.0000000000 0.0000000000 0.1719309837 1.7655214071
-13.1341962814 34.6704940796 1.5684950352 12.0667657852 0.0000000000 0.0000000000 0.1719642729 1.7599986792
-13.1694993973 34.7687301636 1.5294189453 12.0367927551 0.0000000000 0.0000000000 0.1719603390 1.7546725273
-13.2047195435 34.8664512634 1.4917961359 12.0074367523 0.0000000000 0.0000000000 0.1719447523 1.7494664192
-13.2398834229 34.9636116028 1.4549951553 11.9791517258 0.0000000000 0.0000000000 0.1719316393 1.7443999052
-13.2750015259 35.0601882935 1.4197423458 11.9512109756 0.0000000000 0.0000000000 0.1719552428 1.7394598722
-13.3100776672 35.1562309265 1.3863455057 11.9238615036 0.0000000000 0.0000000000 0.1720220447 1.7346240282
-13.3451805115 35.2518501282 1.3549524546 11.8965826035 0.0000000000 0.0000000000 0.1721166074 1.7298655510
-13.3802051544 35.3468627930 1.3251726627 11.8694210052 0.0000000000 0.0000000000 0.1722171754 1.7251682281
-13.4153070450 35.4414825439 1.2961354256 11.8427190781 0.0000000000 0.0000000000 0.1722627282 1.7205009460
-13.4504480362 35.5355606079 1.2675048113 11.8173904419 0.0000000000 0.0000000000 0.1722201407 1.7158467770
-13.4856185913 35.6291389465 1.2373501062 11.7926149368 0.0000000000 0.0000000000 0.1721342355 1.7112311125
-13.5208301544 35.7221755981 1.2056246996 11.7692432404 0.0000000000 0.0000000000 0.1720805019 1.7066414356
-13.5560693741 35.8146209717 1.1722266674 11.7471637726 0.0000000000 0.0000000000 0.1720785052 1.7020750046
-13.5912809372 35.9064216614 1.1382384300 11.7271957397 0.0000000000 0.0000000000 0.1720905602 1.6975550652
-13.6265764236 35.9977607727 1.1043257713 11.7090244293 0.0000000000 0.0000000000 0.1720826775 1.6930742264
-13.6619377136 36.0885887146 1.0701225996 11.6924695969 0.0000000000 0.0000000000 0.1720578671 1.6886954308
-13.6973609924 36.1788864136 1.0354126692 11.6770191193 0.0000000000 0.0000000000 0.1720169783 1.6844254732
-13.7327461243 36.2684440613 1.0011277199 11.6624498367 0.0000000000 0.0000000000 0.1720056683 1.6802251339
-13.7682085037 36.3574371338 0.9669155478 11.6480884552 0.0000000000 0.0000000000 0.1720516086 1.6761467457
-13.8037185669 36.4458694458 0.9329393506 11.6337919235 0.0000000000 0.0000000000 0.1721260250 1.6721662283
-13.8392286301 36.5337066650 0.8989707232 11.6197204590 0.0000000000 0.0000000000 0.1722009778 1.6682392359
-13.8747930527 36.6210746765 0.8658398986 11.6049537659 0.0000000000 0.0000000000 0.1722446233 1.6643795967
-13.9104080200 36.7079772949 0.8341211677 11.5889968872 0.0000000000 0.0000000000 0.1722497940 1.6605722904
-13.9460010529 36.7943115234 0.8043540716 11.5716094971 0.0000000000 0.0000000000 0.1722320020 1.6568529606
-13.9815320969 36.8800010681 0.7761100531 11.5527763367 0.0000000000 0.0000000000 0.1722263843 1.6531574726
-14.0170001984 36.9650650024 0.7493284941 11.5329952240 0.0000000000 0.0000000000 0.1722463965 1.6494734287
-14.0524635315 37.0496482849 0.7230868340 11.5121583939 0.0000000000 0.0000000000 0.1722807586 1.6457532644
-14.0879316330 37.1337585449 0.6965179443 11.4903879166 0.0000000000 0.0000000000 0.1722964346 1.6420000792
-14.1234006882 37.2174301147 0.6694025993 11.4684772491 0.0000000000 0.0000000000 0.1722836047 1.6382588148
-14.1588478088 37.3006134033 0.6413293481 11.4459991455 0.0000000000 0.0000000000 0.1722505689 1.6345713139
-14.1942214966 37.3832397461 0.6125979424 11.4238433838 0.0000000000 0.0000000000 0.1722084582 1.6309804916
-14.2295923233 37.4653854370 0.5828058124 11.4014921188 0.0000000000 0.0000000000 0.1721857637 1.6274667978
-14.2649860382 37.5471649170 0.5507176518 11.3793201447 0.0000000000 0.0000000000 0.1721900553 1.6240208149
-14.3003931046 37.6285781860 0.5171073079 11.3573408127 0.0000000000 0.0000000000 0.1722286791 1.6206839085
-14.3357563019 37.7095756531 0.4801424444 11.3352937698 0.0000000000 0.0000000000 0.1722839624 1.6174272299
-14.3710412979 37.7901458740 0.4414797723 11.3137617111 0.0000000000 0.0000000000 0.1723679751 1.6142263412
-14.4060535431 37.8699836731 0.4015412331 11.2930984497 0.0000000000 0.0000000000 0.1724775583 1.6110467911
-14.4409618378 37.9494476318 0.3610610962 11.2731180191 0.0000000000 0.0000000000 0.1726184636 1.6078442335
-14.4756813049 38.0283966064 0.3196790516 11.2545700073 0.0000000000 0.0000000000 0.1727883667 1.6045833826
-14.5102043152 38.1068725586 0.2779190838 11.2364130020 0.0000000000 0.0000000000 0.1729838401 1.6012849808
-14.5445461273 38.1848602295 0.2360776663 11.2187099457 0.0000000000 0.0000000000 0.1731650680 1.5979887247
-14.5787820816 38.2625007629 0.1950457990 11.2015199661 0.0000000000 0.0000000000 0.1732930988 1.5947202444
-14.6128664017 38.3397483826 0.1550492644 11.1848106384 0.0000000000 0.0000000000 0.1733536869 1.5914835930
-14.6467247009 38.4165115356 0.1165637672 11.1688766479 0.0000000000 0.0000000000 0.1733321697 1.5883231163
-14.6804466248 38.4928741455 0.0805089995 11.1536512375 0.0000000000 0.0000000000 0.1732576191 1.5852050781
-14.7140388489 38.5689315796 0.0469298139 11.1390848160 0.0000000000 0.0000000000 0.1731341481 1.5821402073
-14.7475271225 38.6446952820 0.0155963423 11.1253929138 0.0000000000 0.0000000000 0.1729524732 1.5791083574
-14.7808589935 38.7201232910 -0.0139865326 11.1124172211 0.0000000000 0.0000000000 0.1726924628 1.5760500431
-14.8140087128 38.7952194214 -0.0416257977 11.1006250381 0.0000000000 0.0000000000 0.1723506898 1.5729144812
-14.8470306396 38.8700141907 -0.0681191683 11.0896215439 0.0000000000 0.0000000000 0.1719385535 1.5697567463
-14.8799448013 38.9445228577 -0.0940923318 11.0791568756 0.0000000000 0.0000000000 0.1714601517 1.5665659904
-14.9127368927 39.0187263489 -0.1195442975 11.0691890717 0.0000000000 0.0000000000 0.1709612310 1.5634263754
-14.9454755783 39.0927009583 -0.1449024230 11.0595645905 0.0000000000 0.0000000000 0.1704615206 1.5604016781
-14.9781589508 39.1664505005 -0.1708684117 11.0503263474 0.0000000000 0.0000000000 0.1699864268 1.5574339628
-15.0107660294 39.2398719788 -0.1972870231 11.0416517258 0.0000000000 0.0000000000 0.1695006043 1.5544066429
-15.0433082581 39.3130378723 -0.2247637957 11.0334959030 0.0000000000 0.0000000000 0.1689892858 1.5513074398
-15.0757169724 39.3858680725 -0.2528257370 11.0263462067 0.0000000000 0.0000000000 0.1684652418 1.5482724905
-15.1080036163 39.4584197998 -0.2805854380 11.0196485519 0.0000000000 0.0000000000 0.1679439098 1.5453680754
-15.1402797699 39.5308113098 -0.3088936508 11.0131454468 0.0000000000 0.0000000000 0.1674396545 1.5426157713
-15.1724843979 39.6029472351 -0.3372397423 11.0069236755 0.0000000000 0.0000000000 0.1669463813 1.5399864912
-15.2046489716 39.6749153137 -0.3655910492 11.0003318787 0.0000000000 0.0000000000 0.1664454341 1.5374575853
-15.2365274429 39.7463798523 -0.3933885992 10.9946651459 0.0000000000 0.0000000000 0.1659068763 1.5349881649
-15.2682704926 39.8175621033 -0.4205820560 10.9883480072 0.0000000000 0.0000000000 0.1653210819 1.5324969292
-15.2999229431 39.8884735107 -0.4473840892 10.9810743332 0.0000000000 0.0000000000 0.1646919549 1.5300253630
-15.3315315247 39.9593124390 -0.4732860625 10.9732427597 0.0000000000 0.0000000000 0.1640575528 1.5275449753
-15.3631124496 40.0300598145 -0.4986279011 10.9653596878 0.0000000000 0.0000000000 0.1634559929 1.5250307322
-15.3945522308 40.1005706787 -0.5225912333 10.9578437805 0.0000000000 0.0000000000 0.1629172117 1.5225635767
-15.4259586334 40.1709442139 -0.5462492108 10.9510335922 0.0000000000 0.0000000000 0.1624685973 1.5202429295
-15.4572305679 40.2410583496 -0.5691825747 10.9451265335 0.0000000000 0.0000000000 0.1621102393 1.5180859566
-15.4884204865 40.3109359741 -0.5923036337 10.9402742386 0.0000000000 0.0000000000 0.1618110538 1.5160408020
-15.5194196701 40.3804283142 -0.6154386997 10.9361619949 0.0000000000 0.0000000000 0.1615226567 1.5140769482
-15.5502061844 40.4495201111 -0.6387237906 10.9321680069 0.0000000000 0.0000000000 0.1612123996 1.5121364594
-15.5808286667 40.5182876587 -0.6635643244 10.9279632568 0.0000000000 0.0000000000 0.1608732045 1.5101678371
-15.6113281250 40.5868492126 -0.6897987127 10.9234952927 0.0000000000 0.0000000000 0.1605143696 1.5082055330
-15.6417322159 40.6552505493 -0.7167574763 10.9186801910 0.0000000000 0.0000000000 0.1601787508 1.5062953234
-15.6720743179 40.7235336304 -0.7435597777 10.9128303528 0.0000000000 0.0000000000 0.1599283963 1.5044177771
-15.7022724152 40.7916107178 -0.7697042227 10.9055032730 0.0000000000 0.0000000000 0.1597690433 1.5025111437
-15.7322959900 40.8593940735 -0.7952111959 10.8965110779 0.0000000000 0.0000000000 0.1596686095 1.5006148815
-15.7621822357 40.9270019531 -0.8197554946 10.8859424591 0.0000000000 0.0000000000 0.1595984250 1.4986844063
-15.7918806076 40.9943809509 -0.8429725170 10.8741312027 0.0000000000 0.0000000000 0.1595218480 1.4967585802
-15.8213748932 41.0614776611 -0.8648191094 10.8611316681 0.0000000000 0.0000000000 0.1594173610 1.4948295355
-15.8507108688 41.1283760071 -0.8851762414 10.8470830917 0.0000000000 0.0000000000 0.1592646539 1.4928895235
-15.8798522949 41.1951026917 -0.9047281742 10.8318500519 0.0000000000 0.0000000000 0.1590577662 1.4909486771
-15.9088926315 41.2617492676 -0.9232144952 10.8158292770 0.0000000000 0.0000000000 0.1588477343 1.4890185595
-15.9378118515 41.3282585144 -0.9412370324 10.7990999222 0.0000000000 0.0000000000 0.1586902589 1.4870845079
-15.9666538239 41.3946685791 -0.9586822987 10.7822132111 0.0000000000 0.0000000000 0.1586128324 1.4852832556
-15.9954166412 41.4609489441 -0.9754804969 10.7656040192 0.0000000000 0.0000000000 0.1585946381 1.4836730957
-16.0240631104 41.5270271301 -0.9918287992 10.7495994568 0.0000000000 0.0000000000 0.1585956067 1.4823062420
-16.0526351929 41.5929718018 -1.0085321665 10.7346553802 0.0000000000 0.0000000000 0.1585666388 1.4811049700
-16.0811157227 41.6587028503 -1.0252878666 10.7208261490 0.0000000000 0.0000000000 0.1584888399 1.4800280333
-16.1095066071 41.7242431641 -1.0430246592 10.7081441879 0.0000000000 0.0000000000 0.1583910882 1.4791104794
-16.1378269196 41.7896118164 -1.0622991323 10.6964597702 0.0000000000 0.0000000000 0.1583016515 1.4783260822
-16.1660842896 41.8547859192 -1.0827169418 10.6855735779 0.0000000000 0.0000000000 0.1582325846 1.4777207375
-16.1943244934 41.9198265076 -1.1044384241 10.6755237579 0.0000000000 0.0000000000 0.1581893414 1.4772844315
-16.2224998474 41.9847068787 -1.1270495653 10.6658906937 0.0000000000 0.0000000000 0.1581786275 1.4769556522
-16.2505607605 42.0493965149 -1.1508405209 10.6565704346 0.0000000000 0.0000000000 0.1581740230 1.4767308235
-16.2785301208 42.1138420105 -1.1752541065 10.6476545334 0.0000000000 0.0000000000 0.1581527293 1.4765744209
-16.3063354492 42.1780319214 -1.1998114586 10.6384639740 0.0000000000 0.0000000000 0.1580683738 1.4764972925
-16.3341083527 42.2421188354 -1.2246261835 10.6291732788 0.0000000000 0.0000000000 0.1578609496 1.4764096737
-16.3617668152 42.3059654236 -1.2496722937 10.6201734543 0.0000000000 0.0000000000 0.1575233042 1.4762228727
-16.3892040253 42.3695602417 -1.2752250433 10.6115655899 0.0000000000 0.0000000000 0.1570735872 1.4759713411
-16.4166240692 42.4330711365 -1.3007066250 10.6033401489 0.0000000000 0.0000000000 0.1565510780 1.4757006168
-16.4440135956 42.4964828491 -1.3256552219 10.5954389572 0.0000000000 0.0000000000 0.1559996903 1.4753649235
-16.4713726044 42.5597686768 -1.3503636122 10.5881004333 0.0000000000 0.0000000000 0.1554599106 1.4750148058
-16.4986820221 42.6228981018 -1.3743777275 10.5810546875 0.0000000000 0.0000000000 0.1549361348 1.4746437073
-16.5259437561 42.6858367920 -1.3980449438 10.5742168427 0.0000000000 0.0000000000 0.1544366181 1.4741756916
-16.5531558990 42.7485923767 -1.4211652279 10.5676355362 0.0000000000 0.0000000000 0.1539524198 1.4736649990
-16.5802783966 42.8111038208 -1.4436836243 10.5612649918 0.0000000000 0.0000000000 0.1534735113 1.4731389284
-16.6073703766 42.8734512329 -1.4653874636 10.5548839569 0.0000000000 0.0000000000 0.1529924870 1.4726153612
-16.6344490051 42.9356536865 -1.4858888388 10.5485324860 0.0000000000 0.0000000000 0.1525156647 1.4721243382
-16.6614665985 42.9976959229 -1.5056670904 10.5424613953 0.0000000000 0.0000000000 0.1520593613 1.4715777636
-16.6884403229 43.0595550537 -1.5254250765 10.5368213654 0.0000000000 0.0000000000 0.1516213715 1.4710768461
-16.7153186798 43.1211166382 -1.5450726748 10.5319156647 0.0000000000 0.0000000000 0.1511962116 1.4706901312
-16.7421379089 43.1824378967 -1.5646854639 10.5275573730 0.0000000000 0.0000000000 0.1508004665 1.4704627991
-16.7689571381 43.2435417175 -1.5843567848 10.5235052109 0.0000000000 0.0000000000 0.1504260749 1.4702447653
-16.7958068848 43.3045234680 -1.6052660942 10.5194606781 0.0000000000 0.0000000000 0.1501081288 1.4699569941
-16.8226413727 43.3653297424 -1.6271207333 10.5155372620 0.0000000000 0.0000000000 0.1498467028 1.4696124792
-16.8494396210 43.4259757996 -1.6494266987 10.5113954544 0.0000000000 0.0000000000 0.1496386379 1.4692534208
-16.8761959076 43.4864463806 -1.6724447012 10.5068979263 0.0000000000 0.0000000000 0.1494944692 1.4690548182
-16.9028911591 43.5466918945 -1.6953665018 10.5019931793 0.0000000000 0.0000000000 0.1494109035 1.4689644575
-16.9295578003 43.6067390442 -1.7183282375 10.4968795776 0.0000000000 0.0000000000 0.1493881792 1.4689790010
-16.9561805725 43.6665687561 -1.7413263321 10.4916267395 0.0000000000 0.0000000000 0.1494023651 1.4690295458
-16.9826583862 43.7259559631 -1.7642387152 10.4863805771 0.0000000000 0.0000000000 0.1494317353 1.4690551758
-17.0090961456 43.7851295471 -1.7875297070 10.4809484482 0.0000000000 0.0000000000 0.1494397521 1.4690585136
-17.0354881287 43.8440322876 -1.8107818365 10.4755468369 0.0000000000 0.0000000000 0.1494161040 1.4690109491
-17.0618762970 43.9027786255 -1.8340950012 10.4699430466 0.0000000000 0.0000000000 0.1493625641 1.4690020084
-17.0882511139 43.9613800049 -1.8581330776 10.4641132355 0.0000000000 0.0000000000 0.1492711157 1.4689939022
-17.1145763397 44.0198059082 -1.8826105595 10.4580698013 0.0000000000 0.0000000000 0.1491759121 1.4690041542
-17.1408500671 44.0779609680 -1.9076710939 10.4521532059 0.0000000000 0.0000000000 0.1490744054 1.4690021276
-17.1670684814 44.1359252930 -1.9336915016 10.4466753006 0.0000000000 0.0000000000 0.1489555389 1.4689731598
-17.1932582855 44.1937255859 -1.9599035978 10.4413433075 0.0000000000 0.0000000000 0.1488366127 1.4689428806
-17.2194023132 44.2513618469 -1.9862205982 10.4361677170 0.0000000000 0.0000000000 0.1487252861 1.4689347744
-17.2454566956 44.3087806702 -2.0131876469 10.4314422607 0.0000000000 0.0000000000 0.1486059874 1.4688910246
-17.2714214325 44.3659362793 -2.0408048630 10.4270172119 0.0000000000 0.0000000000 0.1484757960 1.4688212872
-17.2973308563 44.4229316711 -2.0689294338 10.4228782654 0.0000000000 0.0000000000 0.1483426094 1.4686726332
-17.3231773376 44.4797554016 -2.0975973606 10.4190740585 0.0000000000 0.0000000000 0.1482084543 1.4684268236
-17.3488769531 44.5363006592 -2.1265499592 10.4158887863 0.0000000000 0.0000000000 0.1480788141 1.4680902958
-17.3745098114 44.5926475525 -2.1547865868 10.4133090973 0.0000000000 0.0000000000 0.1479433477 1.4676328897
-17.4000320435 44.6487274170 -2.1819691658 10.4112472534 0.0000000000 0.0000000000 0.1477841884 1.4670859575
-17.4254531860 44.7046051025 -2.2076289654 10.4094591141 0.0000000000 0.0000000000 0.1475941092 1.4664587975
-17.4507293701 44.7602653503 -2.2316639423 10.4080924988 0.0000000000 0.0000000000 0.1473681331 1.4657801390
-17.4758453369 44.8156929016 -2.2549417019 10.4071254730 0.0000000000 0.0000000000 0.1471049190 1.4651080370
-17.5008335114 44.8708801270 -2.2780249119 10.4067497253 0.0000000000 0.0000000000 0.1467967480 1.4644911289
-17.5257434845 44.9258766174 -2.3011975288 10.4073247910 0.0000000000 0.0000000000 0.1464670599 1.4638161659
-17.5505504608 44.9806251526 -2.3240549564 10.4091005325 0.0000000000 0.0000000000 0.1461232156 1.4629886150
-17.5752887726 45.0351829529 -2.3468797207 10.4116382599 0.0000000000 0.0000000000 0.1457664520 1.4620546103
-17.5999221802 45.0895156860 -2.3694930077 10.4141969681 0.0000000000 0.0000000000 0.1454015374 1.4609929323
-17.6244087219 45.1436576843 -2.3921577930 10.4167127609 0.0000000000 0.0000000000 0.1450388879 1.4598320723
-17.6488304138 45.1976089478 -2.4148461819 10.4190931320 0.0000000000 0.0000000000 0.1446730942 1.4585255384
-17.6731433868 45.2513237000 -2.4374427795 10.4215784073 0.0000000000 0.0000000000 0.1443094462 1.4570050240
-17.6973724365 45.3047790527 -2.4598076344 10.4245004654 0.0000000000 0.0000000000 0.1439496279 1.4552875757
-17.7214469910 45.3579597473 -2.4820988178 10.4281663895 0.0000000000 0.0000000000 0.1436196268 1.4532561302
-17.7454280853 45.4109649658 -2.5045635700 10.4322605133 0.0000000000 0.0000000000 0.1433481574 1.4509835243
-17.7693443298 45.4638290405 -2.5262868404 10.4364738464 0.0000000000 0.0000000000 0.1431324184 1.4485810995
-17.7930545807 45.5164184570 -2.5469522476 10.4408626556 0.0000000000 0.0000000000 0.1429615617 1.4462269545
-17.8166065216 45.5687866211 -2.5667746067 10.4451665878 0.0000000000 0.0000000000 0.1428305805 1.4439915419
-17.8400115967 45.6209297180 -2.5863573551 10.4489917755 0.0000000000 0.0000000000 0.1427324861 1.4419478178
-17.8633060455 45.6728248596 -2.6057732105 10.4525728226 0.0000000000 0.0000000000 0.1426428705 1.4401061535
-17.8864612579 45.7245101929 -2.6249220371 10.4556674957 0.0000000000 0.0000000000 0.1425348073 1.4384843111
-17.9094905853 45.7759284973 -2.6432991028 10.4579191208 0.0000000000 0.0000000000 0.1424176544 1.4371242523
-17.9323291779 45.8270225525 -2.6608335972 10.4589767456 0.0000000000 0.0000000000 0.1422888041 1.4359627962
-17.9550952911 45.8779525757 -2.6776242256 10.4593343735 0.0000000000 0.0000000000 0.1421440542 1.4349541664
-17.9778099060 45.9287147522 -2.6940722466 10.4591836929 0.0000000000 0.0000000000 0.1419870108 1.4341359138
-18.0004730225 45.9793319702 -2.7103915215 10.4590358734 0.0000000000 0.0000000000 0.1418001354 1.4334626198
-18.0230388641 46.0298156738 -2.7262487411 10.4588994980 0.0000000000 0.0000000000 0.1415719688 1.4328446388
-18.0455379486 46.0801506042 -2.7416253090 10.4589948654 0.0000000000 0.0000000000 0.1413003057 1.4322390556
-18.0678539276 46.1301307678 -2.7570686340 10.4592361450 0.0000000000 0.0000000000 0.1409979165 1.4315693378
-18.0901203156 46.1799545288 -2.7730743885 10.4599552155 0.0000000000 0.0000000000 0.1407053173 1.4308668375
-18.1122665405 46.2295494080 -2.7893316746 10.4612483978 0.0000000000 0.0000000000 0.1404346228 1.4300104380
-18.1343898773 46.2790145874 -2.8060898781 10.4628391266 0.0000000000 0.0000000000 0.1402176470 1.4290821552
-18.1564254761 46.3282661438 -2.8231353760 10.4650335312 0.0000000000 0.0000000000 0.1400389373 1.4280582666
-18.1784019470 46.3773345947 -2.8401622772 10.4676408768 0.0000000000 0.0000000000 0.1399086118 1.4269561768
-18.2003269196 46.4262351990 -2.8564684391 10.4701719284 0.0000000000 0.0000000000 0.1397955567 1.4258481264
-18.2221412659 46.4749031067 -2.8718852997 10.4727926254 0.0000000000 0.0000000000 0.1396570653 1.4247676134
-18.2438526154 46.5233688354 -2.8873269558 10.4755258560 0.0000000000 0.0000000000 0.1395069510 1.4238538742
-18.2654609680 46.5716438293 -2.9029908180 10.4781837463 0.0000000000 0.0000000000 0.1393664032 1.4231058359
-18.2870197296 46.6197433472 -2.9182248116 10.4806394577 0.0000000000 0.0000000000 0.1392274052 1.4225201607
-18.3084983826 46.6676788330 -2.9335429668 10.4828062057 0.0000000000 0.0000000000 0.1391299963 1.4220734835
-18.3299789429 46.7155799866 -2.9493348598 10.4850692749 0.0000000000 0.0000000000 0.1390809715 1.4217177629
-18.3514347076 46.7634048462 -2.9657218456 10.4875526428 0.0000000000 0.0000000000 0.1390577406 1.4213564396
-18.3728961945 46.8111610413 -2.9820387363 10.4901571274 0.0000000000 0.0000000000 0.1390682012 1.4209777117
-18.3942527771 46.8586807251 -2.9981930256 10.4930067062 0.0000000000 0.0000000000 0.1391023695 1.4205259085
-18.4155578613 46.9060745239 -3.0145635605 10.4960231781 0.0000000000 0.0000000000 0.1391746104 1.4200142622
-18.4368457794 46.9534072876 -3.0309486389 10.4991531372 0.0000000000 0.0000000000 0.1392488629 1.4194022417
-18.4581127167 47.0006828308 -3.0469589233 10.5017318726 0.0000000000 0.0000000000 0.1392851621 1.4187699556
-18.4793758392 47.0478935242 -3.0626125336 10.5040330887 0.0000000000 0.0000000000 0.1392776221 1.4181134701
-18.5004959106 47.0948371887 -3.0769534111 10.5060253143 0.0000000000 0.0000000000 0.1392094940 1.4175095558
-18.5215396881 47.1416625977 -3.0906438828 10.5076255798 0.0000000000 0.0000000000 0.1390772015 1.4169462919
-18.5425033569 47.1883659363 -3.1045920849 10.5092039108 0.0000000000 0.0000000000 0.1388896108 1.4164811373
-18.5633945465 47.2349433899 -3.1194598675 10.5111036301 0.0000000000 0.0000000000 0.1386578977 1.4160763025
-18.5842304230 47.2814102173 -3.1354968548 10.5135364532 0.0000000000 0.0000000000 0.1384097040 1.4157518148
-18.6050090790 47.3277626038 -3.1524784565 10.5165042877 0.0000000000 0.0000000000 0.1381594986 1.4153491259
-18.6257419586 47.3740119934 -3.1702671051 10.5199003220 0.0000000000 0.0000000000 0.1379291564 1.4147518873
-18.6464691162 47.4201469421 -3.1876003742 10.5234308243 0.0000000000 0.0000000000 0.1377165169 1.4140409231
-18.6671619415 47.4661750793 -3.2043826580 10.5268945694 0.0000000000 0.0000000000 0.1375095993 1.4132508039
-18.6878051758 47.5120658875 -3.2200691700 10.5303440094 0.0000000000 0.0000000000 0.1373529285 1.4123805761
-18.7084484100 47.5578689575 -3.2353169918 10.5336751938 0.0000000000 0.0000000000 0.1372593045 1.4115186930
-18.7289943695 47.6035385132 -3.2492129803 10.5366497040 0.0000000000 0.0000000000 0.1372282505 1.4106129408
-18.7494983673 47.6490859985 -3.2620487213 10.5396938324 0.0000000000 0.0000000000 0.1372418702 1.4097167253
-18.7698993683 47.6944198608 -3.2736933231 10.5426406860 0.0000000000 0.0000000000 0.1372640133 1.4088931084
-18.7901878357 47.7395133972 -3.2847728729 10.5458202362 0.0000000000 0.0000000000 0.1372505277 1.4079194069
-18.8104171753 47.7844467163 -3.2957177162 10.5489511490 0.0000000000 0.0000000000 0.1371995211 1.4069802761
-18.8306331635 47.8292922974 -3.3070108891 10.5522308350 0.0000000000 0.0000000000 0.1371315867 1.4062025547
-18.8508548737 47.8740730286 -3.3186516762 10.5556325912 0.0000000000 0.0000000000 0.1370577812 1.4055193663
-18.8710937500 47.9188079834 -3.3309152126 10.5587301254 0.0000000000 0.0000000000 0.1369791925 1.4048366547
-18.8913154602 47.9634971619 -3.3440351486 10.5618915558 0.0000000000 0.0000000000 0.1368702799 1.4040588140
-18.9114551544 48.0081253052 -3.3581547737 10.5650787354 0.0000000000 0.0000000000 0.1367179453 1.4031622410
-18.9315109253 48.0526504517 -3.3732669353 10.5686740875 0.0000000000 0.0000000000 0.1365178525 1.4020712376
-18.9515266418 48.0970954895 -3.3893027306 10.5726032257 0.0000000000 0.0000000000 0.1363084167 1.4008542299
-18.9714984894 48.1414413452 -3.4063215256 10.5770826340 0.0000000000 0.0000000000 0.1361007392 1.3996515274
-18.9913692474 48.1856269836 -3.4242141247 10.5820112228 0.0000000000 0.0000000000 0.1359073669 1.3986501694
-19.0111389160 48.2296714783 -3.4430751801 10.5873489380 0.0000000000 0.0000000000 0.1357024461 1.3977799416
-19.0308227539 48.2735633850 -3.4624314308 10.5928325653 0.0000000000 0.0000000000 0.1354441643 1.3970243931
-19.0504436493 48.3173370361 -3.4818353653 10.5984554291 0.0000000000 0.0000000000 0.1350835264 1.3962548971
-19.0699901581 48.3609695435 -3.5007848740 10.6040601730 0.0000000000 0.0000000000 0.1346752346 1.3954805136
-19.0894546509 48.4044456482 -3.5186114311 10.6093616486 0.0000000000 0.0000000000 0.1342716068 1.3947750330
-19.1087703705 48.4476585388 -3.5353896618 10.6141662598 0.0000000000 0.0000000000 0.1339097768 1.3941688538
-19.1279430389 48.4906501770 -3.5512611866 10.6184701920 0.0000000000 0.0000000000 0.1336060166 1.3937546015
-19.1470260620 48.5335197449 -3.5665543079 10.6223974228 0.0000000000 0.0000000000 0.1333292872 1.3934794664
-19.1660594940 48.5763244629 -3.5809834003 10.6258163452 0.0000000000 0.0000000000 0.1330584884 1.3932120800
-19.1850318909 48.6190567017 -3.5950443745 10.6291961670 0.0000000000 0.0000000000 0.1328071207 1.3930095434
-19.2038707733 48.6615524292 -3.6093111038 10.6327695847 0.0000000000 0.0000000000 0.1325800121 1.3929218054
-19.2225875854 48.7038383484 -3.6240496635 10.6366357803 0.0000000000 0.0000000000 0.1323968619 1.3929114342
-19.2412166595 48.7459602356 -3.6393129826 10.6407709122 0.0000000000 0.0000000000 0.1322767586 1.3930244446
-19.2597618103 48.7880325317 -3.6541495323 10.6448879242 0.0000000000 0.0000000000 0.1322149932 1.3931511641
-19.2782154083 48.8299407959 -3.6679456234 10.6488170624 0.0000000000 0.0000000000 0.1321918070 1.3932623863
-19.2966117859 48.8718109131 -3.6808240414 10.6526327133 0.0000000000 0.0000000000 0.1322006583 1.3933683634
-19.3149623871 48.9136276245 -3.6933457851 10.6566324234 0.0000000000 0.0000000000 0.1322131455 1.3933793306
-19.3332328796 48.9553451538 -3.7052128315 10.6606674194 0.0000000000 0.0000000000 0.1322005540 1.3931751251
-19.3514633179 48.9969787598 -3.7165782452 10.6647138596 0.0000000000 0.0000000000 0.1321736425 1.3927345276
-19.3696384430 49.0385246277 -3.7281007767 10.6690721512 0.0000000000 0.0000000000 0.1321592033 1.3922646046
-19.3878021240 49.0799980164 -3.7391455173 10.6732606888 0.0000000000 0.0000000000 0.1321497709 1.3917944431
-19.4058895111 49.1213378906 -3.7501616478 10.6772375107 0.0000000000 0.0000000000 0.1321447343 1.3913190365
-19.4239673615 49.1626243591 -3.7606604099 10.6808242798 0.0000000000 0.0000000000 0.1321274042 1.3908601999
-19.4419212341 49.2036514282 -3.7706456184 10.6838903427 0.0000000000 0.0000000000 0.1321076006 1.3904170990
-19.4598445892 49.2446212769 -3.7804400921 10.6863937378 0.0000000000 0.0000000000 0.1320362687 1.3900668621
-19.4777946472 49.2855873108 -3.7903904915 10.6887102127 0.0000000000 0.0000000000 0.1318838745 1.3898186684
-19.4957408905 49.3265228271 -3.8001623154 10.6909246445 0.0000000000 0.0000000000 0.1316726506 1.3898066282
-19.5136928558 49.3674354553 -3.8094997406 10.6929531097 0.0000000000 0.0000000000 0.1314330995 1.3900771141
-19.5316066742 49.4082221985 -3.8190140724 10.6948165894 0.0000000000 0.0000000000 0.1312031895 1.3906812668
-19.5494651794 49.4488525391 -3.8290691376 10.6963119507 0.0000000000 0.0000000000 0.1310140640 1.3914053440
-19.5673160553 49.4894409180 -3.8398694992 10.6982097626 0.0000000000 0.0000000000 0.1308598965 1.3920251131
-19.5850543976 49.5298271179 -3.8513827324 10.7006397247 0.0000000000 0.0000000000 0.1307350546 1.3924103975
-19.6026706696 49.5700912476 -3.8639757633 10.7034988403 0.0000000000 0.0000000000 0.1306294352 1.3926074505
-19.6202125549 49.6102943420 -3.8770835400 10.7069425583 0.0000000000 0.0000000000 0.1305016726 1.3926351070
-19.6376647949 49.6502761841 -3.8898522854 10.7110767365 0.0000000000 0.0000000000 0.1303316206 1.3924529552
-19.6550846100 49.6902122498 -3.9026918411 10.7155036926 0.0000000000 0.0000000000 0.1301404685 1.3920639753
-19.6724605560 49.7301139832 -3.9153983593 10.7204942703 0.0000000000 0.0000000000 0.1298895925 1.3914024830
-19.6898593903 49.7700271606 -3.9274685383 10.7259263992 0.0000000000 0.0000000000 0.1296136379 1.3906978369
-19.7071857452 49.8098182678 -3.9390418530 10.7315187454 0.0000000000 0.0000000000 0.1293497980 1.3901295662
-19.7244873047 49.8494606018 -3.9502336979 10.7371082306 0.0000000000 0.0000000000 0.1291409433 1.3897247314
-19.7416667938 49.8889694214 -3.9610908031 10.7424182892 0.0000000000 0.0000000000 0.1290167570 1.3891932964
-19.7587776184 49.9282989502 -3.9714307785 10.7471961975 0.0000000000 0.0000000000 0.1289437115 1.3885445595
-19.7758159637 49.9675559998 -3.9814450741 10.7513160706 0.0000000000 0.0000000000 0.1289149970 1.3880800009
-19.7927970886 50.0066795349 -3.9911413193 10.7551059723 0.0000000000 0.0000000000 0.1288999319 1.3878006935
-19.8097572327 50.0457572937 -4.0009188652 10.7586050034 0.0000000000 0.0000000000 0.1288390607 1.3875135183
-19.8267402649 50.0848274231 -4.0107593536 10.7618503571 0.0000000000 0.0000000000 0.1287205815 1.3873883486
-19.8436889648 50.1237602234 -4.0198559761 10.7647533417 0.0000000000 0.0000000000 0.1285330057 1.3873132467
-19.8606185913 50.1626167297 -4.0292172432 10.7675170898 0.0000000000 0.0000000000 0.1283128113 1.3871899843
-19.8774986267 50.2013130188 -4.0390052795 10.7702322006 0.0000000000 0.0000000000 0.1280448586 1.3870880604
-19.8943233490 50.2399139404 -4.0493731499 10.7731752396 0.0000000000 0.0000000000 0.1277858615 1.3870725632
-19.9110126495 50.2781791687 -4.0603456497 10.7763328552 0.0000000000 0.0000000000 0.1275929362 1.3869879246
-19.9276142120 50.3162574768 -4.0712180138 10.7792911530 0.0000000000 0.0000000000 0.1274610013 1.3868026733
-19.9440803528 50.3542633057 -4.0816087723 10.7822618484 0.0000000000 0.0000000000 0.1273742169 1.3865029812
-19.9605159760 50.3922195435 -4.0912685394 10.7850446701 0.0000000000 0.0000000000 0.1272898912 1.3861773014
-19.9769496918 50.4302253723 -4.1002454758 10.7873067856 0.0000000000 0.0000000000 0.1271946132 1.3857439756
-19.9933910370 50.4682540894 -4.1083598137 10.7892045975 0.0000000000 0.0000000000 0.1270893216 1.3851704597
-20.0098056793 50.5062255859 -4.1159853935 10.7906560898 0.0000000000 0.0000000000 0.1269951016 1.3845566511
-20.0262470245 50.5441970825 -4.1237621307 10.7915897369 0.0000000000 0.0000000000 0.1268916577 1.3840566874
-20.0426387787 50.5820960999 -4.1327662468 10.7924861908 0.0000000000 0.0000000000 0.1267362088 1.3837028742
-20.0589237213 50.6198310852 -4.1423840523 10.7930612564 0.0000000000 0.0000000000 0.1265632808 1.3835436106
-20.0751457214 50.6574096680 -4.1520915031 10.7935953140 0.0000000000 0.0000000000 0.1264178902 1.3835462332
-20.0912475586 50.6949081421 -4.1617488861 10.7943229675 0.0000000000 0.0000000000 0.1263201833 1.3834666014
-20.1071796417 50.7321739197 -4.1704311371 10.7951097488 0.0000000000 0.0000000000 0.1262731999 1.3832454681
-20.1230297089 50.7693824768 -4.1791872978 10.7962036133 0.0000000000 0.0000000000 0.1262749434 1.3830386400
-20.1387977600 50.8064575195 -4.1884551048 10.7977542877 0.0000000000 0.0000000000 0.1262923628 1.3829275370
-20.1545200348 50.8434371948 -4.1983857155 10.8001499176 0.0000000000 0.0000000000 0.1262948513 1.3829591274
-20.1701469421 50.8802947998 -4.2089619637 10.8033924103 0.0000000000 0.0000000000 0.1262616068 1.3830982447
-20.1856517792 50.9168777466 -4.2202458382 10.8075637817 0.0000000000 0.0000000000 0.1261596978 1.3831992149
-20.2010459900 50.9533538818 -4.2322926521 10.8126010895 0.0000000000 0.0000000000 0.1260269135 1.3831838369
-20.2164421082 50.9898109436 -4.2448544502 10.8181495667 0.0000000000 0.0000000000 0.1258950382 1.3828904629
-20.2317695618 51.0260772705 -4.2577295303 10.8241949081 0.0000000000 0.0000000000 0.1257892698 1.3825328350
-20.2470283508 51.0621528625 -4.2701606750 10.8302240372 0.0000000000 0.0000000000 0.1257331073 1.3820511103
-20.2622337341 51.0980453491 -4.2816829681 10.8359603882 0.0000000000 0.0000000000 0.1257306784 1.3814188242
-20.2774181366 51.1338729858 -4.2919950485 10.8410768509 0.0000000000 0.0000000000 0.1257492900 1.3807200193
-20.2926006317 51.1696434021 -4.3011970520 10.8451747894 0.0000000000 0.0000000000 0.1257427335 1.3799887896
-20.3077316284 51.2052764893 -4.3089752197 10.8483953476 0.0000000000 0.0000000000 0.1256922036 1.3792901039
-20.3227939606 51.2408180237 -4.3156991005 10.8510751724 0.0000000000 0.0000000000 0.1255994141 1.3786017895
-20.3377876282 51.2762603760 -4.3219904900 10.8534708023 0.0000000000 0.0000000000 0.1254758686 1.3779747486
