#         COST_U        COST_H      COST_D       COST_S       REGU_H       REGU_S          HPO           COSTGLEN 
50.3278350830 0.0000000000 0.0000000000 0.0000000000 3.1887099743 0.0000000000 -0.3344733715
30.2884597778 0.0000000000 0.0000000000 0.1117206514 3.1376209259 0.0000000000 -0.3614290953
24.3729400635 0.0000000000 0.0000000000 0.3613476753 3.1008048058 0.0000000000 -0.3732730150
22.3473911285 0.0000000000 0.0000000000 0.6729916334 3.0762159824 0.0000000000 -0.3633357286
21.2712936401 0.0000000000 0.0000000000 0.9894007444 3.0544936657 0.0000000000 -0.3488823771
20.3641853333 0.0000000000 0.0000000000 1.2775191069 3.0329556465 0.0000000000 -0.3386856914
19.7735195160 0.0000000000 0.0000000000 1.5207538605 3.0137262344 0.0000000000 -0.3309298754
19.4961357117 0.0000000000 0.0000000000 1.7144109011 2.9983878136 0.0000000000 -0.3248523474
19.3622226715 0.0000000000 0.0000000000 1.8611232042 2.9871032238 0.0000000000 -0.3206787109
19.2243022919 0.0000000000 0.0000000000 1.9670460224 2.9800791740 0.0000000000 -0.3185622096
19.0686206818 0.0000000000 0.0000000000 2.0390627384 2.9764866829 0.0000000000 -0.3179426193
18.9597244263 0.0000000000 0.0000000000 2.0832896233 2.9751577377 0.0000000000 -0.3177266717
18.9554157257 0.0000000000 0.0000000000 2.1054172516 2.9743447304 0.0000000000 -0.3167868853
19.0004024506 0.0000000000 0.0000000000 2.1104228497 2.9734935760 0.0000000000 -0.3150911927
18.9839897156 0.0000000000 0.0000000000 2.1033666134 2.9725079536 0.0000000000 -0.3126963973
18.8239974976 0.0000000000 0.0000000000 2.0887131691 2.9697084427 0.0000000000 -0.3102403879
18.5257453918 0.0000000000 0.0000000000 2.0705060959 2.9649529457 0.0000000000 -0.3069943786
18.1653366089 0.0000000000 0.0000000000 2.0529341698 2.9578869343 0.0000000000 -0.3029288650
17.7866058350 0.0000000000 0.0000000000 2.0387220383 2.9496829510 0.0000000000 -0.2989222407
17.3846225739 0.0000000000 0.0000000000 2.0293848515 2.9403114319 0.0000000000 -0.2955417037
16.9502925873 0.0000000000 0.0000000000 2.0251407623 2.9288859367 0.0000000000 -0.2927439809
16.4743556976 0.0000000000 0.0000000000 2.0246076584 2.9161143303 0.0000000000 -0.2900637984
15.9432067871 0.0000000000 0.0000000000 2.0253753662 2.9023988247 0.0000000000 -0.2876585126
15.3753738403 0.0000000000 0.0000000000 2.0240325928 2.8876669407 0.0000000000 -0.2855073810
14.8231172562 0.0000000000 0.0000000000 2.0166606903 2.8714962006 0.0000000000 -0.2834301591
14.3377981186 0.0000000000 0.0000000000 1.9998342991 2.8551537991 0.0000000000 -0.2811022401
13.9317722321 0.0000000000 0.0000000000 1.9710987806 2.8398125172 0.0000000000 -0.2787016630
13.5917072296 0.0000000000 0.0000000000 1.9296803474 2.8251929283 0.0000000000 -0.2763397694
13.2970523834 0.0000000000 0.0000000000 1.8760843277 2.8122317791 0.0000000000 -0.2744062543
13.0364255905 0.0000000000 0.0000000000 1.8124220371 2.7999317646 0.0000000000 -0.2726697326
12.7894191742 0.0000000000 0.0000000000 1.7413477898 2.7885165215 0.0000000000 -0.2712857723
12.5446290970 0.0000000000 0.0000000000 1.6655009985 2.7777328491 0.0000000000 -0.2700008750
12.2918205261 0.0000000000 0.0000000000 1.5875575542 2.7671325207 0.0000000000 -0.2691796720
12.0338535309 0.0000000000 0.0000000000 1.5101158619 2.7569413185 0.0000000000 -0.2684628367
11.7794713974 0.0000000000 0.0000000000 1.4353610277 2.7465252876 0.0000000000 -0.2679846883
11.5438766479 0.0000000000 0.0000000000 1.3645803928 2.7371370792 0.0000000000 -0.2673716545
11.3350334167 0.0000000000 0.0000000000 1.2987983227 2.7280414104 0.0000000000 -0.2665907145
11.1545839310 0.0000000000 0.0000000000 1.2385526896 2.7193543911 0.0000000000 -0.2661106586
10.9808397293 0.0000000000 0.0000000000 1.1843429804 2.7110097408 0.0000000000 -0.2654303610
10.8044881821 0.0000000000 0.0000000000 1.1367713213 2.7028491497 0.0000000000 -0.2645615339
10.6294584274 0.0000000000 0.0000000000 1.0966045856 2.6943352222 0.0000000000 -0.2636325955
10.4682435989 0.0000000000 0.0000000000 1.0640166998 2.6851928234 0.0000000000 -0.2625122666
10.3206653595 0.0000000000 0.0000000000 1.0385786295 2.6756188869 0.0000000000 -0.2613501549
10.1846485138 0.0000000000 0.0000000000 1.0197657347 2.6657950878 0.0000000000 -0.2601616979
10.0459041595 0.0000000000 0.0000000000 1.0066934824 2.6562588215 0.0000000000 -0.2590167522
9.8962907791 0.0000000000 0.0000000000 0.9981775284 2.6472792625 0.0000000000 -0.2578042150
9.7525806427 0.0000000000 0.0000000000 0.9923420548 2.6385018826 0.0000000000 -0.2566018701
9.6244773865 0.0000000000 0.0000000000 0.9876255989 2.6304411888 0.0000000000 -0.2555397749
9.5166645050 0.0000000000 0.0000000000 0.9826000333 2.6223125458 0.0000000000 -0.2544347048
9.4078512192 0.0000000000 0.0000000000 0.9764472246 2.6144428253 0.0000000000 -0.2533913255
9.2887535095 0.0000000000 0.0000000000 0.9684733152 2.6065976620 0.0000000000 -0.2524006665
9.1660795212 0.0000000000 0.0000000000 0.9582719207 2.5989797115 0.0000000000 -0.2514829934
9.0549001694 0.0000000000 0.0000000000 0.9455929399 2.5916507244 0.0000000000 -0.2507357001
8.9592857361 0.0000000000 0.0000000000 0.9306905270 2.5845255852 0.0000000000 -0.2501980066
8.8557462692 0.0000000000 0.0000000000 0.9139998555 2.5777170658 0.0000000000 -0.2494413853
8.7342710495 0.0000000000 0.0000000000 0.8962267637 2.5711319447 0.0000000000 -0.2489802241
8.6001520157 0.0000000000 0.0000000000 0.8779578209 2.5646185875 0.0000000000 -0.2484661341
8.4712762833 0.0000000000 0.0000000000 0.8598410487 2.5579380989 0.0000000000 -0.2482187450
8.3640584946 0.0000000000 0.0000000000 0.8422688842 2.5509903431 0.0000000000 -0.2479225993
8.2702693939 0.0000000000 0.0000000000 0.8255897760 2.5438795090 0.0000000000 -0.2476819158
8.1735763550 0.0000000000 0.0000000000 0.8099994659 2.5368425846 0.0000000000 -0.2471323013
8.0703983307 0.0000000000 0.0000000000 0.7956051826 2.5298604965 0.0000000000 -0.2466053963
7.9583511353 0.0000000000 0.0000000000 0.7822898030 2.5231683254 0.0000000000 -0.2465010285
7.8607563972 0.0000000000 0.0000000000 0.7702106237 2.5167887211 0.0000000000 -0.2460840940
7.7793889046 0.0000000000 0.0000000000 0.7596719861 2.5106406212 0.0000000000 -0.2456777692
7.6932134628 0.0000000000 0.0000000000 0.7509463429 2.5047001839 0.0000000000 -0.2453548610
7.5976123810 0.0000000000 0.0000000000 0.7437746525 2.4991977215 0.0000000000 -0.2447430193
7.5094528198 0.0000000000 0.0000000000 0.7375940084 2.4937212467 0.0000000000 -0.2443931699
7.4387164116 0.0000000000 0.0000000000 0.7320966721 2.4884436131 0.0000000000 -0.2437905669
7.3803443909 0.0000000000 0.0000000000 0.7266769409 2.4835295677 0.0000000000 -0.2434734702
7.3202099800 0.0000000000 0.0000000000 0.7209393382 2.4782631397 0.0000000000 -0.2430472374
7.2461290359 0.0000000000 0.0000000000 0.7146462202 2.4730670452 0.0000000000 -0.2427188158
7.1627140045 0.0000000000 0.0000000000 0.7076875567 2.4679365158 0.0000000000 -0.2424825430
7.0866937637 0.0000000000 0.0000000000 0.7002933025 2.4627165794 0.0000000000 -0.2421565652
7.0278401375 0.0000000000 0.0000000000 0.6924235225 2.4573104382 0.0000000000 -0.2419604063
6.9724621773 0.0000000000 0.0000000000 0.6844689846 2.4517571926 0.0000000000 -0.2417681813
6.9047360420 0.0000000000 0.0000000000 0.6761810780 2.4461131096 0.0000000000 -0.2415622473
6.8228178024 0.0000000000 0.0000000000 0.6677532792 2.4405319691 0.0000000000 -0.2415167689
6.7420458794 0.0000000000 0.0000000000 0.6593511701 2.4351184368 0.0000000000 -0.2413058281
6.6665511131 0.0000000000 0.0000000000 0.6510274410 2.4298293591 0.0000000000 -0.2413020134
6.5927300453 0.0000000000 0.0000000000 0.6430060863 2.4245281219 0.0000000000 -0.2413200140
6.5134921074 0.0000000000 0.0000000000 0.6355437636 2.4194598198 0.0000000000 -0.2412228286
6.4326052666 0.0000000000 0.0000000000 0.6286380291 2.4144680500 0.0000000000 -0.2411059439
6.3647336960 0.0000000000 0.0000000000 0.6222812533 2.4095442295 0.0000000000 -0.2409936190
6.3070855141 0.0000000000 0.0000000000 0.6166352630 2.4046647549 0.0000000000 -0.2407777309
6.2471985817 0.0000000000 0.0000000000 0.6115965843 2.3999948502 0.0000000000 -0.2407931089
6.1846156120 0.0000000000 0.0000000000 0.6072236300 2.3955240250 0.0000000000 -0.2407280803
6.1214890480 0.0000000000 0.0000000000 0.6033052206 2.3911941051 0.0000000000 -0.2406565845
6.0619339943 0.0000000000 0.0000000000 0.5995265841 2.3870024681 0.0000000000 -0.2406312823
6.0121445656 0.0000000000 0.0000000000 0.5958155394 2.3828885555 0.0000000000 -0.2405857146
5.9678235054 0.0000000000 0.0000000000 0.5921078920 2.3788111210 0.0000000000 -0.2405601442
5.9220108986 0.0000000000 0.0000000000 0.5882682800 2.3749248981 0.0000000000 -0.2405282259
5.8725624084 0.0000000000 0.0000000000 0.5841682553 2.3713083267 0.0000000000 -0.2405856252
5.8267221451 0.0000000000 0.0000000000 0.5798677206 2.3678207397 0.0000000000 -0.2406513691
5.7807636261 0.0000000000 0.0000000000 0.5755233765 2.3644397259 0.0000000000 -0.2407408059
5.7302627563 0.0000000000 0.0000000000 0.5711119771 2.3612165451 0.0000000000 -0.2407684922
5.6734151840 0.0000000000 0.0000000000 0.5666522384 2.3579645157 0.0000000000 -0.2408774495
5.6175446510 0.0000000000 0.0000000000 0.5621567965 2.3547527790 0.0000000000 -0.2410022318
5.5700049400 0.0000000000 0.0000000000 0.5578078628 2.3514478207 0.0000000000 -0.2410182357
5.5275526047 0.0000000000 0.0000000000 0.5535700321 2.3481645584 0.0000000000 -0.2410805225
5.4820313454 0.0000000000 0.0000000000 0.5492916703 2.3448789120 0.0000000000 -0.2411608994
5.4277434349 0.0000000000 0.0000000000 0.5449586511 2.3415019512 0.0000000000 -0.2411773801
5.3693332672 0.0000000000 0.0000000000 0.5406135917 2.3382709026 0.0000000000 -0.2413126826
5.3164930344 0.0000000000 0.0000000000 0.5362045169 2.3350791931 0.0000000000 -0.2413689196
5.2717075348 0.0000000000 0.0000000000 0.5319845080 2.3319690228 0.0000000000 -0.2414389551
5.2290554047 0.0000000000 0.0000000000 0.5279996395 2.3286578655 0.0000000000 -0.2414757311
5.1811170578 0.0000000000 0.0000000000 0.5242379904 2.3253133297 0.0000000000 -0.2416531742
5.1281094551 0.0000000000 0.0000000000 0.5207214355 2.3219249249 0.0000000000 -0.2417200208
5.0809493065 0.0000000000 0.0000000000 0.5173780918 2.3185331821 0.0000000000 -0.2418153286
5.0398244858 0.0000000000 0.0000000000 0.5142884851 2.3152410984 0.0000000000 -0.2418127656
4.9965028763 0.0000000000 0.0000000000 0.5113952756 2.3121175766 0.0000000000 -0.2418999076
4.9505591393 0.0000000000 0.0000000000 0.5085554719 2.3090078831 0.0000000000 -0.2420612872
4.9035286903 0.0000000000 0.0000000000 0.5056901574 2.3059012890 0.0000000000 -0.2422972322
4.8533759117 0.0000000000 0.0000000000 0.5027801394 2.3029005527 0.0000000000 -0.2423783541
4.8128967285 0.0000000000 0.0000000000 0.4999058843 2.3000419140 0.0000000000 -0.2423665524
4.7808485031 0.0000000000 0.0000000000 0.4971923530 2.2972791195 0.0000000000 -0.2426148057
4.7402524948 0.0000000000 0.0000000000 0.4946470559 2.2946398258 0.0000000000 -0.2426448464
4.6930174828 0.0000000000 0.0000000000 0.4921400547 2.2920887470 0.0000000000 -0.2427514195
4.6499876976 0.0000000000 0.0000000000 0.4896988273 2.2897446156 0.0000000000 -0.2428909540
4.6152462959 0.0000000000 0.0000000000 0.4874833226 2.2875771523 0.0000000000 -0.2430095673
4.5840625763 0.0000000000 0.0000000000 0.4855802953 2.2855286598 0.0000000000 -0.2431568205
4.5461740494 0.0000000000 0.0000000000 0.4839436412 2.2833845615 0.0000000000 -0.2432043850
4.5044174194 0.0000000000 0.0000000000 0.4823088646 2.2812960148 0.0000000000 -0.2432890236
4.4683752060 0.0000000000 0.0000000000 0.4806975126 2.2791864872 0.0000000000 -0.2434912920
4.4388766289 0.0000000000 0.0000000000 0.4789783061 2.2770481110 0.0000000000 -0.2435567379
4.4103608131 0.0000000000 0.0000000000 0.4769321382 2.2748217583 0.0000000000 -0.2437102497
4.3748784065 0.0000000000 0.0000000000 0.4745520949 2.2725627422 0.0000000000 -0.2437499762
4.3409342766 0.0000000000 0.0000000000 0.4717561603 2.2703471184 0.0000000000 -0.2437867522
4.3180484772 0.0000000000 0.0000000000 0.4685257971 2.2682981491 0.0000000000 -0.2438328266
4.2960162163 0.0000000000 0.0000000000 0.4648831189 2.2664256096 0.0000000000 -0.2439509034
4.2682557106 0.0000000000 0.0000000000 0.4610189795 2.2646589279 0.0000000000 -0.2441548705
4.2363352776 0.0000000000 0.0000000000 0.4569160342 2.2630903721 0.0000000000 -0.2441385388
4.2121472359 0.0000000000 0.0000000000 0.4525828362 2.2617585659 0.0000000000 -0.2443521321
4.1907839775 0.0000000000 0.0000000000 0.4481156766 2.2606785297 0.0000000000 -0.2444063127
4.1640548706 0.0000000000 0.0000000000 0.4435312748 2.2596123219 0.0000000000 -0.2444979846
4.1307749748 0.0000000000 0.0000000000 0.4389944673 2.2585346699 0.0000000000 -0.2446893454
4.0986251831 0.0000000000 0.0000000000 0.4346830547 2.2574863434 0.0000000000 -0.2448326349
4.0736594200 0.0000000000 0.0000000000 0.4307238460 2.2565119267 0.0000000000 -0.2450541854
4.0476350784 0.0000000000 0.0000000000 0.4270479977 2.2552981377 0.0000000000 -0.2451992333
4.0136237144 0.0000000000 0.0000000000 0.4235544503 2.2538423538 0.0000000000 -0.2454312444
3.9770050049 0.0000000000 0.0000000000 0.4201134741 2.2521822453 0.0000000000 -0.2454945445
3.9476566315 0.0000000000 0.0000000000 0.4167264998 2.2508833408 0.0000000000 -0.2456769645
3.9231319427 0.0000000000 0.0000000000 0.4134917557 2.2497599125 0.0000000000 -0.2458139658
3.8925392628 0.0000000000 0.0000000000 0.4104323387 2.2485711575 0.0000000000 -0.2459442317
3.8540484905 0.0000000000 0.0000000000 0.4075227976 2.2471439838 0.0000000000 -0.2460708320
3.8186731339 0.0000000000 0.0000000000 0.4048122168 2.2458367348 0.0000000000 -0.2461960316
3.7946810722 0.0000000000 0.0000000000 0.4024080038 2.2450103760 0.0000000000 -0.2463017404
3.7709085941 0.0000000000 0.0000000000 0.4000472128 2.2442710400 0.0000000000 -0.2464920282
3.7375850677 0.0000000000 0.0000000000 0.3977549672 2.2431247234 0.0000000000 -0.2465478182
3.7039952278 0.0000000000 0.0000000000 0.3954938650 2.2420310974 0.0000000000 -0.2466202974
3.6759667397 0.0000000000 0.0000000000 0.3931255639 2.2414963245 0.0000000000 -0.2467519641
3.6563704014 0.0000000000 0.0000000000 0.3905737102 2.2409126759 0.0000000000 -0.2469409108
3.6373486519 0.0000000000 0.0000000000 0.3878223598 2.2402880192 0.0000000000 -0.2470913529
3.6124770641 0.0000000000 0.0000000000 0.3848987222 2.2392187119 0.0000000000 -0.2472355962
3.5886144638 0.0000000000 0.0000000000 0.3819059432 2.2380716801 0.0000000000 -0.2474352121
3.5696783066 0.0000000000 0.0000000000 0.3789067864 2.2370884418 0.0000000000 -0.2474728227
3.5526039600 0.0000000000 0.0000000000 0.3759357631 2.2362203598 0.0000000000 -0.2476927638
3.5310921669 0.0000000000 0.0000000000 0.3731366396 2.2351520061 0.0000000000 -0.2478644848
3.5098085403 0.0000000000 0.0000000000 0.3705566823 2.2338778973 0.0000000000 -0.2480171919
3.4920854568 0.0000000000 0.0000000000 0.3678515553 2.2329485416 0.0000000000 -0.2482029796
3.4750509262 0.0000000000 0.0000000000 0.3650098145 2.2321951389 0.0000000000 -0.2484036684
3.4558713436 0.0000000000 0.0000000000 0.3620529175 2.2310788631 0.0000000000 -0.2486093044
3.4333450794 0.0000000000 0.0000000000 0.3590556383 2.2299025059 0.0000000000 -0.2487685680
3.4101343155 0.0000000000 0.0000000000 0.3562403023 2.2289669514 0.0000000000 -0.2489662766
3.3909616470 0.0000000000 0.0000000000 0.3536998034 2.2284586430 0.0000000000 -0.2492050529
3.3728621006 0.0000000000 0.0000000000 0.3513989449 2.2281954288 0.0000000000 -0.2493345141
3.3512537479 0.0000000000 0.0000000000 0.3493277729 2.2278246880 0.0000000000 -0.2492921352
3.3253228664 0.0000000000 0.0000000000 0.3474018276 2.2271733284 0.0000000000 -0.2497587800
3.2982356548 0.0000000000 0.0000000000 0.3455380201 2.2263827324 0.0000000000 -0.2499236465
3.2757694721 0.0000000000 0.0000000000 0.3435624242 2.2257442474 0.0000000000 -0.2501161397
3.2571861744 0.0000000000 0.0000000000 0.3415127695 2.2252547741 0.0000000000 -0.2502953410
3.2358918190 0.0000000000 0.0000000000 0.3394608200 2.2245411873 0.0000000000 -0.2504800558
3.2117419243 0.0000000000 0.0000000000 0.3373816311 2.2235465050 0.0000000000 -0.2507040501
3.1895143986 0.0000000000 0.0000000000 0.3351542056 2.2229764462 0.0000000000 -0.2508572936
3.1706774235 0.0000000000 0.0000000000 0.3330167830 2.2228372097 0.0000000000 -0.2510422468
3.1510658264 0.0000000000 0.0000000000 0.3309528232 2.2227220535 0.0000000000 -0.2512180805
3.1275529861 0.0000000000 0.0000000000 0.3288607597 2.2223200798 0.0000000000 -0.2513827085
3.1089749336 0.0000000000 0.0000000000 0.3266443014 2.2220144272 0.0000000000 -0.2515461445
3.0957329273 0.0000000000 0.0000000000 0.3242273331 2.2221491337 0.0000000000 -0.2517191768
3.0813066959 0.0000000000 0.0000000000 0.3217443228 2.2223916054 0.0000000000 -0.2518859506
3.0600483418 0.0000000000 0.0000000000 0.3193091750 2.2223663330 0.0000000000 -0.2521037161
3.0362899303 0.0000000000 0.0000000000 0.3168698549 2.2224495411 0.0000000000 -0.2523162961
3.0173182487 0.0000000000 0.0000000000 0.3145070374 2.2229506969 0.0000000000 -0.2524508834
2.9997260571 0.0000000000 0.0000000000 0.3123063445 2.2239751816 0.0000000000 -0.2527497411
2.9802393913 0.0000000000 0.0000000000 0.3102750778 2.2250411510 0.0000000000 -0.2529795766
2.9569051266 0.0000000000 0.0000000000 0.3085152209 2.2258481979 0.0000000000 -0.2532485723
2.9332275391 0.0000000000 0.0000000000 0.3068671227 2.2266418934 0.0000000000 -0.2534584999
2.9110269547 0.0000000000 0.0000000000 0.3053268194 2.2274527550 0.0000000000 -0.2536487579
2.8877267838 0.0000000000 0.0000000000 0.3037052155 2.2278981209 0.0000000000 -0.2538594604
2.8644692898 0.0000000000 0.0000000000 0.3019921184 2.2281208038 0.0000000000 -0.2540858090
2.8454790115 0.0000000000 0.0000000000 0.3002716601 2.2281014919 0.0000000000 -0.2542574406
2.8292293549 0.0000000000 0.0000000000 0.2986212969 2.2280793190 0.0000000000 -0.2545336485
2.8092026711 0.0000000000 0.0000000000 0.2971375287 2.2276911736 0.0000000000 -0.2544935346
2.7908537388 0.0000000000 0.0000000000 0.2957496941 2.2271547318 0.0000000000 -0.2546917200
2.7784233093 0.0000000000 0.0000000000 0.2944425642 2.2269730568 0.0000000000 -0.2548151016
2.7683386803 0.0000000000 0.0000000000 0.2931151390 2.2267870903 0.0000000000 -0.2549784780
2.7549798489 0.0000000000 0.0000000000 0.2915826738 2.2261672020 0.0000000000 -0.2551106513
2.7436902523 0.0000000000 0.0000000000 0.2897525132 2.2254371643 0.0000000000 -0.2552739978
2.7359793186 0.0000000000 0.0000000000 0.2877279818 2.2248723507 0.0000000000 -0.2554726601
2.7272951603 0.0000000000 0.0000000000 0.2855695486 2.2242031097 0.0000000000 -0.2556438446
2.7171542645 0.0000000000 0.0000000000 0.2835072279 2.2233610153 0.0000000000 -0.2559045255
2.7050969601 0.0000000000 0.0000000000 0.2815795541 2.2225549221 0.0000000000 -0.2560757995
2.6966302395 0.0000000000 0.0000000000 0.2798342109 2.2222731113 0.0000000000 -0.2563096285
2.6871998310 0.0000000000 0.0000000000 0.2783126831 2.2220115662 0.0000000000 -0.2564893961
2.6738002300 0.0000000000 0.0000000000 0.2768451571 2.2214601040 0.0000000000 -0.2566111684
2.6582801342 0.0000000000 0.0000000000 0.2754826248 2.2208299637 0.0000000000 -0.2568576932
2.6457204819 0.0000000000 0.0000000000 0.2742146552 2.2206795216 0.0000000000 -0.2569835186
2.6330504417 0.0000000000 0.0000000000 0.2730236948 2.2206585407 0.0000000000 -0.2571232319
2.6166877747 0.0000000000 0.0000000000 0.2719793320 2.2202751637 0.0000000000 -0.2572721541
2.6005210876 0.0000000000 0.0000000000 0.2710405588 2.2198789120 0.0000000000 -0.2574351430
2.5894086361 0.0000000000 0.0000000000 0.2701905072 2.2198557854 0.0000000000 -0.2576109767
2.5782532692 0.0000000000 0.0000000000 0.2693077624 2.2198677063 0.0000000000 -0.2577511668
2.5629875660 0.0000000000 0.0000000000 0.2684429586 2.2196767330 0.0000000000 -0.2579807043
2.5487549305 0.0000000000 0.0000000000 0.2676544785 2.2194023132 0.0000000000 -0.2581821084
2.5381712914 0.0000000000 0.0000000000 0.2667064071 2.2192087173 0.0000000000 -0.2583649755
2.5268435478 0.0000000000 0.0000000000 0.2657309175 2.2187221050 0.0000000000 -0.2586275339
2.5115764141 0.0000000000 0.0000000000 0.2649013400 2.2179336548 0.0000000000 -0.2587121725
2.4980287552 0.0000000000 0.0000000000 0.2640666068 2.2171943188 0.0000000000 -0.2588816881
2.4859471321 0.0000000000 0.0000000000 0.2629748285 2.2165546417 0.0000000000 -0.2590313256
2.4746072292 0.0000000000 0.0000000000 0.2617552876 2.2159955502 0.0000000000 -0.2591650784
2.4635663033 0.0000000000 0.0000000000 0.2604767084 2.2153146267 0.0000000000 -0.2592691481
2.4522218704 0.0000000000 0.0000000000 0.2591043711 2.2144320011 0.0000000000 -0.2593899071
2.4425551891 0.0000000000 0.0000000000 0.2579257786 2.2138557434 0.0000000000 -0.2594847083
2.4316194057 0.0000000000 0.0000000000 0.2570578456 2.2133181095 0.0000000000 -0.2596435845
2.4187138081 0.0000000000 0.0000000000 0.2564464211 2.2127709389 0.0000000000 -0.2597129345
2.4072215557 0.0000000000 0.0000000000 0.2559458315 2.2123186588 0.0000000000 -0.2598197162
2.3976566792 0.0000000000 0.0000000000 0.2554390430 2.2119743824 0.0000000000 -0.2599290013
2.3890147209 0.0000000000 0.0000000000 0.2545720339 2.2116289139 0.0000000000 -0.2600851059
2.3777413368 0.0000000000 0.0000000000 0.2532680631 2.2107245922 0.0000000000 -0.2602239847
2.3653895855 0.0000000000 0.0000000000 0.2516115606 2.2097380161 0.0000000000 -0.2603835464
2.3565638065 0.0000000000 0.0000000000 0.2496198267 2.2091314793 0.0000000000 -0.2605456710
2.3462574482 0.0000000000 0.0000000000 0.2474785149 2.2082276344 0.0000000000 -0.2606813312
2.3399939537 0.0000000000 0.0000000000 0.2453963310 2.2075521946 0.0000000000 -0.2610321045
2.3301005363 0.0000000000 0.0000000000 0.2434766591 2.2065918446 0.0000000000 -0.2610159218
2.3211104870 0.0000000000 0.0000000000 0.2420167327 2.2059133053 0.0000000000 -0.2611471117
2.3127930164 0.0000000000 0.0000000000 0.2409654856 2.2054281235 0.0000000000 -0.2612853944
2.3031871319 0.0000000000 0.0000000000 0.2402533591 2.2048008442 0.0000000000 -0.2613449693
2.2915153503 0.0000000000 0.0000000000 0.2397887409 2.2038717270 0.0000000000 -0.2614464164
2.2815468311 0.0000000000 0.0000000000 0.2395013720 2.2030897141 0.0000000000 -0.2615302801
2.2745127678 0.0000000000 0.0000000000 0.2392412573 2.2025771141 0.0000000000 -0.2616059184
2.2663378716 0.0000000000 0.0000000000 0.2388534248 2.2019038200 0.0000000000 -0.2617363036
2.2552511692 0.0000000000 0.0000000000 0.2382090092 2.2009313107 0.0000000000 -0.2618608475
2.2456610203 0.0000000000 0.0000000000 0.2373488694 2.2000837326 0.0000000000 -0.2619880438
2.2382564545 0.0000000000 0.0000000000 0.2364931107 2.1995620728 0.0000000000 -0.2620956302
2.2290678024 0.0000000000 0.0000000000 0.2356185764 2.1990427971 0.0000000000 -0.2622553408
2.2187869549 0.0000000000 0.0000000000 0.2348020077 2.1985416412 0.0000000000 -0.2623934448
2.2100512981 0.0000000000 0.0000000000 0.2340915203 2.1981925964 0.0000000000 -0.2625257075
2.2010490894 0.0000000000 0.0000000000 0.2333743125 2.1977207661 0.0000000000 -0.2626500130
2.1921582222 0.0000000000 0.0000000000 0.2325652987 2.1971707344 0.0000000000 -0.2626846433
2.1832885742 0.0000000000 0.0000000000 0.2317936718 2.1965274811 0.0000000000 -0.2628245354
2.1761577129 0.0000000000 0.0000000000 0.2309646755 2.1961367130 0.0000000000 -0.2628671825
2.1698102951 0.0000000000 0.0000000000 0.2300840616 2.1956512928 0.0000000000 -0.2628916204
2.1611621380 0.0000000000 0.0000000000 0.2292507291 2.1947152615 0.0000000000 -0.2629607916
2.1533987522 0.0000000000 0.0000000000 0.2285061777 2.1940789223 0.0000000000 -0.2629998326
2.1463027000 0.0000000000 0.0000000000 0.2277500331 2.1937730312 0.0000000000 -0.2631592751
2.1358692646 0.0000000000 0.0000000000 0.2268809825 2.1930465698 0.0000000000 -0.2631669641
2.1241626740 0.0000000000 0.0000000000 0.2259199172 2.1920371056 0.0000000000 -0.2632401288
2.1141161919 0.0000000000 0.0000000000 0.2251048535 2.1910390854 0.0000000000 -0.2632324994
2.1077694893 0.0000000000 0.0000000000 0.2243454009 2.1901230812 0.0000000000 -0.2633777261
2.1029493809 0.0000000000 0.0000000000 0.2237263620 2.1890921593 0.0000000000 -0.2634328902
2.0979022980 0.0000000000 0.0000000000 0.2231907845 2.1878583431 0.0000000000 -0.2634446025
2.0933191776 0.0000000000 0.0000000000 0.2227454782 2.1864953041 0.0000000000 -0.2635132074
2.0891053677 0.0000000000 0.0000000000 0.2223338932 2.1850545406 0.0000000000 -0.2637197375
2.0836732388 0.0000000000 0.0000000000 0.2219566256 2.1837248802 0.0000000000 -0.2636921406
2.0802650452 0.0000000000 0.0000000000 0.2214248478 2.1828451157 0.0000000000 -0.2637575269
2.0752036572 0.0000000000 0.0000000000 0.2206788957 2.1818010807 0.0000000000 -0.2638450265
2.0689961910 0.0000000000 0.0000000000 0.2198845893 2.1804788113 0.0000000000 -0.2639278173
2.0634479523 0.0000000000 0.0000000000 0.2190752476 2.1792328358 0.0000000000 -0.2640025318
2.0598978996 0.0000000000 0.0000000000 0.2181678563 2.1781630516 0.0000000000 -0.2642990351
2.0526278019 0.0000000000 0.0000000000 0.2174085826 2.1767420769 0.0000000000 -0.2641298175
2.0449728966 0.0000000000 0.0000000000 0.2168734968 2.1754772663 0.0000000000 -0.2641977668
2.0379195213 0.0000000000 0.0000000000 0.2164602429 2.1743535995 0.0000000000 -0.2642204762
2.0287575722 0.0000000000 0.0000000000 0.2161810547 2.1730513573 0.0000000000 -0.2643120885
2.0177135468 0.0000000000 0.0000000000 0.2160069644 2.1716921329 0.0000000000 -0.2643716931
2.0071635246 0.0000000000 0.0000000000 0.2157648206 2.1705863476 0.0000000000 -0.2645221353
1.9981691837 0.0000000000 0.0000000000 0.2153380662 2.1695945263 0.0000000000 -0.2645126581
1.9919428825 0.0000000000 0.0000000000 0.2147047520 2.1683318615 0.0000000000 -0.2645787299
1.9863561392 0.0000000000 0.0000000000 0.2138440013 2.1669750214 0.0000000000 -0.2646808028
1.9819912910 0.0000000000 0.0000000000 0.2127400935 2.1661567688 0.0000000000 -0.2647811472
1.9765774012 0.0000000000 0.0000000000 0.2114530057 2.1654798985 0.0000000000 -0.2648887932
1.9695283175 0.0000000000 0.0000000000 0.2101105750 2.1646237373 0.0000000000 -0.2649952769
1.9618060589 0.0000000000 0.0000000000 0.2087986469 2.1636149883 0.0000000000 -0.2652341723
1.9543052912 0.0000000000 0.0000000000 0.2075713128 2.1626744270 0.0000000000 -0.2651588321
1.9481683969 0.0000000000 0.0000000000 0.2064663470 2.1621439457 0.0000000000 -0.2652964294
1.9377624989 0.0000000000 0.0000000000 0.2056334615 2.1609787941 0.0000000000 -0.2653558254
1.9276186228 0.0000000000 0.0000000000 0.2050022930 2.1592342854 0.0000000000 -0.2653309703
1.9222347736 0.0000000000 0.0000000000 0.2043554485 2.1578397751 0.0000000000 -0.2654457092
1.9212779999 0.0000000000 0.0000000000 0.2036050111 2.1572163105 0.0000000000 -0.2654622793
1.9142439365 0.0000000000 0.0000000000 0.2026446015 2.1556980610 0.0000000000 -0.2655838132
1.9049439430 0.0000000000 0.0000000000 0.2016235441 2.1540937424 0.0000000000 -0.2655805945
1.9008452892 0.0000000000 0.0000000000 0.2006237954 2.1533505917 0.0000000000 -0.2655605078
1.9007456303 0.0000000000 0.0000000000 0.1996351928 2.1531202793 0.0000000000 -0.2657689154
1.8952738047 0.0000000000 0.0000000000 0.1987601072 2.1518895626 0.0000000000 -0.2658840418
1.8855396509 0.0000000000 0.0000000000 0.1980285197 2.1502704620 0.0000000000 -0.2659774423
1.8815809488 0.0000000000 0.0000000000 0.1975342631 2.1499719620 0.0000000000 -0.2660765052
1.8802134991 0.0000000000 0.0000000000 0.1971956044 2.1500523090 0.0000000000 -0.2661613822
1.8725546598 0.0000000000 0.0000000000 0.1967774779 2.1489055157 0.0000000000 -0.2662880421
1.8638398647 0.0000000000 0.0000000000 0.1963324398 2.1479151249 0.0000000000 -0.2663232386
1.8606613874 0.0000000000 0.0000000000 0.1956779808 2.1478910446 0.0000000000 -0.2663952112
1.8587012291 0.0000000000 0.0000000000 0.1947639138 2.1477100849 0.0000000000 -0.2665212154
1.8512574434 0.0000000000 0.0000000000 0.1938522160 2.1465175152 0.0000000000 -0.2665022612
1.8439424038 0.0000000000 0.0000000000 0.1929403841 2.1459259987 0.0000000000 -0.2667229772
1.8378176689 0.0000000000 0.0000000000 0.1921484768 2.1456654072 0.0000000000 -0.2666578293
1.8323353529 0.0000000000 0.0000000000 0.1914333850 2.1452226639 0.0000000000 -0.2667021155
1.8256785870 0.0000000000 0.0000000000 0.1907025725 2.1441266537 0.0000000000 -0.2667919397
1.8219529390 0.0000000000 0.0000000000 0.1900256574 2.1435298920 0.0000000000 -0.2668449283
1.8178912401 0.0000000000 0.0000000000 0.1893469840 2.1432595253 0.0000000000 -0.2669752836
1.8098341227 0.0000000000 0.0000000000 0.1886323392 2.1417267323 0.0000000000 -0.2670282125
1.8056917191 0.0000000000 0.0000000000 0.1879948974 2.1402211189 0.0000000000 -0.2671808004
1.8056651354 0.0000000000 0.0000000000 0.1874976605 2.1391823292 0.0000000000 -0.2671871185
1.8027873039 0.0000000000 0.0000000000 0.1870416999 2.1381666660 0.0000000000 -0.2673037350
1.7933950424 0.0000000000 0.0000000000 0.1866178513 2.1363270283 0.0000000000 -0.2673989832
1.7848478556 0.0000000000 0.0000000000 0.1861740649 2.1346817017 0.0000000000 -0.2675104737
1.7809259892 0.0000000000 0.0000000000 0.1857594699 2.1338458061 0.0000000000 -0.2676348388
1.7765874863 0.0000000000 0.0000000000 0.1854383349 2.1328525543 0.0000000000 -0.2677242160
1.7688182592 0.0000000000 0.0000000000 0.1850992292 2.1310632229 0.0000000000 -0.2678096294
1.7626726627 0.0000000000 0.0000000000 0.1847253591 2.1296072006 0.0000000000 -0.2678797245
1.7599408627 0.0000000000 0.0000000000 0.1843466312 2.1283175945 0.0000000000 -0.2679525018
1.7566869259 0.0000000000 0.0000000000 0.1838628501 2.1266131401 0.0000000000 -0.2679918408
1.7515169382 0.0000000000 0.0000000000 0.1834135652 2.1247897148 0.0000000000 -0.2680643797
1.7461321354 0.0000000000 0.0000000000 0.1830505878 2.1234583855 0.0000000000 -0.2680948973
1.7405023575 0.0000000000 0.0000000000 0.1826406568 2.1218340397 0.0000000000 -0.2682698369
1.7366919518 0.0000000000 0.0000000000 0.1820608377 2.1203272343 0.0000000000 -0.2683819532
1.7330076694 0.0000000000 0.0000000000 0.1814104021 2.1188840866 0.0000000000 -0.2685032189
1.7280620337 0.0000000000 0.0000000000 0.1807119548 2.1176090240 0.0000000000 -0.2686350346
1.7227945328 0.0000000000 0.0000000000 0.1800841689 2.1164536476 0.0000000000 -0.2687356770
1.7182649374 0.0000000000 0.0000000000 0.1796133667 2.1151735783 0.0000000000 -0.2688702047
1.7148287296 0.0000000000 0.0000000000 0.1792443395 2.1139755249 0.0000000000 -0.2688911855
1.7109076977 0.0000000000 0.0000000000 0.1789549738 2.1131203175 0.0000000000 -0.2690486610
1.7037621737 0.0000000000 0.0000000000 0.1787647903 2.1119275093 0.0000000000 -0.2692161202
1.6976352930 0.0000000000 0.0000000000 0.1785109192 2.1104397774 0.0000000000 -0.2693233788
1.6936782598 0.0000000000 0.0000000000 0.1782072634 2.1088514328 0.0000000000 -0.2694230080
1.6903001070 0.0000000000 0.0000000000 0.1778694242 2.1075167656 0.0000000000 -0.2695051730
1.6849169731 0.0000000000 0.0000000000 0.1774547696 2.1061205864 0.0000000000 -0.2696324289
1.6796594858 0.0000000000 0.0000000000 0.1769905537 2.1049318314 0.0000000000 -0.2697263360
1.6779435873 0.0000000000 0.0000000000 0.1764502525 2.1042969227 0.0000000000 -0.2698320150
1.6757707596 0.0000000000 0.0000000000 0.1759268045 2.1036999226 0.0000000000 -0.2699108720
1.6711633205 0.0000000000 0.0000000000 0.1753046662 2.1031136513 0.0000000000 -0.2700319886
1.6654615402 0.0000000000 0.0000000000 0.1745843291 2.1025319099 0.0000000000 -0.2701771259
1.6611958742 0.0000000000 0.0000000000 0.1737498194 2.1018304825 0.0000000000 -0.2702988982
1.6566047668 0.0000000000 0.0000000000 0.1729955822 2.1010601521 0.0000000000 -0.2703596950
1.6514539719 0.0000000000 0.0000000000 0.1724138260 2.1012623310 0.0000000000 -0.2704189420
1.6458969116 0.0000000000 0.0000000000 0.1719933003 2.1013965607 0.0000000000 -0.2704934478
1.6413527727 0.0000000000 0.0000000000 0.1716385037 2.1005387306 0.0000000000 -0.2705695629
1.6376737356 0.0000000000 0.0000000000 0.1711876243 2.0999696255 0.0000000000 -0.2706241012
1.6344816685 0.0000000000 0.0000000000 0.1706214696 2.0997812748 0.0000000000 -0.2707257271
1.6300445795 0.0000000000 0.0000000000 0.1699061096 2.0996317863 0.0000000000 -0.2708750963
1.6241489649 0.0000000000 0.0000000000 0.1689739674 2.0985651016 0.0000000000 -0.2709594965
1.6208117008 0.0000000000 0.0000000000 0.1678771228 2.0976071358 0.0000000000 -0.2711300552
1.6172611713 0.0000000000 0.0000000000 0.1668223441 2.0970396996 0.0000000000 -0.2711956203
1.6116076708 0.0000000000 0.0000000000 0.1660807133 2.0967659950 0.0000000000 -0.2713298202
1.6034487486 0.0000000000 0.0000000000 0.1656905413 2.0962100029 0.0000000000 -0.2714168131
1.5982518196 0.0000000000 0.0000000000 0.1654561907 2.0963327885 0.0000000000 -0.2714620829
1.5955696106 0.0000000000 0.0000000000 0.1652062684 2.0965158939 0.0000000000 -0.2715656459
1.5913510323 0.0000000000 0.0000000000 0.1649807990 2.0959234238 0.0000000000 -0.2716275454
1.5869355202 0.0000000000 0.0000000000 0.1646894515 2.0946743488 0.0000000000 -0.2716830969
1.5847486258 0.0000000000 0.0000000000 0.1642366648 2.0932519436 0.0000000000 -0.2717764974
1.5827075243 0.0000000000 0.0000000000 0.1636333019 2.0918509960 0.0000000000 -0.2718741298
1.5782830715 0.0000000000 0.0000000000 0.1630461067 2.0903515816 0.0000000000 -0.2719914913
1.5725368261 0.0000000000 0.0000000000 0.1625475436 2.0891880989 0.0000000000 -0.2721204162
1.5682221651 0.0000000000 0.0000000000 0.1621114314 2.0885341167 0.0000000000 -0.2722456157
1.5641036034 0.0000000000 0.0000000000 0.1617465764 2.0877270699 0.0000000000 -0.2722553611
1.5594910383 0.0000000000 0.0000000000 0.1614024043 2.0866613388 0.0000000000 -0.2724559605
1.5552866459 0.0000000000 0.0000000000 0.1611633897 2.0861108303 0.0000000000 -0.2725558281
1.5506851673 0.0000000000 0.0000000000 0.1610046923 2.0850491524 0.0000000000 -0.2727640867
1.5460530519 0.0000000000 0.0000000000 0.1607987434 2.0831561089 0.0000000000 -0.2727136016
1.5440766811 0.0000000000 0.0000000000 0.1606917530 2.0830922127 0.0000000000 -0.2727779150
1.5392686129 0.0000000000 0.0000000000 0.1606300920 2.0826139450 0.0000000000 -0.2728665173
1.5316079855 0.0000000000 0.0000000000 0.1604758203 2.0802581310 0.0000000000 -0.2729480267
1.5296835899 0.0000000000 0.0000000000 0.1601860672 2.0793561935 0.0000000000 -0.2730403543
1.5304256678 0.0000000000 0.0000000000 0.1598116755 2.0793023109 0.0000000000 -0.2731334269
1.5247458220 0.0000000000 0.0000000000 0.1593779325 2.0771079063 0.0000000000 -0.2732440829
1.5189130306 0.0000000000 0.0000000000 0.1590809971 2.0754697323 0.0000000000 -0.2733511329
1.5169074535 0.0000000000 0.0000000000 0.1588418484 2.0753369331 0.0000000000 -0.2734549642
1.5135444403 0.0000000000 0.0000000000 0.1586185843 2.0748064518 0.0000000000 -0.2735430002
1.5067980289 0.0000000000 0.0000000000 0.1583821326 2.0730578899 0.0000000000 -0.2736307383
1.5025891066 0.0000000000 0.0000000000 0.1581381857 2.0729846954 0.0000000000 -0.2737576365
1.4996088743 0.0000000000 0.0000000000 0.1578351557 2.0721950531 0.0000000000 -0.2738187313
1.4969717264 0.0000000000 0.0000000000 0.1574740112 2.0707979202 0.0000000000 -0.2739911377
1.4933757782 0.0000000000 0.0000000000 0.1570592970 2.0696628094 0.0000000000 -0.2740957737
1.4878808260 0.0000000000 0.0000000000 0.1566875875 2.0687363148 0.0000000000 -0.2741822004
1.4837245941 0.0000000000 0.0000000000 0.1563064754 2.0672047138 0.0000000000 -0.2740676701
1.4818203449 0.0000000000 0.0000000000 0.1558818072 2.0655753613 0.0000000000 -0.2743807435
1.4777008295 0.0000000000 0.0000000000 0.1555197239 2.0643668175 0.0000000000 -0.2744869292
1.4724377394 0.0000000000 0.0000000000 0.1552619040 2.0629212856 0.0000000000 -0.2746035755
1.4695266485 0.0000000000 0.0000000000 0.1550538093 2.0617885590 0.0000000000 -0.2746927142
1.4664475918 0.0000000000 0.0000000000 0.1548538655 2.0607950687 0.0000000000 -0.2748294175
1.4620370865 0.0000000000 0.0000000000 0.1546817869 2.0602283478 0.0000000000 -0.2749013901
1.4575350285 0.0000000000 0.0000000000 0.1545092165 2.0593771935 0.0000000000 -0.2750608921
1.4539583921 0.0000000000 0.0000000000 0.1542915553 2.0584001541 0.0000000000 -0.2751761675
1.4500993490 0.0000000000 0.0000000000 0.1540264636 2.0574741364 0.0000000000 -0.2752797008
1.4439637661 0.0000000000 0.0000000000 0.1538105309 2.0560240746 0.0000000000 -0.2753660083
1.4397510290 0.0000000000 0.0000000000 0.1536412388 2.0549263954 0.0000000000 -0.2754274011
1.4371411800 0.0000000000 0.0000000000 0.1535552442 2.0543184280 0.0000000000 -0.2754678428
1.4331063032 0.0000000000 0.0000000000 0.1535375565 2.0537419319 0.0000000000 -0.2755005360
1.4283943176 0.0000000000 0.0000000000 0.1534070224 2.0532183647 0.0000000000 -0.2755537927
1.4258233309 0.0000000000 0.0000000000 0.1530358493 2.0529510975 0.0000000000 -0.2756152153
1.4250020981 0.0000000000 0.0000000000 0.1525008678 2.0533521175 0.0000000000 -0.2756692767
1.4229662418 0.0000000000 0.0000000000 0.1519153267 2.0526061058 0.0000000000 -0.2757407725
1.4217867851 0.0000000000 0.0000000000 0.1514392495 2.0522508621 0.0000000000 -0.2758441865
1.4197111130 0.0000000000 0.0000000000 0.1511757672 2.0526180267 0.0000000000 -0.2758684158
1.4156868458 0.0000000000 0.0000000000 0.1509584039 2.0522911549 0.0000000000 -0.2759172320
1.4116050005 0.0000000000 0.0000000000 0.1506835669 2.0516312122 0.0000000000 -0.2759502530
1.4086959362 0.0000000000 0.0000000000 0.1502542794 2.0513937473 0.0000000000 -0.2759754360
1.4049385786 0.0000000000 0.0000000000 0.1497534066 2.0512924194 0.0000000000 -0.2759968638
1.4010028839 0.0000000000 0.0000000000 0.1491829008 2.0500662327 0.0000000000 -0.2760177255
1.3990108967 0.0000000000 0.0000000000 0.1486940533 2.0495316982 0.0000000000 -0.2760420442
1.3971964121 0.0000000000 0.0000000000 0.1483614594 2.0496187210 0.0000000000 -0.2760730386
1.3936235905 0.0000000000 0.0000000000 0.1481633335 2.0494673252 0.0000000000 -0.2761170864
1.3907430172 0.0000000000 0.0000000000 0.1480757147 2.0493943691 0.0000000000 -0.2761589587
1.3890167475 0.0000000000 0.0000000000 0.1480931938 2.0494008064 0.0000000000 -0.2761906981
1.3866308928 0.0000000000 0.0000000000 0.1480595917 2.0489623547 0.0000000000 -0.2762214541
1.3838295937 0.0000000000 0.0000000000 0.1480121464 2.0483896732 0.0000000000 -0.2762550116
1.3818706274 0.0000000000 0.0000000000 0.1478931457 2.0480720997 0.0000000000 -0.2762866914
1.3787248135 0.0000000000 0.0000000000 0.1477115899 2.0476906300 0.0000000000 -0.2763429880
1.3751608133 0.0000000000 0.0000000000 0.1473530680 2.0468342304 0.0000000000 -0.2763833404
1.3728672266 0.0000000000 0.0000000000 0.1469305456 2.0463843346 0.0000000000 -0.2764211297
1.3706762791 0.0000000000 0.0000000000 0.1465341449 2.0459244251 0.0000000000 -0.2764575779
1.3679087162 0.0000000000 0.0000000000 0.1461496502 2.0448279381 0.0000000000 -0.2765006423
1.3650434017 0.0000000000 0.0000000000 0.1458386928 2.0441219807 0.0000000000 -0.2765498459
1.3619365692 0.0000000000 0.0000000000 0.1456649005 2.0434732437 0.0000000000 -0.2766015530
1.3581510782 0.0000000000 0.0000000000 0.1455553025 2.0427563190 0.0000000000 -0.2764914036
1.3560292721 0.0000000000 0.0000000000 0.1454603672 2.0414972305 0.0000000000 -0.2766923904
1.3529779911 0.0000000000 0.0000000000 0.1452866495 2.0403349400 0.0000000000 -0.2767288685
1.3512692451 0.0000000000 0.0000000000 0.1450868994 2.0402629375 0.0000000000 -0.2767704129
1.3499782085 0.0000000000 0.0000000000 0.1449039280 2.0401897430 0.0000000000 -0.2768242955
1.3480309248 0.0000000000 0.0000000000 0.1447165161 2.0401620865 0.0000000000 -0.2768851519
1.3446961641 0.0000000000 0.0000000000 0.1443936825 2.0395252705 0.0000000000 -0.2769427896
1.3417965174 0.0000000000 0.0000000000 0.1439701170 2.0386109352 0.0000000000 -0.2769833207
1.3392068148 0.0000000000 0.0000000000 0.1436369717 2.0372786522 0.0000000000 -0.2770188451
1.3370865583 0.0000000000 0.0000000000 0.1434600055 2.0361747742 0.0000000000 -0.2770496011
1.3326424360 0.0000000000 0.0000000000 0.1435392499 2.0344812870 0.0000000000 -0.2770799100
1.3294517994 0.0000000000 0.0000000000 0.1438319534 2.0342223644 0.0000000000 -0.2771084309
1.3252402544 0.0000000000 0.0000000000 0.1442209631 2.0335993767 0.0000000000 -0.2771326005
1.3224248886 0.0000000000 0.0000000000 0.1445703208 2.0333962440 0.0000000000 -0.2771465182
1.3194731474 0.0000000000 0.0000000000 0.1448816955 2.0325164795 0.0000000000 -0.2768285573
1.3190947771 0.0000000000 0.0000000000 0.1451461315 2.0329723358 0.0000000000 -0.2772046924
1.3147341013 0.0000000000 0.0000000000 0.1452887207 2.0313627720 0.0000000000 -0.2772601247
1.3127292395 0.0000000000 0.0000000000 0.1452129483 2.0309631824 0.0000000000 -0.2773246765
1.3115727901 0.0000000000 0.0000000000 0.1449729651 2.0307660103 0.0000000000 -0.2773926258
1.3082495928 0.0000000000 0.0000000000 0.1445683688 2.0296740532 0.0000000000 -0.2774717212
1.3060305119 0.0000000000 0.0000000000 0.1440456808 2.0287086964 0.0000000000 -0.2775412798
1.3069819212 0.0000000000 0.0000000000 0.1435763240 2.0284631252 0.0000000000 -0.2776009738
1.3047451973 0.0000000000 0.0000000000 0.1432943195 2.0278873444 0.0000000000 -0.2776682973
1.2997131348 0.0000000000 0.0000000000 0.1432547122 2.0269353390 0.0000000000 -0.2777398825
1.2993272543 0.0000000000 0.0000000000 0.1433056146 2.0277268887 0.0000000000 -0.2777919769
1.2956697941 0.0000000000 0.0000000000 0.1433465481 2.0265676975 0.0000000000 -0.2778367996
1.2926502228 0.0000000000 0.0000000000 0.1434090286 2.0256121159 0.0000000000 -0.2778542638
1.2930737734 0.0000000000 0.0000000000 0.1434506476 2.0256001949 0.0000000000 -0.2778544724
1.2904226780 0.0000000000 0.0000000000 0.1433953643 2.0244975090 0.0000000000 -0.2778671384
1.2879925966 0.0000000000 0.0000000000 0.1432170719 2.0239210129 0.0000000000 -0.2779147327
1.2866992950 0.0000000000 0.0000000000 0.1428950876 2.0233783722 0.0000000000 -0.2779554725
1.2861802578 0.0000000000 0.0000000000 0.1425900012 2.0222656727 0.0000000000 -0.2780072987
1.2832399607 0.0000000000 0.0000000000 0.1423871517 2.0212197304 0.0000000000 -0.2780454159
1.2820310593 0.0000000000 0.0000000000 0.1422342211 2.0212123394 0.0000000000 -0.2780544758
1.2808632851 0.0000000000 0.0000000000 0.1421565413 2.0195913315 0.0000000000 -0.2780479789
1.2795168161 0.0000000000 0.0000000000 0.1421694309 2.0181400776 0.0000000000 -0.2780356407
1.2774138451 0.0000000000 0.0000000000 0.1421815455 2.0175304413 0.0000000000 -0.2780583501
1.2757370472 0.0000000000 0.0000000000 0.1419713646 2.0160818100 0.0000000000 -0.2780812979
1.2762613297 0.0000000000 0.0000000000 0.1417093426 2.0147843361 0.0000000000 -0.2781227827
1.2744724751 0.0000000000 0.0000000000 0.1414115280 2.0141644478 0.0000000000 -0.2781823277
1.2714142799 0.0000000000 0.0000000000 0.1410109252 2.0137653351 0.0000000000 -0.2782299817
1.2709705830 0.0000000000 0.0000000000 0.1405243427 2.0128087997 0.0000000000 -0.2783265114
1.2703245878 0.0000000000 0.0000000000 0.1401580125 2.0124409199 0.0000000000 -0.2783968151
1.2666468620 0.0000000000 0.0000000000 0.1399983913 2.0117635727 0.0000000000 -0.2784692943
1.2651470900 0.0000000000 0.0000000000 0.1399230808 2.0110788345 0.0000000000 -0.2785308957
1.2654438019 0.0000000000 0.0000000000 0.1398835629 2.0104515553 0.0000000000 -0.2785592675
1.2625117302 0.0000000000 0.0000000000 0.1398222446 2.0096323490 0.0000000000 -0.2785940766
1.2588990927 0.0000000000 0.0000000000 0.1397822350 2.0088417530 0.0000000000 -0.2786155045
1.2594199181 0.0000000000 0.0000000000 0.1398493499 2.0083525181 0.0000000000 -0.2786326408
1.2590739727 0.0000000000 0.0000000000 0.1398652792 2.0077867508 0.0000000000 -0.2786481977
1.2570379972 0.0000000000 0.0000000000 0.1397970319 2.0073678493 0.0000000000 -0.2786786556
1.2565099001 0.0000000000 0.0000000000 0.1395468563 2.0071237087 0.0000000000 -0.2786703110
1.2575030327 0.0000000000 0.0000000000 0.1391484141 2.0063700676 0.0000000000 -0.2786662579
1.2551009655 0.0000000000 0.0000000000 0.1389118582 2.0054025650 0.0000000000 -0.2786867023
1.2527236938 0.0000000000 0.0000000000 0.1386915743 2.0051565170 0.0000000000 -0.2786706686
1.2530214787 0.0000000000 0.0000000000 0.1384669989 2.0047407150 0.0000000000 -0.2786723673
1.2526801825 0.0000000000 0.0000000000 0.1382061988 2.0037279129 0.0000000000 -0.2786844373
1.2512428761 0.0000000000 0.0000000000 0.1379279494 2.0038750172 0.0000000000 -0.2787175775
1.2497996092 0.0000000000 0.0000000000 0.1375976950 2.0037193298 0.0000000000 -0.2787604928
1.2497526407 0.0000000000 0.0000000000 0.1372147352 2.0033192635 0.0000000000 -0.2788065076
1.2483910322 0.0000000000 0.0000000000 0.1369126141 2.0029969215 0.0000000000 -0.2788532376
1.2456502914 0.0000000000 0.0000000000 0.1366602927 2.0023345947 0.0000000000 -0.2788964510
1.2443999052 0.0000000000 0.0000000000 0.1363626420 2.0016438961 0.0000000000 -0.2789289951
1.2430741787 0.0000000000 0.0000000000 0.1360936016 2.0009667873 0.0000000000 -0.2789593935
1.2408311367 0.0000000000 0.0000000000 0.1358793080 2.0003302097 0.0000000000 -0.2789856493
1.2379740477 0.0000000000 0.0000000000 0.1357286721 2.0002546310 0.0000000000 -0.2790043354
1.2371679544 0.0000000000 0.0000000000 0.1355680078 2.0000591278 0.0000000000 -0.2789943218
1.2360117435 0.0000000000 0.0000000000 0.1354381442 1.9997019768 0.0000000000 -0.2790345252
1.2346159220 0.0000000000 0.0000000000 0.1352320611 1.9994716644 0.0000000000 -0.2790589333
1.2337280512 0.0000000000 0.0000000000 0.1349464953 1.9988836050 0.0000000000 -0.2790815234
1.2329590321 0.0000000000 0.0000000000 0.1346690506 1.9979649782 0.0000000000 -0.2791302800
1.2310755253 0.0000000000 0.0000000000 0.1344092935 1.9972029924 0.0000000000 -0.2791739702
1.2291626930 0.0000000000 0.0000000000 0.1340614259 1.9957612753 0.0000000000 -0.2792097926
1.2284419537 0.0000000000 0.0000000000 0.1336096227 1.9952832460 0.0000000000 -0.2792444825
1.2265706062 0.0000000000 0.0000000000 0.1331089884 1.9941574335 0.0000000000 -0.2792850435
1.2251071930 0.0000000000 0.0000000000 0.1326570213 1.9942179918 0.0000000000 -0.2793231308
1.2234932184 0.0000000000 0.0000000000 0.1324009299 1.9935495853 0.0000000000 -0.2793660164
1.2229409218 0.0000000000 0.0000000000 0.1322754920 1.9936498404 0.0000000000 -0.2794040143
1.2197043896 0.0000000000 0.0000000000 0.1322792321 1.9929463863 0.0000000000 -0.2794385850
