#         rmsthk      stdthk       rmsvel       stdvel       rmsdiv       stddiv       rmsusurf       stdusurf
0.0000000000 0.0000000000 44.6378211975 48.0796394348 0.0000000000 0.0000000000 0.0000000000 0.0000000000
-0.1713153273 0.4210828543 24.5917835236 41.4920082092 0.0000000000 0.0000000000 -0.0981405303 0.9518249035
-0.3169271350 0.8024865389 16.8519821167 37.0824928284 0.0000000000 0.0000000000 -0.1722501665 1.7202045918
-0.4458414912 1.1645318270 13.2253475189 35.6513328552 0.0000000000 0.0000000000 -0.2217150629 2.3555712700
-0.5627716184 1.5114147663 10.6460704803 35.5295448303 0.0000000000 0.0000000000 -0.2466665506 2.8674042225
-0.6702331901 1.8466593027 8.2187175751 35.5597763062 0.0000000000 0.0000000000 -0.2508982122 3.2752113342
-0.7691938877 2.1717560291 6.1028933525 35.5134391785 0.0000000000 0.0000000000 -0.2388962209 3.5947113037
-0.8600625396 2.4876399040 4.6805043221 35.3767585754 0.0000000000 0.0000000000 -0.2145361304 3.8409264088
-0.9436302781 2.7954757214 4.1962947845 35.1666259766 0.0000000000 0.0000000000 -0.1813411713 4.0276646614
-1.0210179090 3.0969989300 4.6431980133 34.9412727356 0.0000000000 0.0000000000 -0.1425783932 4.1676506996
-1.0936918259 3.3945157528 5.8663020134 34.7888641357 0.0000000000 0.0000000000 -0.1012537926 4.2721562386
-1.1632858515 3.6903545856 7.6136507988 34.7750015259 0.0000000000 0.0000000000 -0.0599433370 4.3508472443
-1.2314606905 3.9867653847 9.5337057114 34.8860168457 0.0000000000 0.0000000000 -0.0211840458 4.4113883972
-1.2998282909 4.2856907845 11.1897735596 34.9776229858 0.0000000000 0.0000000000 0.0128359785 4.4600300789
-1.3697073460 4.5883679390 12.2308597565 34.8622398376 0.0000000000 0.0000000000 0.0406718515 4.5017952919
-1.4415938854 4.8950490952 12.6205797195 34.4718971252 0.0000000000 0.0000000000 0.0619839206 4.5408592224
-1.5155162811 5.2052741051 12.5992050171 33.9254074097 0.0000000000 0.0000000000 0.0765641406 4.5801019669
-1.5912108421 5.5182151794 12.4888277054 33.3983650208 0.0000000000 0.0000000000 0.0850351080 4.6210246086
-1.6684110165 5.8329381943 12.5136289597 32.9744873047 0.0000000000 0.0000000000 0.0886182562 4.6652717590
-1.7469141483 6.1489467621 12.6805191040 32.5783462524 0.0000000000 0.0000000000 0.0881803781 4.7136707306
-1.8268089294 6.4661297798 12.8014621735 32.0437393188 0.0000000000 0.0000000000 0.0843559802 4.7663478851
-1.9079409838 6.7842254639 12.6148443222 31.3092880249 0.0000000000 0.0000000000 0.0778722614 4.8219017982
-1.9900676012 7.1027531624 11.9528474808 30.4736843109 0.0000000000 0.0000000000 0.0694571510 4.8767633438
-2.0724022388 7.4202985764 10.8502197266 29.7277126312 0.0000000000 0.0000000000 0.0601853989 4.9264979362
-2.1540787220 7.7357745171 9.5003089905 29.1932201385 0.0000000000 0.0000000000 0.0514437817 4.9670324326
-2.2341976166 8.0482969284 8.1617355347 28.8430690765 0.0000000000 0.0000000000 0.0445936806 4.9947104454
-2.3120746613 8.3572721481 7.0447797775 28.5570278168 0.0000000000 0.0000000000 0.0404331051 5.0075922012
-2.3871471882 8.6620903015 6.2565288544 28.2052059174 0.0000000000 0.0000000000 0.0395203009 5.0053687096
-2.4591374397 8.9622583389 5.7914147377 27.7508316040 0.0000000000 0.0000000000 0.0416863188 4.9885401726
-2.5282208920 9.2580327988 5.5656609535 27.2497119904 0.0000000000 0.0000000000 0.0464391671 4.9584813118
-2.5947144032 9.5496015549 5.4440488815 26.7911930084 0.0000000000 0.0000000000 0.0530841239 4.9174418449
-2.6588079929 9.8368930817 5.2960114479 26.4361915588 0.0000000000 0.0000000000 0.0607074760 4.8680109978
-2.7206299305 10.1199159622 5.0529360771 26.1950950623 0.0000000000 0.0000000000 0.0686516389 4.8127908707
-2.7802140713 10.3987417221 4.7534551620 26.0131855011 0.0000000000 0.0000000000 0.0763279870 4.7535099983
-2.8376612663 10.6736536026 4.4898242950 25.8289432526 0.0000000000 0.0000000000 0.0830517858 4.6916985512
-2.8930144310 10.9446544647 4.3578276634 25.5886192322 0.0000000000 0.0000000000 0.0881488174 4.6284723282
-2.9464640617 11.2120885849 4.4046616554 25.2883529663 0.0000000000 0.0000000000 0.0908921957 4.5648708344
-2.9982130527 11.4761304855 4.6303801537 24.9779720306 0.0000000000 0.0000000000 0.0908182710 4.5015988350
-3.0486702919 11.7371501923 4.9640917778 24.7255172729 0.0000000000 0.0000000000 0.0876049250 4.4387717247
-3.0983161926 11.9956560135 5.2980237007 24.5691204071 0.0000000000 0.0000000000 0.0812121928 4.3759036064
-3.1476154327 12.2521867752 5.5107774734 24.4786376953 0.0000000000 0.0000000000 0.0718373209 4.3137512207
-3.1968183517 12.5069694519 5.5359129906 24.4015827179 0.0000000000 0.0000000000 0.0600555800 4.2529630661
-3.2460346222 12.7602987289 5.3973956108 24.3021202087 0.0000000000 0.0000000000 0.0466257334 4.1942911148
-3.2952206135 13.0121650696 5.1795396805 24.1869335175 0.0000000000 0.0000000000 0.0324769802 4.1376948357
-3.3441069126 13.2623538971 4.9875345230 24.0823764801 0.0000000000 0.0000000000 0.0183377080 4.0831942558
-3.3926320076 13.5109996796 4.8868761063 23.9985313416 0.0000000000 0.0000000000 0.0048595043 4.0308814049
-3.4408645630 13.7583103180 4.8661270142 23.9353103638 0.0000000000 0.0000000000 -0.0074995286 3.9807424545
-3.4888608456 14.0043754578 4.8588781357 23.8595085144 0.0000000000 0.0000000000 -0.0185997970 3.9331769943
-3.5366289616 14.2492036819 4.7906785011 23.7342109680 0.0000000000 0.0000000000 -0.0282303505 3.8874542713
-3.5841042995 14.4926900864 4.6218557358 23.5614643097 0.0000000000 0.0000000000 -0.0361741483 3.8431313038
-3.6312427521 14.7348432541 4.3772072792 23.3647861481 0.0000000000 0.0000000000 -0.0422330908 3.7995834351
-3.6778366566 14.9753246307 4.1158156395 23.1735305786 0.0000000000 0.0000000000 -0.0462750234 3.7565317154
-3.7236695290 15.2138528824 3.8978931904 22.9843597412 0.0000000000 0.0000000000 -0.0482810885 3.7131512165
-3.7687525749 15.4506387711 3.7638435364 22.7835006714 0.0000000000 0.0000000000 -0.0482966118 3.6691391468
-3.8130838871 15.6855478287 3.7163934708 22.5325717926 0.0000000000 0.0000000000 -0.0466003902 3.6246752739
-3.8567433357 15.9186229706 3.7228956223 22.2281761169 0.0000000000 0.0000000000 -0.0435628630 3.5798742771
-3.8997638226 16.1496505737 3.7295930386 21.8976974487 0.0000000000 0.0000000000 -0.0395993851 3.5347530842
-3.9422008991 16.3785152435 3.6941952705 21.5864582062 0.0000000000 0.0000000000 -0.0350407809 3.4897787571
-3.9841091633 16.6052017212 3.5995407104 21.3197536469 0.0000000000 0.0000000000 -0.0302578583 3.4452159405
-4.0254626274 16.8296546936 3.4569232464 21.1011009216 0.0000000000 0.0000000000 -0.0255250037 3.4012727737
-4.0662789345 17.0520172119 3.3094489574 20.9110813141 0.0000000000 0.0000000000 -0.0211033989 3.3581166267
-4.1064763069 17.2722511292 3.1912553310 20.7186336517 0.0000000000 0.0000000000 -0.0171886161 3.3160541058
-4.1460795403 17.4904785156 3.1128072739 20.5042400360 0.0000000000 0.0000000000 -0.0139339017 3.2750449181
-4.1849560738 17.7063922882 3.0657365322 20.2815170288 0.0000000000 0.0000000000 -0.0114303380 3.2347135544
-4.2232351303 17.9201507568 3.0164935589 20.0859375000 0.0000000000 0.0000000000 -0.0095723337 3.1950564384
-4.2609901428 18.1319065094 2.9388253689 19.9334163666 0.0000000000 0.0000000000 -0.0082689067 3.1561222076
-4.2981524467 18.3415317535 2.8160052299 19.8225288391 0.0000000000 0.0000000000 -0.0073314281 3.1178450584
-4.3346781731 18.5491466522 2.6565845013 19.7395744324 0.0000000000 0.0000000000 -0.0066601359 3.0806155205
-4.3705301285 18.7548980713 2.4859018326 19.6582775116 0.0000000000 0.0000000000 -0.0061064754 3.0446138382
-4.4056386948 18.9588375092 2.3364129066 19.5638160706 0.0000000000 0.0000000000 -0.0055176564 3.0100317001
-4.4400005341 19.1611862183 2.2327749729 19.4522037506 0.0000000000 0.0000000000 -0.0048848339 2.9769663811
-4.4736542702 19.3620891571 2.1746513844 19.3298320770 0.0000000000 0.0000000000 -0.0042568143 2.9453542233
-4.5065684319 19.5613403320 2.1427631378 19.2096767426 0.0000000000 0.0000000000 -0.0036002141 2.9154682159
-4.5388994217 19.7591552734 2.1105391979 19.0928955078 0.0000000000 0.0000000000 -0.0028686188 2.8876566887
-4.5706729889 19.9554557800 2.0660510063 18.9756469727 0.0000000000 0.0000000000 -0.0020219111 2.8619089127
-4.6019921303 20.1504364014 2.0077037811 18.8486251831 0.0000000000 0.0000000000 -0.0012371877 2.8380124569
-4.6328377724 20.3441009521 1.9472559690 18.7132263184 0.0000000000 0.0000000000 -0.0006007970 2.8156013489
-4.6632847786 20.5365867615 1.9072731733 18.5716190338 0.0000000000 0.0000000000 -0.0001916828 2.7947070599
-4.6933002472 20.7277202606 1.8968647718 18.4302272797 0.0000000000 0.0000000000 0.0000522121 2.7753076553
-4.7229485512 20.9174785614 1.9058382511 18.2880001068 0.0000000000 0.0000000000 0.0001846188 2.7574763298
-4.7523140907 21.1059780121 1.9094622135 18.1438617706 0.0000000000 0.0000000000 0.0001915432 2.7411792278
-4.7814426422 21.2932624817 1.8867670298 18.0027961731 0.0000000000 0.0000000000 0.0000732254 2.7260057926
-4.8103427887 21.4792957306 1.8311660290 17.8706073761 0.0000000000 0.0000000000 -0.0000884814 2.7117633820
-4.8390989304 21.6642894745 1.7554347515 17.7527847290 0.0000000000 0.0000000000 -0.0001649457 2.6979284286
-4.8676357269 21.8481903076 1.6765278578 17.6475028992 0.0000000000 0.0000000000 -0.0001309380 2.6843166351
-4.8959584236 22.0310573578 1.5992019176 17.5479469299 0.0000000000 0.0000000000 0.0000471249 2.6707525253
-4.9239711761 22.2128410339 1.5353343487 17.4441795349 0.0000000000 0.0000000000 0.0003644240 2.6571397781
-4.9517774582 22.3936729431 1.4824882746 17.3356094360 0.0000000000 0.0000000000 0.0007334885 2.6436674595
-4.9793739319 22.5735855103 1.4319386482 17.2271823883 0.0000000000 0.0000000000 0.0010979348 2.6303067207
-5.0067114830 22.7524929047 1.3760750294 17.1225605011 0.0000000000 0.0000000000 0.0014834000 2.6169426441
-5.0337033272 22.9302349091 1.3150672913 17.0264453888 0.0000000000 0.0000000000 0.0018783248 2.6033713818
-5.0603542328 23.1068706512 1.2545301914 16.9390583038 0.0000000000 0.0000000000 0.0021670272 2.5894107819
-5.0866880417 23.2825489044 1.2025262117 16.8542327881 0.0000000000 0.0000000000 0.0022835133 2.5749709606
-5.1126856804 23.4572277069 1.1724408865 16.7650260925 0.0000000000 0.0000000000 0.0021319753 2.5604250431
-5.1383700371 23.6308803558 1.1676341295 16.6647281647 0.0000000000 0.0000000000 0.0016521765 2.5458192825
-5.1637163162 23.8032379150 1.1663304567 16.5561180115 0.0000000000 0.0000000000 0.0009558563 2.5312433243
-5.1889085770 23.9746017456 1.1599504948 16.4518451691 0.0000000000 0.0000000000 0.0003108381 2.5165359974
-5.2140045166 24.1449432373 1.1433854103 16.3599967957 0.0000000000 0.0000000000 -0.0001742378 2.5022184849
-5.2391247749 24.3144378662 1.1213210821 16.2768383026 0.0000000000 0.0000000000 -0.0004407207 2.4885549545
-5.2642192841 24.4829425812 1.0962976217 16.1908264160 0.0000000000 0.0000000000 -0.0005405436 2.4757487774
-5.2892637253 24.6503944397 1.0651322603 16.0968723297 0.0000000000 0.0000000000 -0.0005640307 2.4637832642
-5.3142781258 24.8168277740 1.0315258503 16.0004329681 0.0000000000 0.0000000000 -0.0004933182 2.4527087212
-5.3392090797 24.9821357727 1.0012122393 15.9073324203 0.0000000000 0.0000000000 -0.0003466942 2.4420480728
-5.3641347885 25.1464862823 0.9743779898 15.8236541748 0.0000000000 0.0000000000 -0.0000829252 2.4319012165
-5.3890137672 25.3098316193 0.9417372942 15.7426719666 0.0000000000 0.0000000000 0.0002998876 2.4222726822
-5.4137582779 25.4721927643 0.8967692852 15.6511707306 0.0000000000 0.0000000000 0.0007473652 2.4128687382
-5.4383406639 25.6334171295 0.8453373313 15.5512437820 0.0000000000 0.0000000000 0.0011913414 2.4035124779
-5.4626545906 25.7933502197 0.7952899933 15.4562025070 0.0000000000 0.0000000000 0.0015474841 2.3937079906
-5.4867706299 25.9522628784 0.7537131906 15.3752660751 0.0000000000 0.0000000000 0.0018229353 2.3833630085
-5.5107789040 26.1104564667 0.7255063653 15.2995595932 0.0000000000 0.0000000000 0.0019420516 2.3724980354
-5.5346684456 26.2679901123 0.7079342008 15.2124557495 0.0000000000 0.0000000000 0.0019465021 2.3614172935
-5.5584850311 26.4248313904 0.6976270080 15.1089630127 0.0000000000 0.0000000000 0.0018212042 2.3502559662
-5.5822501183 26.5809764862 0.6903336644 15.0014476776 0.0000000000 0.0000000000 0.0015900524 2.3387467861
-5.6059260368 26.7361640930 0.6785573363 14.9085130692 0.0000000000 0.0000000000 0.0013595260 2.3267185688
-5.6295495033 26.8905448914 0.6617638469 14.8341779709 0.0000000000 0.0000000000 0.0011526542 2.3143460751
-5.6531062126 27.0440750122 0.6398813128 14.7664003372 0.0000000000 0.0000000000 0.0009645956 2.3018090725
-5.6765623093 27.1967163086 0.6195389032 14.6910209656 0.0000000000 0.0000000000 0.0008736013 2.2895545959
-5.6999692917 27.3484783173 0.5997668505 14.6071720123 0.0000000000 0.0000000000 0.0008606013 2.2777435780
-5.7233653069 27.4995346069 0.5856037140 14.5217056274 0.0000000000 0.0000000000 0.0009376854 2.2663960457
-5.7466411591 27.6495571136 0.5725089312 14.4453001022 0.0000000000 0.0000000000 0.0010488833 2.2553842068
-5.7698497772 27.7987728119 0.5427055955 14.3838644028 0.0000000000 0.0000000000 0.0011597294 2.2447714806
-5.7929954529 27.9473037720 0.4962182939 14.3332338333 0.0000000000 0.0000000000 0.0012669960 2.2342221737
-5.8159542084 28.0949039459 0.4447995722 14.2805814743 0.0000000000 0.0000000000 0.0013952815 2.2238020897
-5.8387093544 28.2416400909 0.4026839733 14.2199106216 0.0000000000 0.0000000000 0.0015293467 2.2134146690
-5.8613314629 28.3877811432 0.3795841336 14.1562528610 0.0000000000 0.0000000000 0.0017787867 2.2029902935
-5.8838033676 28.5332450867 0.3673501909 14.0936994553 0.0000000000 0.0000000000 0.0020861013 2.1925714016
-5.9061913490 28.6781330109 0.3531901836 14.0366926193 0.0000000000 0.0000000000 0.0023804046 2.1821370125
-5.9283728600 28.8222274780 0.3243796825 13.9818124771 0.0000000000 0.0000000000 0.0025915538 2.1716632843
-5.9503746033 28.9655323029 0.2839296162 13.9248638153 0.0000000000 0.0000000000 0.0027977945 2.1609103680
-5.9722003937 29.1080226898 0.2446092665 13.8667659760 0.0000000000 0.0000000000 0.0029813356 2.1496369839
-5.9938964844 29.2498741150 0.2202173918 13.8098430634 0.0000000000 0.0000000000 0.0032599531 2.1380603313
-6.0154771805 29.3911170959 0.2105381638 13.7536373138 0.0000000000 0.0000000000 0.0036661522 2.1264414787
-6.0370054245 29.5317916870 0.2101498991 13.6912536621 0.0000000000 0.0000000000 0.0040990049 2.1149637699
-6.0585498810 29.6719799042 0.2019374073 13.6259956360 0.0000000000 0.0000000000 0.0044937846 2.1035792828
-6.0800952911 29.8116245270 0.1804561466 13.5636405945 0.0000000000 0.0000000000 0.0047393213 2.0924394131
-6.1015901566 29.9505310059 0.1520568728 13.5085268021 0.0000000000 0.0000000000 0.0048620785 2.0816204548
-6.1230015755 30.0886611938 0.1263182759 13.4569454193 0.0000000000 0.0000000000 0.0049587577 2.0712525845
-6.1443004608 30.2259845734 0.1096902639 13.4039497375 0.0000000000 0.0000000000 0.0050161351 2.0612370968
-6.1656141281 30.3626747131 0.0977685153 13.3472261429 0.0000000000 0.0000000000 0.0049816249 2.0515615940
-6.1867876053 30.4984626770 0.0891339555 13.2821826935 0.0000000000 0.0000000000 0.0048528309 2.0420782566
-6.2078704834 30.6334838867 0.0720280036 13.2200927734 0.0000000000 0.0000000000 0.0046851435 2.0328192711
-6.2288632393 30.7678127289 0.0431445390 13.1661796570 0.0000000000 0.0000000000 0.0045070024 2.0239388943
-6.2497634888 30.9015331268 0.0063867010 13.1244945526 0.0000000000 0.0000000000 0.0042855949 2.0153944492
-6.2706594467 31.0348644257 -0.0269724689 13.0829439163 0.0000000000 0.0000000000 0.0040541976 2.0070972443
-6.2914481163 31.1676368713 -0.0483807214 13.0317239761 0.0000000000 0.0000000000 0.0037795727 1.9988880157
-6.3120493889 31.2996444702 -0.0562180802 12.9736051559 0.0000000000 0.0000000000 0.0035361971 1.9905357361
-6.3325352669 31.4311218262 -0.0646112934 12.9203147888 0.0000000000 0.0000000000 0.0033192963 1.9820711613
-6.3529429436 31.5621032715 -0.0800249428 12.8750934601 0.0000000000 0.0000000000 0.0030899872 1.9737355709
-6.3733167648 31.6926479340 -0.0995966196 12.8328771591 0.0000000000 0.0000000000 0.0028508443 1.9655668736
-6.3936977386 31.8228225708 -0.1175715774 12.7878313065 0.0000000000 0.0000000000 0.0026215855 1.9573004246
-6.4139046669 31.9523143768 -0.1284772903 12.7391128540 0.0000000000 0.0000000000 0.0024417581 1.9488800764
-6.4339880943 32.0811882019 -0.1335398704 12.6875200272 0.0000000000 0.0000000000 0.0023435433 1.9405872822
-6.4539866447 32.2095069885 -0.1410990059 12.6384582520 0.0000000000 0.0000000000 0.0023753343 1.9325520992
-6.4739451408 32.3373870850 -0.1594655067 12.5931997299 0.0000000000 0.0000000000 0.0025129397 1.9245611429
-6.4939169884 32.4649467468 -0.1860826463 12.5501794815 0.0000000000 0.0000000000 0.0027986602 1.9165867567
-6.5138645172 32.5921287537 -0.2169895768 12.5089654922 0.0000000000 0.0000000000 0.0032253757 1.9085241556
-6.5337553024 32.7189140320 -0.2416277379 12.4641857147 0.0000000000 0.0000000000 0.0037542484 1.9002820253
-6.5535635948 32.8451766968 -0.2583355904 12.4156570435 0.0000000000 0.0000000000 0.0042585786 1.8919463158
-6.5733385086 32.9711380005 -0.2742035091 12.3689765930 0.0000000000 0.0000000000 0.0047758417 1.8837497234
-6.5930161476 33.0967330933 -0.2897399962 12.3239965439 0.0000000000 0.0000000000 0.0052961763 1.8757325411
-6.6126160622 33.2219085693 -0.3050443828 12.2767667770 0.0000000000 0.0000000000 0.0056857010 1.8680332899
-6.6321277618 33.3466758728 -0.3304682672 12.2311639786 0.0000000000 0.0000000000 0.0058552315 1.8606619835
-6.6515879631 33.4711380005 -0.3630535305 12.1915254593 0.0000000000 0.0000000000 0.0058181244 1.8536061049
-6.6710147858 33.5953254700 -0.3895129859 12.1529617310 0.0000000000 0.0000000000 0.0056522521 1.8469105959
-6.6902556419 33.7190170288 -0.4057744145 12.1110439301 0.0000000000 0.0000000000 0.0054489989 1.8407870531
-6.7093839645 33.8423728943 -0.4162007570 12.0607604980 0.0000000000 0.0000000000 0.0052253800 1.8350170851
-6.7282996178 33.9651641846 -0.4225644767 12.0055618286 0.0000000000 0.0000000000 0.0050356518 1.8290853500
-6.7469987869 34.0871810913 -0.4195466042 11.9505500793 0.0000000000 0.0000000000 0.0048614810 1.8225120306
-6.7656702995 34.2087440491 -0.4260298014 11.9086217880 0.0000000000 0.0000000000 0.0046480144 1.8152978420
-6.7842273712 34.3297348022 -0.4393815994 11.8738822937 0.0000000000 0.0000000000 0.0043854178 1.8076169491
-6.8026633263 34.4503326416 -0.4555749893 11.8348779678 0.0000000000 0.0000000000 0.0040685041 1.7995187044
-6.8210134506 34.5705680847 -0.4626221359 11.7883968353 0.0000000000 0.0000000000 0.0036868977 1.7911975384
-6.8392157555 34.6901817322 -0.4590493441 11.7404642105 0.0000000000 0.0000000000 0.0033021918 1.7828100920
-6.8574156761 34.8092765808 -0.4443999529 11.6926116943 0.0000000000 0.0000000000 0.0029938275 1.7745147943
-6.8756146431 34.9278640747 -0.4552102685 11.6613769531 0.0000000000 0.0000000000 0.0027731739 1.7664028406
-6.8938670158 35.0461540222 -0.4940346479 11.6395902634 0.0000000000 0.0000000000 0.0027277186 1.7584365606
-6.9121136665 35.1641159058 -0.5374799967 11.6158933640 0.0000000000 0.0000000000 0.0029678778 1.7504851818
-6.9303007126 35.2817077637 -0.5647101998 11.5832271576 0.0000000000 0.0000000000 0.0035228787 1.7428644896
-6.9485516548 35.3993606567 -0.5672926903 11.5422716141 0.0000000000 0.0000000000 0.0043018283 1.7357164621
-6.9668965340 35.5171127319 -0.5662479997 11.4995775223 0.0000000000 0.0000000000 0.0051238704 1.7290041447
-6.9853339195 35.6348381042 -0.5773093700 11.4595098495 0.0000000000 0.0000000000 0.0058684326 1.7228300571
-7.0039048195 35.7525901794 -0.6067374945 11.4233541489 0.0000000000 0.0000000000 0.0064380309 1.7170937061
-7.0224876404 35.8702163696 -0.6390963197 11.3871583939 0.0000000000 0.0000000000 0.0068933708 1.7119518518
-7.0410637856 35.9876976013 -0.6550752521 11.3440980911 0.0000000000 0.0000000000 0.0071962518 1.7073506117
-7.0596184731 36.1049232483 -0.6513308287 11.2921781540 0.0000000000 0.0000000000 0.0074381921 1.7032001019
-7.0781555176 36.2219543457 -0.6450358033 11.2385597229 0.0000000000 0.0000000000 0.0076439246 1.6995471716
-7.0968022346 36.3389167786 -0.6593893766 11.1917161942 0.0000000000 0.0000000000 0.0077072242 1.6961323023
-7.1154494286 36.4556465149 -0.6945604086 11.1552305222 0.0000000000 0.0000000000 0.0075294375 1.6926209927
-7.1339368820 36.5719985962 -0.7292463779 11.1265211105 0.0000000000 0.0000000000 0.0070371469 1.6890190840
-7.1524243355 36.6881637573 -0.7545422912 11.0972309113 0.0000000000 0.0000000000 0.0063572330 1.6851319075
-7.1708784103 36.8039588928 -0.7691540122 11.0578393936 0.0000000000 0.0000000000 0.0056261318 1.6808733940
-7.1892733574 36.9193344116 -0.7836232185 11.0188179016 0.0000000000 0.0000000000 0.0049477452 1.6758207083
-7.2076983452 37.0345039368 -0.7978965044 10.9854984283 0.0000000000 0.0000000000 0.0043695364 1.6697589159
-7.2261476517 37.1494522095 -0.8163682818 10.9606962204 0.0000000000 0.0000000000 0.0038555232 1.6629258394
-7.2445812225 37.2642059326 -0.8347603679 10.9362840652 0.0000000000 0.0000000000 0.0034409086 1.6556624174
-7.2629833221 37.3787384033 -0.8481805325 10.9046211243 0.0000000000 0.0000000000 0.0031844715 1.6487169266
-7.2813787460 37.4930648804 -0.8543946147 10.8629436493 0.0000000000 0.0000000000 0.0031188964 1.6422606707
-7.2997288704 37.6068840027 -0.8533011675 10.8175849915 0.0000000000 0.0000000000 0.0032394172 1.6363216639
-7.3181405067 37.7204551697 -0.8527954817 10.7724552155 0.0000000000 0.0000000000 0.0035306911 1.6307559013
-7.3364977837 37.8335304260 -0.8595243096 10.7293787003 0.0000000000 0.0000000000 0.0039414889 1.6254208088
-7.3549165726 37.9462699890 -0.8695064187 10.6857242584 0.0000000000 0.0000000000 0.0043496792 1.6201682091
-7.3733420372 38.0585670471 -0.8847186565 10.6425294876 0.0000000000 0.0000000000 0.0047235293 1.6147942543
-7.3917193413 38.1703987122 -0.9034418464 10.5988912582 0.0000000000 0.0000000000 0.0050097578 1.6091518402
-7.4100289345 38.2817878723 -0.9128288627 10.5528192520 0.0000000000 0.0000000000 0.0051899482 1.6032704115
-7.4283347130 38.3927688599 -0.9127519727 10.5081977844 0.0000000000 0.0000000000 0.0052303667 1.5971510410
-7.4466557503 38.5033073425 -0.9156682491 10.4662141800 0.0000000000 0.0000000000 0.0052409768 1.5911300182
-7.4650177956 38.6134414673 -0.9313507080 10.4293889999 0.0000000000 0.0000000000 0.0052395249 1.5854243040
-7.4834694862 38.7233619690 -0.9581426978 10.3970613480 0.0000000000 0.0000000000 0.0052734488 1.5800808668
-7.5019702911 38.8330535889 -0.9821532965 10.3645162582 0.0000000000 0.0000000000 0.0053710714 1.5750380754
-7.5204873085 38.9424057007 -0.9955667853 10.3311805725 0.0000000000 0.0000000000 0.0055689472 1.5698574781
-7.5390329361 39.0514717102 -1.0040090084 10.2986459732 0.0000000000 0.0000000000 0.0057270243 1.5641629696
-7.5576548576 39.1603584290 -1.0198447704 10.2666902542 0.0000000000 0.0000000000 0.0058366279 1.5577825308
-7.5763387680 39.2691459656 -1.0434015989 10.2337894440 0.0000000000 0.0000000000 0.0058943182 1.5508426428
-7.5949425697 39.3776931763 -1.0775618553 10.2033205032 0.0000000000 0.0000000000 0.0058563370 1.5435167551
-7.6134696007 39.4860153198 -1.1029373407 10.1754570007 0.0000000000 0.0000000000 0.0057495842 1.5364785194
-7.6319551468 39.5941886902 -1.1161937714 10.1466264725 0.0000000000 0.0000000000 0.0056149438 1.5297193527
-7.6503310204 39.7021255493 -1.1258121729 10.1150369644 0.0000000000 0.0000000000 0.0054502105 1.5232132673
-7.6685762405 39.8098030090 -1.1417443752 10.0806379318 0.0000000000 0.0000000000 0.0053410786 1.5170910358
-7.6866750717 39.9173049927 -1.1626567841 10.0491838455 0.0000000000 0.0000000000 0.0053041507 1.5114771128
-7.7047324181 40.0246734619 -1.1881321669 10.0243501663 0.0000000000 0.0000000000 0.0053427652 1.5063173771
-7.7225317955 40.1315383911 -1.2089936733 10.0006942749 0.0000000000 0.0000000000 0.0054417392 1.5018984079
-7.7401881218 40.2381324768 -1.2234261036 9.9731388092 0.0000000000 0.0000000000 0.0055114916 1.4983400106
-7.7577800751 40.3446388245 -1.2359617949 9.9399785995 0.0000000000 0.0000000000 0.0055300421 1.4956421852
-7.7752771378 40.4509773254 -1.2527102232 9.9039840698 0.0000000000 0.0000000000 0.0054343850 1.4935337305
-7.7926855087 40.5570945740 -1.2730129957 9.8704338074 0.0000000000 0.0000000000 0.0052214991 1.4914827347
-7.8099718094 40.6630249023 -1.2927957773 9.8419218063 0.0000000000 0.0000000000 0.0049417592 1.4893729687
-7.8271064758 40.7687377930 -1.3098149300 9.8153362274 0.0000000000 0.0000000000 0.0047203014 1.4871419668
-7.8439836502 40.8741416931 -1.3252167702 9.7858800888 0.0000000000 0.0000000000 0.0046565328 1.4844319820
-7.8606548309 40.9793319702 -1.3400692940 9.7530717850 0.0000000000 0.0000000000 0.0046665091 1.4812104702
-7.8770613670 41.0838775635 -1.3505666256 9.7220859528 0.0000000000 0.0000000000 0.0045853960 1.4775097370
-7.8933200836 41.1881713867 -1.3683040142 9.7014951706 0.0000000000 0.0000000000 0.0044689015 1.4732971191
-7.9094905853 41.2923736572 -1.3889387846 9.6870183945 0.0000000000 0.0000000000 0.0043737805 1.4686628580
-7.9255743027 41.3963088989 -1.4091224670 9.6710309982 0.0000000000 0.0000000000 0.0043237796 1.4637247324
-7.9415640831 41.4999885559 -1.4236677885 9.6527576447 0.0000000000 0.0000000000 0.0043679811 1.4587147236
-7.9574880600 41.6034851074 -1.4255511761 9.6274595261 0.0000000000 0.0000000000 0.0044395202 1.4536982775
-7.9732289314 41.7064933777 -1.4311516285 9.6006631851 0.0000000000 0.0000000000 0.0045453715 1.4486202002
-7.9889159203 41.8092384338 -1.4432525635 9.5786752701 0.0000000000 0.0000000000 0.0047291275 1.4438443184
-8.0045537949 41.9115905762 -1.4618867636 9.5601472855 0.0000000000 0.0000000000 0.0050062845 1.4395846128
-8.0200653076 42.0133438110 -1.4825732708 9.5391912460 0.0000000000 0.0000000000 0.0054479823 1.4359408617
-8.0354738235 42.1143188477 -1.4905703068 9.5091056824 0.0000000000 0.0000000000 0.0060916436 1.4328062534
-8.0507745743 42.2146186829 -1.4964395761 9.4769096375 0.0000000000 0.0000000000 0.0068752780 1.4303419590
-8.0659980774 42.3142433167 -1.5083303452 9.4493627548 0.0000000000 0.0000000000 0.0076148142 1.4281194210
-8.0810966492 42.4129981995 -1.5303722620 9.4279499054 0.0000000000 0.0000000000 0.0081222216 1.4257771969
-8.0960893631 42.5110969543 -1.5517176390 9.4094171524 0.0000000000 0.0000000000 0.0083568245 1.4231095314
-8.1108455658 42.6083869934 -1.5637964010 9.3855857849 0.0000000000 0.0000000000 0.0083247488 1.4196671247
-8.1254034042 42.7048072815 -1.5722202063 9.3617248535 0.0000000000 0.0000000000 0.0081133787 1.4153728485
-8.1398630142 42.8007240295 -1.5771807432 9.3404417038 0.0000000000 0.0000000000 0.0078154542 1.4105247259
-8.1543006897 42.8960876465 -1.5814317465 9.3199329376 0.0000000000 0.0000000000 0.0076535740 1.4054222107
-8.1686935425 42.9905395508 -1.5854607821 9.2967529297 0.0000000000 0.0000000000 0.0077213324 1.4002680779
-8.1830396652 43.0844497681 -1.5897660255 9.2683391571 0.0000000000 0.0000000000 0.0079423208 1.3952637911
-8.1973657608 43.1778221130 -1.5942494869 9.2390727997 0.0000000000 0.0000000000 0.0081633544 1.3905700445
-8.2116813660 43.2705802917 -1.5944956541 9.2098474503 0.0000000000 0.0000000000 0.0084380405 1.3861044645
-8.2260961533 43.3629150391 -1.5999510288 9.1839294434 0.0000000000 0.0000000000 0.0086705433 1.3816574812
-8.2405872345 43.4548149109 -1.6049140692 9.1571664810 0.0000000000 0.0000000000 0.0087007238 1.3767517805
-8.2550630569 43.5460205078 -1.6057326794 9.1260538101 0.0000000000 0.0000000000 0.0085630594 1.3718129396
-8.2694473267 43.6365013123 -1.6047518253 9.0996141434 0.0000000000 0.0000000000 0.0082084751 1.3668286800
-8.2838230133 43.7263221741 -1.6012849808 9.0775022507 0.0000000000 0.0000000000 0.0077148830 1.3618119955
-8.2981996536 43.8153762817 -1.6037838459 9.0568971634 0.0000000000 0.0000000000 0.0072216094 1.3567382097
-8.3124437332 43.9036216736 -1.6077347994 9.0303850174 0.0000000000 0.0000000000 0.0068242331 1.3513096571
-8.3266563416 43.9913558960 -1.6107598543 9.0003881454 0.0000000000 0.0000000000 0.0065525095 1.3457409143
-8.3407888412 44.0784606934 -1.6158305407 8.9746961594 0.0000000000 0.0000000000 0.0064164200 1.3403751850
-8.3549451828 44.1651954651 -1.6284360886 8.9535903931 0.0000000000 0.0000000000 0.0064070662 1.3352284431
-8.3690233231 44.2515640259 -1.6486079693 8.9335756302 0.0000000000 0.0000000000 0.0066160993 1.3303643465
-8.3829765320 44.3375396729 -1.6696196795 8.9094400406 0.0000000000 0.0000000000 0.0070266039 1.3257277012
-8.3967971802 44.4230842590 -1.6860318184 8.8879642487 0.0000000000 0.0000000000 0.0075372555 1.3214128017
-8.4105720520 44.5083312988 -1.6826339960 8.8695192337 0.0000000000 0.0000000000 0.0080229063 1.3179737329
-8.4242773056 44.5932235718 -1.6849559546 8.8558359146 0.0000000000 0.0000000000 0.0083319414 1.3149673939
-8.4379148483 44.6778984070 -1.7025101185 8.8455104828 0.0000000000 0.0000000000 0.0084524844 1.3121824265
-8.4514560699 44.7623214722 -1.7216500044 8.8344707489 0.0000000000 0.0000000000 0.0083529260 1.3099501133
-8.4648981094 44.8463592529 -1.7275638580 8.8203639984 0.0000000000 0.0000000000 0.0079597607 1.3076467514
-8.4782228470 44.9301452637 -1.7213101387 8.8016061783 0.0000000000 0.0000000000 0.0074485005 1.3051531315
-8.4914712906 45.0136184692 -1.7233170271 8.7820415497 0.0000000000 0.0000000000 0.0070293569 1.3025280237
-8.5045843124 45.0966262817 -1.7386711836 8.7612514496 0.0000000000 0.0000000000 0.0067722583 1.2999119759
-8.5176401138 45.1793861389 -1.7552075386 8.7402410507 0.0000000000 0.0000000000 0.0066067120 1.2972760201
-8.5306301117 45.2618484497 -1.7625480890 8.7208499908 0.0000000000 0.0000000000 0.0065663219 1.2947788239
-8.5435562134 45.3440170288 -1.7592130899 8.7013940811 0.0000000000 0.0000000000 0.0067084450 1.2924976349
-8.5564651489 45.4258766174 -1.7523832321 8.6821632385 0.0000000000 0.0000000000 0.0069845440 1.2904443741
-8.5693750381 45.5075721741 -1.7595067024 8.6659440994 0.0000000000 0.0000000000 0.0074049607 1.2885644436
-8.5822553635 45.5890884399 -1.7726608515 8.6514024734 0.0000000000 0.0000000000 0.0078290068 1.2865313292
-8.5950698853 45.6704025269 -1.7711664438 8.6353864670 0.0000000000 0.0000000000 0.0081703654 1.2838788033
-8.6078300476 45.7514343262 -1.7637460232 8.6177225113 0.0000000000 0.0000000000 0.0083578406 1.2803916931
-8.6205806732 45.8322715759 -1.7617481947 8.5977487564 0.0000000000 0.0000000000 0.0084127160 1.2762846947
-8.6333684921 45.9129257202 -1.7714368105 8.5816326141 0.0000000000 0.0000000000 0.0083731301 1.2721781731
-8.6461372375 45.9933280945 -1.7863085270 8.5699501038 0.0000000000 0.0000000000 0.0083148535 1.2682800293
-8.6588449478 46.0735435486 -1.7957322598 8.5611286163 0.0000000000 0.0000000000 0.0084079700 1.2649576664
-8.6714859009 46.1535377502 -1.7964600325 8.5485849380 0.0000000000 0.0000000000 0.0086653112 1.2621515989
-8.6839895248 46.2330169678 -1.7881218195 8.5298604965 0.0000000000 0.0000000000 0.0088119134 1.2597805262
-8.6964073181 46.3118515015 -1.7849739790 8.5091342926 0.0000000000 0.0000000000 0.0086766863 1.2578165531
-8.7089366913 46.3905601501 -1.7869987488 8.4914512634 0.0000000000 0.0000000000 0.0084118256 1.2560250759
-8.7215108871 46.4690208435 -1.7889277935 8.4747495651 0.0000000000 0.0000000000 0.0081510665 1.2541344166
-8.7340974808 46.5472450256 -1.7899721861 8.4537353516 0.0000000000 0.0000000000 0.0080666533 1.2520861626
-8.7466306686 46.6250610352 -1.7977405787 8.4284811020 0.0000000000 0.0000000000 0.0081481738 1.2502604723
-8.7592201233 46.7026824951 -1.8013907671 8.4045782089 0.0000000000 0.0000000000 0.0083660437 1.2486209869
-8.7718629837 46.7800979614 -1.8018305302 8.3859577179 0.0000000000 0.0000000000 0.0086464509 1.2469819784
-8.7845811844 46.8573303223 -1.8064064980 8.3703527451 0.0000000000 0.0000000000 0.0088445190 1.2448875904
-8.7972316742 46.9341621399 -1.8182044029 8.3536214828 0.0000000000 0.0000000000 0.0088825030 1.2422672510
-8.8097915649 47.0105705261 -1.8171453476 8.3308706284 0.0000000000 0.0000000000 0.0088307848 1.2393939495
-8.8223209381 47.0865821838 -1.8053004742 8.3070564270 0.0000000000 0.0000000000 0.0087324837 1.2362526655
-8.8348989487 47.1623878479 -1.8046548367 8.2889518738 0.0000000000 0.0000000000 0.0087209772 1.2327340841
-8.8475122452 47.2379570007 -1.8115717173 8.2720479965 0.0000000000 0.0000000000 0.0088830329 1.2290915251
-8.8599929810 47.3131217957 -1.8149713278 8.2515907288 0.0000000000 0.0000000000 0.0091594281 1.2256411314
-8.8723526001 47.3877143860 -1.8176051378 8.2305831909 0.0000000000 0.0000000000 0.0094864098 1.2225550413
-8.8847131729 47.4620590210 -1.8151271343 8.2141571045 0.0000000000 0.0000000000 0.0096560102 1.2199749947
-8.8970537186 47.5361251831 -1.8078109026 8.2024412155 0.0000000000 0.0000000000 0.0095427325 1.2172421217
-8.9094839096 47.6100921631 -1.8122159243 8.1958684921 0.0000000000 0.0000000000 0.0092800660 1.2141499519
-8.9219160080 47.6838569641 -1.8272590637 8.1900072098 0.0000000000 0.0000000000 0.0090354895 1.2104605436
-8.9343843460 47.7574653625 -1.8440861702 8.1828699112 0.0000000000 0.0000000000 0.0089043314 1.2065221071
-8.9468460083 47.8308486938 -1.8510457277 8.1704616547 0.0000000000 0.0000000000 0.0090251062 1.2029131651
-8.9591846466 47.9037437439 -1.8428831100 8.1511802673 0.0000000000 0.0000000000 0.0092938114 1.1999151707
-8.9713335037 47.9761276245 -1.8366038799 8.1230878830 0.0000000000 0.0000000000 0.0097406302 1.1978174448
-8.9835014343 48.0483322144 -1.8380042315 8.0960140228 0.0000000000 0.0000000000 0.0101996278 1.1962002516
-8.9956989288 48.1202659607 -1.8409978151 8.0736789703 0.0000000000 0.0000000000 0.0105725732 1.1949298382
-9.0078802109 48.1918792725 -1.8435087204 8.0556926727 0.0000000000 0.0000000000 0.0106447488 1.1935184002
-9.0200710297 48.2631530762 -1.8389501572 8.0387039185 0.0000000000 0.0000000000 0.0104394881 1.1918432713
-9.0322599411 48.3340568542 -1.8366354704 8.0228881836 0.0000000000 0.0000000000 0.0100092348 1.1896433830
-9.0445489883 48.4047622681 -1.8466273546 8.0124263763 0.0000000000 0.0000000000 0.0094262464 1.1869490147
-9.0568580627 48.4752082825 -1.8627053499 8.0066766739 0.0000000000 0.0000000000 0.0087937424 1.1837381124
-9.0692300797 48.5454826355 -1.8827860355 8.0011339188 0.0000000000 0.0000000000 0.0084041497 1.1804456711
-9.0815982819 48.6154632568 -1.8986369371 7.9907870293 0.0000000000 0.0000000000 0.0082771881 1.1773619652
-9.0938663483 48.6850891113 -1.8983213902 7.9733753204 0.0000000000 0.0000000000 0.0085068261 1.1747529507
-9.1060590744 48.7541198730 -1.8949159384 7.9558777809 0.0000000000 0.0000000000 0.0088820532 1.1729044914
-9.1180982590 48.8224029541 -1.8967605829 7.9434189796 0.0000000000 0.0000000000 0.0092438692 1.1713027954
-9.1302471161 48.8903427124 -1.9078618288 7.9369072914 0.0000000000 0.0000000000 0.0095632970 1.1695978642
-9.1423950195 48.9577636719 -1.9140896797 7.9285230637 0.0000000000 0.0000000000 0.0098698242 1.1676781178
-9.1545047760 49.0245590210 -1.8918406963 7.9109239578 0.0000000000 0.0000000000 0.0101759974 1.1656897068
-9.1666612625 49.0908508301 -1.8720415831 7.8918442726 0.0000000000 0.0000000000 0.0103169335 1.1635487080
-9.1788387299 49.1567115784 -1.8811249733 7.8799238205 0.0000000000 0.0000000000 0.0103149973 1.1612070799
-9.1911134720 49.2221908569 -1.9030208588 7.8731074333 0.0000000000 0.0000000000 0.0101540508 1.1588789225
-9.2033891678 49.2872467041 -1.9127177000 7.8631143570 0.0000000000 0.0000000000 0.0100187659 1.1565320492
-9.2155904770 49.3516960144 -1.9050080776 7.8497986794 0.0000000000 0.0000000000 0.0100061279 1.1541379690
-9.2278013229 49.4155654907 -1.8938784599 7.8383216858 0.0000000000 0.0000000000 0.0100906948 1.1516838074
-9.2400531769 49.4790115356 -1.8963544369 7.8291878700 0.0000000000 0.0000000000 0.0102488371 1.1490426064
-9.2523155212 49.5419883728 -1.9100885391 7.8208589554 0.0000000000 0.0000000000 0.0102843810 1.1464270353
-9.2645206451 49.6044197083 -1.9207113981 7.8095483780 0.0000000000 0.0000000000 0.0102667790 1.1439460516
-9.2766933441 49.6664772034 -1.9204317331 7.7941236496 0.0000000000 0.0000000000 0.0102170901 1.1416257620
-9.2887668610 49.7279777527 -1.9253568649 7.7775344849 0.0000000000 0.0000000000 0.0100737698 1.1390482187
-9.3007688522 49.7891235352 -1.9332156181 7.7622995377 0.0000000000 0.0000000000 0.0099748326 1.1366775036
-9.3126459122 49.8499107361 -1.9425947666 7.7498641014 0.0000000000 0.0000000000 0.0100045092 1.1350104809
-9.3244724274 49.9104537964 -1.9509402514 7.7399730682 0.0000000000 0.0000000000 0.0101056686 1.1338430643
-9.3360767365 49.9703636169 -1.9523339272 7.7313475609 0.0000000000 0.0000000000 0.0102087138 1.1329594851
-9.3476686478 50.0300788879 -1.9484764338 7.7232346535 0.0000000000 0.0000000000 0.0102735469 1.1320097446
-9.3593311310 50.0896110535 -1.9546369314 7.7183041573 0.0000000000 0.0000000000 0.0102853831 1.1308584213
-9.3709936142 50.1488304138 -1.9661582708 7.7138109207 0.0000000000 0.0000000000 0.0101370206 1.1293609142
-9.3826169968 50.2075729370 -1.9724241495 7.7040376663 0.0000000000 0.0000000000 0.0098721767 1.1278524399
-9.3941469193 50.2656440735 -1.9755364656 7.6902952194 0.0000000000 0.0000000000 0.0096208537 1.1264688969
-9.4054679871 50.3229827881 -1.9812483788 7.6741251945 0.0000000000 0.0000000000 0.0094928192 1.1250848770
-9.4166898727 50.3797988892 -1.9869658947 7.6589784622 0.0000000000 0.0000000000 0.0095421150 1.1238293648
-9.4278945923 50.4362182617 -1.9884059429 7.6461691856 0.0000000000 0.0000000000 0.0097667938 1.1227842569
-9.4390096664 50.4923133850 -1.9988138676 7.6370677948 0.0000000000 0.0000000000 0.0102365464 1.1218733788
-9.4500713348 50.5481338501 -2.0100228786 7.6303448677 0.0000000000 0.0000000000 0.0106679816 1.1209740639
-9.4610328674 50.6035461426 -2.0044338703 7.6221652031 0.0000000000 0.0000000000 0.0109361168 1.1200630665
-9.4719085693 50.6583290100 -1.9876602888 7.6133880615 0.0000000000 0.0000000000 0.0110606560 1.1189473867
-9.4826002121 50.7124023438 -1.9895170927 7.6034064293 0.0000000000 0.0000000000 0.0110850316 1.1173450947
-9.4933347702 50.7663154602 -2.0069968700 7.5938110352 0.0000000000 0.0000000000 0.0109969657 1.1153292656
-9.5040893555 50.8201065063 -2.0160956383 7.5802526474 0.0000000000 0.0000000000 0.0108309565 1.1137714386
-9.5148563385 50.8737411499 -2.0075161457 7.5630555153 0.0000000000 0.0000000000 0.0105983596 1.1124349833
-9.5255737305 50.9271850586 -2.0041899681 7.5476150513 0.0000000000 0.0000000000 0.0104373917 1.1111893654
-9.5362071991 50.9803543091 -2.0156278610 7.5352001190 0.0000000000 0.0000000000 0.0102537526 1.1096822023
-9.5468349457 51.0333328247 -2.0334231853 7.5256776810 0.0000000000 0.0000000000 0.0101152407 1.1082231998
-9.5573854446 51.0861053467 -2.0382041931 7.5149178505 0.0000000000 0.0000000000 0.0098566664 1.1070959568
-9.5677938461 51.1383781433 -2.0272669792 7.4998717308 0.0000000000 0.0000000000 0.0095074531 1.1061981916
-9.5781478882 51.1902084351 -2.0109009743 7.4836487770 0.0000000000 0.0000000000 0.0090971421 1.1049132347
-9.5884857178 51.2415885925 -2.0103678703 7.4689164162 0.0000000000 0.0000000000 0.0089218123 1.1036628485
-9.5987634659 51.2926254272 -2.0237281322 7.4569916725 0.0000000000 0.0000000000 0.0089985216 1.1026495695
-9.6090021133 51.3434028625 -2.0269551277 7.4460754395 0.0000000000 0.0000000000 0.0093222326 1.1020787954
-9.6192569733 51.3940315247 -2.0186240673 7.4357333183 0.0000000000 0.0000000000 0.0096964343 1.1014167070
-9.6294412613 51.4443473816 -2.0202662945 7.4285149574 0.0000000000 0.0000000000 0.0099900998 1.1004785299
-9.6396112442 51.4944419861 -2.0375835896 7.4235076904 0.0000000000 0.0000000000 0.0102086812 1.0995515585
-9.6497459412 51.5441741943 -2.0432806015 7.4160041809 0.0000000000 0.0000000000 0.0103463400 1.0983595848
-9.6598701477 51.5937500000 -2.0297067165 7.4042186737 0.0000000000 0.0000000000 0.0104902526 1.0968029499
-9.6700448990 51.6432418823 -2.0217251778 7.3901534081 0.0000000000 0.0000000000 0.0107321125 1.0946135521
-9.6802186966 51.6924705505 -2.0243852139 7.3768134117 0.0000000000 0.0000000000 0.0109673087 1.0922532082
-9.6904335022 51.7413864136 -2.0258359909 7.3650245667 0.0000000000 0.0000000000 0.0111878682 1.0904808044
-9.7007837296 51.7901496887 -2.0181105137 7.3537969589 0.0000000000 0.0000000000 0.0113404635 1.0896905661
-9.7112531662 51.8387374878 -2.0143873692 7.3436889648 0.0000000000 0.0000000000 0.0114746569 1.0898231268
-9.7217235565 51.8869323730 -2.0099046230 7.3333954811 0.0000000000 0.0000000000 0.0114194723 1.0899915695
-9.7322120667 51.9347991943 -2.0049324036 7.3230476379 0.0000000000 0.0000000000 0.0112309102 1.0900868177
-9.7427625656 51.9822998047 -2.0014228821 7.3122081757 0.0000000000 0.0000000000 0.0108799562 1.0898034573
-9.7532978058 52.0293960571 -2.0074577332 7.3015193939 0.0000000000 0.0000000000 0.0105933156 1.0888808966
-9.7637796402 52.0760383606 -2.0070173740 7.2896623611 0.0000000000 0.0000000000 0.0105398009 1.0875748396
-9.7743587494 52.1224555969 -1.9994646311 7.2781343460 0.0000000000 0.0000000000 0.0107487179 1.0857424736
-9.7848939896 52.1683197021 -1.9975873232 7.2691583633 0.0000000000 0.0000000000 0.0111605544 1.0835380554
-9.7954797745 52.2137184143 -2.0060238838 7.2626504898 0.0000000000 0.0000000000 0.0116836140 1.0812921524
-9.8060779572 52.2586135864 -2.0134675503 7.2574105263 0.0000000000 0.0000000000 0.0120328506 1.0790085793
-9.8166723251 52.3032836914 -2.0193917751 7.2528681755 0.0000000000 0.0000000000 0.0121178366 1.0765806437
-9.8273200989 52.3478240967 -2.0196666718 7.2478547096 0.0000000000 0.0000000000 0.0120322919 1.0744738579
-9.8379993439 52.3922157288 -2.0203561783 7.2434511185 0.0000000000 0.0000000000 0.0117866006 1.0728493929
-9.8487453461 52.4364967346 -2.0182635784 7.2387862206 0.0000000000 0.0000000000 0.0114539983 1.0717273951
-9.8595895767 52.4806938171 -2.0369200706 7.2351689339 0.0000000000 0.0000000000 0.0110275522 1.0710742474
-9.8704757690 52.5247840881 -2.0374579430 7.2273387909 0.0000000000 0.0000000000 0.0104687857 1.0705955029
-9.8813343048 52.5687103271 -2.0477855206 7.2181463242 0.0000000000 0.0000000000 0.0099507831 1.0702435970
-9.8920898438 52.6124305725 -2.0315177441 7.2036910057 0.0000000000 0.0000000000 0.0094724242 1.0694270134
-9.9027261734 52.6557960510 -2.0222702026 7.1901764870 0.0000000000 0.0000000000 0.0091934027 1.0679748058
-9.9133872986 52.6990280151 -2.0319671631 7.1799020767 0.0000000000 0.0000000000 0.0091435537 1.0664838552
-9.9239788055 52.7419548035 -2.0302417278 7.1698946953 0.0000000000 0.0000000000 0.0092738215 1.0651681423
-9.9345455170 52.7847061157 -2.0323467255 7.1606011391 0.0000000000 0.0000000000 0.0095853070 1.0639253855
-9.9450559616 52.8273353577 -2.0306632519 7.1503558159 0.0000000000 0.0000000000 0.0100016575 1.0625289679
-9.9554758072 52.8697891235 -2.0388035774 7.1418085098 0.0000000000 0.0000000000 0.0104489075 1.0612145662
-9.9657611847 52.9118766785 -2.0611920357 7.1352362633 0.0000000000 0.0000000000 0.0108376956 1.0598616600
-9.9758882523 52.9538078308 -2.0613691807 7.1261153221 0.0000000000 0.0000000000 0.0111310091 1.0586116314
-9.9859342575 52.9956703186 -2.0666277409 7.1182084084 0.0000000000 0.0000000000 0.0113119641 1.0572360754
-9.9958667755 53.0373916626 -2.0779840946 7.1121201515 0.0000000000 0.0000000000 0.0113111520 1.0555543900
-10.0057315826 53.0789604187 -2.0803000927 7.1047716141 0.0000000000 0.0000000000 0.0110634677 1.0537382364
-10.0154819489 53.1203422546 -2.0817453861 7.0980405807 0.0000000000 0.0000000000 0.0107446825 1.0521783829
-10.0251111984 53.1615371704 -2.0817508698 7.0910854340 0.0000000000 0.0000000000 0.0105015785 1.0506364107
-10.0346221924 53.2025337219 -2.0883204937 7.0842351913 0.0000000000 0.0000000000 0.0104133841 1.0491479635
-10.0440654755 53.2434844971 -2.1016116142 7.0788922310 0.0000000000 0.0000000000 0.0104254540 1.0481646061
-10.0534934998 53.2844657898 -2.0928843021 7.0718679428 0.0000000000 0.0000000000 0.0104943598 1.0475435257
-10.0629253387 53.3255043030 -2.0933232307 7.0674796104 0.0000000000 0.0000000000 0.0106998496 1.0469701290
-10.0722494125 53.3665199280 -2.1200134754 7.0664725304 0.0000000000 0.0000000000 0.0110615054 1.0463725328
-10.0814990997 53.4075393677 -2.1272633076 7.0622544289 0.0000000000 0.0000000000 0.0113703692 1.0461953878
-10.0906810760 53.4484443665 -2.1208460331 7.0554609299 0.0000000000 0.0000000000 0.0115326010 1.0457829237
-10.0998001099 53.4891624451 -2.1208879948 7.0475831032 0.0000000000 0.0000000000 0.0115815448 1.0449994802
-10.1089115143 53.5299148560 -2.1227288246 7.0388498306 0.0000000000 0.0000000000 0.0114683593 1.0439276695
-10.1178846359 53.5704345703 -2.1083626747 7.0283055305 0.0000000000 0.0000000000 0.0112308217 1.0430551767
-10.1268606186 53.6108283997 -2.0839917660 7.0173687935 0.0000000000 0.0000000000 0.0108451741 1.0422127247
-10.1358861923 53.6510047913 -2.0820231438 7.0083303452 0.0000000000 0.0000000000 0.0104950359 1.0410572290
-10.1449899673 53.6911087036 -2.1010434628 7.0027003288 0.0000000000 0.0000000000 0.0102485344 1.0395898819
-10.1540298462 53.7309417725 -2.1000676155 6.9947028160 0.0000000000 0.0000000000 0.0100582056 1.0380271673
-10.1630373001 53.7706108093 -2.1024353504 6.9874792099 0.0000000000 0.0000000000 0.0098939091 1.0363199711
-10.1721220016 53.8101997375 -2.1184163094 6.9843568802 0.0000000000 0.0000000000 0.0098397201 1.0344288349
-10.1812238693 53.8497123718 -2.1378602982 6.9825844765 0.0000000000 0.0000000000 0.0099127581 1.0328645706
-10.1902999878 53.8890762329 -2.1437880993 6.9772782326 0.0000000000 0.0000000000 0.0100704646 1.0319340229
-10.1993703842 53.9282760620 -2.1297893524 6.9675393105 0.0000000000 0.0000000000 0.0102656344 1.0315443277
-10.2084512711 53.9673690796 -2.1305038929 6.9597911835 0.0000000000 0.0000000000 0.0105248289 1.0311964750
-10.2175235748 54.0063247681 -2.1428852081 6.9547629356 0.0000000000 0.0000000000 0.0107952291 1.0309426785
-10.2265691757 54.0451049805 -2.1290078163 6.9458236694 0.0000000000 0.0000000000 0.0109985350 1.0310606956
-10.2356071472 54.0837097168 -2.1058392525 6.9354543686 0.0000000000 0.0000000000 0.0110536953 1.0309817791
-10.2446737289 54.1219291687 -2.1083807945 6.9285578728 0.0000000000 0.0000000000 0.0109478878 1.0303776264
-10.2538309097 54.1600036621 -2.1195240021 6.9224057198 0.0000000000 0.0000000000 0.0107147004 1.0295490026
-10.2630071640 54.1978607178 -2.1111869812 6.9127354622 0.0000000000 0.0000000000 0.0106470007 1.0290786028
-10.2721567154 54.2353439331 -2.1087405682 6.9037418365 0.0000000000 0.0000000000 0.0108525129 1.0287045240
-10.2814493179 54.2728309631 -2.1187765598 6.8970613480 0.0000000000 0.0000000000 0.0113322604 1.0285608768
-10.2908344269 54.3103141785 -2.1350553036 6.8923859596 0.0000000000 0.0000000000 0.0118003283 1.0280779600
-10.3001966476 54.3476829529 -2.1405255795 6.8865323067 0.0000000000 0.0000000000 0.0121693565 1.0273814201
-10.3094930649 54.3848724365 -2.1336336136 6.8789811134 0.0000000000 0.0000000000 0.0123276822 1.0266809464
-10.3188199997 54.4220504761 -2.1286871433 6.8719096184 0.0000000000 0.0000000000 0.0121728936 1.0259305239
-10.3282442093 54.4592933655 -2.1228110790 6.8647546768 0.0000000000 0.0000000000 0.0118037304 1.0250879526
-10.3377237320 54.4965782166 -2.1290729046 6.8594999313 0.0000000000 0.0000000000 0.0113190953 1.0238860846
-10.3472967148 54.5338592529 -2.1334619522 6.8548221588 0.0000000000 0.0000000000 0.0109197907 1.0224380493
-10.3569097519 54.5710754395 -2.1279876232 6.8497276306 0.0000000000 0.0000000000 0.0105557637 1.0210534334
-10.3665256500 54.6080360413 -2.1180675030 6.8431982994 0.0000000000 0.0000000000 0.0103495941 1.0201340914
-10.3762617111 54.6449012756 -2.1125276089 6.8363962173 0.0000000000 0.0000000000 0.0102821207 1.0194522142
-10.3860969543 54.6816177368 -2.1204025745 6.8302998543 0.0000000000 0.0000000000 0.0105154272 1.0192537308
-10.3959846497 54.7181930542 -2.1188209057 6.8227438927 0.0000000000 0.0000000000 0.0109183807 1.0193483829
-10.4059457779 54.7546501160 -2.1070044041 6.8142499924 0.0000000000 0.0000000000 0.0114724124 1.0192755461
-10.4159698486 54.7908744812 -2.1149375439 6.8092174530 0.0000000000 0.0000000000 0.0120020276 1.0188049078
-10.4260520935 54.8269348145 -2.1285948753 6.8046269417 0.0000000000 0.0000000000 0.0124100065 1.0178511143
-10.4361953735 54.8628387451 -2.1400721073 6.7986598015 0.0000000000 0.0000000000 0.0126031563 1.0166915655
-10.4463567734 54.8986282349 -2.1419422626 6.7924380302 0.0000000000 0.0000000000 0.0126461517 1.0151669979
-10.4564714432 54.9341964722 -2.1421830654 6.7880716324 0.0000000000 0.0000000000 0.0123950774 1.0134326220
-10.4665641785 54.9695243835 -2.1575181484 6.7869753838 0.0000000000 0.0000000000 0.0118948948 1.0120416880
-10.4766073227 55.0045890808 -2.1658036709 6.7843794823 0.0000000000 0.0000000000 0.0113051366 1.0111492872
-10.4866161346 55.0394363403 -2.1535420418 6.7796440125 0.0000000000 0.0000000000 0.0108481403 1.0103290081
-10.4965944290 55.0739669800 -2.1407279968 6.7756700516 0.0000000000 0.0000000000 0.0106535172 1.0090634823
-10.5066175461 55.1082687378 -2.1432635784 6.7730250359 0.0000000000 0.0000000000 0.0106778312 1.0072991848
-10.5166416168 55.1423339844 -2.1516239643 6.7683949471 0.0000000000 0.0000000000 0.0107756183 1.0052112341
-10.5266571045 55.1762695312 -2.1506228447 6.7605004311 0.0000000000 0.0000000000 0.0109071359 1.0034174919
-10.5367012024 55.2101287842 -2.1536800861 6.7532992363 0.0000000000 0.0000000000 0.0111141652 1.0024106503
-10.5466976166 55.2438316345 -2.1580612659 6.7476434708 0.0000000000 0.0000000000 0.0114015825 1.0019693375
-10.5567131042 55.2775154114 -2.1722633839 6.7453222275 0.0000000000 0.0000000000 0.0117185712 1.0016785860
-10.5667161942 55.3112106323 -2.1833491325 6.7446141243 0.0000000000 0.0000000000 0.0120083177 1.0012419224
-10.5766944885 55.3449401855 -2.1922597885 6.7451996803 0.0000000000 0.0000000000 0.0121193444 1.0003055334
-10.5866346359 55.3786735535 -2.1947968006 6.7444090843 0.0000000000 0.0000000000 0.0119892173 0.9991803765
-10.5965881348 55.4124336243 -2.1932442188 6.7404360771 0.0000000000 0.0000000000 0.0116002504 0.9979610443
-10.6064500809 55.4461402893 -2.2049891949 6.7358584404 0.0000000000 0.0000000000 0.0111828456 0.9966459870
-10.6163091660 55.4798965454 -2.2024452686 6.7270979881 0.0000000000 0.0000000000 0.0108685698 0.9961249232
-10.6261377335 55.5135650635 -2.1934161186 6.7181739807 0.0000000000 0.0000000000 0.0108594904 0.9959839582
-10.6359214783 55.5469551086 -2.1942250729 6.7121844292 0.0000000000 0.0000000000 0.0109897098 0.9959058762
-10.6456651688 55.5801086426 -2.2046220303 6.7085208893 0.0000000000 0.0000000000 0.0112618152 0.9958609939
-10.6554594040 55.6131935120 -2.2105269432 6.7039232254 0.0000000000 0.0000000000 0.0114531592 0.9957962632
-10.6652402878 55.6462440491 -2.2215685844 6.6994142532 0.0000000000 0.0000000000 0.0115513541 0.9954366684
-10.6749591827 55.6792411804 -2.2422513962 6.6970734596 0.0000000000 0.0000000000 0.0115469247 0.9945775270
-10.6846704483 55.7123870850 -2.2460024357 6.6927123070 0.0000000000 0.0000000000 0.0115364250 0.9937162995
-10.6943283081 55.7455825806 -2.2348930836 6.6868581772 0.0000000000 0.0000000000 0.0115193371 0.9929074049
-10.7039375305 55.7787017822 -2.2407929897 6.6859645844 0.0000000000 0.0000000000 0.0116840871 0.9917042255
-10.7135400772 55.8117485046 -2.2400491238 6.6856694221 0.0000000000 0.0000000000 0.0118273487 0.9903700352
-10.7231369019 55.8447570801 -2.2357900143 6.6839957237 0.0000000000 0.0000000000 0.0119713796 0.9889227748
-10.7327728271 55.8777465820 -2.2424705029 6.6817727089 0.0000000000 0.0000000000 0.0118942093 0.9875759482
-10.7423505783 55.9106712341 -2.2682402134 6.6800627708 0.0000000000 0.0000000000 0.0117549393 0.9864025116
-10.7518882751 55.9435768127 -2.2765848637 6.6758580208 0.0000000000 0.0000000000 0.0115914252 0.9859197736
-10.7612857819 55.9761199951 -2.2689588070 6.6697659492 0.0000000000 0.0000000000 0.0115658790 0.9858875275
-10.7706718445 56.0084495544 -2.2767677307 6.6677136421 0.0000000000 0.0000000000 0.0117011443 0.9859256148
-10.7800483704 56.0406646729 -2.2852313519 6.6654248238 0.0000000000 0.0000000000 0.0119531453 0.9861907959
-10.7893476486 56.0726356506 -2.2717344761 6.6591529846 0.0000000000 0.0000000000 0.0121272346 0.9862796068
-10.7986230850 56.1045265198 -2.2627172470 6.6526598930 0.0000000000 0.0000000000 0.0122247888 0.9857794642
-10.8078899384 56.1363754272 -2.2756614685 6.6492800713 0.0000000000 0.0000000000 0.0121417213 0.9847669005
-10.8171367645 56.1681938171 -2.2703425884 6.6431217194 0.0000000000 0.0000000000 0.0119928718 0.9839200974
-10.8262310028 56.1998100281 -2.2621216774 6.6375875473 0.0000000000 0.0000000000 0.0119148316 0.9832164049
-10.8352975845 56.2313728333 -2.2737841606 6.6364688873 0.0000000000 0.0000000000 0.0119056432 0.9824346900
-10.8443346024 56.2628097534 -2.2806975842 6.6353564262 0.0000000000 0.0000000000 0.0119940955 0.9814956188
-10.8533782959 56.2941131592 -2.2694437504 6.6306800842 0.0000000000 0.0000000000 0.0120746009 0.9803932905
-10.8625345230 56.3253517151 -2.2797601223 6.6275396347 0.0000000000 0.0000000000 0.0123334741 0.9789382815
-10.8717632294 56.3565711975 -2.2994987965 6.6240844727 0.0000000000 0.0000000000 0.0125478413 0.9776180983
-10.8810052872 56.3878211975 -2.2952952385 6.6168956757 0.0000000000 0.0000000000 0.0125383688 0.9768812060
-10.8902721405 56.4190902710 -2.2854690552 6.6101808548 0.0000000000 0.0000000000 0.0124101099 0.9766913056
-10.8995647430 56.4503784180 -2.2986423969 6.6076116562 0.0000000000 0.0000000000 0.0122290486 0.9763753414
-10.9088249207 56.4816703796 -2.3090083599 6.6036410332 0.0000000000 0.0000000000 0.0121351797 0.9758967161
-10.9179258347 56.5129241943 -2.3007731438 6.5974597931 0.0000000000 0.0000000000 0.0120334318 0.9751282930
-10.9269847870 56.5440826416 -2.2910273075 6.5923957825 0.0000000000 0.0000000000 0.0120276604 0.9739837646
