#         COST_U        COST_H      COST_D       COST_S       REGU_H       REGU_S          HPO           COSTGLEN 
294.1456604004 0.0000000000 0.0000000000 0.0000000000 368.4878234863 0.0000000000 1.7718815804
103.0269241333 0.0000000000 0.0000000000 0.1220799610 360.3058776855 0.0000000000 -0.1105200052
74.4174880981 0.0000000000 0.0000000000 0.3873454630 345.8545227051 0.0000000000 -0.3792812824
68.2977371216 0.0000000000 0.0000000000 0.7353529930 339.2084045410 0.0000000000 -0.3985913992
62.9383163452 0.0000000000 0.0000000000 1.1355862617 340.3421630859 0.0000000000 -0.3747502565
56.6081581116 0.0000000000 0.0000000000 1.5699393749 347.5229797363 0.0000000000 -0.3502688408
49.7990608215 0.0000000000 0.0000000000 2.0264003277 348.0037536621 0.0000000000 -0.3367063999
43.1473579407 0.0000000000 0.0000000000 2.4950323105 350.0013427734 0.0000000000 -0.3349237442
36.9567680359 0.0000000000 0.0000000000 2.9673187733 347.0597839355 0.0000000000 -0.3417950869
31.4461059570 0.0000000000 0.0000000000 3.4354288578 339.6208190918 0.0000000000 -0.3541722894
26.8819408417 0.0000000000 0.0000000000 3.8920345306 331.9223022461 0.0000000000 -0.3675694466
23.3924865723 0.0000000000 0.0000000000 4.3306326866 328.2080383301 0.0000000000 -0.3777626753
20.9272193909 0.0000000000 0.0000000000 4.7451457977 319.9289245605 0.0000000000 -0.3830199242
19.2817096710 0.0000000000 0.0000000000 5.1308689117 314.1234436035 0.0000000000 -0.3837828040
18.2142238617 0.0000000000 0.0000000000 5.4845080376 309.1444702148 0.0000000000 -0.3818260729
17.5226154327 0.0000000000 0.0000000000 5.8041672707 306.9244689941 0.0000000000 -0.3787354529
17.0545463562 0.0000000000 0.0000000000 6.0891938210 305.4206237793 0.0000000000 -0.3756691813
16.7037105560 0.0000000000 0.0000000000 6.3396892548 303.6777954102 0.0000000000 -0.3734027743
16.4068412781 0.0000000000 0.0000000000 6.5565614700 302.1380004883 0.0000000000 -0.3724094331
16.1418495178 0.0000000000 0.0000000000 6.7412605286 301.1170654297 0.0000000000 -0.3727397919
15.9027824402 0.0000000000 0.0000000000 6.8955349922 300.5341186523 0.0000000000 -0.3743129075
15.7017383575 0.0000000000 0.0000000000 7.0214419365 300.2016296387 0.0000000000 -0.3772337139
15.5652151108 0.0000000000 0.0000000000 7.1211957932 299.9427490234 0.0000000000 -0.3812183440
15.5164098740 0.0000000000 0.0000000000 7.1971101761 299.7281799316 0.0000000000 -0.3861646652
15.5872945786 0.0000000000 0.0000000000 7.2516674995 299.5249633789 0.0000000000 -0.3917765021
15.8122816086 0.0000000000 0.0000000000 7.2872076035 299.2611999512 0.0000000000 -0.3978371620
16.2217178345 0.0000000000 0.0000000000 7.3060970306 298.9453430176 0.0000000000 -0.4041232467
16.8396339417 0.0000000000 0.0000000000 7.3106021881 298.5693969727 0.0000000000 -0.4101984501
17.6724643707 0.0000000000 0.0000000000 7.3028736115 298.0145568848 0.0000000000 -0.4158883691
18.7257709503 0.0000000000 0.0000000000 7.2850270271 296.9638366699 0.0000000000 -0.4208670855
19.9858875275 0.0000000000 0.0000000000 7.2587532997 296.1196594238 0.0000000000 -0.4246924520
21.4187526703 0.0000000000 0.0000000000 7.2258949280 295.2005004883 0.0000000000 -0.4272495508
22.9685211182 0.0000000000 0.0000000000 7.1880760193 294.2915039062 0.0000000000 -0.4281499386
24.5288200378 0.0000000000 0.0000000000 7.1467590332 293.3348999023 0.0000000000 -0.4274297357
25.9556541443 0.0000000000 0.0000000000 7.1034450531 292.4672851562 0.0000000000 -0.4254431725
27.0952148438 0.0000000000 0.0000000000 7.0598144531 291.7920227051 0.0000000000 -0.4226676822
27.8064785004 0.0000000000 0.0000000000 7.0177779198 291.3587036133 0.0000000000 -0.4195673466
28.0123538971 0.0000000000 0.0000000000 6.9791898727 290.9019470215 0.0000000000 -0.4169286489
27.7079181671 0.0000000000 0.0000000000 6.9457883835 290.3234863281 0.0000000000 -0.4150147438
26.9540309906 0.0000000000 0.0000000000 6.9186677933 289.5724792480 0.0000000000 -0.4134672880
25.8827362061 0.0000000000 0.0000000000 6.8983159065 288.6769104004 0.0000000000 -0.4117249250
24.6358432770 0.0000000000 0.0000000000 6.8844966888 287.8610839844 0.0000000000 -0.4091399908
23.3522739410 0.0000000000 0.0000000000 6.8761777878 287.1119384766 0.0000000000 -0.4061216712
22.1343879700 0.0000000000 0.0000000000 6.8717269897 286.4997253418 0.0000000000 -0.4025882483
21.0421848297 0.0000000000 0.0000000000 6.8691473007 285.8832702637 0.0000000000 -0.3981938958
20.1094627380 0.0000000000 0.0000000000 6.8666687012 285.3209533691 0.0000000000 -0.3937341571
19.3469429016 0.0000000000 0.0000000000 6.8628740311 284.6461181641 0.0000000000 -0.3889980912
18.7525272369 0.0000000000 0.0000000000 6.8567047119 283.8900146484 0.0000000000 -0.3845087290
18.3160266876 0.0000000000 0.0000000000 6.8476314545 283.2275695801 0.0000000000 -0.3804538846
18.0213699341 0.0000000000 0.0000000000 6.8353228569 282.5972595215 0.0000000000 -0.3765549660
17.8458156586 0.0000000000 0.0000000000 6.8199067116 282.0070800781 0.0000000000 -0.3728382587
17.7565097809 0.0000000000 0.0000000000 6.8017354012 281.3663024902 0.0000000000 -0.3694574833
17.7168540955 0.0000000000 0.0000000000 6.7815747261 280.6791076660 0.0000000000 -0.3660827279
17.6921634674 0.0000000000 0.0000000000 6.7601656914 279.9378051758 0.0000000000 -0.3629688025
17.6541957855 0.0000000000 0.0000000000 6.7380337715 279.1879577637 0.0000000000 -0.3595152497
17.5793437958 0.0000000000 0.0000000000 6.7156872749 278.4004211426 0.0000000000 -0.3567116857
17.4507999420 0.0000000000 0.0000000000 6.6931433678 277.6631469727 0.0000000000 -0.3534259200
17.2580299377 0.0000000000 0.0000000000 6.6696758270 276.9884948730 0.0000000000 -0.3502684236
16.9984188080 0.0000000000 0.0000000000 6.6443881989 276.3390502930 0.0000000000 -0.3468897343
16.6825542450 0.0000000000 0.0000000000 6.6162996292 275.6377258301 0.0000000000 -0.3436496258
16.3197231293 0.0000000000 0.0000000000 6.5843372345 274.8314514160 0.0000000000 -0.3403766155
15.9202461243 0.0000000000 0.0000000000 6.5478229523 273.9319458008 0.0000000000 -0.3373945951
15.4982519150 0.0000000000 0.0000000000 6.5065093040 272.9811096191 0.0000000000 -0.3343993425
15.0700740814 0.0000000000 0.0000000000 6.4605836868 271.9498596191 0.0000000000 -0.3317232728
14.6513299942 0.0000000000 0.0000000000 6.4102053642 270.9017028809 0.0000000000 -0.3290218115
14.2512474060 0.0000000000 0.0000000000 6.3556618690 269.8606262207 0.0000000000 -0.3264688849
13.8777055740 0.0000000000 0.0000000000 6.2973980904 268.8536682129 0.0000000000 -0.3240612745
13.5298366547 0.0000000000 0.0000000000 6.2355070114 267.9521484375 0.0000000000 -0.3215326667
13.2041273117 0.0000000000 0.0000000000 6.1700038910 267.1184997559 0.0000000000 -0.3190968633
12.8984804153 0.0000000000 0.0000000000 6.1010308266 266.2917785645 0.0000000000 -0.3166604042
12.6119432449 0.0000000000 0.0000000000 6.0289807320 265.4903259277 0.0000000000 -0.3144572377
12.3466663361 0.0000000000 0.0000000000 5.9542579651 264.6961059570 0.0000000000 -0.3124471903
12.1050157547 0.0000000000 0.0000000000 5.8773646355 263.9474182129 0.0000000000 -0.3104799390
11.8895654678 0.0000000000 0.0000000000 5.7987585068 263.2449035645 0.0000000000 -0.3086295128
11.7026262283 0.0000000000 0.0000000000 5.7189006805 262.6079406738 0.0000000000 -0.3069804311
11.5441846848 0.0000000000 0.0000000000 5.6380076408 262.0252990723 0.0000000000 -0.3052742481
11.4140167236 0.0000000000 0.0000000000 5.5562720299 261.4649047852 0.0000000000 -0.3035310507
11.3065643311 0.0000000000 0.0000000000 5.4739832878 260.9054260254 0.0000000000 -0.3020283580
11.2154035568 0.0000000000 0.0000000000 5.3915247917 260.3255920410 0.0000000000 -0.3004760146
11.1324453354 0.0000000000 0.0000000000 5.3094391823 259.7337036133 0.0000000000 -0.2987747192
11.0493412018 0.0000000000 0.0000000000 5.2283205986 259.1319580078 0.0000000000 -0.2971796989
10.9593181610 0.0000000000 0.0000000000 5.1487827301 258.5277709961 0.0000000000 -0.2955489159
10.8568439484 0.0000000000 0.0000000000 5.0712590218 257.9318542480 0.0000000000 -0.2940793633
10.7393617630 0.0000000000 0.0000000000 4.9961271286 257.3386535645 0.0000000000 -0.2925049663
10.6070108414 0.0000000000 0.0000000000 4.9235591888 256.7486572266 0.0000000000 -0.2909601927
10.4639759064 0.0000000000 0.0000000000 4.8534746170 256.1910400391 0.0000000000 -0.2894179821
10.3158254623 0.0000000000 0.0000000000 4.7857351303 255.6433105469 0.0000000000 -0.2878947258
10.1675624847 0.0000000000 0.0000000000 4.7201523781 255.0918579102 0.0000000000 -0.2864041328
10.0264177322 0.0000000000 0.0000000000 4.6564965248 254.5427093506 0.0000000000 -0.2848998308
9.8966617584 0.0000000000 0.0000000000 4.5945639610 253.9973754883 0.0000000000 -0.2835291624
9.7804622650 0.0000000000 0.0000000000 4.5342173576 253.4525909424 0.0000000000 -0.2819067240
9.6791362762 0.0000000000 0.0000000000 4.4753193855 252.9111938477 0.0000000000 -0.2803217769
9.5941953659 0.0000000000 0.0000000000 4.4177956581 252.3812408447 0.0000000000 -0.2790034413
9.5219593048 0.0000000000 0.0000000000 4.3615951538 251.8712768555 0.0000000000 -0.2775764465
9.4591836929 0.0000000000 0.0000000000 4.3067197800 251.3782806396 0.0000000000 -0.2762247324
9.4022998810 0.0000000000 0.0000000000 4.2531762123 250.8993072510 0.0000000000 -0.2747986913
9.3480272293 0.0000000000 0.0000000000 4.2009973526 250.4287872314 0.0000000000 -0.2734148502
9.2932510376 0.0000000000 0.0000000000 4.1502308846 249.9730529785 0.0000000000 -0.2721251845
9.2355747223 0.0000000000 0.0000000000 4.1009383202 249.5293884277 0.0000000000 -0.2706946731
9.1727905273 0.0000000000 0.0000000000 4.0532083511 249.0908660889 0.0000000000 -0.2692897916
9.1041278839 0.0000000000 0.0000000000 4.0070972443 248.6499938965 0.0000000000 -0.2679233551
9.0308761597 0.0000000000 0.0000000000 3.9626042843 248.2132873535 0.0000000000 -0.2664754391
8.9540328979 0.0000000000 0.0000000000 3.9196484089 247.7828369141 0.0000000000 -0.2651528120
8.8756599426 0.0000000000 0.0000000000 3.8781089783 247.3499755859 0.0000000000 -0.2637612224
8.7972278595 0.0000000000 0.0000000000 3.8378453255 246.9111175537 0.0000000000 -0.2623778582
8.7198104858 0.0000000000 0.0000000000 3.7986526489 246.4690399170 0.0000000000 -0.2610260248
8.6442584991 0.0000000000 0.0000000000 3.7603273392 246.0172271729 0.0000000000 -0.2596002817
8.5719614029 0.0000000000 0.0000000000 3.7227766514 245.5687103271 0.0000000000 -0.2582958937
8.5035839081 0.0000000000 0.0000000000 3.6859066486 245.1210327148 0.0000000000 -0.2569680214
8.4383201599 0.0000000000 0.0000000000 3.6496737003 244.6752319336 0.0000000000 -0.2555826306
8.3757696152 0.0000000000 0.0000000000 3.6140425205 244.2618713379 0.0000000000 -0.2542936206
8.3156843185 0.0000000000 0.0000000000 3.5789341927 243.8420715332 0.0000000000 -0.2531054616
8.2573404312 0.0000000000 0.0000000000 3.5443165302 243.4355163574 0.0000000000 -0.2517987788
8.2001380920 0.0000000000 0.0000000000 3.5101940632 243.0278167725 0.0000000000 -0.2505535483
8.1434669495 0.0000000000 0.0000000000 3.4765439034 242.6041107178 0.0000000000 -0.2493480444
8.0871963501 0.0000000000 0.0000000000 3.4433591366 242.1690368652 0.0000000000 -0.2480516732
8.0313749313 0.0000000000 0.0000000000 3.4106240273 241.7416076660 0.0000000000 -0.2469472289
7.9760460854 0.0000000000 0.0000000000 3.3783826828 241.3038482666 0.0000000000 -0.2457675934
7.9218082428 0.0000000000 0.0000000000 3.3466842175 240.8459472656 0.0000000000 -0.2445902526
7.8682198524 0.0000000000 0.0000000000 3.3155369759 240.3913116455 0.0000000000 -0.2434700727
7.8152365685 0.0000000000 0.0000000000 3.2849512100 239.9442901611 0.0000000000 -0.2422947884
7.7636322975 0.0000000000 0.0000000000 3.2549879551 239.4761505127 0.0000000000 -0.2412191033
7.7135033607 0.0000000000 0.0000000000 3.2256879807 239.0097961426 0.0000000000 -0.2400514483
7.6639618874 0.0000000000 0.0000000000 3.1970922947 238.5522308350 0.0000000000 -0.2389840484
7.6145844460 0.0000000000 0.0000000000 3.1692013741 238.0874328613 0.0000000000 -0.2378917933
7.5655241013 0.0000000000 0.0000000000 3.1419658661 237.6212005615 0.0000000000 -0.2368137240
7.5167164803 0.0000000000 0.0000000000 3.1153845787 237.1679382324 0.0000000000 -0.2357360125
7.4673676491 0.0000000000 0.0000000000 3.0894527435 236.7356719971 0.0000000000 -0.2347563505
7.4179282188 0.0000000000 0.0000000000 3.0641760826 236.3423004150 0.0000000000 -0.2336568534
7.3686900139 0.0000000000 0.0000000000 3.0394957066 235.9349517822 0.0000000000 -0.2326387763
7.3199753761 0.0000000000 0.0000000000 3.0154066086 235.5160675049 0.0000000000 -0.2316107750
7.2722086906 0.0000000000 0.0000000000 2.9918689728 235.1049194336 0.0000000000 -0.2306410670
7.2251014709 0.0000000000 0.0000000000 2.9687879086 234.7054748535 0.0000000000 -0.2296285331
7.1788091660 0.0000000000 0.0000000000 2.9460968971 234.3230285645 0.0000000000 -0.2286800444
7.1335163116 0.0000000000 0.0000000000 2.9237215519 233.9546813965 0.0000000000 -0.2277292609
7.0890774727 0.0000000000 0.0000000000 2.9016208649 233.5822753906 0.0000000000 -0.2267969251
7.0461454391 0.0000000000 0.0000000000 2.8798427582 233.2151489258 0.0000000000 -0.2258639932
7.0051951408 0.0000000000 0.0000000000 2.8584423065 232.8543701172 0.0000000000 -0.2249960899
6.9659881592 0.0000000000 0.0000000000 2.8374655247 232.4851531982 0.0000000000 -0.2240504026
6.9282627106 0.0000000000 0.0000000000 2.8168807030 232.1189270020 0.0000000000 -0.2231661975
6.8924136162 0.0000000000 0.0000000000 2.7966485023 231.7449340820 0.0000000000 -0.2222821116
6.8583769798 0.0000000000 0.0000000000 2.7766957283 231.3752899170 0.0000000000 -0.2213885784
6.8262867928 0.0000000000 0.0000000000 2.7569482327 231.0068359375 0.0000000000 -0.2205182314
6.7959671021 0.0000000000 0.0000000000 2.7373230457 230.6342315674 0.0000000000 -0.2196540236
6.7674412727 0.0000000000 0.0000000000 2.7177846432 230.2696380615 0.0000000000 -0.2188003659
6.7403512001 0.0000000000 0.0000000000 2.6983618736 229.9203186035 0.0000000000 -0.2179475427
6.7147574425 0.0000000000 0.0000000000 2.6792271137 229.5524749756 0.0000000000 -0.2171081305
6.6900877953 0.0000000000 0.0000000000 2.6603517532 229.1839599609 0.0000000000 -0.2162762880
6.6666092873 0.0000000000 0.0000000000 2.6416907310 228.8123168945 0.0000000000 -0.2154114246
6.6441249847 0.0000000000 0.0000000000 2.6232087612 228.4395294189 0.0000000000 -0.2146307826
6.6228146553 0.0000000000 0.0000000000 2.6049144268 228.0589599609 0.0000000000 -0.2138268054
6.6025867462 0.0000000000 0.0000000000 2.5868742466 227.6829681396 0.0000000000 -0.2129897773
6.5832409859 0.0000000000 0.0000000000 2.5691127777 227.3203887939 0.0000000000 -0.2121753693
6.5649023056 0.0000000000 0.0000000000 2.5516803265 226.9620513916 0.0000000000 -0.2114241719
6.5475859642 0.0000000000 0.0000000000 2.5345139503 226.6124267578 0.0000000000 -0.2105900049
6.5311961174 0.0000000000 0.0000000000 2.5175116062 226.2695007324 0.0000000000 -0.2098351419
6.5154409409 0.0000000000 0.0000000000 2.5005428791 225.9190521240 0.0000000000 -0.2090655565
6.5001215935 0.0000000000 0.0000000000 2.4834949970 225.5665893555 0.0000000000 -0.2082953453
6.4852600098 0.0000000000 0.0000000000 2.4663288593 225.2214355469 0.0000000000 -0.2075424790
6.4702129364 0.0000000000 0.0000000000 2.4490756989 224.8736267090 0.0000000000 -0.2067736387
6.4550609589 0.0000000000 0.0000000000 2.4317700863 224.5183105469 0.0000000000 -0.2058839798
6.4398880005 0.0000000000 0.0000000000 2.4144713879 224.1615905762 0.0000000000 -0.2052687407
6.4248108864 0.0000000000 0.0000000000 2.3972649574 223.8023681641 0.0000000000 -0.2045199275
6.4098000526 0.0000000000 0.0000000000 2.3801887035 223.4408111572 0.0000000000 -0.2037610412
6.3952169418 0.0000000000 0.0000000000 2.3632054329 223.0767211914 0.0000000000 -0.2030404806
6.3812389374 0.0000000000 0.0000000000 2.3463439941 222.7197723389 0.0000000000 -0.2023086846
6.3677964211 0.0000000000 0.0000000000 2.3296062946 222.3789978027 0.0000000000 -0.2015962601
6.3549342155 0.0000000000 0.0000000000 2.3131065369 222.0522766113 0.0000000000 -0.2008728981
6.3427195549 0.0000000000 0.0000000000 2.2968814373 221.7242279053 0.0000000000 -0.2001506090
6.3308968544 0.0000000000 0.0000000000 2.2810015678 221.4305419922 0.0000000000 -0.1994619370
6.3194203377 0.0000000000 0.0000000000 2.2654337883 221.1313476562 0.0000000000 -0.1988119483
6.3084335327 0.0000000000 0.0000000000 2.2501978874 220.8288116455 0.0000000000 -0.1980803013
6.2980117798 0.0000000000 0.0000000000 2.2351286411 220.5493774414 0.0000000000 -0.1974203885
6.2876038551 0.0000000000 0.0000000000 2.2200949192 220.2796173096 0.0000000000 -0.1967262924
6.2771992683 0.0000000000 0.0000000000 2.2051272392 220.0253143311 0.0000000000 -0.1960729361
6.2670044899 0.0000000000 0.0000000000 2.1902952194 219.7748718262 0.0000000000 -0.1954300702
6.2570705414 0.0000000000 0.0000000000 2.1756925583 219.5296325684 0.0000000000 -0.1947667897
6.2476291656 0.0000000000 0.0000000000 2.1614468098 219.2486877441 0.0000000000 -0.1941654980
6.2384128571 0.0000000000 0.0000000000 2.1474182606 218.9874420166 0.0000000000 -0.1935190260
6.2296371460 0.0000000000 0.0000000000 2.1335773468 218.7245483398 0.0000000000 -0.1928932071
6.2216801643 0.0000000000 0.0000000000 2.1198980808 218.4732971191 0.0000000000 -0.1922808588
6.2144527435 0.0000000000 0.0000000000 2.1063632965 218.2115478516 0.0000000000 -0.1916625798
6.2080235481 0.0000000000 0.0000000000 2.0929193497 217.9478759766 0.0000000000 -0.1910619140
6.2023048401 0.0000000000 0.0000000000 2.0795428753 217.6787109375 0.0000000000 -0.1904043853
6.1970143318 0.0000000000 0.0000000000 2.0662000179 217.3985290527 0.0000000000 -0.1898432076
6.1923751831 0.0000000000 0.0000000000 2.0528481007 217.1179962158 0.0000000000 -0.1892476976
6.1882505417 0.0000000000 0.0000000000 2.0394909382 216.8488616943 0.0000000000 -0.1886569262
6.1845407486 0.0000000000 0.0000000000 2.0261635780 216.5702972412 0.0000000000 -0.1880697012
6.1812214851 0.0000000000 0.0000000000 2.0128719807 216.2670898438 0.0000000000 -0.1874082088
6.1780643463 0.0000000000 0.0000000000 1.9996118546 215.9868927002 0.0000000000 -0.1868688464
6.1749401093 0.0000000000 0.0000000000 1.9864445925 215.7102355957 0.0000000000 -0.1863517761
6.1720237732 0.0000000000 0.0000000000 1.9733903408 215.4430084229 0.0000000000 -0.1857900023
6.1694049835 0.0000000000 0.0000000000 1.9604800940 215.1749420166 0.0000000000 -0.1852230132
6.1671471596 0.0000000000 0.0000000000 1.9477491379 214.9152221680 0.0000000000 -0.1846897602
6.1651511192 0.0000000000 0.0000000000 1.9352027178 214.6519165039 0.0000000000 -0.1841338277
6.1633005142 0.0000000000 0.0000000000 1.9228289127 214.3916015625 0.0000000000 -0.1835914254
6.1614856720 0.0000000000 0.0000000000 1.9106417894 214.1347808838 0.0000000000 -0.1830513179
6.1597375870 0.0000000000 0.0000000000 1.8986849785 213.8793487549 0.0000000000 -0.1824786663
6.1580600739 0.0000000000 0.0000000000 1.8870400190 213.6324005127 0.0000000000 -0.1819739342
6.1565160751 0.0000000000 0.0000000000 1.8757342100 213.3844909668 0.0000000000 -0.1814398766
6.1550664902 0.0000000000 0.0000000000 1.8647476435 213.1427764893 0.0000000000 -0.1809027791
6.1537175179 0.0000000000 0.0000000000 1.8541089296 212.9043884277 0.0000000000 -0.1803706884
6.1523084641 0.0000000000 0.0000000000 1.8438603878 212.6616973877 0.0000000000 -0.1798492074
6.1507930756 0.0000000000 0.0000000000 1.8339660168 212.4170684814 0.0000000000 -0.1793126464
6.1492109299 0.0000000000 0.0000000000 1.8241350651 212.1740875244 0.0000000000 -0.1787852049
6.1476640701 0.0000000000 0.0000000000 1.8141715527 211.9422912598 0.0000000000 -0.1782713532
6.1461272240 0.0000000000 0.0000000000 1.8040788174 211.7148284912 0.0000000000 -0.1777521968
6.1448235512 0.0000000000 0.0000000000 1.7939506769 211.4902801514 0.0000000000 -0.1772137284
6.1436667442 0.0000000000 0.0000000000 1.7838503122 211.2792816162 0.0000000000 -0.1767395139
6.1428399086 0.0000000000 0.0000000000 1.7738410234 211.0739135742 0.0000000000 -0.1762321591
6.1424703598 0.0000000000 0.0000000000 1.7639045715 210.8657531738 0.0000000000 -0.1757405400
6.1429519653 0.0000000000 0.0000000000 1.7539721727 210.6455688477 0.0000000000 -0.1752501428
6.1442451477 0.0000000000 0.0000000000 1.7440475225 210.4517974854 0.0000000000 -0.1747702360
6.1463861465 0.0000000000 0.0000000000 1.7341909409 210.2610778809 0.0000000000 -0.1742784679
6.1493554115 0.0000000000 0.0000000000 1.7244313955 210.0496520996 0.0000000000 -0.1738074422
6.1530141830 0.0000000000 0.0000000000 1.7147821188 209.8425292969 0.0000000000 -0.1733354330
6.1571860313 0.0000000000 0.0000000000 1.7052177191 209.6396789551 0.0000000000 -0.1728703678
6.1617951393 0.0000000000 0.0000000000 1.6957349777 209.4376678467 0.0000000000 -0.1724060178
6.1664757729 0.0000000000 0.0000000000 1.6863260269 209.2447814941 0.0000000000 -0.1719580591
6.1709818840 0.0000000000 0.0000000000 1.6770601273 209.0374603271 0.0000000000 -0.1715068221
6.1754865646 0.0000000000 0.0000000000 1.6680495739 208.8213958740 0.0000000000 -0.1710522175
6.1800513268 0.0000000000 0.0000000000 1.6594475508 208.6064910889 0.0000000000 -0.1706213653
6.1847720146 0.0000000000 0.0000000000 1.6513323784 208.3941955566 0.0000000000 -0.1701823473
6.1895513535 0.0000000000 0.0000000000 1.6437158585 208.1931762695 0.0000000000 -0.1697403491
6.1944160461 0.0000000000 0.0000000000 1.6365727186 207.9946289062 0.0000000000 -0.1693061590
6.1994347572 0.0000000000 0.0000000000 1.6297750473 207.7973175049 0.0000000000 -0.1688774824
6.2044858932 0.0000000000 0.0000000000 1.6232212782 207.6059112549 0.0000000000 -0.1684559882
6.2096714973 0.0000000000 0.0000000000 1.6166253090 207.4328613281 0.0000000000 -0.1680391133
6.2150845528 0.0000000000 0.0000000000 1.6097728014 207.2698211670 0.0000000000 -0.1676312089
6.2206125259 0.0000000000 0.0000000000 1.6026673317 207.1156158447 0.0000000000 -0.1672119200
6.2263932228 0.0000000000 0.0000000000 1.5954396725 206.9743804932 0.0000000000 -0.1668703556
6.2323894501 0.0000000000 0.0000000000 1.5882780552 206.8310089111 0.0000000000 -0.1664237976
6.2385687828 0.0000000000 0.0000000000 1.5812577009 206.6928405762 0.0000000000 -0.1660327315
6.2449254990 0.0000000000 0.0000000000 1.5742667913 206.5481872559 0.0000000000 -0.1656289995
6.2515091896 0.0000000000 0.0000000000 1.5672124624 206.3975524902 0.0000000000 -0.1652411819
6.2583041191 0.0000000000 0.0000000000 1.5600390434 206.2493133545 0.0000000000 -0.1648749113
6.2653217316 0.0000000000 0.0000000000 1.5527272224 206.0927276611 0.0000000000 -0.1644965112
6.2727136612 0.0000000000 0.0000000000 1.5452691317 205.9144592285 0.0000000000 -0.1641241908
6.2803421021 0.0000000000 0.0000000000 1.5377562046 205.7334747314 0.0000000000 -0.1637477875
6.2881937027 0.0000000000 0.0000000000 1.5302618742 205.5486907959 0.0000000000 -0.1633791924
6.2963776588 0.0000000000 0.0000000000 1.5227603912 205.3586578369 0.0000000000 -0.1630165875
6.3049731255 0.0000000000 0.0000000000 1.5152304173 205.1592102051 0.0000000000 -0.1626527607
6.3137536049 0.0000000000 0.0000000000 1.5077049732 204.9563140869 0.0000000000 -0.1623160243
6.3226032257 0.0000000000 0.0000000000 1.5002015829 204.7462768555 0.0000000000 -0.1619567871
6.3318405151 0.0000000000 0.0000000000 1.4927258492 204.5447082520 0.0000000000 -0.1615911722
6.3413906097 0.0000000000 0.0000000000 1.4853426218 204.3526306152 0.0000000000 -0.1612701714
6.3512701988 0.0000000000 0.0000000000 1.4780670404 204.1643371582 0.0000000000 -0.1609345675
6.3612599373 0.0000000000 0.0000000000 1.4709945917 203.9761962891 0.0000000000 -0.1605947316
6.3711757660 0.0000000000 0.0000000000 1.4641419649 203.7893371582 0.0000000000 -0.1602597237
6.3812751770 0.0000000000 0.0000000000 1.4575129747 203.6111755371 0.0000000000 -0.1599484384
6.3914070129 0.0000000000 0.0000000000 1.4511183500 203.4397735596 0.0000000000 -0.1595966816
6.4015536308 0.0000000000 0.0000000000 1.4449697733 203.2664947510 0.0000000000 -0.1592900157
6.4114975929 0.0000000000 0.0000000000 1.4391198158 203.1103973389 0.0000000000 -0.1589692235
6.4211730957 0.0000000000 0.0000000000 1.4335932732 202.9378967285 0.0000000000 -0.1586542428
6.4306421280 0.0000000000 0.0000000000 1.4284400940 202.7715148926 0.0000000000 -0.1583377123
6.4399118423 0.0000000000 0.0000000000 1.4236605167 202.5968322754 0.0000000000 -0.1580384970
6.4488887787 0.0000000000 0.0000000000 1.4192365408 202.4178314209 0.0000000000 -0.1577295959
6.4576745033 0.0000000000 0.0000000000 1.4151550531 202.2297363281 0.0000000000 -0.1574153304
6.4660730362 0.0000000000 0.0000000000 1.4113950729 202.0407104492 0.0000000000 -0.1571116149
6.4741377831 0.0000000000 0.0000000000 1.4079154730 201.8535308838 0.0000000000 -0.1568043828
6.4819355011 0.0000000000 0.0000000000 1.4047111273 201.6683349609 0.0000000000 -0.1565508246
6.4897813797 0.0000000000 0.0000000000 1.4018090963 201.4845581055 0.0000000000 -0.1561948657
6.4976601601 0.0000000000 0.0000000000 1.3991910219 201.3044891357 0.0000000000 -0.1558905840
6.5057029724 0.0000000000 0.0000000000 1.3968687057 201.1315765381 0.0000000000 -0.1556123197
6.5141263008 0.0000000000 0.0000000000 1.3947675228 200.9675140381 0.0000000000 -0.1553004682
6.5227270126 0.0000000000 0.0000000000 1.3928025961 200.8048553467 0.0000000000 -0.1550098360
6.5315971375 0.0000000000 0.0000000000 1.3908813000 200.6410522461 0.0000000000 -0.1547094882
6.5405836105 0.0000000000 0.0000000000 1.3888503313 200.4805755615 0.0000000000 -0.1544828713
6.5495262146 0.0000000000 0.0000000000 1.3866080046 200.3266296387 0.0000000000 -0.1541332603
6.5584421158 0.0000000000 0.0000000000 1.3840905428 200.1851348877 0.0000000000 -0.1538482308
6.5673828125 0.0000000000 0.0000000000 1.3813046217 200.0413208008 0.0000000000 -0.1535719633
6.5763072968 0.0000000000 0.0000000000 1.3783068657 199.8938293457 0.0000000000 -0.1532951891
6.5853462219 0.0000000000 0.0000000000 1.3751796484 199.7452392578 0.0000000000 -0.1530197859
6.5945715904 0.0000000000 0.0000000000 1.3719584942 199.6277618408 0.0000000000 -0.1527398527
6.6038384438 0.0000000000 0.0000000000 1.3687369823 199.4677581787 0.0000000000 -0.1524735391
6.6130428314 0.0000000000 0.0000000000 1.3655426502 199.3191528320 0.0000000000 -0.1522022486
6.6221055984 0.0000000000 0.0000000000 1.3624511957 199.1680145264 0.0000000000 -0.1519542933
6.6309251785 0.0000000000 0.0000000000 1.3594305515 199.0181121826 0.0000000000 -0.1516538560
6.6396450996 0.0000000000 0.0000000000 1.3562965393 198.8721923828 0.0000000000 -0.1514121890
6.6482925415 0.0000000000 0.0000000000 1.3528534174 198.7235565186 0.0000000000 -0.1511554718
6.6571860313 0.0000000000 0.0000000000 1.3489921093 198.5586395264 0.0000000000 -0.1509052515
6.6663269997 0.0000000000 0.0000000000 1.3448396921 198.3844757080 0.0000000000 -0.1506508589
6.6758341789 0.0000000000 0.0000000000 1.3404930830 198.2108917236 0.0000000000 -0.1503962576
6.6857762337 0.0000000000 0.0000000000 1.3361215591 198.0342559814 0.0000000000 -0.1501497626
6.6959867477 0.0000000000 0.0000000000 1.3318721056 197.8595886230 0.0000000000 -0.1499005556
6.7065510750 0.0000000000 0.0000000000 1.3278267384 197.6817169189 0.0000000000 -0.1496574581
6.7173252106 0.0000000000 0.0000000000 1.3240609169 197.5056152344 0.0000000000 -0.1494170725
6.7285170555 0.0000000000 0.0000000000 1.3206057549 197.3383331299 0.0000000000 -0.1491616666
6.7399439812 0.0000000000 0.0000000000 1.3174413443 197.1681213379 0.0000000000 -0.1489114165
6.7515821457 0.0000000000 0.0000000000 1.3145160675 196.9991149902 0.0000000000 -0.1486630738
6.7633466721 0.0000000000 0.0000000000 1.3117303848 196.8382415771 0.0000000000 -0.1484104693
6.7751965523 0.0000000000 0.0000000000 1.3089269400 196.6878509521 0.0000000000 -0.1481618285
6.7870783806 0.0000000000 0.0000000000 1.3060534000 196.5436401367 0.0000000000 -0.1479246616
6.7988867760 0.0000000000 0.0000000000 1.3031233549 196.4047698975 0.0000000000 -0.1476562023
6.8104619980 0.0000000000 0.0000000000 1.3002071381 196.2705535889 0.0000000000 -0.1474059224
6.8217740059 0.0000000000 0.0000000000 1.2973352671 196.1402740479 0.0000000000 -0.1471776366
6.8329644203 0.0000000000 0.0000000000 1.2945870161 196.0241088867 0.0000000000 -0.1469092667
6.8439836502 0.0000000000 0.0000000000 1.2918671370 195.9058532715 0.0000000000 -0.1466669440
6.8550939560 0.0000000000 0.0000000000 1.2891550064 195.7863006592 0.0000000000 -0.1464248598
6.8664069176 0.0000000000 0.0000000000 1.2865388393 195.6734924316 0.0000000000 -0.1461873055
6.8778781891 0.0000000000 0.0000000000 1.2840871811 195.5616912842 0.0000000000 -0.1459445059
6.8896045685 0.0000000000 0.0000000000 1.2818728685 195.4529571533 0.0000000000 -0.1457059979
6.9014587402 0.0000000000 0.0000000000 1.2798203230 195.3447875977 0.0000000000 -0.1454746127
6.9134140015 0.0000000000 0.0000000000 1.2779166698 195.2315826416 0.0000000000 -0.1452467740
6.9254751205 0.0000000000 0.0000000000 1.2761452198 195.1271514893 0.0000000000 -0.1450153887
6.9376897812 0.0000000000 0.0000000000 1.2744128704 195.0333557129 0.0000000000 -0.1448063850
6.9500670433 0.0000000000 0.0000000000 1.2726004124 194.9473114014 0.0000000000 -0.1445819139
6.9622759819 0.0000000000 0.0000000000 1.2707649469 194.8357543945 0.0000000000 -0.1443622708
6.9741873741 0.0000000000 0.0000000000 1.2689783573 194.7666778564 0.0000000000 -0.1441425681
6.9858517647 0.0000000000 0.0000000000 1.2672399282 194.6882019043 0.0000000000 -0.1439326704
6.9973726273 0.0000000000 0.0000000000 1.2655775547 194.6158294678 0.0000000000 -0.1437268555
7.0090675354 0.0000000000 0.0000000000 1.2639559507 194.5415496826 0.0000000000 -0.1435010135
7.0208101273 0.0000000000 0.0000000000 1.2623839378 194.4768981934 0.0000000000 -0.1432898641
7.0327019691 0.0000000000 0.0000000000 1.2608412504 194.4181365967 0.0000000000 -0.1430854499
7.0447559357 0.0000000000 0.0000000000 1.2593412399 194.3434753418 0.0000000000 -0.1428576708
7.0570478439 0.0000000000 0.0000000000 1.2578284740 194.2902679443 0.0000000000 -0.1426621079
7.0695986748 0.0000000000 0.0000000000 1.2562371492 194.2401580811 0.0000000000 -0.1424472332
7.0823755264 0.0000000000 0.0000000000 1.2545001507 194.1895751953 0.0000000000 -0.1422574222
7.0952801704 0.0000000000 0.0000000000 1.2526371479 194.1500091553 0.0000000000 -0.1420862675
7.1082935333 0.0000000000 0.0000000000 1.2507466078 194.1062622070 0.0000000000 -0.1419158578
7.1215925217 0.0000000000 0.0000000000 1.2488414049 194.0591278076 0.0000000000 -0.1416817307
7.1349525452 0.0000000000 0.0000000000 1.2469958067 194.0130615234 0.0000000000 -0.1414917707
7.1485500336 0.0000000000 0.0000000000 1.2452172041 193.9659118652 0.0000000000 -0.1413117051
7.1621208191 0.0000000000 0.0000000000 1.2435934544 193.9172210693 0.0000000000 -0.1411315203
7.1758108139 0.0000000000 0.0000000000 1.2422064543 193.8729095459 0.0000000000 -0.1409565806
7.1896896362 0.0000000000 0.0000000000 1.2411403656 193.8212738037 0.0000000000 -0.1407840848
7.2033443451 0.0000000000 0.0000000000 1.2404218912 193.7645111084 0.0000000000 -0.1406192482
7.2165956497 0.0000000000 0.0000000000 1.2399592400 193.7048339844 0.0000000000 -0.1404426396
7.2294611931 0.0000000000 0.0000000000 1.2396320105 193.6478881836 0.0000000000 -0.1402767301
7.2420177460 0.0000000000 0.0000000000 1.2392749786 193.5959014893 0.0000000000 -0.1401211619
7.2542743683 0.0000000000 0.0000000000 1.2387512922 193.5475158691 0.0000000000 -0.1399524212
7.2663478851 0.0000000000 0.0000000000 1.2379558086 193.4969940186 0.0000000000 -0.1397840679
7.2782797813 0.0000000000 0.0000000000 1.2368166447 193.4429626465 0.0000000000 -0.1396260858
7.2900481224 0.0000000000 0.0000000000 1.2353231907 193.3801879883 0.0000000000 -0.1394617856
7.3016819954 0.0000000000 0.0000000000 1.2336126566 193.3229522705 0.0000000000 -0.1393010318
7.3132095337 0.0000000000 0.0000000000 1.2317378521 193.2682495117 0.0000000000 -0.1391516924
7.3246459961 0.0000000000 0.0000000000 1.2297273874 193.2097015381 0.0000000000 -0.1390251219
7.3359813690 0.0000000000 0.0000000000 1.2275952101 193.1515960693 0.0000000000 -0.1388583183
7.3470287323 0.0000000000 0.0000000000 1.2253787518 193.0905761719 0.0000000000 -0.1387178302
7.3575654030 0.0000000000 0.0000000000 1.2231003046 193.0304412842 0.0000000000 -0.1385813951
7.3677072525 0.0000000000 0.0000000000 1.2207828760 192.9690551758 0.0000000000 -0.1384476125
7.3774318695 0.0000000000 0.0000000000 1.2184849977 192.9176177979 0.0000000000 -0.1383138597
7.3870177269 0.0000000000 0.0000000000 1.2162638903 192.8600769043 0.0000000000 -0.1382257342
7.3962321281 0.0000000000 0.0000000000 1.2141954899 192.8042297363 0.0000000000 -0.1380439997
7.4052004814 0.0000000000 0.0000000000 1.2123085260 192.7536010742 0.0000000000 -0.1379027069
7.4140667915 0.0000000000 0.0000000000 1.2105895281 192.7144317627 0.0000000000 -0.1377940476
7.4228878021 0.0000000000 0.0000000000 1.2090229988 192.6878204346 0.0000000000 -0.1376737058
7.4315018654 0.0000000000 0.0000000000 1.2075920105 192.6393890381 0.0000000000 -0.1375494301
7.4401869774 0.0000000000 0.0000000000 1.2062305212 192.6097412109 0.0000000000 -0.1374524832
7.4490261078 0.0000000000 0.0000000000 1.2049093246 192.5892486572 0.0000000000 -0.1373150349
7.4579992294 0.0000000000 0.0000000000 1.2036030293 192.5546569824 0.0000000000 -0.1372066140
7.4672474861 0.0000000000 0.0000000000 1.2023131847 192.5059814453 0.0000000000 -0.1370840967
7.4765329361 0.0000000000 0.0000000000 1.2011367083 192.4591827393 0.0000000000 -0.1369626522
7.4858932495 0.0000000000 0.0000000000 1.2000086308 192.4123535156 0.0000000000 -0.1368786693
7.4952101707 0.0000000000 0.0000000000 1.1989139318 192.3721313477 0.0000000000 -0.1367468238
7.5047249794 0.0000000000 0.0000000000 1.1977788210 192.3311920166 0.0000000000 -0.1366347671
7.5141959190 0.0000000000 0.0000000000 1.1965955496 192.2884368896 0.0000000000 -0.1365209520
7.5235671997 0.0000000000 0.0000000000 1.1954386234 192.2501678467 0.0000000000 -0.1364061534
7.5331211090 0.0000000000 0.0000000000 1.1942826509 192.2078399658 0.0000000000 -0.1362879276
7.5428142548 0.0000000000 0.0000000000 1.1931574345 192.1625213623 0.0000000000 -0.1361674368
7.5527558327 0.0000000000 0.0000000000 1.1921386719 192.1154785156 0.0000000000 -0.1360489428
7.5627608299 0.0000000000 0.0000000000 1.1912616491 192.0674896240 0.0000000000 -0.1359190345
7.5725855827 0.0000000000 0.0000000000 1.1905245781 192.0303497314 0.0000000000 -0.1358068883
7.5822134018 0.0000000000 0.0000000000 1.1899263859 191.9979705811 0.0000000000 -0.1356871128
7.5916523933 0.0000000000 0.0000000000 1.1893968582 191.9683532715 0.0000000000 -0.1355668604
7.6009650230 0.0000000000 0.0000000000 1.1888673306 191.9496154785 0.0000000000 -0.1354541481
7.6100540161 0.0000000000 0.0000000000 1.1882367134 191.9366607666 0.0000000000 -0.1353287101
7.6189832687 0.0000000000 0.0000000000 1.1874734163 191.9288024902 0.0000000000 -0.1352107823
7.6278219223 0.0000000000 0.0000000000 1.1866397858 191.9260406494 0.0000000000 -0.1350893974
7.6362972260 0.0000000000 0.0000000000 1.1858071089 191.9265136719 0.0000000000 -0.1349636614
7.6443896294 0.0000000000 0.0000000000 1.1849446297 191.9152679443 0.0000000000 -0.1348519921
7.6523208618 0.0000000000 0.0000000000 1.1839804649 191.9069824219 0.0000000000 -0.1347346306
7.6602554321 0.0000000000 0.0000000000 1.1829156876 191.9016113281 0.0000000000 -0.1346158087
7.6680836678 0.0000000000 0.0000000000 1.1816953421 191.9003143311 0.0000000000 -0.1345026493
7.6758661270 0.0000000000 0.0000000000 1.1803597212 191.8971099854 0.0000000000 -0.1343902051
7.6835765839 0.0000000000 0.0000000000 1.1790189743 191.8852996826 0.0000000000 -0.1342736483
7.6912970543 0.0000000000 0.0000000000 1.1777830124 191.8659210205 0.0000000000 -0.1341622472
7.6989693642 0.0000000000 0.0000000000 1.1767055988 191.8365478516 0.0000000000 -0.1340413094
7.7067446709 0.0000000000 0.0000000000 1.1757423878 191.8036956787 0.0000000000 -0.1339287162
7.7146978378 0.0000000000 0.0000000000 1.1748502254 191.7643890381 0.0000000000 -0.1338133812
7.7229428291 0.0000000000 0.0000000000 1.1739698648 191.7139129639 0.0000000000 -0.1336853206
7.7314543724 0.0000000000 0.0000000000 1.1730872393 191.6688995361 0.0000000000 -0.1335806549
7.7401661873 0.0000000000 0.0000000000 1.1723434925 191.6236114502 0.0000000000 -0.1334610879
7.7488160133 0.0000000000 0.0000000000 1.1717880964 191.5773315430 0.0000000000 -0.1333449781
7.7575497627 0.0000000000 0.0000000000 1.1713248491 191.5345001221 0.0000000000 -0.1332294047
7.7665019035 0.0000000000 0.0000000000 1.1708877087 191.4929809570 0.0000000000 -0.1330978274
7.7756633759 0.0000000000 0.0000000000 1.1704704762 191.4469909668 0.0000000000 -0.1329780519
7.7850527763 0.0000000000 0.0000000000 1.1702008247 191.4001159668 0.0000000000 -0.1328485310
7.7945513725 0.0000000000 0.0000000000 1.1700884104 191.3511199951 0.0000000000 -0.1327286661
7.8040771484 0.0000000000 0.0000000000 1.1700923443 191.2992095947 0.0000000000 -0.1325993538
7.8137583733 0.0000000000 0.0000000000 1.1700984240 191.2377166748 0.0000000000 -0.1324756145
7.8234920502 0.0000000000 0.0000000000 1.1700775623 191.1706695557 0.0000000000 -0.1323507428
7.8333101273 0.0000000000 0.0000000000 1.1699777842 191.1032714844 0.0000000000 -0.1322283149
7.8430132866 0.0000000000 0.0000000000 1.1697752476 191.0362548828 0.0000000000 -0.1321045756
7.8526291847 0.0000000000 0.0000000000 1.1694878340 190.9605102539 0.0000000000 -0.1319832504
7.8617658615 0.0000000000 0.0000000000 1.1692376137 190.8824005127 0.0000000000 -0.1318608522
7.8703389168 0.0000000000 0.0000000000 1.1690537930 190.7978210449 0.0000000000 -0.1317363977
7.8786273003 0.0000000000 0.0000000000 1.1688160896 190.7175903320 0.0000000000 -0.1316187978
7.8867044449 0.0000000000 0.0000000000 1.1685545444 190.6379699707 0.0000000000 -0.1314910352
7.8946361542 0.0000000000 0.0000000000 1.1682603359 190.5668487549 0.0000000000 -0.1313743889
7.9025096893 0.0000000000 0.0000000000 1.1678488255 190.5082550049 0.0000000000 -0.1312553585
7.9102377892 0.0000000000 0.0000000000 1.1673153639 190.4559478760 0.0000000000 -0.1311281621
7.9177904129 0.0000000000 0.0000000000 1.1666880846 190.4217681885 0.0000000000 -0.1310239732
7.9251079559 0.0000000000 0.0000000000 1.1659904718 190.3959350586 0.0000000000 -0.1309137642
7.9320855141 0.0000000000 0.0000000000 1.1651695967 190.3804168701 0.0000000000 -0.1308013499
7.9388003349 0.0000000000 0.0000000000 1.1643133163 190.3718719482 0.0000000000 -0.1306976080
7.9455022812 0.0000000000 0.0000000000 1.1635408401 190.3662109375 0.0000000000 -0.1305958033
7.9521484375 0.0000000000 0.0000000000 1.1629086733 190.3576354980 0.0000000000 -0.1304855347
7.9586982727 0.0000000000 0.0000000000 1.1624779701 190.3046569824 0.0000000000 -0.1303871572
7.9652061462 0.0000000000 0.0000000000 1.1621266603 190.3034210205 0.0000000000 -0.1302850842
7.9719004631 0.0000000000 0.0000000000 1.1618618965 190.2870025635 0.0000000000 -0.1301919520
7.9787139893 0.0000000000 0.0000000000 1.1616710424 190.2602081299 0.0000000000 -0.1300915480
7.9857263565 0.0000000000 0.0000000000 1.1614556313 190.2287750244 0.0000000000 -0.1299880445
7.9929141998 0.0000000000 0.0000000000 1.1611882448 190.1983184814 0.0000000000 -0.1299265027
8.0001745224 0.0000000000 0.0000000000 1.1608442068 190.1604309082 0.0000000000 -0.1298188567
8.0076522827 0.0000000000 0.0000000000 1.1604158878 190.1169586182 0.0000000000 -0.1297220886
8.0153961182 0.0000000000 0.0000000000 1.1599929333 190.0706481934 0.0000000000 -0.1296510100
8.0231008530 0.0000000000 0.0000000000 1.1596988440 190.0233612061 0.0000000000 -0.1295495629
8.0308265686 0.0000000000 0.0000000000 1.1595662832 189.9929351807 0.0000000000 -0.1294592023
8.0385742188 0.0000000000 0.0000000000 1.1595917940 189.9789733887 0.0000000000 -0.1293712556
8.0463342667 0.0000000000 0.0000000000 1.1596412659 189.9525299072 0.0000000000 -0.1292822063
8.0541238785 0.0000000000 0.0000000000 1.1596845388 189.9212188721 0.0000000000 -0.1291962266
8.0619735718 0.0000000000 0.0000000000 1.1597042084 189.8844909668 0.0000000000 -0.1291156411
8.0697526932 0.0000000000 0.0000000000 1.1596781015 189.8705596924 0.0000000000 -0.1290229261
8.0775880814 0.0000000000 0.0000000000 1.1595693827 189.8554382324 0.0000000000 -0.1289314628
8.0851955414 0.0000000000 0.0000000000 1.1594926119 189.8388214111 0.0000000000 -0.1288356185
8.0926065445 0.0000000000 0.0000000000 1.1594458818 189.8254394531 0.0000000000 -0.1287534237
8.1000261307 0.0000000000 0.0000000000 1.1593616009 189.8603515625 0.0000000000 -0.1286689639
8.1072254181 0.0000000000 0.0000000000 1.1593698263 189.8292083740 0.0000000000 -0.1286109090
8.1141595840 0.0000000000 0.0000000000 1.1595083475 189.8346557617 0.0000000000 -0.1284930110
8.1211252213 0.0000000000 0.0000000000 1.1597965956 189.8529815674 0.0000000000 -0.1284102201
8.1280889511 0.0000000000 0.0000000000 1.1602469683 189.8697967529 0.0000000000 -0.1283181608
8.1349563599 0.0000000000 0.0000000000 1.1608312130 189.8987121582 0.0000000000 -0.1282443106
8.1417722702 0.0000000000 0.0000000000 1.1615300179 189.9257507324 0.0000000000 -0.1281579137
8.1485958099 0.0000000000 0.0000000000 1.1622436047 189.9467926025 0.0000000000 -0.1280665398
8.1553697586 0.0000000000 0.0000000000 1.1629306078 189.9644775391 0.0000000000 -0.1279782951
8.1620016098 0.0000000000 0.0000000000 1.1635237932 189.9838714600 0.0000000000 -0.1278983653
8.1684303284 0.0000000000 0.0000000000 1.1639451981 189.9904785156 0.0000000000 -0.1278063357
8.1749963760 0.0000000000 0.0000000000 1.1641508341 189.9956207275 0.0000000000 -0.1277235746
8.1816234589 0.0000000000 0.0000000000 1.1641489267 189.9993896484 0.0000000000 -0.1276333630
8.1884737015 0.0000000000 0.0000000000 1.1639254093 190.0079345703 0.0000000000 -0.1275378168
8.1955165863 0.0000000000 0.0000000000 1.1635401249 190.0168151855 0.0000000000 -0.1274465919
8.2025432587 0.0000000000 0.0000000000 1.1630789042 190.0242919922 0.0000000000 -0.1273483038
8.2095661163 0.0000000000 0.0000000000 1.1626127958 190.0433349609 0.0000000000 -0.1272617579
8.2166795731 0.0000000000 0.0000000000 1.1621050835 190.0623168945 0.0000000000 -0.1271710098
8.2240800858 0.0000000000 0.0000000000 1.1615678072 190.0937500000 0.0000000000 -0.1270782948
8.2318019867 0.0000000000 0.0000000000 1.1610150337 190.1286621094 0.0000000000 -0.1269849241
8.2399063110 0.0000000000 0.0000000000 1.1604256630 190.1694488525 0.0000000000 -0.1268938482
8.2484188080 0.0000000000 0.0000000000 1.1598286629 190.2037200928 0.0000000000 -0.1267921031
8.2571067810 0.0000000000 0.0000000000 1.1592239141 190.2276306152 0.0000000000 -0.1266962290
8.2658519745 0.0000000000 0.0000000000 1.1586691141 190.2430877686 0.0000000000 -0.1266025901
8.2747039795 0.0000000000 0.0000000000 1.1581788063 190.2508544922 0.0000000000 -0.1265120506
8.2834606171 0.0000000000 0.0000000000 1.1578114033 190.2508544922 0.0000000000 -0.1264146566
8.2920436859 0.0000000000 0.0000000000 1.1575752497 190.2493133545 0.0000000000 -0.1263261437
8.3003549576 0.0000000000 0.0000000000 1.1574907303 190.2349090576 0.0000000000 -0.1262344420
8.3085432053 0.0000000000 0.0000000000 1.1573901176 190.2118377686 0.0000000000 -0.1261459291
8.3164930344 0.0000000000 0.0000000000 1.1572257280 190.1805877686 0.0000000000 -0.1260596216
8.3242597580 0.0000000000 0.0000000000 1.1569740772 190.1494750977 0.0000000000 -0.1259674132
8.3317823410 0.0000000000 0.0000000000 1.1566262245 190.1151123047 0.0000000000 -0.1258764863
8.3391847610 0.0000000000 0.0000000000 1.1561396122 190.0833892822 0.0000000000 -0.1257884502
8.3466691971 0.0000000000 0.0000000000 1.1555464268 190.0557556152 0.0000000000 -0.1257017553
8.3541803360 0.0000000000 0.0000000000 1.1548472643 190.0240020752 0.0000000000 -0.1256109476
8.3618040085 0.0000000000 0.0000000000 1.1541651487 189.9974822998 0.0000000000 -0.1255303621
8.3693685532 0.0000000000 0.0000000000 1.1535718441 189.9727020264 0.0000000000 -0.1254338026
8.3768634796 0.0000000000 0.0000000000 1.1531101465 189.9444580078 0.0000000000 -0.1253451109
8.3841619492 0.0000000000 0.0000000000 1.1527737379 189.9178009033 0.0000000000 -0.1252566874
8.3911476135 0.0000000000 0.0000000000 1.1525483131 189.8853302002 0.0000000000 -0.1251711249
8.3979549408 0.0000000000 0.0000000000 1.1523723602 189.8483734131 0.0000000000 -0.1250880957
8.4046077728 0.0000000000 0.0000000000 1.1522592306 189.8045959473 0.0000000000 -0.1250079870
8.4110269547 0.0000000000 0.0000000000 1.1520661116 189.7613220215 0.0000000000 -0.1249189377
8.4173030853 0.0000000000 0.0000000000 1.1516318321 189.7140350342 0.0000000000 -0.1248366833
8.4233770370 0.0000000000 0.0000000000 1.1509560347 189.6678314209 0.0000000000 -0.1247552931
8.4292526245 0.0000000000 0.0000000000 1.1500869989 189.6283416748 0.0000000000 -0.1246737242
8.4349660873 0.0000000000 0.0000000000 1.1489801407 189.5912780762 0.0000000000 -0.1245950758
8.4404888153 0.0000000000 0.0000000000 1.1477167606 189.5494689941 0.0000000000 -0.1245083809
8.4459247589 0.0000000000 0.0000000000 1.1463825703 189.5099334717 0.0000000000 -0.1244318485
8.4512100220 0.0000000000 0.0000000000 1.1451407671 189.4725494385 0.0000000000 -0.1243560016
8.4564323425 0.0000000000 0.0000000000 1.1439909935 189.4403381348 0.0000000000 -0.1242705882
8.4617938995 0.0000000000 0.0000000000 1.1428782940 189.4082946777 0.0000000000 -0.1241917610
8.4673280716 0.0000000000 0.0000000000 1.1418638229 189.3749542236 0.0000000000 -0.1241030395
8.4728803635 0.0000000000 0.0000000000 1.1410079002 189.3451690674 0.0000000000 -0.1240236461
8.4784536362 0.0000000000 0.0000000000 1.1403821707 189.3162078857 0.0000000000 -0.1239444911
8.4840831757 0.0000000000 0.0000000000 1.1398911476 189.2927551270 0.0000000000 -0.1238684356
8.4899387360 0.0000000000 0.0000000000 1.1394495964 189.2698822021 0.0000000000 -0.1237922609
8.4959506989 0.0000000000 0.0000000000 1.1390726566 189.2411804199 0.0000000000 -0.1237181127
8.5020637512 0.0000000000 0.0000000000 1.1386363506 189.2054595947 0.0000000000 -0.1236439347
8.5082454681 0.0000000000 0.0000000000 1.1381074190 189.1572570801 0.0000000000 -0.1235674918
8.5142755508 0.0000000000 0.0000000000 1.1375387907 189.1020507812 0.0000000000 -0.1234871745
8.5202360153 0.0000000000 0.0000000000 1.1369885206 189.0310516357 0.0000000000 -0.1234141588
8.5260562897 0.0000000000 0.0000000000 1.1365844011 188.9667968750 0.0000000000 -0.1233394146
8.5318260193 0.0000000000 0.0000000000 1.1363675594 188.9042816162 0.0000000000 -0.1232677698
8.5376091003 0.0000000000 0.0000000000 1.1362246275 188.8299713135 0.0000000000 -0.1232012808
8.5433692932 0.0000000000 0.0000000000 1.1361092329 188.7538909912 0.0000000000 -0.1231282055
8.5489768982 0.0000000000 0.0000000000 1.1359952688 188.6757354736 0.0000000000 -0.1230582595
8.5544519424 0.0000000000 0.0000000000 1.1359082460 188.5984802246 0.0000000000 -0.1229842305
8.5598411560 0.0000000000 0.0000000000 1.1357266903 188.5231628418 0.0000000000 -0.1229146719
8.5652971268 0.0000000000 0.0000000000 1.1354745626 188.4453582764 0.0000000000 -0.1228435636
8.5707921982 0.0000000000 0.0000000000 1.1351022720 188.3630371094 0.0000000000 -0.1227701008
8.5764865875 0.0000000000 0.0000000000 1.1345090866 188.2777404785 0.0000000000 -0.1226941049
8.5822973251 0.0000000000 0.0000000000 1.1337537766 188.2016754150 0.0000000000 -0.1226188540
