#         rmsthk      stdthk       rmsvel       stdvel       rmsdiv       stddiv       rmsusurf       stdusurf
0.0000000000 0.0000000000 89.5015106201 78.0862045288 0.0000000000 0.0000000000 0.0000000000 0.0000000000
-0.1589137167 0.4586961567 54.3330230713 50.8511009216 0.0000000000 0.0000000000 -0.0031790885 0.9882459044
-0.3157618940 0.8428150415 50.0077667236 43.1129913330 0.0000000000 0.0000000000 0.0351933837 1.7599787712
-0.4716679454 1.2072651386 48.9673042297 40.5057296753 0.0000000000 0.0000000000 0.1019524112 2.4233098030
-0.6274421811 1.5632677078 46.5448417664 38.3666648865 0.0000000000 0.0000000000 0.1894399077 3.0081226826
-0.7823750377 1.9135376215 42.8749160767 36.4802360535 0.0000000000 0.0000000000 0.2926746011 3.5318346024
-0.9358683825 2.2582657337 38.4624862671 34.8296089172 0.0000000000 0.0000000000 0.4081206918 4.0055761337
-1.0868399143 2.5974724293 33.7194290161 33.4577789307 0.0000000000 0.0000000000 0.5328151584 4.4358048439
-1.2344609499 2.9307377338 28.8699359894 32.3202209473 0.0000000000 0.0000000000 0.6647677422 4.8266587257
-1.3781478405 3.2575154305 24.0086860657 31.4443416595 0.0000000000 0.0000000000 0.8020471334 5.1807479858
-1.5173448324 3.5771353245 19.3583507538 30.8283653259 0.0000000000 0.0000000000 0.9426644444 5.4997868538
-1.6515015364 3.8890390396 15.1160020828 30.4828186035 0.0000000000 0.0000000000 1.0850350857 5.7851328850
-1.7802791595 4.1929435730 11.4279222488 30.3618202209 0.0000000000 0.0000000000 1.2278795242 6.0376715660
-1.9036915302 4.4890050888 8.3859167099 30.3540134430 0.0000000000 0.0000000000 1.3701066971 6.2585749626
-2.0218560696 4.7774548531 5.9823169708 30.3950595856 0.0000000000 0.0000000000 1.5103664398 6.4494075775
-2.1349840164 5.0586137772 4.1577639580 30.4457817078 0.0000000000 0.0000000000 1.6473644972 6.6120743752
-2.2434561253 5.3331031799 2.8553826809 30.4667243958 0.0000000000 0.0000000000 1.7799069881 6.7487392426
-2.3476381302 5.6014518738 2.0132300854 30.4316368103 0.0000000000 0.0000000000 1.9069681168 6.8615589142
-2.4479537010 5.8642630577 1.5757169724 30.3295288086 0.0000000000 0.0000000000 2.0277156830 6.9527592659
-2.5448412895 6.1221590042 1.4925523996 30.1712951660 0.0000000000 0.0000000000 2.1415412426 7.0245203972
-2.6387939453 6.3757610321 1.7191128731 29.9677543640 0.0000000000 0.0000000000 2.2481012344 7.0788650513
-2.7302651405 6.6256604195 2.2188415527 29.7375392914 0.0000000000 0.0000000000 2.3471665382 7.1177487373
-2.8196706772 6.8723731041 2.9614083767 29.5059165955 0.0000000000 0.0000000000 2.4386060238 7.1430225372
-2.9074778557 7.1164965630 3.9203925133 29.2921047211 0.0000000000 0.0000000000 2.5223038197 7.1564564705
-2.9941046238 7.3584580421 5.0740890503 29.1205272675 0.0000000000 0.0000000000 2.5982351303 7.1597843170
-3.0800662041 7.5988631248 6.4028153419 29.0159969330 0.0000000000 0.0000000000 2.6664416790 7.1545615196
-3.1657989025 7.8381304741 7.8858947754 28.9997501373 0.0000000000 0.0000000000 2.7270710468 7.1422586441
-3.2518289089 8.0768146515 9.4978046417 29.0857200623 0.0000000000 0.0000000000 2.7803237438 7.1242275238
-3.3385701180 8.3153438568 11.2025184631 29.2773380280 0.0000000000 0.0000000000 2.8264961243 7.1016836166
-3.4264316559 8.5541620255 12.9741621017 29.5745410919 0.0000000000 0.0000000000 2.8659431934 7.0757741928
-3.5157682896 8.7936697006 14.7769184113 29.9652633667 0.0000000000 0.0000000000 2.8990442753 7.0473799706
-3.6068401337 9.0340499878 16.5688838959 30.4281539917 0.0000000000 0.0000000000 2.9262928963 7.0174050331
-3.7001013756 9.2757606506 18.3006916046 30.9351463318 0.0000000000 0.0000000000 2.9481885433 6.9866156578
-3.7958362103 9.5189132690 19.9075374603 31.4348850250 0.0000000000 0.0000000000 2.9651992321 6.9556932449
-3.8943011761 9.7636642456 21.3080368042 31.8704643250 0.0000000000 0.0000000000 2.9777972698 6.9253363609
-3.9956851006 10.0102090836 22.4239673615 32.1872024536 0.0000000000 0.0000000000 2.9865114689 6.8963227272
-4.1000099182 10.2584733963 23.1942100525 32.3343429565 0.0000000000 0.0000000000 2.9918856621 6.8695592880
-4.2072272301 10.5084571838 23.5929889679 32.2846374512 0.0000000000 0.0000000000 2.9943704605 6.8459672928
-4.3170452118 10.7600202560 23.6277542114 32.0341720581 0.0000000000 0.0000000000 2.9944262505 6.8263988495
-4.4291663170 11.0129308701 23.3337497711 31.6017456055 0.0000000000 0.0000000000 2.9923775196 6.8113889694
-4.5432162285 11.2669582367 22.7821083069 31.0356998444 0.0000000000 0.0000000000 2.9885272980 6.8011198044
-4.6588087082 11.5217294693 22.0485706329 30.3911018372 0.0000000000 0.0000000000 2.9831602573 6.7953462601
-4.7754077911 11.7766017914 21.2150077820 29.7289905548 0.0000000000 0.0000000000 2.9764552116 6.7933888435
-4.8926734924 12.0312528610 20.3485622406 29.1010417938 0.0000000000 0.0000000000 2.9685752392 6.7942166328
-5.0103192329 12.2853479385 19.5002994537 28.5414276123 0.0000000000 0.0000000000 2.9597465992 6.7965488434
-5.1281495094 12.5386171341 18.7113914490 28.0737037659 0.0000000000 0.0000000000 2.9501154423 6.7992768288
-5.2459259033 12.7907924652 18.0145359039 27.7042388916 0.0000000000 0.0000000000 2.9398560524 6.8014879227
-5.3633890152 13.0415649414 17.4346828461 27.4302291870 0.0000000000 0.0000000000 2.9290008545 6.8025431633
-5.4804048538 13.2908992767 16.9897422791 27.2419147491 0.0000000000 0.0000000000 2.9176111221 6.8021025658
-5.5969290733 13.5389223099 16.6910076141 27.1220760345 0.0000000000 0.0000000000 2.9056913853 6.7999663353
-5.7129011154 13.7855920792 16.5408287048 27.0471439362 0.0000000000 0.0000000000 2.8932607174 6.7961969376
-5.8283348083 14.0310087204 16.5235996246 26.9901351929 0.0000000000 0.0000000000 2.8803339005 6.7909913063
-5.9432444572 14.2751731873 16.6141529083 26.9234008789 0.0000000000 0.0000000000 2.8669238091 6.7847876549
-6.0576567650 14.5181818008 16.7808876038 26.8244762421 0.0000000000 0.0000000000 2.8530757427 6.7779998779
-6.1718287468 14.7604980469 16.9897708893 26.6801719666 0.0000000000 0.0000000000 2.8388848305 6.7708940506
-6.2858333588 15.0021543503 17.2006435394 26.4864768982 0.0000000000 0.0000000000 2.8244552612 6.7637233734
-6.3998107910 15.2433252335 17.3757572174 26.2464351654 0.0000000000 0.0000000000 2.8099081516 6.7564463615
-6.5138411522 15.4840831757 17.4795475006 25.9694118500 0.0000000000 0.0000000000 2.7953150272 6.7486009598
-6.6279616356 15.7244663239 17.4867687225 25.6690483093 0.0000000000 0.0000000000 2.7807288170 6.7396330833
-6.7421455383 15.9642581940 17.3819217682 25.3696823120 0.0000000000 0.0000000000 2.7661809921 6.7289395332
-6.8563737869 16.2034168243 17.1570587158 25.0895519257 0.0000000000 0.0000000000 2.7516970634 6.7158660889
-6.9706068039 16.4418754578 16.8134994507 24.8410491943 0.0000000000 0.0000000000 2.7372148037 6.7000174522
-7.0847415924 16.6795501709 16.3648872375 24.6302852631 0.0000000000 0.0000000000 2.7227559090 6.6812186241
-7.1985926628 16.9162750244 15.8331794739 24.4583282471 0.0000000000 0.0000000000 2.7082786560 6.6595716476
-7.3120741844 17.1521072388 15.2470922470 24.3210048676 0.0000000000 0.0000000000 2.6937720776 6.6351513863
-7.4249868393 17.3868598938 14.6348772049 24.2074871063 0.0000000000 0.0000000000 2.6792371273 6.6080999374
-7.5372142792 17.6205234528 14.0257492065 24.1080265045 0.0000000000 0.0000000000 2.6646649837 6.5786581039
-7.6486868858 17.8530788422 13.4420862198 24.0088882446 0.0000000000 0.0000000000 2.6500229836 6.5468645096
-7.7593688965 18.0845813751 12.9024133682 23.8973617554 0.0000000000 0.0000000000 2.6353042126 6.5126953125
-7.8692388535 18.3150100708 12.4192600250 23.7673511505 0.0000000000 0.0000000000 2.6205542088 6.4761824608
-7.9781436920 18.5440921783 12.0017271042 23.6167850494 0.0000000000 0.0000000000 2.6058080196 6.4375157356
-8.0860023499 18.7717475891 11.6536369324 23.4500217438 0.0000000000 0.0000000000 2.5910668373 6.3969082832
-8.1929378510 18.9982414246 11.3718109131 23.2747612000 0.0000000000 0.0000000000 2.5763745308 6.3546209335
-8.2989711761 19.2235984802 11.1504468918 23.0996456146 0.0000000000 0.0000000000 2.5617859364 6.3108887672
-8.4042148590 19.4479274750 10.9789085388 22.9349384308 0.0000000000 0.0000000000 2.5473403931 6.2659606934
-8.5086746216 19.6711292267 10.8441905975 22.7886772156 0.0000000000 0.0000000000 2.5330750942 6.2199349403
-8.6123361588 19.8930797577 10.7341222763 22.6676731110 0.0000000000 0.0000000000 2.5189855099 6.1729159355
-8.7153015137 20.1139030457 10.6344108582 22.5720996857 0.0000000000 0.0000000000 2.5050699711 6.1250705719
-8.8175468445 20.3334808350 10.5330410004 22.4990673065 0.0000000000 0.0000000000 2.4913606644 6.0766210556
-8.9190950394 20.5518321991 10.4193220139 22.4422359467 0.0000000000 0.0000000000 2.4778673649 6.0279088020
-9.0200681686 20.7691745758 10.2847900391 22.3936843872 0.0000000000 0.0000000000 2.4646315575 5.9793105125
-9.1205320358 20.9855766296 10.1254959106 22.3452968597 0.0000000000 0.0000000000 2.4516494274 5.9312458038
-9.2204427719 21.2009544373 9.9396152496 22.2897129059 0.0000000000 0.0000000000 2.4389092922 5.8840293884
-9.3198919296 21.4154853821 9.7284898758 22.2221584320 0.0000000000 0.0000000000 2.4263341427 5.8379721642
-9.4188566208 21.6291618347 9.4960041046 22.1403675079 0.0000000000 0.0000000000 2.4139318466 5.7932209969
-9.5173635483 21.8420600891 9.2500438690 22.0459060669 0.0000000000 0.0000000000 2.4017770290 5.7497181892
-9.6154022217 22.0542163849 8.9994544983 21.9422931671 0.0000000000 0.0000000000 2.3898649216 5.7074012756
-9.7129478455 22.2655544281 8.7511329651 21.8335208893 0.0000000000 0.0000000000 2.3782088757 5.6661572456
-9.8100233078 22.4761219025 8.5132036209 21.7268428802 0.0000000000 0.0000000000 2.3668155670 5.6258473396
-9.9066095352 22.6858577728 8.2908210754 21.6270256042 0.0000000000 0.0000000000 2.3556740284 5.5863504410
-10.0026092529 22.8945922852 8.0889644623 21.5361633301 0.0000000000 0.0000000000 2.3447544575 5.5476002693
-10.0980386734 23.1023044586 7.9092164040 21.4567375183 0.0000000000 0.0000000000 2.3340342045 5.5095229149
-10.1928606033 23.3089294434 7.7545051575 21.3910388947 0.0000000000 0.0000000000 2.3234837055 5.4720921516
-10.2871751785 23.5146045685 7.6215777397 21.3354663849 0.0000000000 0.0000000000 2.3130903244 5.4352893829
-10.3810501099 23.7194995880 7.5072422028 21.2866992950 0.0000000000 0.0000000000 2.3028378487 5.3991379738
-10.4745273590 23.9237003326 7.4075365067 21.2409400940 0.0000000000 0.0000000000 2.2927370071 5.3636522293
-10.5677137375 24.1273555756 7.3179721832 21.1948318481 0.0000000000 0.0000000000 2.2827749252 5.3288760185
-10.6605682373 24.3303470612 7.2349748611 21.1448974609 0.0000000000 0.0000000000 2.2729728222 5.2948503494
-10.7531538010 24.5327796936 7.1543946266 21.0888977051 0.0000000000 0.0000000000 2.2633240223 5.2616415024
-10.8455276489 24.7347450256 7.0700793266 21.0258522034 0.0000000000 0.0000000000 2.2538683414 5.2293157578
-10.9377269745 24.9362754822 6.9778957367 20.9559535980 0.0000000000 0.0000000000 2.2445936203 5.1979393959
-11.0297355652 25.1373157501 6.8759279251 20.8817348480 0.0000000000 0.0000000000 2.2354693413 5.1675438881
-11.1214962006 25.3377761841 6.7627487183 20.8052139282 0.0000000000 0.0000000000 2.2264747620 5.1380934715
-11.2129449844 25.5375804901 6.6381659508 20.7295246124 0.0000000000 0.0000000000 2.2176032066 5.1095113754
-11.3041858673 25.7368602753 6.5030407906 20.6565647125 0.0000000000 0.0000000000 2.2088346481 5.0817131996
-11.3952617645 25.9357070923 6.3586888313 20.5874824524 0.0000000000 0.0000000000 2.2001771927 5.0545463562
-11.4860563278 26.1339054108 6.2061862946 20.5230598450 0.0000000000 0.0000000000 2.1916346550 5.0278582573
-11.5765552521 26.3315658569 6.0489020348 20.4642696381 0.0000000000 0.0000000000 2.1832013130 5.0015840530
-11.6667127609 26.5286369324 5.8914046288 20.4106731415 0.0000000000 0.0000000000 2.1748664379 4.9756612778
-11.7565288544 26.7250671387 5.7342991829 20.3608283997 0.0000000000 0.0000000000 2.1666743755 4.9500412941
-11.8459434509 26.9207305908 5.5806245804 20.3130912781 0.0000000000 0.0000000000 2.1586399078 4.9246940613
-11.9350128174 27.1157703400 5.4324507713 20.2664527893 0.0000000000 0.0000000000 2.1507804394 4.8995523453
-12.0236968994 27.3101959229 5.2918572426 20.2192134857 0.0000000000 0.0000000000 2.1431176662 4.8745846748
-12.1120786667 27.5041007996 5.1589541435 20.1705265045 0.0000000000 0.0000000000 2.1356406212 4.8498034477
-12.2001409531 27.6974372864 5.0329313278 20.1197566986 0.0000000000 0.0000000000 2.1283600330 4.8251876831
-12.2878999710 27.8902225494 4.9145040512 20.0666465759 0.0000000000 0.0000000000 2.1212496758 4.8007469177
-12.3753585815 28.0824508667 4.8022527695 20.0116291046 0.0000000000 0.0000000000 2.1142969131 4.7764778137
-12.4625349045 28.2741546631 4.6949844360 19.9552097321 0.0000000000 0.0000000000 2.1074416637 4.7524466515
-12.5493545532 28.4652843475 4.5915722847 19.8987751007 0.0000000000 0.0000000000 2.1006247997 4.7287259102
-12.6358547211 28.6558799744 4.4892153740 19.8425121307 0.0000000000 0.0000000000 2.0937943459 4.7053503990
-12.7219944000 28.8458633423 4.3861012459 19.7868213654 0.0000000000 0.0000000000 2.0869553089 4.6823310852
-12.8078413010 29.0352439880 4.2816395760 19.7330741882 0.0000000000 0.0000000000 2.0801005363 4.6597299576
-12.8933782578 29.2239818573 4.1750679016 19.6816825867 0.0000000000 0.0000000000 2.0732383728 4.6375842094
-12.9785833359 29.4120216370 4.0639176369 19.6318225861 0.0000000000 0.0000000000 2.0663866997 4.6159272194
-13.0634918213 29.5994358063 3.9476029873 19.5827331543 0.0000000000 0.0000000000 2.0595257282 4.5947756767
-13.1480207443 29.7860641479 3.8269646168 19.5343608856 0.0000000000 0.0000000000 2.0526492596 4.5740962029
-13.2322607040 29.9721050262 3.7024021149 19.4863777161 0.0000000000 0.0000000000 2.0458323956 4.5538606644
-13.3162050247 30.1575889587 3.5735421181 19.4374485016 0.0000000000 0.0000000000 2.0390503407 4.5340819359
-13.3996953964 30.3423042297 3.4425294399 19.3876762390 0.0000000000 0.0000000000 2.0322206020 4.5148077011
-13.4828624725 30.5264282227 3.3104314804 19.3373470306 0.0000000000 0.0000000000 2.0253219604 4.4960021973
-13.5657367706 30.7099609375 3.1776485443 19.2869415283 0.0000000000 0.0000000000 2.0183455944 4.4776706696
-13.6482954025 30.8929080963 3.0467112064 19.2365531921 0.0000000000 0.0000000000 2.0112917423 4.4597821236
-13.7304430008 31.0750827789 2.9178771973 19.1858253479 0.0000000000 0.0000000000 2.0041482449 4.4422621727
-13.8121967316 31.2565956116 2.7930924892 19.1347312927 0.0000000000 0.0000000000 1.9969246387 4.4250497818
-13.8935737610 31.4373950958 2.6719567776 19.0837097168 0.0000000000 0.0000000000 1.9896314144 4.4080767632
-13.9746494293 31.6176166534 2.5533599854 19.0327854156 0.0000000000 0.0000000000 1.9822903872 4.3912973404
-14.0553531647 31.7971897125 2.4375455379 18.9831161499 0.0000000000 0.0000000000 1.9749116898 4.3747529984
-14.1356010437 31.9759960175 2.3261792660 18.9352264404 0.0000000000 0.0000000000 1.9674839973 4.3585023880
-14.2154541016 32.1540832520 2.2188887596 18.8887710571 0.0000000000 0.0000000000 1.9599996805 4.3425941467
-14.2949886322 32.3315658569 2.1132287979 18.8437156677 0.0000000000 0.0000000000 1.9524470568 4.3270077705
-14.3742084503 32.5084419250 2.0093183517 18.8008117676 0.0000000000 0.0000000000 1.9447962046 4.3117227554
-14.4530401230 32.6846466064 1.9060752392 18.7602577209 0.0000000000 0.0000000000 1.9370350838 4.2966809273
-14.5315542221 32.8603019714 1.8025009632 18.7222652435 0.0000000000 0.0000000000 1.9291710854 4.2818083763
-14.6098337173 33.0354652405 1.6982938051 18.6866531372 0.0000000000 0.0000000000 1.9212293625 4.2670202255
-14.6878538132 33.2100868225 1.5931347609 18.6534500122 0.0000000000 0.0000000000 1.9132965803 4.2522435188
-14.7655296326 33.3840446472 1.4870465994 18.6219539642 0.0000000000 0.0000000000 1.9054771662 4.2374582291
-14.8429183960 33.5573997498 1.3801504374 18.5923557281 0.0000000000 0.0000000000 1.8978624344 4.2227873802
-14.9200620651 33.7302742004 1.2726658583 18.5636787415 0.0000000000 0.0000000000 1.8904734850 4.2081971169
-14.9969367981 33.9025993347 1.1657849550 18.5363922119 0.0000000000 0.0000000000 1.8832776546 4.1936607361
-15.0735034943 34.0742988586 1.0598608255 18.5099773407 0.0000000000 0.0000000000 1.8762792349 4.1791443825
-15.1497716904 34.2454261780 0.9562745094 18.4847183228 0.0000000000 0.0000000000 1.8694761992 4.1646575928
-15.2257881165 34.4160690308 0.8543650508 18.4604854584 0.0000000000 0.0000000000 1.8628677130 4.1502671242
-15.3015394211 34.5862503052 0.7541955709 18.4370079041 0.0000000000 0.0000000000 1.8564954996 4.1359796524
-15.3770608902 34.7559661865 0.6560399532 18.4145240784 0.0000000000 0.0000000000 1.8504065275 4.1218242645
-15.4523124695 34.9251441956 0.5618654490 18.3929729462 0.0000000000 0.0000000000 1.8446227312 4.1077337265
-15.5272512436 35.0937690735 0.4711048305 18.3723697662 0.0000000000 0.0000000000 1.8391661644 4.0936002731
-15.6018962860 35.2617683411 0.3832424283 18.3522338867 0.0000000000 0.0000000000 1.8340308666 4.0792984962
-15.6763029099 35.4292755127 0.2981228232 18.3323287964 0.0000000000 0.0000000000 1.8292078972 4.0647211075
-15.7504110336 35.5961341858 0.2154781073 18.3126316071 0.0000000000 0.0000000000 1.8246761560 4.0498380661
-15.8242750168 35.7625198364 0.1333137304 18.2922134399 0.0000000000 0.0000000000 1.8203886747 4.0346980095
-15.8979520798 35.9284973145 0.0514994226 18.2712154388 0.0000000000 0.0000000000 1.8163013458 4.0193543434
-15.9714803696 36.0940589905 -0.0313419364 18.2498245239 0.0000000000 0.0000000000 1.8123778105 4.0038805008
-16.0447921753 36.2591857910 -0.1157117561 18.2283096313 0.0000000000 0.0000000000 1.8085589409 3.9883873463
-16.1179409027 36.4238815308 -0.2013499439 18.2065849304 0.0000000000 0.0000000000 1.8047597408 3.9729526043
-16.1908054352 36.5880622864 -0.2879390419 18.1853160858 0.0000000000 0.0000000000 1.8009034395 3.9575736523
-16.2634029388 36.7517051697 -0.3751501143 18.1647949219 0.0000000000 0.0000000000 1.7969558239 3.9422962666
-16.3357696533 36.9148559570 -0.4626123905 18.1448497772 0.0000000000 0.0000000000 1.7929393053 3.9271132946
-16.4078598022 37.0774345398 -0.5512227416 18.1255016327 0.0000000000 0.0000000000 1.7888509035 3.9121429920
-16.4797134399 37.2395515442 -0.6409810185 18.1069278717 0.0000000000 0.0000000000 1.7846777439 3.8974320889
-16.5512599945 37.4011344910 -0.7311542034 18.0885868073 0.0000000000 0.0000000000 1.7804137468 3.8830583096
-16.6225662231 37.5622673035 -0.8212142587 18.0703907013 0.0000000000 0.0000000000 1.7760521173 3.8689932823
-16.6935176849 37.7228584290 -0.9101226330 18.0525779724 0.0000000000 0.0000000000 1.7715792656 3.8552680016
-16.7641506195 37.8828964233 -0.9974573851 18.0352840424 0.0000000000 0.0000000000 1.7669223547 3.8417463303
-16.8345184326 38.0424346924 -1.0833935738 18.0177307129 0.0000000000 0.0000000000 1.7619956732 3.8283326626
-16.9045410156 38.2014007568 -1.1678419113 17.9999408722 0.0000000000 0.0000000000 1.7568187714 3.8150498867
-16.9743232727 38.3599281311 -1.2505396605 17.9821891785 0.0000000000 0.0000000000 1.7514159679 3.8019604683
-17.0438404083 38.5179748535 -1.3319808245 17.9644908905 0.0000000000 0.0000000000 1.7458046675 3.7891564369
-17.1130619049 38.6754798889 -1.4127358198 17.9473648071 0.0000000000 0.0000000000 1.7400592566 3.7767400742
-17.1820182800 38.8324661255 -1.4932663441 17.9300899506 0.0000000000 0.0000000000 1.7340583801 3.7646231651
-17.2506484985 38.9888305664 -1.5726821423 17.9131259918 0.0000000000 0.0000000000 1.7278230190 3.7527649403
-17.3190059662 39.1446228027 -1.6510514021 17.8971061707 0.0000000000 0.0000000000 1.7214179039 3.7411103249
-17.3870620728 39.2998237610 -1.7284973860 17.8819370270 0.0000000000 0.0000000000 1.7149416208 3.7295951843
-17.4548549652 39.4544677734 -1.8047214746 17.8677768707 0.0000000000 0.0000000000 1.7084420919 3.7181422710
-17.5223884583 39.6085968018 -1.8794473410 17.8545246124 0.0000000000 0.0000000000 1.7019227743 3.7067239285
-17.5896873474 39.7622795105 -1.9524356127 17.8417072296 0.0000000000 0.0000000000 1.6954100132 3.6952922344
-17.6567497253 39.9154853821 -2.0235958099 17.8298168182 0.0000000000 0.0000000000 1.6889735460 3.6837689877
-17.7235279083 40.0681648254 -2.0927860737 17.8186092377 0.0000000000 0.0000000000 1.6826305389 3.6721494198
-17.7899761200 40.2202682495 -2.1614019871 17.8078823090 0.0000000000 0.0000000000 1.6764452457 3.6604428291
-17.8561229706 40.3717994690 -2.2293515205 17.7976131439 0.0000000000 0.0000000000 1.6704545021 3.6486377716
-17.9220409393 40.5228385925 -2.2976531982 17.7871856689 0.0000000000 0.0000000000 1.6646350622 3.6367406845
-17.9876747131 40.6734237671 -2.3657579422 17.7765941620 0.0000000000 0.0000000000 1.6589734554 3.6248257160
-18.0530128479 40.8234710693 -2.4338288307 17.7660408020 0.0000000000 0.0000000000 1.6534757614 3.6129131317
-18.1180553436 40.9729614258 -2.5018730164 17.7556304932 0.0000000000 0.0000000000 1.6481173038 3.6010484695
-18.1827659607 41.1218757629 -2.5691385269 17.7456130981 0.0000000000 0.0000000000 1.6428893805 3.5892767906
-18.2471866608 41.2703056335 -2.6357676983 17.7357044220 0.0000000000 0.0000000000 1.6378109455 3.5775964260
-18.3113689423 41.4182128906 -2.7022855282 17.7257404327 0.0000000000 0.0000000000 1.6328909397 3.5659916401
-18.3753051758 41.5656509399 -2.7690463066 17.7154941559 0.0000000000 0.0000000000 1.6281064749 3.5544905663
-18.4390373230 41.7126655579 -2.8362598419 17.7050018311 0.0000000000 0.0000000000 1.6234294176 3.5431563854
-18.5025100708 41.8591156006 -2.9035191536 17.6942710876 0.0000000000 0.0000000000 1.6188511848 3.5320875645
-18.5657882690 42.0051193237 -2.9701988697 17.6836910248 0.0000000000 0.0000000000 1.6144020557 3.5213038921
-18.6288375854 42.1506462097 -3.0364248753 17.6731815338 0.0000000000 0.0000000000 1.6100840569 3.5107846260
-18.6916770935 42.2957077026 -3.1020758152 17.6628246307 0.0000000000 0.0000000000 1.6058808565 3.5005738735
-18.7543506622 42.4403610229 -3.1669347286 17.6523151398 0.0000000000 0.0000000000 1.6017801762 3.4907283783
-18.8168601990 42.5845870972 -3.2308349609 17.6416568756 0.0000000000 0.0000000000 1.5977395773 3.4812290668
-18.8791694641 42.7283515930 -3.2944233418 17.6308326721 0.0000000000 0.0000000000 1.5936481953 3.4717955589
-18.9412117004 42.8716011047 -3.3581166267 17.6198692322 0.0000000000 0.0000000000 1.5894672871 3.4622197151
-19.0030422211 43.0143814087 -3.4217469692 17.6087245941 0.0000000000 0.0000000000 1.5852122307 3.4524965286
-19.0646781921 43.1567153931 -3.4851286411 17.5978050232 0.0000000000 0.0000000000 1.5808699131 3.4427392483
-19.1260929108 43.2985763550 -3.5491282940 17.5869026184 0.0000000000 0.0000000000 1.5764405727 3.4330217838
-19.1872596741 43.4399223328 -3.6131744385 17.5763607025 0.0000000000 0.0000000000 1.5719858408 3.4233887196
-19.2483062744 43.5809173584 -3.6770663261 17.5664634705 0.0000000000 0.0000000000 1.5675599575 3.4137945175
-19.3091640472 43.7214355469 -3.7411503792 17.5577869415 0.0000000000 0.0000000000 1.5631929636 3.4041452408
-19.3697853088 43.8614578247 -3.8054432869 17.5503215790 0.0000000000 0.0000000000 1.5589182377 3.3944299221
-19.4301242828 44.0008087158 -3.8704476357 17.5439033508 0.0000000000 0.0000000000 1.5547486544 3.3847134113
-19.4902496338 44.1396255493 -3.9360949993 17.5385894775 0.0000000000 0.0000000000 1.5507010221 3.3750228882
-19.5500812531 44.2778282166 -4.0013093948 17.5343284607 0.0000000000 0.0000000000 1.5468133688 3.3653564453
-19.6097049713 44.4155616760 -4.0657811165 17.5309696198 0.0000000000 0.0000000000 1.5430716276 3.3556923866
-19.6691608429 44.5528488159 -4.1287755966 17.5284442902 0.0000000000 0.0000000000 1.5394743681 3.3460273743
-19.7284946442 44.6897583008 -4.1903324127 17.5260791779 0.0000000000 0.0000000000 1.5360152721 3.3363549709
-19.7876968384 44.8263092041 -4.2498464584 17.5235576630 0.0000000000 0.0000000000 1.5326577425 3.3267765045
-19.8467960358 44.9625282288 -4.3076019287 17.5212154388 0.0000000000 0.0000000000 1.5294079781 3.3174247742
-19.9056472778 45.0982704163 -4.3639631271 17.5190353394 0.0000000000 0.0000000000 1.5263044834 3.3084700108
-19.9642372131 45.2334518433 -4.4196114540 17.5170764923 0.0000000000 0.0000000000 1.5233439207 3.3000123501
-20.0225505829 45.3681030273 -4.4749054909 17.5151386261 0.0000000000 0.0000000000 1.5205261707 3.2920703888
-20.0806217194 45.5023384094 -4.5307855606 17.5131378174 0.0000000000 0.0000000000 1.5178362131 3.2846238613
-20.1384315491 45.6361579895 -4.5878686905 17.5109443665 0.0000000000 0.0000000000 1.5151984692 3.2775559425
-20.1960334778 45.7695770264 -4.6459002495 17.5084800720 0.0000000000 0.0000000000 1.5125337839 3.2707815170
-20.2533779144 45.9024620056 -4.7048664093 17.5058879852 0.0000000000 0.0000000000 1.5097526312 3.2639927864
-20.3105449677 46.0349655151 -4.7641372681 17.5034408569 0.0000000000 0.0000000000 1.5067811012 3.2569608688
-20.3674335480 46.1670150757 -4.8241443634 17.5008659363 0.0000000000 0.0000000000 1.5036165714 3.2496886253
-20.4240894318 46.2986106873 -4.8845057487 17.4983615875 0.0000000000 0.0000000000 1.5002983809 3.2423174381
-20.4803447723 46.4296989441 -4.9441132545 17.4961891174 0.0000000000 0.0000000000 1.4968339205 3.2350752354
-20.5362949371 46.5601577759 -5.0026612282 17.4941997528 0.0000000000 0.0000000000 1.4932214022 3.2280569077
-20.5920410156 46.6902313232 -5.0599040985 17.4925289154 0.0000000000 0.0000000000 1.4894433022 3.2211322784
-20.6476306915 46.8199691772 -5.1155772209 17.4914627075 0.0000000000 0.0000000000 1.4855196476 3.2141764164
-20.7029037476 46.9491615295 -5.1699910164 17.4908924103 0.0000000000 0.0000000000 1.4814047813 3.2071406841
-20.7578678131 47.0778312683 -5.2229766846 17.4908885956 0.0000000000 0.0000000000 1.4770730734 3.2000114918
-20.8124942780 47.2060699463 -5.2752327919 17.4914798737 0.0000000000 0.0000000000 1.4725387096 3.1927702427
-20.8668346405 47.3339080811 -5.3262481689 17.4927177429 0.0000000000 0.0000000000 1.4678539038 3.1855070591
-20.9209117889 47.4613647461 -5.3758482933 17.4945755005 0.0000000000 0.0000000000 1.4631160498 3.1782679558
-20.9748535156 47.5885314941 -5.4247860909 17.4971752167 0.0000000000 0.0000000000 1.4583644867 3.1710023880
-21.0286808014 47.7154197693 -5.4728102684 17.5006351471 0.0000000000 0.0000000000 1.4536781311 3.1636469364
-21.0822715759 47.8418426514 -5.5201725960 17.5044956207 0.0000000000 0.0000000000 1.4490904808 3.1562280655
-21.1355686188 47.9677734375 -5.5679540634 17.5083198547 0.0000000000 0.0000000000 1.4446293116 3.1487553120
-21.1885719299 48.0932807922 -5.6163234711 17.5124797821 0.0000000000 0.0000000000 1.4403142929 3.1412258148
-21.2413425446 48.2183303833 -5.6653804779 17.5168304443 0.0000000000 0.0000000000 1.4361867905 3.1337051392
-21.2939376831 48.3430328369 -5.7158074379 17.5212726593 0.0000000000 0.0000000000 1.4322581291 3.1262071133
-21.3462505341 48.4673614502 -5.7678279877 17.5253505707 0.0000000000 0.0000000000 1.4285163879 3.1188616753
-21.3984432220 48.5914802551 -5.8206963539 17.5289325714 0.0000000000 0.0000000000 1.4249544144 3.1116938591
-21.4504547119 48.7152862549 -5.8743038177 17.5324115753 0.0000000000 0.0000000000 1.4215337038 3.1047294140
-21.5021362305 48.8385505676 -5.9281220436 17.5356693268 0.0000000000 0.0000000000 1.4182374477 3.0979912281
-21.5535850525 48.9613838196 -5.9820642471 17.5387153625 0.0000000000 0.0000000000 1.4150366783 3.0915093422
-21.6047725677 49.0838851929 -6.0355892181 17.5414009094 0.0000000000 0.0000000000 1.4118735790 3.0853798389
-21.6557464600 49.2059936523 -6.0883297920 17.5437088013 0.0000000000 0.0000000000 1.4086773396 3.0796711445
-21.7064990997 49.3276939392 -6.1393127441 17.5460605621 0.0000000000 0.0000000000 1.4053744078 3.0744826794
-21.7570171356 49.4489860535 -6.1875934601 17.5487461090 0.0000000000 0.0000000000 1.4019273520 3.0698342323
-21.8073081970 49.5698471069 -6.2336554527 17.5514144897 0.0000000000 0.0000000000 1.3983620405 3.0656931400
-21.8572921753 49.6902351379 -6.2768092155 17.5544795990 0.0000000000 0.0000000000 1.3947367668 3.0620172024
-21.9071655273 49.8102912903 -6.3181381226 17.5573081970 0.0000000000 0.0000000000 1.3911180496 3.0587496758
-21.9568347931 49.9298591614 -6.3587021828 17.5597000122 0.0000000000 0.0000000000 1.3875836134 3.0558035374
-22.0063514709 50.0491027832 -6.3990807533 17.5615749359 0.0000000000 0.0000000000 1.3841562271 3.0531625748
-22.0556030273 50.1678733826 -6.4391589165 17.5635395050 0.0000000000 0.0000000000 1.3808676004 3.0508484840
-22.1047744751 50.2863807678 -6.4803013802 17.5651493073 0.0000000000 0.0000000000 1.3777252436 3.0488359928
-22.1537799835 50.4045715332 -6.5225367546 17.5666179657 0.0000000000 0.0000000000 1.3747034073 3.0471527576
-22.2024955750 50.5222053528 -6.5653710365 17.5684757233 0.0000000000 0.0000000000 1.3717833757 3.0457098484
-22.2510166168 50.6394119263 -6.6093645096 17.5702114105 0.0000000000 0.0000000000 1.3689522743 3.0444030762
-22.2993984222 50.7562446594 -6.6545066833 17.5720195770 0.0000000000 0.0000000000 1.3661693335 3.0431284904
-22.3477058411 50.8727912903 -6.7001924515 17.5737552643 0.0000000000 0.0000000000 1.3633880615 3.0417060852
-22.3958988190 50.9890136719 -6.7452311516 17.5754814148 0.0000000000 0.0000000000 1.3605670929 3.0400199890
-22.4439010620 51.1048393250 -6.7903041840 17.5769691467 0.0000000000 0.0000000000 1.3576756716 3.0379996300
-22.4917583466 51.2203102112 -6.8349304199 17.5785064697 0.0000000000 0.0000000000 1.3547317982 3.0356447697
-22.5394535065 51.3354187012 -6.8794374466 17.5799446106 0.0000000000 0.0000000000 1.3517247438 3.0330338478
-22.5870132446 51.4501914978 -6.9237389565 17.5815639496 0.0000000000 0.0000000000 1.3487180471 3.0302472115
-22.6341934204 51.5642509460 -6.9673719406 17.5834827423 0.0000000000 0.0000000000 1.3457181454 3.0273272991
-22.6812419891 51.6779289246 -7.0101161003 17.5856819153 0.0000000000 0.0000000000 1.3427182436 3.0244014263
-22.7280464172 51.7911415100 -7.0519027710 17.5880203247 0.0000000000 0.0000000000 1.3397197723 3.0215048790
-22.7747001648 51.9040031433 -7.0923004150 17.5904827118 0.0000000000 0.0000000000 1.3367110491 3.0187435150
-22.8212165833 52.0165672302 -7.1314902306 17.5928573608 0.0000000000 0.0000000000 1.3337252140 3.0160605907
-22.8675155640 52.1286468506 -7.1695957184 17.5953350067 0.0000000000 0.0000000000 1.3307888508 3.0131998062
-22.9137058258 52.2404632568 -7.2056875229 17.5983142853 0.0000000000 0.0000000000 1.3279194832 3.0098929405
-22.9598426819 52.3520164490 -7.2407188416 17.6021060944 0.0000000000 0.0000000000 1.3250983953 3.0060024261
-23.0057907104 52.4630432129 -7.2752428055 17.6065025330 0.0000000000 0.0000000000 1.3223043680 3.0017042160
-23.0515232086 52.5735778809 -7.3090677261 17.6117229462 0.0000000000 0.0000000000 1.3195455074 2.9971227646
-23.0972137451 52.6838493347 -7.3424806595 17.6178665161 0.0000000000 0.0000000000 1.3168119192 2.9924871922
-23.1427402496 52.7937088013 -7.3755540848 17.6246528625 0.0000000000 0.0000000000 1.3141400814 2.9879779816
-23.1881847382 52.9032211304 -7.4085736275 17.6321105957 0.0000000000 0.0000000000 1.3115909100 2.9836792946
-23.2335472107 53.0124397278 -7.4418950081 17.6397838593 0.0000000000 0.0000000000 1.3091746569 2.9796893597
-23.2787456512 53.1212043762 -7.4756484032 17.6479415894 0.0000000000 0.0000000000 1.3069125414 2.9760415554
-23.3238277435 53.2296066284 -7.5098290443 17.6563758850 0.0000000000 0.0000000000 1.3048321009 2.9726996422
-23.3688087463 53.3376808167 -7.5448570251 17.6648597717 0.0000000000 0.0000000000 1.3029625416 2.9695818424
-23.4135971069 53.4452857971 -7.5808396339 17.6731014252 0.0000000000 0.0000000000 1.3012543917 2.9665770531
-23.4582939148 53.5526161194 -7.6178822517 17.6810665131 0.0000000000 0.0000000000 1.2996635437 2.9634928703
-23.5028800964 53.6595993042 -7.6558218002 17.6886367798 0.0000000000 0.0000000000 1.2981641293 2.9602696896
-23.5473175049 53.7662239075 -7.6941080093 17.6959342957 0.0000000000 0.0000000000 1.2967492342 2.9569289684
-23.5916461945 53.8725128174 -7.7328577042 17.7025852203 0.0000000000 0.0000000000 1.2953742743 2.9535846710
-23.6358432770 53.9784965515 -7.7716169357 17.7087440491 0.0000000000 0.0000000000 1.2940150499 2.9502894878
-23.6797885895 54.0839729309 -7.8090620041 17.7151241302 0.0000000000 0.0000000000 1.2926172018 2.9471745491
-23.7236499786 54.1891975403 -7.8462986946 17.7212028503 0.0000000000 0.0000000000 1.2910654545 2.9441614151
-23.7673416138 54.2940826416 -7.8837823868 17.7273654938 0.0000000000 0.0000000000 1.2893531322 2.9412257671
-23.8107948303 54.3986282349 -7.9215345383 17.7337932587 0.0000000000 0.0000000000 1.2874785662 2.9384875298
-23.8540840149 54.5028114319 -7.9587903023 17.7407150269 0.0000000000 0.0000000000 1.2854712009 2.9360282421
-23.8971576691 54.6065673828 -7.9963355064 17.7480449677 0.0000000000 0.0000000000 1.2833657265 2.9339315891
-23.9400501251 54.7100067139 -8.0336112976 17.7556152344 0.0000000000 0.0000000000 1.2811945677 2.9320814610
-23.9827766418 54.8131752014 -8.0702562332 17.7635707855 0.0000000000 0.0000000000 1.2789872885 2.9304480553
-24.0253601074 54.9160995483 -8.1066112518 17.7716808319 0.0000000000 0.0000000000 1.2767212391 2.9290177822
-24.0677509308 55.0187644958 -8.1431465149 17.7799415588 0.0000000000 0.0000000000 1.2744570971 2.9276375771
-24.1099281311 55.1210784912 -8.1800346375 17.7882919312 0.0000000000 0.0000000000 1.2722966671 2.9261004925
-24.1519813538 55.2231369019 -8.2172040939 17.7961940765 0.0000000000 0.0000000000 1.2702046633 2.9244997501
-24.1938743591 55.3248939514 -8.2546710968 17.8034629822 0.0000000000 0.0000000000 1.2681041956 2.9229671955
-24.2355594635 55.4263153076 -8.2922286987 17.8101463318 0.0000000000 0.0000000000 1.2660125494 2.9214947224
-24.2770004272 55.5274620056 -8.3294353485 17.8166618347 0.0000000000 0.0000000000 1.2639771700 2.9200997353
-24.3182277679 55.6282463074 -8.3659620285 17.8236312866 0.0000000000 0.0000000000 1.2619190216 2.9187681675
-24.3591232300 55.7284431458 -8.4019374847 17.8308372498 0.0000000000 0.0000000000 1.2598384619 2.9175124168
-24.3997745514 55.8282661438 -8.4376964569 17.8382625580 0.0000000000 0.0000000000 1.2577654123 2.9162914753
-24.4402637482 55.9278182983 -8.4735517502 17.8458194733 0.0000000000 0.0000000000 1.2557938099 2.9150836468
-24.4804992676 56.0269851685 -8.5094499588 17.8537178040 0.0000000000 0.0000000000 1.2539747953 2.9137904644
-24.5204181671 56.1255607605 -8.5452585220 17.8619842529 0.0000000000 0.0000000000 1.2523382902 2.9123091698
-24.5602531433 56.2239532471 -8.5807456970 17.8707294464 0.0000000000 0.0000000000 1.2508578300 2.9105594158
-24.5997276306 56.3218383789 -8.6154375076 17.8800582886 0.0000000000 0.0000000000 1.2495869398 2.9085440636
-24.6389827728 56.4192466736 -8.6495056152 17.8899364471 0.0000000000 0.0000000000 1.2485578060 2.9063851833
-24.6780281067 56.5162734985 -8.6828918457 17.9004707336 0.0000000000 0.0000000000 1.2477145195 2.9041244984
-24.7169990540 56.6130676270 -8.7161664963 17.9111289978 0.0000000000 0.0000000000 1.2470060587 2.9018857479
-24.7558155060 56.7096672058 -8.7495307922 17.9220771790 0.0000000000 0.0000000000 1.2463591099 2.8997113705
-24.7945346832 56.8060798645 -8.7830524445 17.9328193665 0.0000000000 0.0000000000 1.2457109690 2.8977494240
-24.8330421448 56.9021797180 -8.8162307739 17.9438686371 0.0000000000 0.0000000000 1.2450227737 2.8961303234
-24.8713550568 56.9979019165 -8.8490839005 17.9553070068 0.0000000000 0.0000000000 1.2442748547 2.8949787617
-24.9094657898 57.0932502747 -8.8816289902 17.9664402008 0.0000000000 0.0000000000 1.2434483767 2.8943412304
-24.9474658966 57.1883049011 -8.9133930206 17.9771251678 0.0000000000 0.0000000000 1.2425013781 2.8941082954
-24.9852981567 57.2829971313 -8.9450368881 17.9871177673 0.0000000000 0.0000000000 1.2413908243 2.8941328526
-25.0230922699 57.3774986267 -8.9768533707 17.9963645935 0.0000000000 0.0000000000 1.2400858402 2.8941988945
-25.0607204437 57.4716682434 -9.0086040497 18.0049381256 0.0000000000 0.0000000000 1.2386332750 2.8940973282
-25.0980949402 57.5653991699 -9.0405559540 18.0131072998 0.0000000000 0.0000000000 1.2370228767 2.8936862946
-25.1352825165 57.6589202881 -9.0725717545 18.0209522247 0.0000000000 0.0000000000 1.2352491617 2.8928692341
-25.1721591949 57.7519836426 -9.1042528152 18.0285625458 0.0000000000 0.0000000000 1.2333014011 2.8916349411
-25.2088871002 57.8448066711 -9.1360626221 18.0358734131 0.0000000000 0.0000000000 1.2311763763 2.8901739120
-25.2453937531 57.9372749329 -9.1677894592 18.0429687500 0.0000000000 0.0000000000 1.2289215326 2.8885385990
-25.2816467285 58.0293006897 -9.1992797852 18.0499439240 0.0000000000 0.0000000000 1.2266030312 2.8867392540
-25.3175029755 58.1206817627 -9.2291717529 18.0573654175 0.0000000000 0.0000000000 1.2242844105 2.8847684860
-25.3531780243 58.2118186951 -9.2588090897 18.0644016266 0.0000000000 0.0000000000 1.2219902277 2.8826668262
-25.3885936737 58.3025741577 -9.2877855301 18.0707187653 0.0000000000 0.0000000000 1.2197449207 2.8804557323
-25.4238853455 58.3931274414 -9.3162269592 18.0765800476 0.0000000000 0.0000000000 1.2175482512 2.8781657219
-25.4590682983 58.4834442139 -9.3444433212 18.0817718506 0.0000000000 0.0000000000 1.2154210806 2.8758704662
-25.4941329956 58.5735244751 -9.3724336624 18.0867748260 0.0000000000 0.0000000000 1.2133730650 2.8736450672
-25.5290069580 58.6632843018 -9.3998966217 18.0913085938 0.0000000000 0.0000000000 1.2113924026 2.8716008663
-25.5636978149 58.7526664734 -9.4270877838 18.0955276489 0.0000000000 0.0000000000 1.2094788551 2.8697786331
-25.5982475281 58.8418350220 -9.4535865784 18.0998535156 0.0000000000 0.0000000000 1.2076249123 2.8681628704
-25.6326713562 58.9307403564 -9.4798679352 18.1041469574 0.0000000000 0.0000000000 1.2057739496 2.8667566776
-25.6668891907 59.0191650391 -9.5056838989 18.1083202362 0.0000000000 0.0000000000 1.2039145231 2.8655412197
-25.7009105682 59.1072120667 -9.5310716629 18.1127796173 0.0000000000 0.0000000000 1.2020918131 2.8644053936
-25.7347602844 59.1949462891 -9.5556793213 18.1179485321 0.0000000000 0.0000000000 1.2002969980 2.8633129597
-25.7685604095 59.2824935913 -9.5793228149 18.1238327026 0.0000000000 0.0000000000 1.1985448599 2.8622217178
-25.8021602631 59.3697052002 -9.6020145416 18.1306171417 0.0000000000 0.0000000000 1.1968519688 2.8611273766
-25.8356571198 59.4565658569 -9.6238355637 18.1378345490 0.0000000000 0.0000000000 1.1951577663 2.8601906300
-25.8690834045 59.5431785583 -9.6447725296 18.1454811096 0.0000000000 0.0000000000 1.1934897900 2.8593096733
-25.9023628235 59.6294746399 -9.6650838852 18.1532402039 0.0000000000 0.0000000000 1.1918444633 2.8584642410
-25.9356327057 59.7156105042 -9.6853752136 18.1613159180 0.0000000000 0.0000000000 1.1902718544 2.8575310707
-25.9688739777 59.8016395569 -9.7052240372 18.1695270538 0.0000000000 0.0000000000 1.1887601614 2.8565037251
-26.0021018982 59.8875198364 -9.7249717712 18.1775779724 0.0000000000 0.0000000000 1.1872826815 2.8554980755
-26.0352611542 59.9731330872 -9.7447042465 18.1858825684 0.0000000000 0.0000000000 1.1858190298 2.8544864655
-26.0683460236 60.0585136414 -9.7646741867 18.1943035126 0.0000000000 0.0000000000 1.1843988895 2.8534994125
-26.1014003754 60.1437416077 -9.7848873138 18.2029895782 0.0000000000 0.0000000000 1.1830317974 2.8526382446
-26.1343193054 60.2287864685 -9.8053197861 18.2116718292 0.0000000000 0.0000000000 1.1817089319 2.8519566059
-26.1670188904 60.3134384155 -9.8260078430 18.2199535370 0.0000000000 0.0000000000 1.1804159880 2.8514580727
-26.1996269226 60.3978843689 -9.8469886780 18.2277393341 0.0000000000 0.0000000000 1.1791200638 2.8511555195
-26.2321376801 60.4821319580 -9.8683881760 18.2349853516 0.0000000000 0.0000000000 1.1778227091 2.8509488106
-26.2645854950 60.5661315918 -9.8901634216 18.2417640686 0.0000000000 0.0000000000 1.1765410900 2.8507347107
-26.2968330383 60.6497421265 -9.9125099182 18.2478904724 0.0000000000 0.0000000000 1.1752678156 2.8503751755
-26.3290367126 60.7331771851 -9.9353609085 18.2534618378 0.0000000000 0.0000000000 1.1740229130 2.8498170376
-26.3610687256 60.8163070679 -9.9589843750 18.2585010529 0.0000000000 0.0000000000 1.1727813482 2.8491582870
-26.3930320740 60.8992576599 -9.9829196930 18.2626953125 0.0000000000 0.0000000000 1.1715422869 2.8484988213
-26.4246711731 60.9817123413 -10.0069103241 18.2660942078 0.0000000000 0.0000000000 1.1703318357 2.8477849960
-26.4562244415 61.0639038086 -10.0309572220 18.2691192627 0.0000000000 0.0000000000 1.1691300869 2.8469245434
-26.4876155853 61.1457557678 -10.0547571182 18.2721691132 0.0000000000 0.0000000000 1.1678737402 2.8459436893
-26.5186901093 61.2269363403 -10.0776443481 18.2754211426 0.0000000000 0.0000000000 1.1665607691 2.8447668552
-26.5496997833 61.3078994751 -10.1001529694 18.2787303925 0.0000000000 0.0000000000 1.1651778221 2.8434553146
-26.5805091858 61.3884735107 -10.1214494705 18.2824211121 0.0000000000 0.0000000000 1.1636991501 2.8421745300
-26.6112442017 61.4688339233 -10.1417903900 18.2865238190 0.0000000000 0.0000000000 1.1621423960 2.8410718441
-26.6418170929 61.5488204956 -10.1614131927 18.2908077240 0.0000000000 0.0000000000 1.1605433226 2.8402085304
-26.6723136902 61.6286315918 -10.1803264618 18.2956390381 0.0000000000 0.0000000000 1.1589596272 2.8394985199
-26.7026920319 61.7081413269 -10.1987123489 18.3010692596 0.0000000000 0.0000000000 1.1574138403 2.8388721943
-26.7329578400 61.7873001099 -10.2169713974 18.3071022034 0.0000000000 0.0000000000 1.1559588909 2.8382244110
-26.7630691528 61.8661460876 -10.2352123260 18.3136138916 0.0000000000 0.0000000000 1.1546070576 2.8375308514
-26.7931022644 61.9447212219 -10.2536134720 18.3203926086 0.0000000000 0.0000000000 1.1533262730 2.8370029926
-26.8231029510 62.0231399536 -10.2718429565 18.3270759583 0.0000000000 0.0000000000 1.1520736217 2.8367288113
-26.8529644012 62.1010475159 -10.2903404236 18.3337306976 0.0000000000 0.0000000000 1.1508727074 2.8365631104
-26.8827323914 62.1786003113 -10.3089513779 18.3407936096 0.0000000000 0.0000000000 1.1497623920 2.8363969326
-26.9124050140 62.2559432983 -10.3276529312 18.3482780457 0.0000000000 0.0000000000 1.1487009525 2.8362388611
-26.9419269562 62.3329277039 -10.3464355469 18.3561000824 0.0000000000 0.0000000000 1.1477154493 2.8362572193
-26.9714584351 62.4097785950 -10.3657684326 18.3639049530 0.0000000000 0.0000000000 1.1468116045 2.8364644051
-27.0008716583 62.4863128662 -10.3856563568 18.3714828491 0.0000000000 0.0000000000 1.1459591389 2.8368144035
-27.0302925110 62.5627021790 -10.4060802460 18.3791217804 0.0000000000 0.0000000000 1.1451482773 2.8371500969
-27.0596847534 62.6388740540 -10.4269037247 18.3867244720 0.0000000000 0.0000000000 1.1443808079 2.8374309540
-27.0889873505 62.7147483826 -10.4479799271 18.3943214417 0.0000000000 0.0000000000 1.1437166929 2.8375577927
-27.1181869507 62.7904129028 -10.4692707062 18.4015464783 0.0000000000 0.0000000000 1.1431187391 2.8375132084
-27.1473217010 62.8658370972 -10.4901046753 18.4087600708 0.0000000000 0.0000000000 1.1425719261 2.8373284340
-27.1763000488 62.9408264160 -10.5105237961 18.4152774811 0.0000000000 0.0000000000 1.1420408487 2.8371894360
-27.2052154541 63.0155792236 -10.5304899216 18.4210071564 0.0000000000 0.0000000000 1.1415389776 2.8371319771
-27.2340183258 63.0900077820 -10.5497865677 18.4264945984 0.0000000000 0.0000000000 1.1410764456 2.8369832039
-27.2626571655 63.1639823914 -10.5691528320 18.4315681458 0.0000000000 0.0000000000 1.1406290531 2.8367941380
-27.2912216187 63.2376594543 -10.5888195038 18.4362010956 0.0000000000 0.0000000000 1.1401571035 2.8365690708
-27.3197059631 63.3111305237 -10.6094589233 18.4401054382 0.0000000000 0.0000000000 1.1396657228 2.8361861706
-27.3480834961 63.3842658997 -10.6306982040 18.4434375763 0.0000000000 0.0000000000 1.1390529871 2.8356800079
-27.3763122559 63.4571342468 -10.6526412964 18.4461421967 0.0000000000 0.0000000000 1.1382479668 2.8351182938
-27.4044742584 63.5297966003 -10.6754493713 18.4480133057 0.0000000000 0.0000000000 1.1372299194 2.8345427513
-27.4324836731 63.6020774841 -10.6986608505 18.4490165710 0.0000000000 0.0000000000 1.1360518932 2.8338565826
-27.4603939056 63.6740875244 -10.7221813202 18.4494113922 0.0000000000 0.0000000000 1.1347157955 2.8331832886
-27.4880657196 63.7456359863 -10.7456445694 18.4498634338 0.0000000000 0.0000000000 1.1331634521 2.8327138424
-27.5155258179 63.8167724609 -10.7689428329 18.4504089355 0.0000000000 0.0000000000 1.1314333677 2.8325126171
-27.5428638458 63.8876647949 -10.7911329269 18.4514770508 0.0000000000 0.0000000000 1.1295498610 2.8326561451
-27.5699348450 63.9580841064 -10.8120021820 18.4531555176 0.0000000000 0.0000000000 1.1274757385 2.8329863548
-27.5967998505 64.0282592773 -10.8316574097 18.4558067322 0.0000000000 0.0000000000 1.1253150702 2.8334712982
-27.6234359741 64.0979690552 -10.8501157761 18.4592666626 0.0000000000 0.0000000000 1.1231391430 2.8340656757
-27.6499614716 64.1673507690 -10.8676996231 18.4634361267 0.0000000000 0.0000000000 1.1210254431 2.8345980644
-27.6763248444 64.2364578247 -10.8849306107 18.4679698944 0.0000000000 0.0000000000 1.1189560890 2.8350384235
-27.7024898529 64.3051147461 -10.9015665054 18.4728908539 0.0000000000 0.0000000000 1.1169711351 2.8353357315
-27.7284908295 64.3733367920 -10.9179868698 18.4783267975 0.0000000000 0.0000000000 1.1151443720 2.8354504108
-27.7544136047 64.4413452148 -10.9342041016 18.4843311310 0.0000000000 0.0000000000 1.1135700941 2.8354728222
-27.7802791595 64.5091094971 -10.9504146576 18.4903469086 0.0000000000 0.0000000000 1.1122856140 2.8355617523
-27.8060302734 64.5765914917 -10.9667711258 18.4963321686 0.0000000000 0.0000000000 1.1112573147 2.8357779980
-27.8317852020 64.6439361572 -10.9832239151 18.5023040771 0.0000000000 0.0000000000 1.1104878187 2.8361155987
-27.8574905396 64.7110519409 -10.9997129440 18.5082626343 0.0000000000 0.0000000000 1.1100164652 2.8363695145
-27.8831748962 64.7779998779 -11.0162487030 18.5141506195 0.0000000000 0.0000000000 1.1097675562 2.8365280628
-27.9087314606 64.8445358276 -11.0327033997 18.5200080872 0.0000000000 0.0000000000 1.1096214056 2.8366131783
-27.9340591431 64.9105682373 -11.0487403870 18.5260181427 0.0000000000 0.0000000000 1.1095023155 2.8366227150
-27.9592342377 64.9761962891 -11.0649356842 18.5321140289 0.0000000000 0.0000000000 1.1094095707 2.8365058899
-27.9844207764 65.0416641235 -11.0809822083 18.5379295349 0.0000000000 0.0000000000 1.1093152761 2.8364343643
-28.0095100403 65.1067962646 -11.0972957611 18.5433082581 0.0000000000 0.0000000000 1.1091856956 2.8364191055
-28.0343666077 65.1715621948 -11.1138858795 18.5485496521 0.0000000000 0.0000000000 1.1090363264 2.8363585472
-28.0591526031 65.2360839844 -11.1306982040 18.5532169342 0.0000000000 0.0000000000 1.1089668274 2.8363976479
-28.0838775635 65.3004074097 -11.1475315094 18.5574264526 0.0000000000 0.0000000000 1.1089471579 2.8366005421
-28.1085395813 65.3646316528 -11.1644945145 18.5615558624 0.0000000000 0.0000000000 1.1089709997 2.8369977474
-28.1331672668 65.4286956787 -11.1817703247 18.5656108856 0.0000000000 0.0000000000 1.1090114117 2.8376169205
-28.1577053070 65.4925994873 -11.1989259720 18.5695304871 0.0000000000 0.0000000000 1.1090520620 2.8384244442
-28.1819934845 65.5559463501 -11.2155275345 18.5735702515 0.0000000000 0.0000000000 1.1090766191 2.8393995762
-28.2061843872 65.6189956665 -11.2317924500 18.5776996613 0.0000000000 0.0000000000 1.1090320349 2.8404219151
-28.2303047180 65.6818084717 -11.2474737167 18.5821266174 0.0000000000 0.0000000000 1.1089234352 2.8414316177
-28.2543163300 65.7443161011 -11.2626371384 18.5865993500 0.0000000000 0.0000000000 1.1087075472 2.8423509598
-28.2782821655 65.8066482544 -11.2768955231 18.5912017822 0.0000000000 0.0000000000 1.1084084511 2.8430602551
-28.3022346497 65.8688812256 -11.2906637192 18.5963115692 0.0000000000 0.0000000000 1.1080719233 2.8434805870
-28.3260364532 65.9306640625 -11.3041791916 18.6016654968 0.0000000000 0.0000000000 1.1077176332 2.8436160088
-28.3497238159 65.9921188354 -11.3177452087 18.6073875427 0.0000000000 0.0000000000 1.1073492765 2.8434453011
-28.3733463287 66.0533218384 -11.3316164017 18.6131649017 0.0000000000 0.0000000000 1.1069427729 2.8430616856
-28.3968086243 66.1141433716 -11.3457355499 18.6187095642 0.0000000000 0.0000000000 1.1064697504 2.8425965309
-28.4201564789 66.1748199463 -11.3604984283 18.6238422394 0.0000000000 0.0000000000 1.1059063673 2.8421599865
-28.4434833527 66.2353515625 -11.3758649826 18.6287117004 0.0000000000 0.0000000000 1.1052892208 2.8416855335
-28.4666938782 66.2957534790 -11.3921136856 18.6335620880 0.0000000000 0.0000000000 1.1046556234 2.8411753178
-28.4898414612 66.3560028076 -11.4090003967 18.6387119293 0.0000000000 0.0000000000 1.1040294170 2.8406405449
-28.5128002167 66.4159240723 -11.4266815186 18.6440486908 0.0000000000 0.0000000000 1.1034224033 2.8400466442
-28.5354843140 66.4753799438 -11.4448232651 18.6497020721 0.0000000000 0.0000000000 1.1028313637 2.8394353390
-28.5581130981 66.5347213745 -11.4627504349 18.6556320190 0.0000000000 0.0000000000 1.1022523642 2.8388078213
-28.5806808472 66.5939483643 -11.4802608490 18.6617870331 0.0000000000 0.0000000000 1.1016865969 2.8382458687
-28.6031608582 66.6530151367 -11.4971208572 18.6684837341 0.0000000000 0.0000000000 1.1011536121 2.8377616405
-28.6254329681 66.7117691040 -11.5131750107 18.6754417419 0.0000000000 0.0000000000 1.1006428003 2.8374419212
-28.6474399567 66.7698898315 -11.5281352997 18.6824588776 0.0000000000 0.0000000000 1.1001783609 2.8372890949
-28.6693744659 66.8277587891 -11.5417470932 18.6897106171 0.0000000000 0.0000000000 1.0997315645 2.8373432159
-28.6912021637 66.8853073120 -11.5542440414 18.6972618103 0.0000000000 0.0000000000 1.0992393494 2.8373918533
-28.7129535675 66.9426422119 -11.5663146973 18.7046051025 0.0000000000 0.0000000000 1.0986337662 2.8373947144
-28.7345161438 66.9994049072 -11.5777702332 18.7118816376 0.0000000000 0.0000000000 1.0979175568 2.8373172283
-28.7560081482 67.0560073853 -11.5886535645 18.7189884186 0.0000000000 0.0000000000 1.0971006155 2.8371427059
-28.7775230408 67.1125335693 -11.5997695923 18.7258682251 0.0000000000 0.0000000000 1.0962367058 2.8367908001
-28.7990455627 67.1690292358 -11.6115674973 18.7326087952 0.0000000000 0.0000000000 1.0953828096 2.8362841606
-28.8205242157 67.2253723145 -11.6239891052 18.7391567230 0.0000000000 0.0000000000 1.0945611000 2.8356153965
-28.8418521881 67.2815856934 -11.6372222900 18.7454605103 0.0000000000 0.0000000000 1.0937858820 2.8349521160
-28.8629360199 67.3370590210 -11.6509552002 18.7514553070 0.0000000000 0.0000000000 1.0930659771 2.8343927860
-28.8838710785 67.3922042847 -11.6649169922 18.7572154999 0.0000000000 0.0000000000 1.0924162865 2.8339915276
-28.9047546387 67.4471588135 -11.6787900925 18.7626762390 0.0000000000 0.0000000000 1.0918320417 2.8337416649
-28.9256076813 67.5020217896 -11.6922693253 18.7677536011 0.0000000000 0.0000000000 1.0912574530 2.8336448669
-28.9464683533 67.5568542480 -11.7051477432 18.7727432251 0.0000000000 0.0000000000 1.0906500816 2.8336300850
-28.9673118591 67.6115112305 -11.7177934647 18.7776165009 0.0000000000 0.0000000000 1.0899587870 2.8337364197
-28.9880409241 67.6659851074 -11.7302618027 18.7822074890 0.0000000000 0.0000000000 1.0892328024 2.8337430954
-29.0086479187 67.7202453613 -11.7428417206 18.7865123749 0.0000000000 0.0000000000 1.0884814262 2.8334186077
-29.0291728973 67.7744598389 -11.7553453445 18.7905044556 0.0000000000 0.0000000000 1.0877048969 2.8327629566
-29.0494518280 67.8283538818 -11.7678928375 18.7941036224 0.0000000000 0.0000000000 1.0868668556 2.8318572044
-29.0696716309 67.8821182251 -11.7804269791 18.7974338531 0.0000000000 0.0000000000 1.0859762430 2.8306353092
-29.0897865295 67.9355392456 -11.7929420471 18.8003921509 0.0000000000 0.0000000000 1.0850396156 2.8292088509
-29.1096839905 67.9885635376 -11.8050603867 18.8034172058 0.0000000000 0.0000000000 1.0840469599 2.8277025223
-29.1295490265 68.0414428711 -11.8165874481 18.8065261841 0.0000000000 0.0000000000 1.0830000639 2.8263468742
-29.1492729187 68.0940246582 -11.8278932571 18.8096599579 0.0000000000 0.0000000000 1.0819053650 2.8251385689
-29.1689224243 68.1464843750 -11.8393144608 18.8130111694 0.0000000000 0.0000000000 1.0808012486 2.8239858150
-29.1884803772 68.1986846924 -11.8506832123 18.8166770935 0.0000000000 0.0000000000 1.0797103643 2.8229656219
-29.2080173492 68.2508468628 -11.8623123169 18.8201999664 0.0000000000 0.0000000000 1.0785741806 2.8221871853
-29.2273960114 68.3026809692 -11.8739547729 18.8236351013 0.0000000000 0.0000000000 1.0774010420 2.8217484951
-29.2466583252 68.3542175293 -11.8857889175 18.8270397186 0.0000000000 0.0000000000 1.0762262344 2.8215007782
-29.2658538818 68.4055099487 -11.8978796005 18.8307399750 0.0000000000 0.0000000000 1.0751262903 2.8212940693
-29.2850036621 68.4566574097 -11.9094848633 18.8349819183 0.0000000000 0.0000000000 1.0741378069 2.8211359978
-29.3040142059 68.5075149536 -11.9202289581 18.8398704529 0.0000000000 0.0000000000 1.0732698441 2.8208477497
-29.3230037689 68.5581665039 -11.9305763245 18.8451232910 0.0000000000 0.0000000000 1.0725429058 2.8203740120
-29.3419818878 68.6087036133 -11.9403009415 18.8505249023 0.0000000000 0.0000000000 1.0719183683 2.8198049068
-29.3609447479 68.6591720581 -11.9495563507 18.8560295105 0.0000000000 0.0000000000 1.0714113712 2.8192172050
-29.3798389435 68.7094268799 -11.9582958221 18.8615150452 0.0000000000 0.0000000000 1.0709760189 2.8188090324
-29.3985996246 68.7593078613 -11.9667568207 18.8668804169 0.0000000000 0.0000000000 1.0706304312 2.8186328411
-29.4173545837 68.8091278076 -11.9748525620 18.8725509644 0.0000000000 0.0000000000 1.0703877211 2.8185222149
-29.4361286163 68.8589324951 -11.9832000732 18.8780937195 0.0000000000 0.0000000000 1.0702339411 2.8184165955
-29.4548816681 68.9087219238 -11.9917411804 18.8833885193 0.0000000000 0.0000000000 1.0700991154 2.8183059692
-29.4735145569 68.9581680298 -12.0005331039 18.8884124756 0.0000000000 0.0000000000 1.0699658394 2.8182332516
-29.4921531677 69.0075454712 -12.0095720291 18.8932857513 0.0000000000 0.0000000000 1.0698673725 2.8180129528
-29.5108737946 69.0569610596 -12.0191001892 18.8981418610 0.0000000000 0.0000000000 1.0698115826 2.8176763058
-29.5296134949 69.1063613892 -12.0288124084 18.9029407501 0.0000000000 0.0000000000 1.0697635412 2.8171660900
-29.5483283997 69.1556854248 -12.0387907028 18.9077682495 0.0000000000 0.0000000000 1.0697057247 2.8163454533
-29.5669212341 69.2048034668 -12.0488634109 18.9125614166 0.0000000000 0.0000000000 1.0695379972 2.8153362274
