#         COST_U        COST_H      COST_D       COST_S       REGU_H       REGU_S          HPO           COSTGLEN 
294.1456604004 0.0000000000 0.0000000000 0.0000000000 41.9131469727 0.0000000000 1.7718815804
102.8511352539 0.0000000000 0.0000000000 0.1215811372 41.4577064514 0.0000000000 -0.1091139317
74.1087646484 0.0000000000 0.0000000000 0.3890350759 40.4746246338 0.0000000000 -0.3743220568
67.8101348877 0.0000000000 0.0000000000 0.7329191566 39.9264068604 0.0000000000 -0.3904280663
62.2458076477 0.0000000000 0.0000000000 1.1142137051 40.0248489380 0.0000000000 -0.3637099266
55.7268409729 0.0000000000 0.0000000000 1.5097520351 40.7880439758 0.0000000000 -0.3369469643
48.7799911499 0.0000000000 0.0000000000 1.9021353722 40.9483871460 0.0000000000 -0.3211021423
42.0408401489 0.0000000000 0.0000000000 2.2777271271 41.1621742249 0.0000000000 -0.3175508976
35.7954864502 0.0000000000 0.0000000000 2.6259791851 40.9043121338 0.0000000000 -0.3231256008
30.2827110291 0.0000000000 0.0000000000 2.9382095337 40.2331390381 0.0000000000 -0.3343451023
25.7609348297 0.0000000000 0.0000000000 3.2081842422 39.5816802979 0.0000000000 -0.3467534781
22.3617191315 0.0000000000 0.0000000000 3.4316563606 39.0308494568 0.0000000000 -0.3560116291
20.0052547455 0.0000000000 0.0000000000 3.6060862541 38.2526016235 0.0000000000 -0.3604849577
18.4707717896 0.0000000000 0.0000000000 3.7309300900 37.7227668762 0.0000000000 -0.3604575396
17.5079078674 0.0000000000 0.0000000000 3.8076510429 37.2922554016 0.0000000000 -0.3576307297
16.9136524200 0.0000000000 0.0000000000 3.8393208981 37.1200866699 0.0000000000 -0.3538779020
16.5216293335 0.0000000000 0.0000000000 3.8305013180 36.9772720337 0.0000000000 -0.3500926495
16.2229404449 0.0000000000 0.0000000000 3.7864484787 36.8205261230 0.0000000000 -0.3473288715
15.9598455429 0.0000000000 0.0000000000 3.7129087448 36.6750755310 0.0000000000 -0.3457402587
15.7033500671 0.0000000000 0.0000000000 3.6155285835 36.5622558594 0.0000000000 -0.3453507423
15.4482173920 0.0000000000 0.0000000000 3.4996094704 36.5049438477 0.0000000000 -0.3465738297
15.2034425735 0.0000000000 0.0000000000 3.3701791763 36.4819030762 0.0000000000 -0.3489472866
14.9905242920 0.0000000000 0.0000000000 3.2318603992 36.4672546387 0.0000000000 -0.3524595201
14.8359832764 0.0000000000 0.0000000000 3.0886049271 36.4492225647 0.0000000000 -0.3569406867
14.7680578232 0.0000000000 0.0000000000 2.9440362453 36.4346504211 0.0000000000 -0.3623160720
14.8148508072 0.0000000000 0.0000000000 2.8010945320 36.4217224121 0.0000000000 -0.3682030141
15.0022745132 0.0000000000 0.0000000000 2.6622118950 36.4039764404 0.0000000000 -0.3747447133
15.3582134247 0.0000000000 0.0000000000 2.5292689800 36.3858451843 0.0000000000 -0.3814641833
15.9015293121 0.0000000000 0.0000000000 2.4037899971 36.3593711853 0.0000000000 -0.3878748417
16.6436214447 0.0000000000 0.0000000000 2.2869029045 36.3141403198 0.0000000000 -0.3939712048
17.5828151703 0.0000000000 0.0000000000 2.1794178486 36.3009757996 0.0000000000 -0.3994284868
18.7141914368 0.0000000000 0.0000000000 2.0821156502 36.2504730225 0.0000000000 -0.4038410783
20.0163784027 0.0000000000 0.0000000000 1.9957362413 36.2032661438 0.0000000000 -0.4067640305
21.4143352509 0.0000000000 0.0000000000 1.9208983183 36.1850166321 0.0000000000 -0.4080548286
22.8070278168 0.0000000000 0.0000000000 1.8582520485 36.1903152466 0.0000000000 -0.4078453779
24.0672893524 0.0000000000 0.0000000000 1.8083288670 36.1879501343 0.0000000000 -0.4064282179
25.0537528992 0.0000000000 0.0000000000 1.7717945576 36.1749572754 0.0000000000 -0.4043799043
25.6440353394 0.0000000000 0.0000000000 1.7492784262 36.1464004517 0.0000000000 -0.4023458958
25.7668094635 0.0000000000 0.0000000000 1.7409394979 36.0944137573 0.0000000000 -0.4005217552
25.4230957031 0.0000000000 0.0000000000 1.7468985319 36.0263442993 0.0000000000 -0.3992767930
24.6885204315 0.0000000000 0.0000000000 1.7666492462 35.9487342834 0.0000000000 -0.3981330395
23.6861743927 0.0000000000 0.0000000000 1.7990304232 35.8535232544 0.0000000000 -0.3970094323
22.5481643677 0.0000000000 0.0000000000 1.8422254324 35.7668876648 0.0000000000 -0.3954340219
21.3975105286 0.0000000000 0.0000000000 1.8939719200 35.6813201904 0.0000000000 -0.3928868771
20.3214931488 0.0000000000 0.0000000000 1.9515210390 35.6046562195 0.0000000000 -0.3895497322
19.3738079071 0.0000000000 0.0000000000 2.0120577812 35.5194969177 0.0000000000 -0.3865149617
18.5786838531 0.0000000000 0.0000000000 2.0728888512 35.4385643005 0.0000000000 -0.3827348948
17.9426841736 0.0000000000 0.0000000000 2.1316745281 35.3600692749 0.0000000000 -0.3790689111
17.4600315094 0.0000000000 0.0000000000 2.1867365837 35.2874412537 0.0000000000 -0.3756610751
17.1165161133 0.0000000000 0.0000000000 2.2367756367 35.2242126465 0.0000000000 -0.3720384240
16.8946189880 0.0000000000 0.0000000000 2.2811875343 35.1631164551 0.0000000000 -0.3690866828
16.7652759552 0.0000000000 0.0000000000 2.3197517395 35.0985031128 0.0000000000 -0.3662587404
16.7000770569 0.0000000000 0.0000000000 2.3524639606 35.0313529968 0.0000000000 -0.3634269238
16.6679382324 0.0000000000 0.0000000000 2.3797283173 34.9691276550 0.0000000000 -0.3611958623
16.6390705109 0.0000000000 0.0000000000 2.4021267891 34.9068183899 0.0000000000 -0.3587356806
16.5933361053 0.0000000000 0.0000000000 2.4203257561 34.8443107605 0.0000000000 -0.3563778400
16.5119190216 0.0000000000 0.0000000000 2.4349792004 34.7801895142 0.0000000000 -0.3541921377
16.3862800598 0.0000000000 0.0000000000 2.4465887547 34.7178840637 0.0000000000 -0.3517192006
16.2138500214 0.0000000000 0.0000000000 2.4554793835 34.6526412964 0.0000000000 -0.3488534093
15.9957704544 0.0000000000 0.0000000000 2.4617674351 34.5826454163 0.0000000000 -0.3463382721
15.7352476120 0.0000000000 0.0000000000 2.4655873775 34.5080947876 0.0000000000 -0.3433955908
15.4363527298 0.0000000000 0.0000000000 2.4670219421 34.4263381958 0.0000000000 -0.3406056166
15.1021356583 0.0000000000 0.0000000000 2.4658586979 34.3431015015 0.0000000000 -0.3380810022
14.7398052216 0.0000000000 0.0000000000 2.4620313644 34.2589187622 0.0000000000 -0.3355649710
14.3607177734 0.0000000000 0.0000000000 2.4553728104 34.1666870117 0.0000000000 -0.3335130215
13.9782381058 0.0000000000 0.0000000000 2.4455938339 34.0744056702 0.0000000000 -0.3313695788
13.5977268219 0.0000000000 0.0000000000 2.4324655533 33.9852104187 0.0000000000 -0.3292620182
13.2259035110 0.0000000000 0.0000000000 2.4156825542 33.8981742859 0.0000000000 -0.3272556663
12.8638801575 0.0000000000 0.0000000000 2.3950796127 33.8126831055 0.0000000000 -0.3249939680
12.5107183456 0.0000000000 0.0000000000 2.3706505299 33.7288589478 0.0000000000 -0.3229885101
12.1688470840 0.0000000000 0.0000000000 2.3424313068 33.6510772705 0.0000000000 -0.3212297559
11.8452472687 0.0000000000 0.0000000000 2.3106389046 33.5799560547 0.0000000000 -0.3193943501
11.5464305878 0.0000000000 0.0000000000 2.2753791809 33.5108146667 0.0000000000 -0.3174799681
11.2798814774 0.0000000000 0.0000000000 2.2368595600 33.4439620972 0.0000000000 -0.3160772324
11.0492668152 0.0000000000 0.0000000000 2.1954777241 33.3800849915 0.0000000000 -0.3146632910
10.8558311462 0.0000000000 0.0000000000 2.1516230106 33.3188056946 0.0000000000 -0.3131743073
10.6969461441 0.0000000000 0.0000000000 2.1057400703 33.2579689026 0.0000000000 -0.3116983771
10.5675268173 0.0000000000 0.0000000000 2.0584778786 33.1970558167 0.0000000000 -0.3102860451
10.4609909058 0.0000000000 0.0000000000 2.0104064941 33.1357879639 0.0000000000 -0.3092532158
10.3692655563 0.0000000000 0.0000000000 1.9620906115 33.0752677917 0.0000000000 -0.3079679012
10.2832593918 0.0000000000 0.0000000000 1.9140865803 33.0148048401 0.0000000000 -0.3065702915
10.1928300858 0.0000000000 0.0000000000 1.8668154478 32.9542465210 0.0000000000 -0.3054800630
10.0905780792 0.0000000000 0.0000000000 1.8206870556 32.8934020996 0.0000000000 -0.3039346933
9.9721422195 0.0000000000 0.0000000000 1.7760039568 32.8324890137 0.0000000000 -0.3029239178
9.8378095627 0.0000000000 0.0000000000 1.7329207659 32.7734756470 0.0000000000 -0.3018171191
9.6910505295 0.0000000000 0.0000000000 1.6915068626 32.7113151550 0.0000000000 -0.3005269170
9.5395259857 0.0000000000 0.0000000000 1.6517250538 32.6498374939 0.0000000000 -0.2992917299
9.3904094696 0.0000000000 0.0000000000 1.6134604216 32.5893516541 0.0000000000 -0.2982318401
9.2490158081 0.0000000000 0.0000000000 1.5766732693 32.5289535522 0.0000000000 -0.2970139980
9.1201410294 0.0000000000 0.0000000000 1.5412269831 32.4717330933 0.0000000000 -0.2956392765
9.0049419403 0.0000000000 0.0000000000 1.5070503950 32.4154701233 0.0000000000 -0.2945387363
8.9048128128 0.0000000000 0.0000000000 1.4740511179 32.3600158691 0.0000000000 -0.2934377789
8.8182983398 0.0000000000 0.0000000000 1.4422144890 32.3050422668 0.0000000000 -0.2922833562
8.7414140701 0.0000000000 0.0000000000 1.4115382433 32.2513771057 0.0000000000 -0.2910450697
8.6699542999 0.0000000000 0.0000000000 1.3820462227 32.1990547180 0.0000000000 -0.2899764776
8.5998067856 0.0000000000 0.0000000000 1.3537470102 32.1483192444 0.0000000000 -0.2888843417
8.5279588699 0.0000000000 0.0000000000 1.3266867399 32.0993080139 0.0000000000 -0.2877749801
8.4520111084 0.0000000000 0.0000000000 1.3008503914 32.0524749756 0.0000000000 -0.2866873741
8.3709640503 0.0000000000 0.0000000000 1.2762186527 32.0073928833 0.0000000000 -0.2855218649
8.2852907181 0.0000000000 0.0000000000 1.2528107166 31.9642086029 0.0000000000 -0.2844177485
8.1969203949 0.0000000000 0.0000000000 1.2305216789 31.9211330414 0.0000000000 -0.2833786011
8.1075210571 0.0000000000 0.0000000000 1.2092909813 31.8785305023 0.0000000000 -0.2822178602
8.0183057785 0.0000000000 0.0000000000 1.1890269518 31.8358440399 0.0000000000 -0.2812363505
7.9297766685 0.0000000000 0.0000000000 1.1696608067 31.7925834656 0.0000000000 -0.2800875902
7.8432102203 0.0000000000 0.0000000000 1.1511676311 31.7491149902 0.0000000000 -0.2789861560
7.7592225075 0.0000000000 0.0000000000 1.1334478855 31.7071914673 0.0000000000 -0.2780770659
7.6772031784 0.0000000000 0.0000000000 1.1164172888 31.6667118073 0.0000000000 -0.2770306468
7.5966491699 0.0000000000 0.0000000000 1.1000293493 31.6263237000 0.0000000000 -0.2760925293
7.5171866417 0.0000000000 0.0000000000 1.0841943026 31.5856666565 0.0000000000 -0.2750787139
7.4385085106 0.0000000000 0.0000000000 1.0688310862 31.5462608337 0.0000000000 -0.2741963863
7.3601031303 0.0000000000 0.0000000000 1.0538647175 31.5067043304 0.0000000000 -0.2732421756
7.2822599411 0.0000000000 0.0000000000 1.0392035246 31.4672317505 0.0000000000 -0.2723349929
7.2046785355 0.0000000000 0.0000000000 1.0247782469 31.4263191223 0.0000000000 -0.2714250684
7.1276655197 0.0000000000 0.0000000000 1.0105988979 31.3848686218 0.0000000000 -0.2703343630
7.0521197319 0.0000000000 0.0000000000 0.9966613650 31.3438835144 0.0000000000 -0.2696627975
6.9781770706 0.0000000000 0.0000000000 0.9829958677 31.3030509949 0.0000000000 -0.2688759565
6.9064979553 0.0000000000 0.0000000000 0.9695888162 31.2620754242 0.0000000000 -0.2679212689
6.8367786407 0.0000000000 0.0000000000 0.9564340711 31.2208824158 0.0000000000 -0.2672175765
6.7685999870 0.0000000000 0.0000000000 0.9435369968 31.1785564423 0.0000000000 -0.2664958835
6.7018151283 0.0000000000 0.0000000000 0.9309082627 31.1366405487 0.0000000000 -0.2657024264
6.6367039680 0.0000000000 0.0000000000 0.9185295105 31.0951919556 0.0000000000 -0.2649688721
6.5730814934 0.0000000000 0.0000000000 0.9064267278 31.0557250977 0.0000000000 -0.2640694976
6.5104637146 0.0000000000 0.0000000000 0.8945450187 31.0130195618 0.0000000000 -0.2634642720
6.4484229088 0.0000000000 0.0000000000 0.8828892708 30.9708194733 0.0000000000 -0.2627452016
6.3875346184 0.0000000000 0.0000000000 0.8714622259 30.9292201996 0.0000000000 -0.2620854974
6.3279056549 0.0000000000 0.0000000000 0.8602631092 30.8882961273 0.0000000000 -0.2612894773
6.2701005936 0.0000000000 0.0000000000 0.8492782712 30.8480701447 0.0000000000 -0.2607201934
6.2131996155 0.0000000000 0.0000000000 0.8385086656 30.8083839417 0.0000000000 -0.2599655390
6.1572747231 0.0000000000 0.0000000000 0.8279223442 30.7692394257 0.0000000000 -0.2593958974
6.1016588211 0.0000000000 0.0000000000 0.8175466657 30.7304077148 0.0000000000 -0.2587206960
6.0463027954 0.0000000000 0.0000000000 0.8073644042 30.6924686432 0.0000000000 -0.2580102682
5.9914579391 0.0000000000 0.0000000000 0.7973674536 30.6549396515 0.0000000000 -0.2574422359
5.9370150566 0.0000000000 0.0000000000 0.7875857949 30.6177883148 0.0000000000 -0.2568737864
5.8834843636 0.0000000000 0.0000000000 0.7780293822 30.5806159973 0.0000000000 -0.2561454773
5.8308405876 0.0000000000 0.0000000000 0.7686904669 30.5421600342 0.0000000000 -0.2555636168
5.7786684036 0.0000000000 0.0000000000 0.7595652342 30.5037403107 0.0000000000 -0.2550638318
5.7271313667 0.0000000000 0.0000000000 0.7506451011 30.4654750824 0.0000000000 -0.2544710636
5.6766018867 0.0000000000 0.0000000000 0.7419244051 30.4276428223 0.0000000000 -0.2538858652
5.6272110939 0.0000000000 0.0000000000 0.7334002852 30.3892688751 0.0000000000 -0.2532114983
5.5788445473 0.0000000000 0.0000000000 0.7250758410 30.3521156311 0.0000000000 -0.2527168393
5.5316429138 0.0000000000 0.0000000000 0.7169865370 30.3141803741 0.0000000000 -0.2520449758
5.4855561256 0.0000000000 0.0000000000 0.7091612220 30.2778987885 0.0000000000 -0.2516202927
5.4407634735 0.0000000000 0.0000000000 0.7016140819 30.2408351898 0.0000000000 -0.2509665489
5.3966789246 0.0000000000 0.0000000000 0.6943510771 30.2028369904 0.0000000000 -0.2505353093
5.3531494141 0.0000000000 0.0000000000 0.6873494387 30.1652030945 0.0000000000 -0.2500084937
5.3101611137 0.0000000000 0.0000000000 0.6806142926 30.1279392242 0.0000000000 -0.2494800091
5.2675662041 0.0000000000 0.0000000000 0.6741239429 30.0914154053 0.0000000000 -0.2489586473
5.2259755135 0.0000000000 0.0000000000 0.6678354740 30.0552177429 0.0000000000 -0.2484195828
5.1847972870 0.0000000000 0.0000000000 0.6617467999 30.0205478668 0.0000000000 -0.2479252219
5.1441168785 0.0000000000 0.0000000000 0.6558644772 29.9866542816 0.0000000000 -0.2474115789
5.1040468216 0.0000000000 0.0000000000 0.6501453519 29.9526710510 0.0000000000 -0.2469334602
5.0646185875 0.0000000000 0.0000000000 0.6445651054 29.9171123505 0.0000000000 -0.2463053465
5.0255217552 0.0000000000 0.0000000000 0.6390741467 29.8818683624 0.0000000000 -0.2459635735
4.9864978790 0.0000000000 0.0000000000 0.6336504817 29.8470191956 0.0000000000 -0.2454854250
4.9474887848 0.0000000000 0.0000000000 0.6282460093 29.8124446869 0.0000000000 -0.2449920774
4.9088020325 0.0000000000 0.0000000000 0.6228730679 29.7785301208 0.0000000000 -0.2445465326
4.8702869415 0.0000000000 0.0000000000 0.6175105572 29.7454280853 0.0000000000 -0.2441062331
4.8324341774 0.0000000000 0.0000000000 0.6121176481 29.7129878998 0.0000000000 -0.2436639071
4.7951431274 0.0000000000 0.0000000000 0.6066905856 29.6807308197 0.0000000000 -0.2432330251
4.7578859329 0.0000000000 0.0000000000 0.6012296677 29.6492996216 0.0000000000 -0.2427490950
4.7211756706 0.0000000000 0.0000000000 0.5957428217 29.6188316345 0.0000000000 -0.2423996329
4.6852202415 0.0000000000 0.0000000000 0.5902125239 29.5891857147 0.0000000000 -0.2419912815
4.6498994827 0.0000000000 0.0000000000 0.5846430659 29.5604515076 0.0000000000 -0.2416009009
4.6155233383 0.0000000000 0.0000000000 0.5790535212 29.5319328308 0.0000000000 -0.2412160039
4.5820250511 0.0000000000 0.0000000000 0.5734592080 29.5046005249 0.0000000000 -0.2407649755
4.5487380028 0.0000000000 0.0000000000 0.5678703189 29.4763717651 0.0000000000 -0.2404705882
4.5156850815 0.0000000000 0.0000000000 0.5623306632 29.4481697083 0.0000000000 -0.2401215434
4.4832859039 0.0000000000 0.0000000000 0.5568737984 29.4200382233 0.0000000000 -0.2397113740
4.4510803223 0.0000000000 0.0000000000 0.5515038967 29.3919887543 0.0000000000 -0.2394346595
4.4197072983 0.0000000000 0.0000000000 0.5462474823 29.3638000488 0.0000000000 -0.2391017675
4.3892340660 0.0000000000 0.0000000000 0.5410649180 29.3349304199 0.0000000000 -0.2387178242
4.3597168922 0.0000000000 0.0000000000 0.5359559059 29.3058834076 0.0000000000 -0.2384225726
4.3310413361 0.0000000000 0.0000000000 0.5309221148 29.2759647369 0.0000000000 -0.2381483912
4.3032703400 0.0000000000 0.0000000000 0.5259423256 29.2459964752 0.0000000000 -0.2377989292
4.2762069702 0.0000000000 0.0000000000 0.5210211277 29.2160511017 0.0000000000 -0.2375212312
4.2494091988 0.0000000000 0.0000000000 0.5162006021 29.1861000061 0.0000000000 -0.2372099459
4.2227077484 0.0000000000 0.0000000000 0.5115005374 29.1561965942 0.0000000000 -0.2369627357
4.1962442398 0.0000000000 0.0000000000 0.5069099665 29.1269321442 0.0000000000 -0.2366814315
4.1699361801 0.0000000000 0.0000000000 0.5024598837 29.0986366272 0.0000000000 -0.2364184260
4.1438627243 0.0000000000 0.0000000000 0.4981524944 29.0703506470 0.0000000000 -0.2361400425
4.1178164482 0.0000000000 0.0000000000 0.4939821661 29.0418052673 0.0000000000 -0.2358690500
4.0921664238 0.0000000000 0.0000000000 0.4899109900 29.0132884979 0.0000000000 -0.2356051207
4.0670208931 0.0000000000 0.0000000000 0.4859688580 28.9853515625 0.0000000000 -0.2353247404
4.0425119400 0.0000000000 0.0000000000 0.4821680486 28.9579677582 0.0000000000 -0.2350290716
4.0188579559 0.0000000000 0.0000000000 0.4784943163 28.9310626984 0.0000000000 -0.2347729206
3.9954276085 0.0000000000 0.0000000000 0.4749448597 28.9048366547 0.0000000000 -0.2345504463
3.9722371101 0.0000000000 0.0000000000 0.4714907110 28.8793926239 0.0000000000 -0.2342814803
3.9492340088 0.0000000000 0.0000000000 0.4681112170 28.8542041779 0.0000000000 -0.2340621352
3.9262754917 0.0000000000 0.0000000000 0.4648229778 28.8289794922 0.0000000000 -0.2338075638
3.9034881592 0.0000000000 0.0000000000 0.4615947306 28.8038158417 0.0000000000 -0.2335602939
3.8809592724 0.0000000000 0.0000000000 0.4584482908 28.7788200378 0.0000000000 -0.2333123684
3.8586428165 0.0000000000 0.0000000000 0.4553670585 28.7539806366 0.0000000000 -0.2330591083
3.8365230560 0.0000000000 0.0000000000 0.4523700178 28.7288799286 0.0000000000 -0.2327954173
3.8147165775 0.0000000000 0.0000000000 0.4494483173 28.7041873932 0.0000000000 -0.2325605750
3.7931210995 0.0000000000 0.0000000000 0.4466074407 28.6797714233 0.0000000000 -0.2323088348
3.7717237473 0.0000000000 0.0000000000 0.4438272715 28.6555881500 0.0000000000 -0.2320297658
3.7506549358 0.0000000000 0.0000000000 0.4411429465 28.6314468384 0.0000000000 -0.2318155766
3.7298886776 0.0000000000 0.0000000000 0.4385085404 28.6077728271 0.0000000000 -0.2315011621
3.7093229294 0.0000000000 0.0000000000 0.4358705878 28.5843391418 0.0000000000 -0.2312815785
3.6890861988 0.0000000000 0.0000000000 0.4332405031 28.5608291626 0.0000000000 -0.2310582101
3.6691541672 0.0000000000 0.0000000000 0.4306201041 28.5375003815 0.0000000000 -0.2308238745
3.6494672298 0.0000000000 0.0000000000 0.4280028045 28.5147914886 0.0000000000 -0.2305068970
3.6299712658 0.0000000000 0.0000000000 0.4253843129 28.4924678802 0.0000000000 -0.2303699851
3.6109967232 0.0000000000 0.0000000000 0.4227701128 28.4702434540 0.0000000000 -0.2301394343
3.5924327374 0.0000000000 0.0000000000 0.4201635718 28.4478282928 0.0000000000 -0.2298809290
3.5744860172 0.0000000000 0.0000000000 0.4175769687 28.4258270264 0.0000000000 -0.2296627164
3.5569171906 0.0000000000 0.0000000000 0.4150118530 28.4041442871 0.0000000000 -0.2294461131
3.5396239758 0.0000000000 0.0000000000 0.4124712646 28.3826446533 0.0000000000 -0.2292328179
3.5224092007 0.0000000000 0.0000000000 0.4099555016 28.3612556458 0.0000000000 -0.2290152609
3.5051391125 0.0000000000 0.0000000000 0.4074420631 28.3405475616 0.0000000000 -0.2288010120
3.4880833626 0.0000000000 0.0000000000 0.4049339294 28.3203525543 0.0000000000 -0.2285807133
3.4712247849 0.0000000000 0.0000000000 0.4024146497 28.3010005951 0.0000000000 -0.2283141613
3.4551815987 0.0000000000 0.0000000000 0.3998844624 28.2829895020 0.0000000000 -0.2281801701
3.4394245148 0.0000000000 0.0000000000 0.3973337412 28.2653923035 0.0000000000 -0.2279775739
3.4239399433 0.0000000000 0.0000000000 0.3948136270 28.2461872101 0.0000000000 -0.2277756035
3.4085247517 0.0000000000 0.0000000000 0.3923686147 28.2280368805 0.0000000000 -0.2275012136
3.3932714462 0.0000000000 0.0000000000 0.3900092542 28.2109642029 0.0000000000 -0.2273979187
3.3780620098 0.0000000000 0.0000000000 0.3877414167 28.1927375793 0.0000000000 -0.2271946669
3.3630657196 0.0000000000 0.0000000000 0.3856270313 28.1752719879 0.0000000000 -0.2269958556
3.3483276367 0.0000000000 0.0000000000 0.3836660385 28.1583442688 0.0000000000 -0.2268008590
3.3337860107 0.0000000000 0.0000000000 0.3818104267 28.1421051025 0.0000000000 -0.2265960574
3.3196401596 0.0000000000 0.0000000000 0.3800288439 28.1258754730 0.0000000000 -0.2263986766
3.3056771755 0.0000000000 0.0000000000 0.3782947063 28.1105079651 0.0000000000 -0.2261898220
3.2922868729 0.0000000000 0.0000000000 0.3765856028 28.0955200195 0.0000000000 -0.2259906530
3.2793741226 0.0000000000 0.0000000000 0.3749171793 28.0804405212 0.0000000000 -0.2257415652
3.2671270370 0.0000000000 0.0000000000 0.3732611835 28.0659885406 0.0000000000 -0.2255789042
3.2556593418 0.0000000000 0.0000000000 0.3716027439 28.0502681732 0.0000000000 -0.2253734171
3.2445166111 0.0000000000 0.0000000000 0.3699615002 28.0349693298 0.0000000000 -0.2251673937
3.2338044643 0.0000000000 0.0000000000 0.3683169484 28.0194072723 0.0000000000 -0.2249415517
3.2238144875 0.0000000000 0.0000000000 0.3666361272 28.0044841766 0.0000000000 -0.2247439623
3.2142994404 0.0000000000 0.0000000000 0.3649557829 27.9897365570 0.0000000000 -0.2245303988
3.2053730488 0.0000000000 0.0000000000 0.3632850647 27.9751396179 0.0000000000 -0.2243028581
3.1970162392 0.0000000000 0.0000000000 0.3616289496 27.9602470398 0.0000000000 -0.2240898013
3.1890759468 0.0000000000 0.0000000000 0.3599800169 27.9448757172 0.0000000000 -0.2238545418
3.1816437244 0.0000000000 0.0000000000 0.3583514094 27.9287128448 0.0000000000 -0.2236137390
3.1746976376 0.0000000000 0.0000000000 0.3567286730 27.9123172760 0.0000000000 -0.2233785093
3.1680645943 0.0000000000 0.0000000000 0.3551367819 27.8957710266 0.0000000000 -0.2231311798
3.1617219448 0.0000000000 0.0000000000 0.3535621166 27.8792247772 0.0000000000 -0.2228762507
3.1555352211 0.0000000000 0.0000000000 0.3519822359 27.8627395630 0.0000000000 -0.2225972712
3.1493058205 0.0000000000 0.0000000000 0.3504059017 27.8462600708 0.0000000000 -0.2223281562
3.1429483891 0.0000000000 0.0000000000 0.3488292098 27.8298988342 0.0000000000 -0.2220755219
3.1366851330 0.0000000000 0.0000000000 0.3472526371 27.8137702942 0.0000000000 -0.2217824459
3.1306784153 0.0000000000 0.0000000000 0.3457096517 27.7971439362 0.0000000000 -0.2214827538
3.1247224808 0.0000000000 0.0000000000 0.3441937566 27.7802295685 0.0000000000 -0.2212433219
3.1185309887 0.0000000000 0.0000000000 0.3427153528 27.7630195618 0.0000000000 -0.2209593654
3.1121010780 0.0000000000 0.0000000000 0.3412638307 27.7458381653 0.0000000000 -0.2206702232
3.1053519249 0.0000000000 0.0000000000 0.3398339748 27.7284278870 0.0000000000 -0.2203731537
3.0984964371 0.0000000000 0.0000000000 0.3384168446 27.7106838226 0.0000000000 -0.2200661898
3.0916268826 0.0000000000 0.0000000000 0.3370114565 27.6931591034 0.0000000000 -0.2197709084
3.0849163532 0.0000000000 0.0000000000 0.3356246054 27.6752166748 0.0000000000 -0.2194651067
3.0784029961 0.0000000000 0.0000000000 0.3342461288 27.6567993164 0.0000000000 -0.2190747261
3.0723137856 0.0000000000 0.0000000000 0.3328526020 27.6388416290 0.0000000000 -0.2188479602
3.0663914680 0.0000000000 0.0000000000 0.3314457238 27.6211719513 0.0000000000 -0.2185327411
3.0607118607 0.0000000000 0.0000000000 0.3300396204 27.6036262512 0.0000000000 -0.2182373405
3.0551445484 0.0000000000 0.0000000000 0.3286596239 27.5862979889 0.0000000000 -0.2179284096
3.0496339798 0.0000000000 0.0000000000 0.3273220658 27.5691814423 0.0000000000 -0.2176232934
3.0441477299 0.0000000000 0.0000000000 0.3260303438 27.5514602661 0.0000000000 -0.2172987461
3.0387203693 0.0000000000 0.0000000000 0.3247606456 27.5334205627 0.0000000000 -0.2170034051
3.0333871841 0.0000000000 0.0000000000 0.3235078752 27.5155792236 0.0000000000 -0.2166957259
3.0281646252 0.0000000000 0.0000000000 0.3222639859 27.4982433319 0.0000000000 -0.2163839042
3.0231537819 0.0000000000 0.0000000000 0.3210448325 27.4804668427 0.0000000000 -0.2160753310
3.0183782578 0.0000000000 0.0000000000 0.3198499084 27.4620647430 0.0000000000 -0.2157656550
3.0137622356 0.0000000000 0.0000000000 0.3186659217 27.4434757233 0.0000000000 -0.2154695988
3.0092642307 0.0000000000 0.0000000000 0.3174982369 27.4254112244 0.0000000000 -0.2151592374
3.0049812794 0.0000000000 0.0000000000 0.3163482547 27.4076061249 0.0000000000 -0.2148484588
3.0009934902 0.0000000000 0.0000000000 0.3152073622 27.3905239105 0.0000000000 -0.2145640254
2.9972982407 0.0000000000 0.0000000000 0.3140636086 27.3737583160 0.0000000000 -0.2142500877
2.9938561916 0.0000000000 0.0000000000 0.3128989041 27.3574924469 0.0000000000 -0.2139523029
2.9907073975 0.0000000000 0.0000000000 0.3117194772 27.3417320251 0.0000000000 -0.2137014568
2.9878149033 0.0000000000 0.0000000000 0.3105387390 27.3257522583 0.0000000000 -0.2134199739
2.9852721691 0.0000000000 0.0000000000 0.3093514442 27.3097152710 0.0000000000 -0.2131432891
2.9829957485 0.0000000000 0.0000000000 0.3081695437 27.2934150696 0.0000000000 -0.2128706276
2.9808816910 0.0000000000 0.0000000000 0.3070123494 27.2772808075 0.0000000000 -0.2126003802
2.9787988663 0.0000000000 0.0000000000 0.3058913350 27.2610073090 0.0000000000 -0.2123261690
2.9768486023 0.0000000000 0.0000000000 0.3048032522 27.2444362640 0.0000000000 -0.2120583653
2.9749364853 0.0000000000 0.0000000000 0.3037357628 27.2278766632 0.0000000000 -0.2117992640
2.9731392860 0.0000000000 0.0000000000 0.3026611507 27.2110290527 0.0000000000 -0.2114665806
2.9717242718 0.0000000000 0.0000000000 0.3015743196 27.1944961548 0.0000000000 -0.2112700045
2.9703190327 0.0000000000 0.0000000000 0.3004761636 27.1781616211 0.0000000000 -0.2110079527
2.9689044952 0.0000000000 0.0000000000 0.2993726134 27.1617393494 0.0000000000 -0.2107021213
2.9676864147 0.0000000000 0.0000000000 0.2982726097 27.1455287933 0.0000000000 -0.2104919553
2.9665253162 0.0000000000 0.0000000000 0.2971954644 27.1291351318 0.0000000000 -0.2102294564
2.9654910564 0.0000000000 0.0000000000 0.2961627841 27.1127853394 0.0000000000 -0.2099750340
2.9646451473 0.0000000000 0.0000000000 0.2951418757 27.0961475372 0.0000000000 -0.2097250819
2.9641084671 0.0000000000 0.0000000000 0.2941432893 27.0778884888 0.0000000000 -0.2094708681
2.9638304710 0.0000000000 0.0000000000 0.2931774557 27.0587005615 0.0000000000 -0.2092200518
2.9636945724 0.0000000000 0.0000000000 0.2922498286 27.0381603241 0.0000000000 -0.2089690566
2.9636983871 0.0000000000 0.0000000000 0.2913608253 27.0167713165 0.0000000000 -0.2087212801
2.9636271000 0.0000000000 0.0000000000 0.2905090153 26.9953460693 0.0000000000 -0.2084658742
2.9634363651 0.0000000000 0.0000000000 0.2897160351 26.9739570618 0.0000000000 -0.2082222700
2.9630107880 0.0000000000 0.0000000000 0.2889673114 26.9531326294 0.0000000000 -0.2079691291
2.9622492790 0.0000000000 0.0000000000 0.2882682085 26.9329204559 0.0000000000 -0.2076871395
2.9611294270 0.0000000000 0.0000000000 0.2876425385 26.9136352539 0.0000000000 -0.2074716091
2.9595925808 0.0000000000 0.0000000000 0.2871108353 26.8950767517 0.0000000000 -0.2072288394
2.9576938152 0.0000000000 0.0000000000 0.2866374850 26.8773727417 0.0000000000 -0.2069914043
2.9555773735 0.0000000000 0.0000000000 0.2861686051 26.8608856201 0.0000000000 -0.2067535520
2.9532432556 0.0000000000 0.0000000000 0.2856865227 26.8450698853 0.0000000000 -0.2065193653
2.9507319927 0.0000000000 0.0000000000 0.2851943672 26.8306274414 0.0000000000 -0.2062851191
2.9480397701 0.0000000000 0.0000000000 0.2846886218 26.8174476624 0.0000000000 -0.2060686350
2.9449455738 0.0000000000 0.0000000000 0.2842059731 26.8041038513 0.0000000000 -0.2058436573
2.9415595531 0.0000000000 0.0000000000 0.2837088406 26.7912998199 0.0000000000 -0.2056180239
2.9379038811 0.0000000000 0.0000000000 0.2832167149 26.7780914307 0.0000000000 -0.2053976357
2.9339342117 0.0000000000 0.0000000000 0.2827554643 26.7650604248 0.0000000000 -0.2051753104
2.9297034740 0.0000000000 0.0000000000 0.2823141813 26.7517280579 0.0000000000 -0.2049527466
2.9253916740 0.0000000000 0.0000000000 0.2819362283 26.7382545471 0.0000000000 -0.2046722174
2.9212360382 0.0000000000 0.0000000000 0.2816005945 26.7248687744 0.0000000000 -0.2045069337
2.9173374176 0.0000000000 0.0000000000 0.2813125551 26.7118835449 0.0000000000 -0.2042844594
2.9137971401 0.0000000000 0.0000000000 0.2810202539 26.6984100342 0.0000000000 -0.2040616274
2.9107351303 0.0000000000 0.0000000000 0.2807642519 26.6839675903 0.0000000000 -0.2038289011
2.9081792831 0.0000000000 0.0000000000 0.2805218101 26.6697959900 0.0000000000 -0.2036160827
2.9062433243 0.0000000000 0.0000000000 0.2802914083 26.6552200317 0.0000000000 -0.2033924460
2.9049890041 0.0000000000 0.0000000000 0.2801156938 26.6401805878 0.0000000000 -0.2031640708
2.9044518471 0.0000000000 0.0000000000 0.2799620926 26.6244201660 0.0000000000 -0.2029494047
2.9042029381 0.0000000000 0.0000000000 0.2798061669 26.6082153320 0.0000000000 -0.2027284503
2.9041707516 0.0000000000 0.0000000000 0.2796303034 26.5913658142 0.0000000000 -0.2025114894
2.9042332172 0.0000000000 0.0000000000 0.2794472873 26.5739994049 0.0000000000 -0.2022941113
2.9042510986 0.0000000000 0.0000000000 0.2792659104 26.5559806824 0.0000000000 -0.2020919323
2.9041111469 0.0000000000 0.0000000000 0.2790912390 26.5383853912 0.0000000000 -0.2018822730
2.9038302898 0.0000000000 0.0000000000 0.2789570987 26.5212116241 0.0000000000 -0.2016781867
2.9035420418 0.0000000000 0.0000000000 0.2788446844 26.5040912628 0.0000000000 -0.2014767230
2.9033093452 0.0000000000 0.0000000000 0.2787216604 26.4870567322 0.0000000000 -0.2012744248
2.9031918049 0.0000000000 0.0000000000 0.2786184549 26.4694728851 0.0000000000 -0.2010728419
2.9032371044 0.0000000000 0.0000000000 0.2785269916 26.4518375397 0.0000000000 -0.2008363008
2.9035167694 0.0000000000 0.0000000000 0.2784245610 26.4336605072 0.0000000000 -0.2006520033
2.9041609764 0.0000000000 0.0000000000 0.2782747447 26.4148025513 0.0000000000 -0.2004772127
2.9050240517 0.0000000000 0.0000000000 0.2780846655 26.3969554901 0.0000000000 -0.2002841830
2.9060513973 0.0000000000 0.0000000000 0.2778486609 26.3788070679 0.0000000000 -0.2000866532
2.9071097374 0.0000000000 0.0000000000 0.2775697410 26.3603534698 0.0000000000 -0.1998888254
2.9081113338 0.0000000000 0.0000000000 0.2772834897 26.3416366577 0.0000000000 -0.1996914148
2.9090383053 0.0000000000 0.0000000000 0.2769915164 26.3232402802 0.0000000000 -0.1994942725
2.9098970890 0.0000000000 0.0000000000 0.2767091691 26.3052921295 0.0000000000 -0.1992971897
2.9106357098 0.0000000000 0.0000000000 0.2764478326 26.2874870300 0.0000000000 -0.1991027594
2.9113116264 0.0000000000 0.0000000000 0.2761863768 26.2698879242 0.0000000000 -0.1989080906
2.9119737148 0.0000000000 0.0000000000 0.2759310007 26.2524833679 0.0000000000 -0.1987150013
2.9128210545 0.0000000000 0.0000000000 0.2756664157 26.2351493835 0.0000000000 -0.1984885335
2.9139416218 0.0000000000 0.0000000000 0.2753863335 26.2183361053 0.0000000000 -0.1983424425
2.9151046276 0.0000000000 0.0000000000 0.2751507759 26.2015113831 0.0000000000 -0.1981588006
2.9162938595 0.0000000000 0.0000000000 0.2749372423 26.1844635010 0.0000000000 -0.1979739666
2.9175796509 0.0000000000 0.0000000000 0.2747186422 26.1674365997 0.0000000000 -0.1977985501
2.9189400673 0.0000000000 0.0000000000 0.2744412422 26.1501770020 0.0000000000 -0.1976178288
2.9204466343 0.0000000000 0.0000000000 0.2740961015 26.1328353882 0.0000000000 -0.1974348426
2.9220678806 0.0000000000 0.0000000000 0.2736671567 26.1145820618 0.0000000000 -0.1972570717
2.9238843918 0.0000000000 0.0000000000 0.2731525898 26.0954780579 0.0000000000 -0.1970789731
2.9259204865 0.0000000000 0.0000000000 0.2725475729 26.0755214691 0.0000000000 -0.1969014704
2.9281578064 0.0000000000 0.0000000000 0.2718483210 26.0547351837 0.0000000000 -0.1967240870
2.9305915833 0.0000000000 0.0000000000 0.2710694671 26.0334529877 0.0000000000 -0.1965465248
2.9331250191 0.0000000000 0.0000000000 0.2702500522 26.0123710632 0.0000000000 -0.1963770092
2.9359376431 0.0000000000 0.0000000000 0.2694362402 25.9907722473 0.0000000000 -0.1961971521
2.9389531612 0.0000000000 0.0000000000 0.2686678171 25.9688072205 0.0000000000 -0.1960332394
2.9420611858 0.0000000000 0.0000000000 0.2679357231 25.9469032288 0.0000000000 -0.1958505511
2.9452202320 0.0000000000 0.0000000000 0.2672430277 25.9256896973 0.0000000000 -0.1956774592
2.9484333992 0.0000000000 0.0000000000 0.2666166723 25.9053821564 0.0000000000 -0.1955092549
2.9517104626 0.0000000000 0.0000000000 0.2660525441 25.8861923218 0.0000000000 -0.1953282356
2.9549021721 0.0000000000 0.0000000000 0.2655688822 25.8678302765 0.0000000000 -0.1951534152
2.9580807686 0.0000000000 0.0000000000 0.2651496530 25.8504886627 0.0000000000 -0.1949800551
2.9613044262 0.0000000000 0.0000000000 0.2647635639 25.8339328766 0.0000000000 -0.1948118806
2.9644131660 0.0000000000 0.0000000000 0.2644730806 25.8180179596 0.0000000000 -0.1946422160
2.9673495293 0.0000000000 0.0000000000 0.2642510533 25.8028736115 0.0000000000 -0.1944770813
2.9701466560 0.0000000000 0.0000000000 0.2640945613 25.7878761292 0.0000000000 -0.1942697167
2.9727079868 0.0000000000 0.0000000000 0.2639750540 25.7735519409 0.0000000000 -0.1941546798
2.9749829769 0.0000000000 0.0000000000 0.2639006078 25.7588882446 0.0000000000 -0.1940020323
2.9770369530 0.0000000000 0.0000000000 0.2638509274 25.7438526154 0.0000000000 -0.1938438118
2.9789731503 0.0000000000 0.0000000000 0.2638334930 25.7280998230 0.0000000000 -0.1936903000
2.9809124470 0.0000000000 0.0000000000 0.2638080716 25.7119007111 0.0000000000 -0.1935332119
2.9829480648 0.0000000000 0.0000000000 0.2637739182 25.6953868866 0.0000000000 -0.1933805346
2.9851419926 0.0000000000 0.0000000000 0.2637341917 25.6781616211 0.0000000000 -0.1932246089
2.9876046181 0.0000000000 0.0000000000 0.2636849582 25.6608886719 0.0000000000 -0.1930696666
2.9903197289 0.0000000000 0.0000000000 0.2636191547 25.6436767578 0.0000000000 -0.1929142475
2.9934983253 0.0000000000 0.0000000000 0.2634797692 25.6264076233 0.0000000000 -0.1927605271
2.9969434738 0.0000000000 0.0000000000 0.2633103430 25.6089630127 0.0000000000 -0.1926065683
3.0004417896 0.0000000000 0.0000000000 0.2631324530 25.5914440155 0.0000000000 -0.1924549937
3.0038275719 0.0000000000 0.0000000000 0.2629504800 25.5742340088 0.0000000000 -0.1923065484
3.0071945190 0.0000000000 0.0000000000 0.2627789974 25.5573711395 0.0000000000 -0.1921631098
3.0104928017 0.0000000000 0.0000000000 0.2625994980 25.5405368805 0.0000000000 -0.1920178235
3.0138375759 0.0000000000 0.0000000000 0.2624159157 25.5233726501 0.0000000000 -0.1918749809
3.0169911385 0.0000000000 0.0000000000 0.2622413039 25.5063323975 0.0000000000 -0.1917334497
3.0200653076 0.0000000000 0.0000000000 0.2620878816 25.4893093109 0.0000000000 -0.1915962696
3.0232803822 0.0000000000 0.0000000000 0.2618838251 25.4721717834 0.0000000000 -0.1914532781
3.0269095898 0.0000000000 0.0000000000 0.2616218626 25.4549999237 0.0000000000 -0.1913139224
3.0308916569 0.0000000000 0.0000000000 0.2613308132 25.4372406006 0.0000000000 -0.1911713481
3.0352396965 0.0000000000 0.0000000000 0.2610463798 25.4188919067 0.0000000000 -0.1910315454
3.0399010181 0.0000000000 0.0000000000 0.2607940137 25.4002876282 0.0000000000 -0.1909038424
3.0448014736 0.0000000000 0.0000000000 0.2605860829 25.3814525604 0.0000000000 -0.1907535791
3.0498161316 0.0000000000 0.0000000000 0.2603869438 25.3625965118 0.0000000000 -0.1906143427
3.0547311306 0.0000000000 0.0000000000 0.2602256835 25.3446063995 0.0000000000 -0.1904820800
3.0593500137 0.0000000000 0.0000000000 0.2600748241 25.3265113831 0.0000000000 -0.1903496981
3.0637817383 0.0000000000 0.0000000000 0.2598626614 25.3080291748 0.0000000000 -0.1902199984
3.0679442883 0.0000000000 0.0000000000 0.2596055865 25.2900161743 0.0000000000 -0.1900892258
3.0719394684 0.0000000000 0.0000000000 0.2593034208 25.2726325989 0.0000000000 -0.1899624467
3.0756609440 0.0000000000 0.0000000000 0.2589578927 25.2560005188 0.0000000000 -0.1898346543
3.0790696144 0.0000000000 0.0000000000 0.2586007118 25.2402191162 0.0000000000 -0.1897064745
3.0823011398 0.0000000000 0.0000000000 0.2582256496 25.2249355316 0.0000000000 -0.1895809770
3.0854237080 0.0000000000 0.0000000000 0.2578104138 25.2101745605 0.0000000000 -0.1894506812
3.0885365009 0.0000000000 0.0000000000 0.2573616207 25.1957683563 0.0000000000 -0.1893205643
3.0915107727 0.0000000000 0.0000000000 0.2569297552 25.1816024780 0.0000000000 -0.1891928315
3.0944848061 0.0000000000 0.0000000000 0.2565222979 25.1672935486 0.0000000000 -0.1890640855
3.0975847244 0.0000000000 0.0000000000 0.2560807765 25.1533565521 0.0000000000 -0.1888804436
3.1009230614 0.0000000000 0.0000000000 0.2556260824 25.1400203705 0.0000000000 -0.1888077259
3.1043274403 0.0000000000 0.0000000000 0.2551723123 25.1263084412 0.0000000000 -0.1886817813
3.1076393127 0.0000000000 0.0000000000 0.2547197640 25.1133995056 0.0000000000 -0.1885874271
3.1107063293 0.0000000000 0.0000000000 0.2542844415 25.0992927551 0.0000000000 -0.1884371638
3.1135623455 0.0000000000 0.0000000000 0.2539016008 25.0858554840 0.0000000000 -0.1883161664
3.1163220406 0.0000000000 0.0000000000 0.2535882294 25.0719757080 0.0000000000 -0.1881995201
3.1189603806 0.0000000000 0.0000000000 0.2533107102 25.0577697754 0.0000000000 -0.1880819201
3.1215906143 0.0000000000 0.0000000000 0.2530503869 25.0433139801 0.0000000000 -0.1879672408
3.1242494583 0.0000000000 0.0000000000 0.2528087497 25.0294208527 0.0000000000 -0.1878508329
3.1269452572 0.0000000000 0.0000000000 0.2525709271 25.0155353546 0.0000000000 -0.1877343059
3.1295244694 0.0000000000 0.0000000000 0.2523279488 25.0016937256 0.0000000000 -0.1876153052
3.1320116520 0.0000000000 0.0000000000 0.2520865798 24.9877033234 0.0000000000 -0.1874905527
3.1345124245 0.0000000000 0.0000000000 0.2518123686 24.9733772278 0.0000000000 -0.1873648167
3.1370174885 0.0000000000 0.0000000000 0.2515581548 24.9585685730 0.0000000000 -0.1872368157
3.1395425797 0.0000000000 0.0000000000 0.2513190806 24.9434471130 0.0000000000 -0.1871073246
3.1421978474 0.0000000000 0.0000000000 0.2510787845 24.9279880524 0.0000000000 -0.1869654655
3.1450254917 0.0000000000 0.0000000000 0.2508121729 24.9129180908 0.0000000000 -0.1868317127
3.1481251717 0.0000000000 0.0000000000 0.2505706251 24.8983840942 0.0000000000 -0.1867118776
3.1514067650 0.0000000000 0.0000000000 0.2503807843 24.8838443756 0.0000000000 -0.1865728199
3.1549031734 0.0000000000 0.0000000000 0.2502089739 24.8705444336 0.0000000000 -0.1864404380
3.1585536003 0.0000000000 0.0000000000 0.2500978708 24.8578205109 0.0000000000 -0.1863085628
3.1622793674 0.0000000000 0.0000000000 0.2499848604 24.8448524475 0.0000000000 -0.1861767173
3.1661913395 0.0000000000 0.0000000000 0.2497945875 24.8320827484 0.0000000000 -0.1860466301
3.1699573994 0.0000000000 0.0000000000 0.2494989932 24.8199310303 0.0000000000 -0.1859197617
3.1737644672 0.0000000000 0.0000000000 0.2491470873 24.8072433472 0.0000000000 -0.1857929528
3.1775679588 0.0000000000 0.0000000000 0.2487902194 24.7939395905 0.0000000000 -0.1856678426
3.1812930107 0.0000000000 0.0000000000 0.2484659106 24.7807464600 0.0000000000 -0.1855441332
3.1850433350 0.0000000000 0.0000000000 0.2481850684 24.7678890228 0.0000000000 -0.1854129434
3.1889410019 0.0000000000 0.0000000000 0.2478900105 24.7548027039 0.0000000000 -0.1852809191
3.1930894852 0.0000000000 0.0000000000 0.2475736886 24.7415904999 0.0000000000 -0.1851712465
3.1974232197 0.0000000000 0.0000000000 0.2472579032 24.7285785675 0.0000000000 -0.1850234866
3.2021625042 0.0000000000 0.0000000000 0.2469820827 24.7155151367 0.0000000000 -0.1848924756
3.2073073387 0.0000000000 0.0000000000 0.2467198670 24.7027473450 0.0000000000 -0.1847667098
3.2127459049 0.0000000000 0.0000000000 0.2464493960 24.6899566650 0.0000000000 -0.1846403778
3.2183859348 0.0000000000 0.0000000000 0.2461682260 24.6772079468 0.0000000000 -0.1845078468
3.2240386009 0.0000000000 0.0000000000 0.2458607703 24.6648483276 0.0000000000 -0.1843832731
3.2294237614 0.0000000000 0.0000000000 0.2455305457 24.6527519226 0.0000000000 -0.1842593849
3.2343289852 0.0000000000 0.0000000000 0.2451640964 24.6409130096 0.0000000000 -0.1841332316
3.2387189865 0.0000000000 0.0000000000 0.2447505593 24.6287841797 0.0000000000 -0.1840102375
3.2424166203 0.0000000000 0.0000000000 0.2443171144 24.6164970398 0.0000000000 -0.1838884652
3.2454535961 0.0000000000 0.0000000000 0.2438886017 24.6043014526 0.0000000000 -0.1837705374
3.2482686043 0.0000000000 0.0000000000 0.2434899360 24.5922279358 0.0000000000 -0.1836544275
3.2508985996 0.0000000000 0.0000000000 0.2431334108 24.5803527832 0.0000000000 -0.1835396588
3.2533276081 0.0000000000 0.0000000000 0.2428629696 24.5690574646 0.0000000000 -0.1834228635
3.2555687428 0.0000000000 0.0000000000 0.2427172363 24.5580883026 0.0000000000 -0.1833075285
3.2576794624 0.0000000000 0.0000000000 0.2426641285 24.5472164154 0.0000000000 -0.1831931472
3.2597153187 0.0000000000 0.0000000000 0.2426416129 24.5362796783 0.0000000000 -0.1830732226
3.2617442608 0.0000000000 0.0000000000 0.2426349521 24.5258407593 0.0000000000 -0.1829496026
3.2639403343 0.0000000000 0.0000000000 0.2426432073 24.5153884888 0.0000000000 -0.1828263700
3.2664017677 0.0000000000 0.0000000000 0.2426275313 24.5049324036 0.0000000000 -0.1827023625
3.2691142559 0.0000000000 0.0000000000 0.2426354885 24.4952278137 0.0000000000 -0.1825794280
3.2721188068 0.0000000000 0.0000000000 0.2426625341 24.4860286713 0.0000000000 -0.1824549735
3.2753758430 0.0000000000 0.0000000000 0.2427109778 24.4769458771 0.0000000000 -0.1823323071
3.2788329124 0.0000000000 0.0000000000 0.2427747846 24.4679203033 0.0000000000 -0.1822101474
3.2824418545 0.0000000000 0.0000000000 0.2427848727 24.4591407776 0.0000000000 -0.1820870638
3.2862057686 0.0000000000 0.0000000000 0.2427702248 24.4502735138 0.0000000000 -0.1819674969
3.2899413109 0.0000000000 0.0000000000 0.2427127510 24.4421825409 0.0000000000 -0.1818489134
3.2937095165 0.0000000000 0.0000000000 0.2426096201 24.4326686859 0.0000000000 -0.1817327440
3.2974581718 0.0000000000 0.0000000000 0.2425151169 24.4236602783 0.0000000000 -0.1816193461
3.3009817600 0.0000000000 0.0000000000 0.2424394190 24.4144153595 0.0000000000 -0.1815075874
3.3043816090 0.0000000000 0.0000000000 0.2423670590 24.4048995972 0.0000000000 -0.1813982427
3.3075790405 0.0000000000 0.0000000000 0.2423122674 24.3951320648 0.0000000000 -0.1812909842
3.3106839657 0.0000000000 0.0000000000 0.2423155755 24.3854045868 0.0000000000 -0.1811825037
3.3138558865 0.0000000000 0.0000000000 0.2423583120 24.3756732941 0.0000000000 -0.1810769439
3.3172326088 0.0000000000 0.0000000000 0.2424122691 24.3662738800 0.0000000000 -0.1809717119
3.3209605217 0.0000000000 0.0000000000 0.2424726933 24.3571205139 0.0000000000 -0.1808676124
3.3251209259 0.0000000000 0.0000000000 0.2425243109 24.3478412628 0.0000000000 -0.1807652712
3.3297781944 0.0000000000 0.0000000000 0.2425955981 24.3379116058 0.0000000000 -0.1806628406
3.3348484039 0.0000000000 0.0000000000 0.2426459789 24.3283786774 0.0000000000 -0.1805654466
3.3401439190 0.0000000000 0.0000000000 0.2426498234 24.3190422058 0.0000000000 -0.1804691255
3.3454906940 0.0000000000 0.0000000000 0.2426170409 24.3096256256 0.0000000000 -0.1803683043
3.3505766392 0.0000000000 0.0000000000 0.2425510138 24.3001232147 0.0000000000 -0.1802740693
3.3555324078 0.0000000000 0.0000000000 0.2424345165 24.2905635834 0.0000000000 -0.1801824868
3.3603281975 0.0000000000 0.0000000000 0.2422913462 24.2808265686 0.0000000000 -0.1800932288
3.3647401333 0.0000000000 0.0000000000 0.2421503514 24.2709808350 0.0000000000 -0.1800067425
3.3688566685 0.0000000000 0.0000000000 0.2420683503 24.2613372803 0.0000000000 -0.1799225807
3.3726346493 0.0000000000 0.0000000000 0.2420381308 24.2522029877 0.0000000000 -0.1798400283
3.3760416508 0.0000000000 0.0000000000 0.2420420647 24.2429618835 0.0000000000 -0.1797581911
3.3792355061 0.0000000000 0.0000000000 0.2420302480 24.2327804565 0.0000000000 -0.1796737313
3.3824286461 0.0000000000 0.0000000000 0.2419851273 24.2220935822 0.0000000000 -0.1795899570
3.3857524395 0.0000000000 0.0000000000 0.2419335693 24.2125816345 0.0000000000 -0.1795057952
3.3892469406 0.0000000000 0.0000000000 0.2418883592 24.2050876617 0.0000000000 -0.1794264019
3.3930504322 0.0000000000 0.0000000000 0.2418564707 24.1945972443 0.0000000000 -0.1793365180
3.3972859383 0.0000000000 0.0000000000 0.2418199778 24.1860523224 0.0000000000 -0.1792556643
3.4019095898 0.0000000000 0.0000000000 0.2417823076 24.1780872345 0.0000000000 -0.1791713238
3.4068012238 0.0000000000 0.0000000000 0.2417468429 24.1699981689 0.0000000000 -0.1790881157
3.4118940830 0.0000000000 0.0000000000 0.2416689545 24.1617507935 0.0000000000 -0.1790107787
3.4171338081 0.0000000000 0.0000000000 0.2415750027 24.1530494690 0.0000000000 -0.1789228618
3.4223310947 0.0000000000 0.0000000000 0.2415056080 24.1442317963 0.0000000000 -0.1788419485
3.4273447990 0.0000000000 0.0000000000 0.2414112091 24.1354560852 0.0000000000 -0.1787643135
3.4321024418 0.0000000000 0.0000000000 0.2413162738 24.1265850067 0.0000000000 -0.1786880195
3.4366679192 0.0000000000 0.0000000000 0.2412499338 24.1177768707 0.0000000000 -0.1786139011
3.4411706924 0.0000000000 0.0000000000 0.2411645949 24.1093578339 0.0000000000 -0.1785408258
3.4456570148 0.0000000000 0.0000000000 0.2410761565 24.1012458801 0.0000000000 -0.1784689128
3.4501953125 0.0000000000 0.0000000000 0.2409924418 24.0939235687 0.0000000000 -0.1783962548
3.4546363354 0.0000000000 0.0000000000 0.2409129888 24.0863552094 0.0000000000 -0.1783263087
3.4588181973 0.0000000000 0.0000000000 0.2408367097 24.0786247253 0.0000000000 -0.1782546043
3.4626874924 0.0000000000 0.0000000000 0.2407865375 24.0714263916 0.0000000000 -0.1781921387
3.4662806988 0.0000000000 0.0000000000 0.2407454848 24.0650177002 0.0000000000 -0.1781274974
3.4695317745 0.0000000000 0.0000000000 0.2407512069 24.0596408844 0.0000000000 -0.1780663431
3.4727067947 0.0000000000 0.0000000000 0.2407667786 24.0523834229 0.0000000000 -0.1780063808
3.4758260250 0.0000000000 0.0000000000 0.2408199310 24.0456848145 0.0000000000 -0.1779491007
3.4790654182 0.0000000000 0.0000000000 0.2408610731 24.0391273499 0.0000000000 -0.1779054105
