#         rmsthk      stdthk       rmsvel       stdvel       rmsdiv       stddiv       rmsusurf       stdusurf
0.0000000000 0.0000000000 89.5015106201 78.0862045288 0.0000000000 0.0000000000 0.0000000000 0.0000000000
-0.1528462768 0.4546374977 54.2569122314 50.8430595398 0.0000000000 0.0000000000 -0.0789196268 0.9830672145
-0.3096776307 0.8273618221 49.8793563843 43.0450325012 0.0000000000 0.0000000000 -0.1460459083 1.7581100464
-0.4696111381 1.1744620800 48.7371788025 40.4087829590 0.0000000000 0.0000000000 -0.1968183070 2.4134240150
-0.6317903996 1.5091534853 46.1861839294 38.2329559326 0.0000000000 0.0000000000 -0.2333490252 2.9764504433
-0.7945456505 1.8369046450 42.3870544434 36.2945060730 0.0000000000 0.0000000000 -0.2568736076 3.4658379555
-0.9561926723 2.1584854126 37.8548736572 34.5849876404 0.0000000000 0.0000000000 -0.2687427104 3.8916399479
-1.1151027679 2.4738152027 32.9955787659 33.1632270813 0.0000000000 0.0000000000 -0.2709263265 4.2600955963
-1.2697399855 2.7816627026 28.0216312408 31.9850101471 0.0000000000 0.0000000000 -0.2637621462 4.5758347511
-1.4188797474 3.0809330940 23.0527935028 31.0680904388 0.0000000000 0.0000000000 -0.2480737716 4.8419141769
-1.5614430904 3.3704335690 18.2930755615 30.4331188202 0.0000000000 0.0000000000 -0.2246805876 5.0611257553
-1.6963402033 3.6486923695 13.9573125839 30.0856781006 0.0000000000 0.0000000000 -0.1945080608 5.2359733582
-1.8228729963 3.9147448540 10.1903381348 29.9742565155 0.0000000000 0.0000000000 -0.1585149914 5.3687586784
-1.9406862259 4.1681518555 7.0839118958 29.9871578217 0.0000000000 0.0000000000 -0.1177987903 5.4620108604
-2.0499172211 4.4091582298 4.6266813278 30.0565795898 0.0000000000 0.0000000000 -0.0735162124 5.5186777115
-2.1507232189 4.6380791664 2.7562441826 30.1412944794 0.0000000000 0.0000000000 -0.0269231386 5.5420069695
-2.2435121536 4.8556718826 1.4008295536 30.1927833557 0.0000000000 0.0000000000 0.0208194666 5.5356640816
-2.3288335800 5.0629062653 0.4948364496 30.1823463440 0.0000000000 0.0000000000 0.0686926022 5.5033502579
-2.4073660374 5.2609257698 -0.0208262447 30.1044387817 0.0000000000 0.0000000000 0.1157612205 5.4488410950
-2.4797813892 5.4508934021 -0.1969153881 29.9615688324 0.0000000000 0.0000000000 0.1613509953 5.3757038116
-2.5466623306 5.6337246895 -0.0763528943 29.7658138275 0.0000000000 0.0000000000 0.2048357427 5.2872409821
-2.6086945534 5.8105969429 0.3053642213 29.5332851410 0.0000000000 0.0000000000 0.2456633002 5.1866250038
-2.6665313244 5.9825839996 0.9162715077 29.2856826782 0.0000000000 0.0000000000 0.2834062576 5.0768656731
-2.7208106518 6.1506719589 1.7294183969 29.0464076996 0.0000000000 0.0000000000 0.3176765740 4.9606375694
-2.7721071243 6.3156986237 2.7228279114 28.8395996094 0.0000000000 0.0000000000 0.3482000530 4.8405623436
-2.8211035728 6.4786872864 3.8779881001 28.6872520447 0.0000000000 0.0000000000 0.3747804761 4.7189292908
-2.8683774471 6.6404266357 5.1766891479 28.6074771881 0.0000000000 0.0000000000 0.3973354101 4.5978059769
-2.9146325588 6.8018593788 6.6046152115 28.6194667816 0.0000000000 0.0000000000 0.4158226848 4.4789776802
-2.9604523182 6.9636936188 8.1383295059 28.7336006165 0.0000000000 0.0000000000 0.4302753210 4.3640785217
-3.0064752102 7.1268057823 9.7545595169 28.9533596039 0.0000000000 0.0000000000 0.4408380091 4.2545137405
-3.0532708168 7.2919735909 11.4332885742 29.2689876556 0.0000000000 0.0000000000 0.4476660788 4.1514983177
-3.1014363766 7.4599461555 13.1513147354 29.6698398590 0.0000000000 0.0000000000 0.4510234594 4.0562915802
-3.1515080929 7.6313800812 14.8745565414 30.1372032166 0.0000000000 0.0000000000 0.4511790574 3.9701797962
-3.2040898800 7.8069849014 16.5395450592 30.6285190582 0.0000000000 0.0000000000 0.4484834671 3.8943610191
-3.2596254349 7.9872293472 18.0818252563 31.0981922150 0.0000000000 0.0000000000 0.4432420731 3.8300852776
-3.3185908794 8.1726093292 19.4319896698 31.4899272919 0.0000000000 0.0000000000 0.4357637167 3.7784574032
-3.3811943531 8.3630399704 20.5193176270 31.7494144440 0.0000000000 0.0000000000 0.4263857603 3.7406618595
-3.4477138519 8.5589742661 21.2869434357 31.8325881958 0.0000000000 0.0000000000 0.4154672623 3.7177433968
-3.5180413723 8.7600526810 21.7051010132 31.7146129608 0.0000000000 0.0000000000 0.4034692645 3.7100844383
-3.5919938087 8.9659185410 21.7786693573 31.3977909088 0.0000000000 0.0000000000 0.3908662498 3.7178504467
-3.6691896915 9.1758804321 21.5456314087 30.9143733978 0.0000000000 0.0000000000 0.3782517314 3.7403366566
-3.7492115498 9.3893594742 21.0675945282 30.3181705475 0.0000000000 0.0000000000 0.3662570417 3.7759897709
-3.8315691948 9.6055898666 20.4182281494 29.6665554047 0.0000000000 0.0000000000 0.3553189039 3.8225057125
-3.9156544209 9.8237247467 19.6693134308 29.0198326111 0.0000000000 0.0000000000 0.3458471894 3.8771338463
-4.0007719994 10.0425605774 18.8789710999 28.4274082184 0.0000000000 0.0000000000 0.3381961882 3.9367237091
-4.0864415169 10.2613763809 18.1031360626 27.9187011719 0.0000000000 0.0000000000 0.3325438201 3.9982342720
-4.1724343300 10.4800291061 17.3834762573 27.5071353912 0.0000000000 0.0000000000 0.3290130496 4.0589232445
-4.2584505081 10.6980495453 16.7520523071 27.1942729950 0.0000000000 0.0000000000 0.3275061250 4.1165685654
-4.3442745209 10.9150619507 16.2337436676 26.9729843140 0.0000000000 0.0000000000 0.3279102445 4.1696958542
-4.4297375679 11.1308879852 15.8449192047 26.8286647797 0.0000000000 0.0000000000 0.3300373256 4.2172594070
-4.5146884918 11.3453435898 15.6002998352 26.7389297485 0.0000000000 0.0000000000 0.3336968124 4.2588901520
-4.5991244316 11.5584430695 15.4994554520 26.6739921570 0.0000000000 0.0000000000 0.3386181891 4.2945723534
-4.6831164360 11.7704076767 15.5335655212 26.6068935394 0.0000000000 0.0000000000 0.3444705307 4.3244714737
-4.7666726112 11.9811573029 15.6814699173 26.5123233795 0.0000000000 0.0000000000 0.3509763479 4.3490967751
-4.8499870300 12.1909542084 15.9097566605 26.3721637726 0.0000000000 0.0000000000 0.3578087389 4.3690943718
-4.9332003593 12.3999223709 16.1854648590 26.1791343689 0.0000000000 0.0000000000 0.3646906912 4.3851575851
-5.0166072845 12.6085615158 16.4684982300 25.9320621490 0.0000000000 0.0000000000 0.3713054061 4.3979501724
-5.1004724503 12.8172149658 16.7199535370 25.6425819397 0.0000000000 0.0000000000 0.3774096072 4.4079780579
-5.1848688126 13.0259647369 16.9081020355 25.3268547058 0.0000000000 0.0000000000 0.3828476667 4.4155707359
-5.2698745728 13.2348260880 17.0032310486 25.0071334839 0.0000000000 0.0000000000 0.3874679208 4.4208607674
-5.3555555344 13.4437704086 16.9856567383 24.7040348053 0.0000000000 0.0000000000 0.3911248446 4.4239935875
-5.4417819977 13.6525564194 16.8487911224 24.4305324554 0.0000000000 0.0000000000 0.3937667906 4.4250564575
-5.5284991264 13.8610181808 16.5912857056 24.1927871704 0.0000000000 0.0000000000 0.3954038620 4.4238586426
-5.6156187057 14.0690460205 16.2239303589 23.9904556274 0.0000000000 0.0000000000 0.3960697055 4.4203372002
-5.7028470039 14.2761602402 15.7668447495 23.8198337555 0.0000000000 0.0000000000 0.3958112299 4.4143304825
-5.7900409698 14.4824962616 15.2479438782 23.6743469238 0.0000000000 0.0000000000 0.3947333395 4.4055571556
-5.8769760132 14.6877946854 14.6957559586 23.5377407074 0.0000000000 0.0000000000 0.3929490149 4.3937811852
-5.9634714127 14.8920269012 14.1421060562 23.3968963623 0.0000000000 0.0000000000 0.3905573785 4.3786897659
-6.0493478775 15.0950679779 13.6069593430 23.2416553497 0.0000000000 0.0000000000 0.3876476884 4.3600873947
-6.1344633102 15.2968158722 13.1081457138 23.0622043610 0.0000000000 0.0000000000 0.3843417764 4.3379111290
-6.2185850143 15.4968500137 12.6602458954 22.8561038971 0.0000000000 0.0000000000 0.3807906210 4.3121266365
-6.3016867638 15.6952724457 12.2746543884 22.6297435760 0.0000000000 0.0000000000 0.3770289719 4.2828650475
-6.3836340904 15.8918724060 11.9563217163 22.3926658630 0.0000000000 0.0000000000 0.3731224537 4.2501497269
-6.4643864632 16.0865554810 11.7041082382 22.1588859558 0.0000000000 0.0000000000 0.3691025972 4.2140946388
-6.5439901352 16.2792968750 11.5119838715 21.9398708344 0.0000000000 0.0000000000 0.3649679720 4.1749930382
-6.6225094795 16.4701786041 11.3714303970 21.7439117432 0.0000000000 0.0000000000 0.3607210219 4.1331353188
-6.6999621391 16.6591453552 11.2691478729 21.5760326385 0.0000000000 0.0000000000 0.3563889265 4.0888695717
-6.7764325142 16.8463344574 11.1904268265 21.4373474121 0.0000000000 0.0000000000 0.3519905806 4.0427565575
-6.8519554138 17.0317325592 11.1225996017 21.3251667023 0.0000000000 0.0000000000 0.3475314379 3.9953007698
-6.9267077446 17.2155380249 11.0553026199 21.2325382233 0.0000000000 0.0000000000 0.3430127501 3.9470255375
-7.0007953644 17.3978290558 10.9797801971 21.1503257751 0.0000000000 0.0000000000 0.3384049833 3.8984754086
-7.0743269920 17.5788898468 10.8876333237 21.0677413940 0.0000000000 0.0000000000 0.3337471187 3.8500785828
-7.1473293304 17.7587718964 10.7730579376 20.9763088226 0.0000000000 0.0000000000 0.3290831447 3.8022739887
-7.2198152542 17.9373283386 10.6336278915 20.8709697723 0.0000000000 0.0000000000 0.3244406879 3.7553896904
-7.2918725014 18.1148281097 10.4709100723 20.7507171631 0.0000000000 0.0000000000 0.3198449910 3.7096309662
-7.3634858131 18.2912082672 10.2907104492 20.6171321869 0.0000000000 0.0000000000 0.3153594434 3.6651022434
-7.4346141815 18.4664802551 10.0998373032 20.4780921936 0.0000000000 0.0000000000 0.3110313118 3.6218121052
-7.5051722527 18.6404533386 9.9073133469 20.3402290344 0.0000000000 0.0000000000 0.3068965673 3.5796611309
-7.5752377510 18.8133354187 9.7185029984 20.2094478607 0.0000000000 0.0000000000 0.3029905558 3.5386569500
-7.6448345184 18.9852542877 9.5407695770 20.0907974243 0.0000000000 0.0000000000 0.2993462086 3.4986670017
-7.7139391899 19.1560859680 9.3782224655 19.9850826263 0.0000000000 0.0000000000 0.2960250080 3.4596514702
-7.7825770378 19.3259811401 9.2356271744 19.8933811188 0.0000000000 0.0000000000 0.2930636406 3.4215323925
-7.8507375717 19.4949073792 9.1148281097 19.8129253387 0.0000000000 0.0000000000 0.2904831469 3.3843266964
-7.9184412956 19.6628704071 9.0142869949 19.7383575439 0.0000000000 0.0000000000 0.2882708907 3.3480663300
-7.9857707024 19.8300056458 8.9314975739 19.6639575958 0.0000000000 0.0000000000 0.2863959372 3.3128046989
-8.0527114868 19.9962615967 8.8632116318 19.5844783783 0.0000000000 0.0000000000 0.2848266065 3.2786023617
-8.1193504333 20.1618347168 8.8046321869 19.4971981049 0.0000000000 0.0000000000 0.2835206091 3.2455470562
-8.1856832504 20.3266792297 8.7516307831 19.3999481201 0.0000000000 0.0000000000 0.2824266553 3.2136533260
-8.2517127991 20.4907779694 8.6993713379 19.2930583954 0.0000000000 0.0000000000 0.2815168202 3.1829349995
-8.3174982071 20.6542587280 8.6418533325 19.1799945831 0.0000000000 0.0000000000 0.2807792127 3.1534483433
-8.3829765320 20.8169803619 8.5758581161 19.0655117035 0.0000000000 0.0000000000 0.2801767290 3.1250953674
-8.4481096268 20.9788608551 8.4995565414 18.9534111023 0.0000000000 0.0000000000 0.2796718776 3.0978176594
-8.5129156113 21.1400547028 8.4114103317 18.8464488983 0.0000000000 0.0000000000 0.2792089880 3.0715415478
-8.5774698257 21.3006496429 8.3110790253 18.7456092834 0.0000000000 0.0000000000 0.2787908912 3.0462069511
-8.6416740417 21.4604301453 8.2008104324 18.6523170471 0.0000000000 0.0000000000 0.2783358991 3.0218417645
-8.7055063248 21.6193542480 8.0833683014 18.5659866333 0.0000000000 0.0000000000 0.2778025866 2.9983212948
-8.7689990997 21.7775268555 7.9609875679 18.4848423004 0.0000000000 0.0000000000 0.2771681249 2.9755358696
-8.8320550919 21.9348773956 7.8364820480 18.4063358307 0.0000000000 0.0000000000 0.2764414549 2.9534518719
-8.8947381973 22.0914535522 7.7134904861 18.3284873962 0.0000000000 0.0000000000 0.2756397724 2.9319632053
-8.9569997787 22.2471675873 7.5946950912 18.2489032745 0.0000000000 0.0000000000 0.2747763991 2.9109745026
-9.0188770294 22.4021701813 7.4816174507 18.1661682129 0.0000000000 0.0000000000 0.2738711536 2.8904168606
-9.0804204941 22.5564994812 7.3737378120 18.0811748505 0.0000000000 0.0000000000 0.2729623914 2.8701531887
-9.1416263580 22.7102203369 7.2717490196 17.9927177429 0.0000000000 0.0000000000 0.2720831037 2.8500928879
-9.2024745941 22.8632869720 7.1753983498 17.9017524719 0.0000000000 0.0000000000 0.2712381482 2.8302481174
-9.2628564835 23.0154819489 7.0846338272 17.8102111816 0.0000000000 0.0000000000 0.2704310119 2.8106100559
-9.3229198456 23.1670722961 6.9985456467 17.7189044952 0.0000000000 0.0000000000 0.2696740031 2.7911860943
-9.3826656342 23.3180465698 6.9153676033 17.6300086975 0.0000000000 0.0000000000 0.2689524293 2.7719726562
-9.4420099258 23.4682693481 6.8335542679 17.5432071686 0.0000000000 0.0000000000 0.2682332993 2.7530009747
-9.5009555817 23.6177024841 6.7518310547 17.4583206177 0.0000000000 0.0000000000 0.2675236464 2.7342791557
-9.5595912933 23.7665233612 6.6689410210 17.3757095337 0.0000000000 0.0000000000 0.2668150663 2.7158200741
-9.6178731918 23.9146728516 6.5839247704 17.2960987091 0.0000000000 0.0000000000 0.2660827935 2.6976099014
-9.6757965088 24.0621089935 6.4966611862 17.2189674377 0.0000000000 0.0000000000 0.2653238475 2.6796877384
-9.7332954407 24.2087707520 6.4073095322 17.1435012817 0.0000000000 0.0000000000 0.2645336390 2.6619889736
-9.7904043198 24.3546772003 6.3157520294 17.0688400269 0.0000000000 0.0000000000 0.2637205422 2.6445076466
-9.8471517563 24.4998493195 6.2241806984 16.9952411652 0.0000000000 0.0000000000 0.2628862858 2.6272346973
-9.9035377502 24.6442890167 6.1324486732 16.9229488373 0.0000000000 0.0000000000 0.2619989216 2.6102051735
-9.9594717026 24.7878417969 6.0419187546 16.8527297974 0.0000000000 0.0000000000 0.2610443234 2.5934054852
-10.0150127411 24.9306392670 5.9530386925 16.7824878693 0.0000000000 0.0000000000 0.2600140870 2.5768270493
-10.0701189041 25.0726184845 5.8667864799 16.7121925354 0.0000000000 0.0000000000 0.2589457333 2.5604150295
-10.1248359680 25.2138538361 5.7830753326 16.6406021118 0.0000000000 0.0000000000 0.2578208447 2.5442354679
-10.1792306900 25.3544845581 5.7020459175 16.5677204132 0.0000000000 0.0000000000 0.2566506863 2.5282762051
-10.2332878113 25.4944400787 5.6238584518 16.4938697815 0.0000000000 0.0000000000 0.2554603219 2.5125293732
-10.2869901657 25.6336879730 5.5477581024 16.4193935394 0.0000000000 0.0000000000 0.2542634010 2.4970448017
-10.3404006958 25.7723217010 5.4723405838 16.3455829620 0.0000000000 0.0000000000 0.2530934215 2.4818246365
-10.3934326172 25.9102325439 5.3977832794 16.2721862793 0.0000000000 0.0000000000 0.2519424856 2.4668526649
-10.4461536407 26.0475349426 5.3229179382 16.1992950439 0.0000000000 0.0000000000 0.2508320510 2.4521150589
-10.4986085892 26.1842479706 5.2470903397 16.1274375916 0.0000000000 0.0000000000 0.2497687638 2.4376277924
-10.5508213043 26.3203887939 5.1698169708 16.0571460724 0.0000000000 0.0000000000 0.2487614304 2.4233782291
-10.6028118134 26.4559783936 5.0916590691 15.9889450073 0.0000000000 0.0000000000 0.2478168458 2.4093685150
-10.6544160843 26.5907440186 5.0131597519 15.9220924377 0.0000000000 0.0000000000 0.2469217479 2.3956053257
-10.7057676315 26.7248592377 4.9350748062 15.8568353653 0.0000000000 0.0000000000 0.2460734695 2.3821527958
-10.7568569183 26.8583641052 4.8568801880 15.7932081223 0.0000000000 0.0000000000 0.2452301830 2.3690674305
-10.8077116013 26.9912929535 4.7794451714 15.7311525345 0.0000000000 0.0000000000 0.2443946004 2.3563833237
-10.8583154678 27.1236305237 4.7029485703 15.6698207855 0.0000000000 0.0000000000 0.2435625941 2.3441131115
-10.9087171555 27.2554664612 4.6275072098 15.6085872650 0.0000000000 0.0000000000 0.2427122295 2.3322463036
-10.9588947296 27.3867740631 4.5535469055 15.5475378036 0.0000000000 0.0000000000 0.2418168038 2.3207826614
-11.0087909698 27.5175094604 4.4812622070 15.4859361649 0.0000000000 0.0000000000 0.2408525199 2.3096990585
-11.0584545135 27.6477317810 4.4105706215 15.4251613617 0.0000000000 0.0000000000 0.2398239970 2.2989530563
-11.1078147888 27.7773208618 4.3403668404 15.3648691177 0.0000000000 0.0000000000 0.2387360483 2.2885260582
-11.1569204330 27.9063739777 4.2705721855 15.3052797318 0.0000000000 0.0000000000 0.2375817746 2.2784035206
-11.2057132721 28.0348205566 4.2000951767 15.2470445633 0.0000000000 0.0000000000 0.2363789231 2.2685039043
-11.2542648315 28.1627330780 4.1279811859 15.1902055740 0.0000000000 0.0000000000 0.2351296693 2.2587680817
-11.3025922775 28.2901630402 4.0524625778 15.1346330643 0.0000000000 0.0000000000 0.2338347584 2.2491645813
-11.3506898880 28.4171237946 3.9735746384 15.0796899796 0.0000000000 0.0000000000 0.2325091958 2.2396421432
-11.3985710144 28.5436458588 3.8909919262 15.0250921249 0.0000000000 0.0000000000 0.2311875075 2.2301146984
-11.4461803436 28.6696472168 3.8060495853 14.9710578918 0.0000000000 0.0000000000 0.2298913896 2.2206025124
-11.4934921265 28.7951583862 3.7196455002 14.9174079895 0.0000000000 0.0000000000 0.2286469489 2.2110552788
-11.5405511856 28.9202289581 3.6327109337 14.8648967743 0.0000000000 0.0000000000 0.2274705321 2.2014164925
-11.5873193741 29.0448036194 3.5457653999 14.8133373260 0.0000000000 0.0000000000 0.2263743281 2.1916418076
-11.6337728500 29.1688804626 3.4596030712 14.7613239288 0.0000000000 0.0000000000 0.2253597081 2.1817288399
-11.6798686981 29.2923641205 3.3754870892 14.7095232010 0.0000000000 0.0000000000 0.2244274169 2.1717100143
-11.7256422043 29.4152812958 3.2935698032 14.6583356857 0.0000000000 0.0000000000 0.2235708088 2.1615808010
-11.7711009979 29.5376396179 3.2141547203 14.6072587967 0.0000000000 0.0000000000 0.2227910757 2.1513226032
-11.8161296844 29.6593322754 3.1378762722 14.5569410324 0.0000000000 0.0000000000 0.2221060991 2.1409475803
-11.8608465195 29.7804870605 3.0649344921 14.5069866180 0.0000000000 0.0000000000 0.2214711756 2.1304774284
-11.9052143097 29.9010124207 2.9933383465 14.4562091827 0.0000000000 0.0000000000 0.2208942324 2.1199917793
-11.9492864609 30.0209941864 2.9238448143 14.4047775269 0.0000000000 0.0000000000 0.2203028053 2.1095831394
-11.9930896759 30.1404685974 2.8565158844 14.3533678055 0.0000000000 0.0000000000 0.2196518928 2.0993213654
-12.0366077423 30.2594223022 2.7905478477 14.3011455536 0.0000000000 0.0000000000 0.2189340293 2.0892069340
-12.0798187256 30.3777904510 2.7266893387 14.2496709824 0.0000000000 0.0000000000 0.2181476057 2.0792715549
-12.1227779388 30.4956455231 2.6656932831 14.1992502213 0.0000000000 0.0000000000 0.2173391879 2.0694487095
-12.1654720306 30.6129722595 2.6073639393 14.1497306824 0.0000000000 0.0000000000 0.2165171802 2.0597479343
-12.2078952789 30.7297801971 2.5521485806 14.1012992859 0.0000000000 0.0000000000 0.2156987935 2.0501434803
-12.2500085831 30.8460102081 2.5006983280 14.0537767410 0.0000000000 0.0000000000 0.2149020433 2.0405802727
-12.2918710709 30.9617366791 2.4531881809 14.0066614151 0.0000000000 0.0000000000 0.2141416669 2.0310559273
-12.3335075378 31.0769634247 2.4090301991 13.9592084885 0.0000000000 0.0000000000 0.2134088576 2.0216274261
-12.3749237061 31.1917362213 2.3666856289 13.9113893509 0.0000000000 0.0000000000 0.2126899958 2.0123682022
-12.4160747528 31.3059577942 2.3262989521 13.8632583618 0.0000000000 0.0000000000 0.2119698375 2.0033144951
-12.4569931030 31.4196567535 2.2875368595 13.8144931793 0.0000000000 0.0000000000 0.2112515122 1.9945148230
-12.4976205826 31.5328216553 2.2502799034 13.7655687332 0.0000000000 0.0000000000 0.2105279267 1.9859682322
-12.5380792618 31.6455230713 2.2134609222 13.7163105011 0.0000000000 0.0000000000 0.2098412812 1.9776380062
-12.5784235001 31.7578163147 2.1765520573 13.6676769257 0.0000000000 0.0000000000 0.2092061192 1.9694999456
-12.6185922623 31.8695888519 2.1384825706 13.6203413010 0.0000000000 0.0000000000 0.2086187452 1.9615782499
-12.6585979462 31.9808406830 2.0996508598 13.5747394562 0.0000000000 0.0000000000 0.2080740184 1.9538457394
-12.6984558105 32.0915527344 2.0595905781 13.5314369202 0.0000000000 0.0000000000 0.2075637579 1.9463073015
-12.7381696701 32.2017478943 2.0183234215 13.4892616272 0.0000000000 0.0000000000 0.2070926726 1.9390028715
-12.7776994705 32.3113708496 1.9757223129 13.4476299286 0.0000000000 0.0000000000 0.2066808790 1.9318871498
-12.8170518875 32.4204750061 1.9324872494 13.4061775208 0.0000000000 0.0000000000 0.2063100189 1.9249634743
-12.8563098907 32.5291709900 1.8886239529 13.3645915985 0.0000000000 0.0000000000 0.2060015947 1.9182157516
-12.8954486847 32.6374664307 1.8446445465 13.3232288361 0.0000000000 0.0000000000 0.2057561278 1.9115691185
-12.9344863892 32.7453689575 1.8017579317 13.2820262909 0.0000000000 0.0000000000 0.2055513114 1.9050253630
-12.9734039307 32.8528556824 1.7601534128 13.2409114838 0.0000000000 0.0000000000 0.2053769082 1.8985548019
-13.0121383667 32.9598312378 1.7200703621 13.1999101639 0.0000000000 0.0000000000 0.2052107155 1.8922349215
-13.0507135391 33.0662689209 1.6810343266 13.1593027115 0.0000000000 0.0000000000 0.2050342560 1.8860734701
-13.0891952515 33.1723175049 1.6420513391 13.1190824509 0.0000000000 0.0000000000 0.2048343867 1.8800580502
-13.1276197433 33.2780227661 1.6025534868 13.0793037415 0.0000000000 0.0000000000 0.2046061307 1.8741619587
-13.1659288406 33.3832168579 1.5631307364 13.0400705338 0.0000000000 0.0000000000 0.2043710798 1.8684340715
-13.2040643692 33.4879112244 1.5228916407 13.0018463135 0.0000000000 0.0000000000 0.2041171938 1.8627784252
-13.2421417236 33.5923309326 1.4809172153 12.9638862610 0.0000000000 0.0000000000 0.2038468719 1.8571268320
-13.2801523209 33.6964683533 1.4383851290 12.9261198044 0.0000000000 0.0000000000 0.2035688907 1.8514940739
-13.3180236816 33.8002166748 1.3956680298 12.8887290955 0.0000000000 0.0000000000 0.2032539248 1.8458255529
-13.3557949066 33.9036560059 1.3528891802 12.8511838913 0.0000000000 0.0000000000 0.2028975189 1.8401478529
-13.3935117722 34.0068359375 1.3094714880 12.8137073517 0.0000000000 0.0000000000 0.2024849653 1.8344742060
-13.4311933517 34.1097679138 1.2663146257 12.7769231796 0.0000000000 0.0000000000 0.2020420879 1.8288137913
-13.4687738419 34.2123336792 1.2232763767 12.7407789230 0.0000000000 0.0000000000 0.2016153038 1.8231495619
-13.5062446594 34.3144989014 1.1809887886 12.7052240372 0.0000000000 0.0000000000 0.2012221068 1.8174648285
-13.5435876846 34.4162025452 1.1392071247 12.6708440781 0.0000000000 0.0000000000 0.2008958757 1.8117482662
-13.5808200836 34.5174980164 1.0980403423 12.6371440887 0.0000000000 0.0000000000 0.2006627768 1.8060296774
-13.6179504395 34.6184158325 1.0571436882 12.6034507751 0.0000000000 0.0000000000 0.2005068362 1.8003034592
-13.6549911499 34.7189979553 1.0173768997 12.5697250366 0.0000000000 0.0000000000 0.2004070580 1.7945860624
-13.6919755936 34.8192634583 0.9793531895 12.5360603333 0.0000000000 0.0000000000 0.2003484815 1.7888661623
-13.7287864685 34.9190483093 0.9429917932 12.5028467178 0.0000000000 0.0000000000 0.2003069967 1.7831401825
-13.7654447556 35.0183525085 0.9085260034 12.4710521698 0.0000000000 0.0000000000 0.2002824694 1.7775013447
-13.8020019531 35.1171798706 0.8753325343 12.4395618439 0.0000000000 0.0000000000 0.2003018409 1.7719467878
-13.8385391235 35.2156448364 0.8435843587 12.4083662033 0.0000000000 0.0000000000 0.2003765255 1.7664353848
-13.8750438690 35.3136825562 0.8122131228 12.3772439957 0.0000000000 0.0000000000 0.2004920393 1.7610694170
-13.9114780426 35.4112586975 0.7810423374 12.3465347290 0.0000000000 0.0000000000 0.2006570101 1.7558274269
-13.9478807449 35.5084457397 0.7499942183 12.3160972595 0.0000000000 0.0000000000 0.2008192241 1.7507842779
-13.9842329025 35.6052055359 0.7188350558 12.2861604691 0.0000000000 0.0000000000 0.2009110451 1.7460044622
-14.0205707550 35.7015533447 0.6879947782 12.2567873001 0.0000000000 0.0000000000 0.2009166479 1.7414956093
-14.0568914413 35.7974052429 0.6567242742 12.2279424667 0.0000000000 0.0000000000 0.2008537054 1.7371534109
-14.0931787491 35.8928108215 0.6244894862 12.1999893188 0.0000000000 0.0000000000 0.2007235736 1.7329411507
-14.1294050217 35.9877014160 0.5918074846 12.1723260880 0.0000000000 0.0000000000 0.2005389482 1.7288092375
-14.1655483246 36.0820045471 0.5600250959 12.1456222534 0.0000000000 0.0000000000 0.2003395259 1.7247452736
-14.2016859055 36.1757888794 0.5290404558 12.1198577881 0.0000000000 0.0000000000 0.2001739293 1.7207168341
-14.2378482819 36.2690620422 0.4982317388 12.0956106186 0.0000000000 0.0000000000 0.2000655383 1.7167018652
-14.2739686966 36.3617401123 0.4677894711 12.0735330582 0.0000000000 0.0000000000 0.2000118345 1.7126823664
-14.3101148605 36.4538497925 0.4374282062 12.0522365570 0.0000000000 0.0000000000 0.1999704242 1.7087113857
-14.3462686539 36.5453834534 0.4068866968 12.0319900513 0.0000000000 0.0000000000 0.1999222189 1.7047151327
-14.3824329376 36.6362838745 0.3758784235 12.0133256912 0.0000000000 0.0000000000 0.1998570412 1.7007091045
-14.4185504913 36.7264862061 0.3443769515 11.9957189560 0.0000000000 0.0000000000 0.1997559965 1.6967455149
-14.4547185898 36.8161087036 0.3130723536 11.9791507721 0.0000000000 0.0000000000 0.1996392161 1.6928583384
-14.4908618927 36.9051246643 0.2816587985 11.9638299942 0.0000000000 0.0000000000 0.1995043010 1.6889802217
-14.5270080566 36.9935493469 0.2503325641 11.9494485855 0.0000000000 0.0000000000 0.1993795931 1.6850610971
-14.5631427765 37.0813674927 0.2187023163 11.9363451004 0.0000000000 0.0000000000 0.1992673278 1.6811635494
-14.5993404388 37.1686134338 0.1858740002 11.9244012833 0.0000000000 0.0000000000 0.1991510689 1.6773074865
-14.6356353760 37.2553443909 0.1527304649 11.9130535126 0.0000000000 0.0000000000 0.1990402788 1.6735677719
-14.6719884872 37.3414840698 0.1196551993 11.9022188187 0.0000000000 0.0000000000 0.1989082694 1.6698023081
-14.7083454132 37.4270324707 0.0869770497 11.8915529251 0.0000000000 0.0000000000 0.1987554431 1.6659995317
-14.7446050644 37.5119705200 0.0552465208 11.8805570602 0.0000000000 0.0000000000 0.1985871494 1.6621676683
-14.7808609009 37.5963287354 0.0242340062 11.8692436218 0.0000000000 0.0000000000 0.1984292865 1.6583944559
-14.8171482086 37.6801071167 -0.0059462204 11.8580780029 0.0000000000 0.0000000000 0.1982932985 1.6546609402
-14.8535270691 37.7634239197 -0.0353522785 11.8469991684 0.0000000000 0.0000000000 0.1981824636 1.6510111094
-14.8899250031 37.8461723328 -0.0639376566 11.8363466263 0.0000000000 0.0000000000 0.1980881542 1.6474205256
-14.9264183044 37.9284973145 -0.0919414833 11.8250112534 0.0000000000 0.0000000000 0.1979996115 1.6438896656
-14.9629688263 38.0103759766 -0.1201661974 11.8132810593 0.0000000000 0.0000000000 0.1979023516 1.6404583454
-14.9996118546 38.0918273926 -0.1483779699 11.8009757996 0.0000000000 0.0000000000 0.1978342235 1.6370701790
-15.0362367630 38.1727981567 -0.1781376451 11.7884111404 0.0000000000 0.0000000000 0.1978169829 1.6336909533
-15.0727853775 38.2531814575 -0.2097517699 11.7758150101 0.0000000000 0.0000000000 0.1978656948 1.6302943230
-15.1093835831 38.3331909180 -0.2424474508 11.7630481720 0.0000000000 0.0000000000 0.1979862154 1.6268612146
-15.1460266113 38.4128684998 -0.2765927911 11.7505464554 0.0000000000 0.0000000000 0.1981680095 1.6234205961
-15.1826677322 38.4921531677 -0.3121471703 11.7387666702 0.0000000000 0.0000000000 0.1984001696 1.6199249029
-15.2193050385 38.5710601807 -0.3490119874 11.7268276215 0.0000000000 0.0000000000 0.1986201704 1.6163947582
-15.2558794022 38.6495437622 -0.3868654668 11.7152309418 0.0000000000 0.0000000000 0.1988145858 1.6128334999
-15.2924165726 38.7276153564 -0.4255514443 11.7036056519 0.0000000000 0.0000000000 0.1989650875 1.6093279123
-15.3288812637 38.8052673340 -0.4645054936 11.6919631958 0.0000000000 0.0000000000 0.1990657002 1.6059774160
-15.3652191162 38.8825607300 -0.5026695728 11.6801309586 0.0000000000 0.0000000000 0.1991149783 1.6027526855
-15.4014482498 38.9594802856 -0.5393235683 11.6681756973 0.0000000000 0.0000000000 0.1991429329 1.5995384455
-15.4376020432 39.0360908508 -0.5746955276 11.6563482285 0.0000000000 0.0000000000 0.1991743445 1.5963419676
-15.4736633301 39.1124038696 -0.6090667248 11.6447381973 0.0000000000 0.0000000000 0.1992196888 1.5931869745
-15.5096197128 39.1884460449 -0.6424474716 11.6336250305 0.0000000000 0.0000000000 0.1992740184 1.5901125669
-15.5455026627 39.2642211914 -0.6754611731 11.6233024597 0.0000000000 0.0000000000 0.1993171722 1.5871000290
-15.5812778473 39.3397026062 -0.7085583210 11.6132860184 0.0000000000 0.0000000000 0.1993217021 1.5841230154
-15.6169471741 39.4149169922 -0.7417086959 11.6035585403 0.0000000000 0.0000000000 0.1992708445 1.5811975002
-15.6525125504 39.4898262024 -0.7753239870 11.5942115784 0.0000000000 0.0000000000 0.1991624236 1.5782934427
-15.6879320145 39.5643844604 -0.8091791272 11.5857563019 0.0000000000 0.0000000000 0.1990080923 1.5753874779
-15.7232542038 39.6386642456 -0.8428444862 11.5781116486 0.0000000000 0.0000000000 0.1988073587 1.5724664927
-15.7583971024 39.7125892639 -0.8767552972 11.5713138580 0.0000000000 0.0000000000 0.1985410154 1.5695091486
-15.7933769226 39.7862319946 -0.9102517366 11.5650911331 0.0000000000 0.0000000000 0.1981936693 1.5665400028
-15.8282146454 39.8595542908 -0.9433151484 11.5595026016 0.0000000000 0.0000000000 0.1977477819 1.5635536909
-15.8629302979 39.9326133728 -0.9758939147 11.5547704697 0.0000000000 0.0000000000 0.1972115487 1.5605778694
-15.8975648880 40.0054740906 -1.0073144436 11.5506486893 0.0000000000 0.0000000000 0.1966057718 1.5576269627
-15.9320993423 40.0781326294 -1.0382084846 11.5469026566 0.0000000000 0.0000000000 0.1959749609 1.5547553301
-15.9664735794 40.1505012512 -1.0688980818 11.5430583954 0.0000000000 0.0000000000 0.1953395307 1.5519667864
-16.0007305145 40.2226333618 -1.0996742249 11.5390920639 0.0000000000 0.0000000000 0.1947269142 1.5492199659
-16.0348281860 40.2944793701 -1.1303838491 11.5350303650 0.0000000000 0.0000000000 0.1941328943 1.5465511084
-16.0687999725 40.3661270142 -1.1605833769 11.5309820175 0.0000000000 0.0000000000 0.1935447752 1.5439215899
-16.1026248932 40.4375000000 -1.1902352571 11.5278615952 0.0000000000 0.0000000000 0.1929513961 1.5413033962
-16.1363296509 40.5086784363 -1.2196453810 11.5248546600 0.0000000000 0.0000000000 0.1923675984 1.5386179686
-16.1698856354 40.5796241760 -1.2486315966 11.5220050812 0.0000000000 0.0000000000 0.1918027699 1.5358684063
-16.2032566071 40.6503143311 -1.2779223919 11.5196847916 0.0000000000 0.0000000000 0.1912378073 1.5330276489
-16.2364788055 40.7207374573 -1.3074390888 11.5175590515 0.0000000000 0.0000000000 0.1906556189 1.5302641392
-16.2695484161 40.7909545898 -1.3364294767 11.5156831741 0.0000000000 0.0000000000 0.1900724322 1.5276275873
-16.3025379181 40.8610496521 -1.3652905226 11.5143270493 0.0000000000 0.0000000000 0.1895011067 1.5250139236
-16.3354148865 40.9309959412 -1.3936733007 11.5135726929 0.0000000000 0.0000000000 0.1889250427 1.5223412514
-16.3682136536 41.0007934570 -1.4211090803 11.5134067535 0.0000000000 0.0000000000 0.1883453131 1.5196673870
-16.4009304047 41.0704421997 -1.4477027655 11.5134153366 0.0000000000 0.0000000000 0.1877694428 1.5172153711
-16.4335479736 41.1399230957 -1.4734234810 11.5132789612 0.0000000000 0.0000000000 0.1872227341 1.5150336027
-16.4660530090 41.2092208862 -1.4981393814 11.5126218796 0.0000000000 0.0000000000 0.1867173463 1.5130026340
-16.4984054565 41.2783012390 -1.5221948624 11.5114984512 0.0000000000 0.0000000000 0.1862615645 1.5110174417
-16.5306797028 41.3472747803 -1.5455658436 11.5095157623 0.0000000000 0.0000000000 0.1858533621 1.5091252327
-16.5628662109 41.4161262512 -1.5683536530 11.5066719055 0.0000000000 0.0000000000 0.1854952574 1.5073444843
-16.5948257446 41.4847183228 -1.5909198523 11.5031538010 0.0000000000 0.0000000000 0.1851962805 1.5057340860
-16.6266994476 41.5531692505 -1.6139422655 11.4986705780 0.0000000000 0.0000000000 0.1849305779 1.5042284727
-16.6583538055 41.6213798523 -1.6373263597 11.4932088852 0.0000000000 0.0000000000 0.1846909076 1.5028662682
-16.6898994446 41.6894454956 -1.6616013050 11.4866638184 0.0000000000 0.0000000000 0.1844866574 1.5016349554
-16.7213745117 41.7573814392 -1.6864113808 11.4790754318 0.0000000000 0.0000000000 0.1843332797 1.5004384518
-16.7527256012 41.8250808716 -1.7114487886 11.4704952240 0.0000000000 0.0000000000 0.1842187494 1.4992192984
-16.7839107513 41.8925247192 -1.7357468605 11.4609460831 0.0000000000 0.0000000000 0.1841292083 1.4979557991
-16.8149185181 41.9598045349 -1.7585860491 11.4502677917 0.0000000000 0.0000000000 0.1840832829 1.4966868162
-16.8457412720 42.0268249512 -1.7798502445 11.4388189316 0.0000000000 0.0000000000 0.1840847284 1.4954221249
-16.8763904572 42.0936241150 -1.7994076014 11.4266996384 0.0000000000 0.0000000000 0.1841129512 1.4941110611
-16.9069576263 42.1602973938 -1.8179583549 11.4141483307 0.0000000000 0.0000000000 0.1841078252 1.4929165840
-16.9374504089 42.2268409729 -1.8357731104 11.4013366699 0.0000000000 0.0000000000 0.1840559989 1.4918133020
-16.9677581787 42.2930450439 -1.8535639048 11.3886127472 0.0000000000 0.0000000000 0.1839739829 1.4908947945
-16.9979858398 42.3590965271 -1.8714525700 11.3764457703 0.0000000000 0.0000000000 0.1838766187 1.4900397062
-17.0281162262 42.4249763489 -1.8909064531 11.3652801514 0.0000000000 0.0000000000 0.1837634146 1.4891929626
-17.0582160950 42.4907188416 -1.9118698835 11.3553133011 0.0000000000 0.0000000000 0.1836216897 1.4883369207
-17.0882606506 42.5562705994 -1.9343582392 11.3462505341 0.0000000000 0.0000000000 0.1834586263 1.4876483679
-17.1182518005 42.6216583252 -1.9583379030 11.3381385803 0.0000000000 0.0000000000 0.1832861304 1.4871734381
-17.1481761932 42.6868324280 -1.9840384722 11.3313884735 0.0000000000 0.0000000000 0.1831394285 1.4867587090
-17.1780242920 42.7518348694 -2.0115928650 11.3260421753 0.0000000000 0.0000000000 0.1830164939 1.4863151312
-17.2078037262 42.8166770935 -2.0399262905 11.3220615387 0.0000000000 0.0000000000 0.1829043776 1.4858363867
-17.2374935150 42.8813056946 -2.0683889389 11.3188314438 0.0000000000 0.0000000000 0.1827788800 1.4853361845
-17.2671184540 42.9457702637 -2.0966615677 11.3161220551 0.0000000000 0.0000000000 0.1826068163 1.4848321676
-17.2966918945 43.0100669861 -2.1245591640 11.3137331009 0.0000000000 0.0000000000 0.1823927313 1.4842835665
-17.3261547089 43.0741004944 -2.1521079540 11.3115139008 0.0000000000 0.0000000000 0.1820981652 1.4837599993
-17.3555927277 43.1379661560 -2.1790778637 11.3089618683 0.0000000000 0.0000000000 0.1817275137 1.4833104610
-17.3849773407 43.2016067505 -2.2059004307 11.3063354492 0.0000000000 0.0000000000 0.1812902838 1.4829747677
-17.4143009186 43.2650184631 -2.2326915264 11.3040027618 0.0000000000 0.0000000000 0.1808138490 1.4827122688
-17.4435920715 43.3282546997 -2.2601964474 11.3022174835 0.0000000000 0.0000000000 0.1803209186 1.4824943542
-17.4728088379 43.3912277222 -2.2876665592 11.3008260727 0.0000000000 0.0000000000 0.1798376292 1.4823100567
-17.5018615723 43.4538078308 -2.3143699169 11.2999238968 0.0000000000 0.0000000000 0.1793908626 1.4820513725
-17.5308189392 43.5161247253 -2.3406414986 11.2994499207 0.0000000000 0.0000000000 0.1789823025 1.4817047119
-17.5597095490 43.5782318115 -2.3673789501 11.2998037338 0.0000000000 0.0000000000 0.1786038876 1.4812351465
-17.5885467529 43.6401519775 -2.3943896294 11.3006057739 0.0000000000 0.0000000000 0.1782580018 1.4806276560
-17.6173725128 43.7019195557 -2.4213902950 11.3016710281 0.0000000000 0.0000000000 0.1779332161 1.4798737764
-17.6461753845 43.7635116577 -2.4482333660 11.3029117584 0.0000000000 0.0000000000 0.1776161939 1.4790012836
-17.6749420166 43.8249397278 -2.4751591682 11.3040466309 0.0000000000 0.0000000000 0.1772877276 1.4781666994
-17.7036418915 43.8861961365 -2.5019936562 11.3048820496 0.0000000000 0.0000000000 0.1769571006 1.4773868322
-17.7322368622 43.9472579956 -2.5290069580 11.3053894043 0.0000000000 0.0000000000 0.1766427606 1.4766418934
-17.7607421875 44.0081443787 -2.5558841228 11.3054943085 0.0000000000 0.0000000000 0.1763524860 1.4759769440
-17.7891712189 44.0688591003 -2.5829489231 11.3050384521 0.0000000000 0.0000000000 0.1760897785 1.4753955603
-17.8175258636 44.1294136047 -2.6104557514 11.3044319153 0.0000000000 0.0000000000 0.1758348644 1.4749351740
-17.8457584381 44.1897087097 -2.6387107372 11.3040142059 0.0000000000 0.0000000000 0.1755700856 1.4745553732
-17.8738422394 44.2497520447 -2.6668674946 11.3039007187 0.0000000000 0.0000000000 0.1752795279 1.4741787910
-17.9017772675 44.3095054626 -2.6950781345 11.3040018082 0.0000000000 0.0000000000 0.1749809086 1.4737373590
-17.9296283722 44.3690872192 -2.7229223251 11.3042459488 0.0000000000 0.0000000000 0.1746866256 1.4731388092
-17.9573097229 44.4283943176 -2.7502861023 11.3049240112 0.0000000000 0.0000000000 0.1744154096 1.4723693132
-17.9848594666 44.4874191284 -2.7772672176 11.3061361313 0.0000000000 0.0000000000 0.1741920859 1.4714025259
-18.0122547150 44.5461463928 -2.8039653301 11.3078823090 0.0000000000 0.0000000000 0.1740441173 1.4703565836
-18.0395774841 44.6046943665 -2.8303894997 11.3100481033 0.0000000000 0.0000000000 0.1739620566 1.4692065716
-18.0668334961 44.6630477905 -2.8557090759 11.3128252029 0.0000000000 0.0000000000 0.1739102751 1.4679378271
-18.0940017700 44.7211685181 -2.8803594112 11.3159160614 0.0000000000 0.0000000000 0.1738718152 1.4664912224
-18.1210803986 44.7791099548 -2.9046084881 11.3192539215 0.0000000000 0.0000000000 0.1738254726 1.4647866488
-18.1481227875 44.8368644714 -2.9282495975 11.3229904175 0.0000000000 0.0000000000 0.1737458557 1.4628399611
-18.1751174927 44.8944168091 -2.9512619972 11.3269233704 0.0000000000 0.0000000000 0.1736318618 1.4607146978
-18.2019386292 44.9515151978 -2.9728763103 11.3313941956 0.0000000000 0.0000000000 0.1734771580 1.4584808350
-18.2287120819 45.0083808899 -2.9935810566 11.3361558914 0.0000000000 0.0000000000 0.1732773930 1.4562597275
-18.2554397583 45.0650291443 -3.0143485069 11.3411197662 0.0000000000 0.0000000000 0.1730264276 1.4542089701
-18.2820949554 45.1214179993 -3.0356998444 11.3457632065 0.0000000000 0.0000000000 0.1727191806 1.4524182081
-18.3087234497 45.1775703430 -3.0578160286 11.3505868912 0.0000000000 0.0000000000 0.1723627895 1.4508835077
-18.3352127075 45.2333221436 -3.0808751583 11.3552579880 0.0000000000 0.0000000000 0.1719944626 1.4495379925
-18.3616619110 45.2888793945 -3.1052181721 11.3600435257 0.0000000000 0.0000000000 0.1716308743 1.4483300447
-18.3880405426 45.3442382812 -3.1311156750 11.3650550842 0.0000000000 0.0000000000 0.1712541878 1.4472502470
-18.4143009186 45.3993721008 -3.1579303741 11.3701972961 0.0000000000 0.0000000000 0.1708651483 1.4462394714
-18.4404716492 45.4543190002 -3.1857244968 11.3754043579 0.0000000000 0.0000000000 0.1704719365 1.4453835487
-18.4664688110 45.5089874268 -3.2136764526 11.3804616928 0.0000000000 0.0000000000 0.1700663418 1.4445731640
-18.4923229218 45.5634040833 -3.2411079407 11.3845949173 0.0000000000 0.0000000000 0.1696702987 1.4438983202
-18.5180606842 45.6176414490 -3.2672219276 11.3876104355 0.0000000000 0.0000000000 0.1692982614 1.4434605837
-18.5436763763 45.6716804504 -3.2914116383 11.3896837234 0.0000000000 0.0000000000 0.1689463854 1.4432289600
-18.5690441132 45.7253341675 -3.3138127327 11.3913621902 0.0000000000 0.0000000000 0.1686176062 1.4431265593
-18.5942783356 45.7787818909 -3.3346045017 11.3928499222 0.0000000000 0.0000000000 0.1683000177 1.4430972338
-18.6193637848 45.8320083618 -3.3539538383 11.3941411972 0.0000000000 0.0000000000 0.1679981053 1.4429825544
-18.6443214417 45.8850250244 -3.3726835251 11.3955516815 0.0000000000 0.0000000000 0.1677031964 1.4427607059
-18.6691284180 45.9377746582 -3.3910503387 11.3973617554 0.0000000000 0.0000000000 0.1674343497 1.4424703121
-18.6938056946 45.9903106689 -3.4091465473 11.3998765945 0.0000000000 0.0000000000 0.1672009528 1.4421776533
-18.7183532715 46.0426254272 -3.4276564121 11.4032468796 0.0000000000 0.0000000000 0.1669975370 1.4417922497
-18.7427616119 46.0947036743 -3.4472966194 11.4076995850 0.0000000000 0.0000000000 0.1668053120 1.4413316250
-18.7671108246 46.1466445923 -3.4679908752 11.4126930237 0.0000000000 0.0000000000 0.1666081995 1.4407628775
-18.7913970947 46.1984863281 -3.4894299507 11.4175386429 0.0000000000 0.0000000000 0.1664213985 1.4400985241
-18.8155937195 46.2502174377 -3.5111868382 11.4218740463 0.0000000000 0.0000000000 0.1662350893 1.4394332170
-18.8397006989 46.3018188477 -3.5337553024 11.4259319305 0.0000000000 0.0000000000 0.1660325825 1.4387538433
-18.8637123108 46.3531990051 -3.5566318035 11.4298505783 0.0000000000 0.0000000000 0.1658011973 1.4381612539
-18.8876438141 46.4044647217 -3.5799090862 11.4334926605 0.0000000000 0.0000000000 0.1655468792 1.4377561808
-18.9113922119 46.4555397034 -3.6030280590 11.4369297028 0.0000000000 0.0000000000 0.1652799696 1.4375039339
-18.9349365234 46.5064430237 -3.6258406639 11.4404134750 0.0000000000 0.0000000000 0.1649898589 1.4372286797
-18.9583377838 46.5572280884 -3.6481251717 11.4447507858 0.0000000000 0.0000000000 0.1646599025 1.4368956089
-18.9815616608 46.6078491211 -3.6699583530 11.4505386353 0.0000000000 0.0000000000 0.1642907113 1.4365026951
-19.0046482086 46.6582984924 -3.6918444633 11.4576196671 0.0000000000 0.0000000000 0.1638887525 1.4360593557
-19.0276126862 46.7086334229 -3.7134695053 11.4655542374 0.0000000000 0.0000000000 0.1634356230 1.4356369972
-19.0504684448 46.7588920593 -3.7346243858 11.4741783142 0.0000000000 0.0000000000 0.1629279554 1.4352617264
-19.0731887817 46.8089752197 -3.7550158501 11.4833412170 0.0000000000 0.0000000000 0.1624037623 1.4347648621
-19.0958518982 46.8589935303 -3.7740490437 11.4923095703 0.0000000000 0.0000000000 0.1618810296 1.4343396425
-19.1183834076 46.9088630676 -3.7912898064 11.5006666183 0.0000000000 0.0000000000 0.1613839865 1.4340044260
-19.1408767700 46.9586639404 -3.8072059155 11.5084333420 0.0000000000 0.0000000000 0.1609461159 1.4336230755
-19.1632957458 47.0083541870 -3.8224692345 11.5158290863 0.0000000000 0.0000000000 0.1606080383 1.4329773188
-19.1856555939 47.0579566956 -3.8371291161 11.5227956772 0.0000000000 0.0000000000 0.1603686661 1.4321502447
-19.2079372406 47.1074676514 -3.8519585133 11.5292787552 0.0000000000 0.0000000000 0.1602061689 1.4310824871
-19.2301883698 47.1568679810 -3.8673262596 11.5354919434 0.0000000000 0.0000000000 0.1601295322 1.4298224449
-19.2523994446 47.2061233521 -3.8833315372 11.5413475037 0.0000000000 0.0000000000 0.1601266265 1.4285008907
-19.2745361328 47.2552070618 -3.8999443054 11.5471963882 0.0000000000 0.0000000000 0.1601645797 1.4271821976
-19.2966117859 47.3041687012 -3.9169316292 11.5527963638 0.0000000000 0.0000000000 0.1602227986 1.4258679152
-19.3186035156 47.3529434204 -3.9342417717 11.5579519272 0.0000000000 0.0000000000 0.1602607667 1.4245923758
-19.3405475616 47.4015846252 -3.9517385960 11.5625247955 0.0000000000 0.0000000000 0.1602688581 1.4233647585
-19.3624420166 47.4500656128 -3.9689314365 11.5664272308 0.0000000000 0.0000000000 0.1602448672 1.4220868349
-19.3841934204 47.4983596802 -3.9856801033 11.5700159073 0.0000000000 0.0000000000 0.1602025032 1.4207583666
-19.4058666229 47.5464172363 -4.0016312599 11.5732135773 0.0000000000 0.0000000000 0.1601404846 1.4194947481
-19.4274044037 47.5942230225 -4.0166687965 11.5761632919 0.0000000000 0.0000000000 0.1600572467 1.4182877541
-19.4489002228 47.6419181824 -4.0314431190 11.5786190033 0.0000000000 0.0000000000 0.1599391103 1.4171967506
-19.4703197479 47.6894340515 -4.0459885597 11.5806589127 0.0000000000 0.0000000000 0.1597900391 1.4161609411
-19.4916839600 47.7368469238 -4.0600948334 11.5826730728 0.0000000000 0.0000000000 0.1596130133 1.4152780771
-19.5129489899 47.7841682434 -4.0738639832 11.5851230621 0.0000000000 0.0000000000 0.1594057232 1.4145979881
-19.5341625214 47.8314132690 -4.0876264572 11.5879888535 0.0000000000 0.0000000000 0.1591950506 1.4138419628
-19.5552577972 47.8784942627 -4.1012067795 11.5913963318 0.0000000000 0.0000000000 0.1589687020 1.4130480289
-19.5762977600 47.9254302979 -4.1150155067 11.5955572128 0.0000000000 0.0000000000 0.1587255448 1.4123512506
-19.5972957611 47.9722633362 -4.1284632683 11.5998392105 0.0000000000 0.0000000000 0.1584734619 1.4117621183
-19.6182899475 48.0190124512 -4.1410150528 11.6039133072 0.0000000000 0.0000000000 0.1582293957 1.4111419916
-19.6392745972 48.0656814575 -4.1523542404 11.6077222824 0.0000000000 0.0000000000 0.1579679251 1.4105329514
-19.6602420807 48.1121711731 -4.1628217697 11.6112861633 0.0000000000 0.0000000000 0.1576811671 1.4099888802
-19.6812343597 48.1585655212 -4.1723828316 11.6147441864 0.0000000000 0.0000000000 0.1573842317 1.4094383717
-19.7022533417 48.2048835754 -4.1814498901 11.6181182861 0.0000000000 0.0000000000 0.1571244448 1.4089189768
-19.7232589722 48.2510643005 -4.1904115677 11.6219644547 0.0000000000 0.0000000000 0.1569078416 1.4084922075
-19.7442474365 48.2971496582 -4.1996860504 11.6263961792 0.0000000000 0.0000000000 0.1567388773 1.4081618786
-19.7651710510 48.3431205750 -4.2093286514 11.6315345764 0.0000000000 0.0000000000 0.1566042453 1.4079626799
-19.7860679626 48.3890075684 -4.2197422981 11.6375303268 0.0000000000 0.0000000000 0.1565247625 1.4077973366
-19.8069152832 48.4347419739 -4.2309412956 11.6441707611 0.0000000000 0.0000000000 0.1564590484 1.4075990915
-19.8276844025 48.4802589417 -4.2429246902 11.6511631012 0.0000000000 0.0000000000 0.1563935429 1.4074032307
-19.8483848572 48.5255889893 -4.2559571266 11.6584062576 0.0000000000 0.0000000000 0.1563310623 1.4070284367
-19.8690490723 48.5707550049 -4.2692551613 11.6655912399 0.0000000000 0.0000000000 0.1562841982 1.4064770937
-19.8896579742 48.6157493591 -4.2833585739 11.6727380753 0.0000000000 0.0000000000 0.1562339216 1.4058080912
-19.9102115631 48.6605796814 -4.2981228828 11.6795721054 0.0000000000 0.0000000000 0.1561459601 1.4051178694
-19.9307079315 48.7052345276 -4.3132867813 11.6859331131 0.0000000000 0.0000000000 0.1560057104 1.4044008255
-19.9511775970 48.7497329712 -4.3290872574 11.6923942566 0.0000000000 0.0000000000 0.1558716297 1.4035198689
-19.9715404510 48.7940368652 -4.3454418182 11.6993074417 0.0000000000 0.0000000000 0.1557422578 1.4025655985
-19.9917964935 48.8381614685 -4.3625302315 11.7064790726 0.0000000000 0.0000000000 0.1556307822 1.4016999006
-20.0119857788 48.8821372986 -4.3803491592 11.7139606476 0.0000000000 0.0000000000 0.1555850655 1.4007965326
-20.0320835114 48.9259605408 -4.3992433548 11.7218322754 0.0000000000 0.0000000000 0.1556073427 1.3997610807
-20.0521411896 48.9696884155 -4.4186558723 11.7297563553 0.0000000000 0.0000000000 0.1556409299 1.3986071348
-20.0720939636 49.0132331848 -4.4381275177 11.7375011444 0.0000000000 0.0000000000 0.1556706578 1.3973321915
-20.0918788910 49.0564651489 -4.4575228691 11.7452068329 0.0000000000 0.0000000000 0.1556969881 1.3958319426
-20.1116123199 49.0995788574 -4.4768028259 11.7527942657 0.0000000000 0.0000000000 0.1557179689 1.3942414522
-20.1312026978 49.1424636841 -4.4951958656 11.7600154877 0.0000000000 0.0000000000 0.1557116359 1.3927410841
-20.1507034302 49.1851806641 -4.5128417015 11.7667770386 0.0000000000 0.0000000000 0.1556631923 1.3912994862
-20.1701068878 49.2277336121 -4.5293774605 11.7728118896 0.0000000000 0.0000000000 0.1555675268 1.3899244070
-20.1894893646 49.2701988220 -4.5445532799 11.7780237198 0.0000000000 0.0000000000 0.1553964019 1.3886927366
-20.2088050842 49.3125724792 -4.5579013824 11.7825126648 0.0000000000 0.0000000000 0.1551432759 1.3876127005
-20.2280235291 49.3547668457 -4.5698642731 11.7868051529 0.0000000000 0.0000000000 0.1548137814 1.3866428137
-20.2471866608 49.3968772888 -4.5805597305 11.7908191681 0.0000000000 0.0000000000 0.1543873549 1.3858517408
-20.2662220001 49.4386940002 -4.5902910233 11.7947072983 0.0000000000 0.0000000000 0.1539166868 1.3851984739
-20.2852077484 49.4804382324 -4.5993137360 11.7988567352 0.0000000000 0.0000000000 0.1534875482 1.3845809698
-20.3041229248 49.5220451355 -4.6077523232 11.8036661148 0.0000000000 0.0000000000 0.1531084776 1.3841038942
-20.3230323792 49.5635871887 -4.6158270836 11.8088369370 0.0000000000 0.0000000000 0.1527694613 1.3836984634
-20.3419513702 49.6050720215 -4.6238694191 11.8138456345 0.0000000000 0.0000000000 0.1524340957 1.3834121227
-20.3608436584 49.6463851929 -4.6322865486 11.8189010620 0.0000000000 0.0000000000 0.1521330625 1.3832294941
-20.3797340393 49.6875991821 -4.6417498589 11.8241119385 0.0000000000 0.0000000000 0.1519078314 1.3831926584
-20.3986072540 49.7287521362 -4.6520791054 11.8291664124 0.0000000000 0.0000000000 0.1518081725 1.3833017349
-20.4173660278 49.7697105408 -4.6630473137 11.8340959549 0.0000000000 0.0000000000 0.1518383473 1.3834584951
-20.4361057281 49.8105430603 -4.6750493050 11.8390302658 0.0000000000 0.0000000000 0.1519494355 1.3836783171
-20.4547634125 49.8512306213 -4.6877975464 11.8441276550 0.0000000000 0.0000000000 0.1520602256 1.3839211464
-20.4734134674 49.8918724060 -4.7012186050 11.8491477966 0.0000000000 0.0000000000 0.1521817595 1.3840526342
-20.4920310974 49.9324607849 -4.7154221535 11.8543138504 0.0000000000 0.0000000000 0.1522848308 1.3840963840
-20.5106105804 49.9730033875 -4.7299299240 11.8597002029 0.0000000000 0.0000000000 0.1523316801 1.3840711117
-20.5291347504 50.0134887695 -4.7447090149 11.8652667999 0.0000000000 0.0000000000 0.1523312479 1.3838807344
-20.5475234985 50.0538368225 -4.7596769333 11.8708896637 0.0000000000 0.0000000000 0.1523122340 1.3836740255
-20.5658206940 50.0940780640 -4.7748422623 11.8765268326 0.0000000000 0.0000000000 0.1522388011 1.3835196495
-20.5840187073 50.1342124939 -4.7898464203 11.8821010590 0.0000000000 0.0000000000 0.1521138847 1.3835535049
-20.6021537781 50.1742897034 -4.8044915199 11.8875055313 0.0000000000 0.0000000000 0.1519796997 1.3836241961
-20.6202411652 50.2143058777 -4.8186111450 11.8926668167 0.0000000000 0.0000000000 0.1518585235 1.3837188482
-20.6382656097 50.2542419434 -4.8321790695 11.8976716995 0.0000000000 0.0000000000 0.1517187953 1.3838616610
-20.6562080383 50.2940864563 -4.8457026482 11.9026908875 0.0000000000 0.0000000000 0.1515319496 1.3840510845
-20.6740550995 50.3338012695 -4.8596725464 11.9083070755 0.0000000000 0.0000000000 0.1512886882 1.3841549158
-20.6918010712 50.3734169006 -4.8745656013 11.9148054123 0.0000000000 0.0000000000 0.1509967744 1.3842580318
-20.7094402313 50.4129142761 -4.8899126053 11.9219913483 0.0000000000 0.0000000000 0.1507067084 1.3842858076
-20.7269744873 50.4523010254 -4.9057292938 11.9295501709 0.0000000000 0.0000000000 0.1504515260 1.3842854500
-20.7443141937 50.4913253784 -4.9209914207 11.9370403290 0.0000000000 0.0000000000 0.1502088010 1.3843661547
-20.7615222931 50.5300979614 -4.9361681938 11.9442405701 0.0000000000 0.0000000000 0.1499585807 1.3844215870
-20.7786426544 50.5687294006 -4.9505367279 11.9510936737 0.0000000000 0.0000000000 0.1497018039 1.3843700886
-20.7957286835 50.6072731018 -4.9642705917 11.9578084946 0.0000000000 0.0000000000 0.1494159847 1.3842984438
-20.8127498627 50.6457405090 -4.9777073860 11.9643640518 0.0000000000 0.0000000000 0.1490853578 1.3842413425
-20.8296680450 50.6841163635 -4.9908885956 11.9708166122 0.0000000000 0.0000000000 0.1487397999 1.3842084408
-20.8465309143 50.7224235535 -5.0032148361 11.9769010544 0.0000000000 0.0000000000 0.1484090984 1.3841490746
-20.8632507324 50.7606010437 -5.0147752762 11.9827156067 0.0000000000 0.0000000000 0.1481227279 1.3839870691
-20.8799400330 50.7987213135 -5.0258560181 11.9882955551 0.0000000000 0.0000000000 0.1478855610 1.3839067221
-20.8965969086 50.8367614746 -5.0363345146 11.9935379028 0.0000000000 0.0000000000 0.1477133036 1.3840068579
-20.9131679535 50.8746643066 -5.0462923050 11.9987020493 0.0000000000 0.0000000000 0.1475861967 1.3840992451
-20.9297084808 50.9125022888 -5.0557861328 12.0038366318 0.0000000000 0.0000000000 0.1474910527 1.3841764927
-20.9462223053 50.9502792358 -5.0650157928 12.0092744827 0.0000000000 0.0000000000 0.1473891884 1.3841220140
-20.9626026154 50.9878997803 -5.0739278793 12.0152387619 0.0000000000 0.0000000000 0.1472859681 1.3839832544
-20.9789466858 51.0253753662 -5.0832285881 12.0218906403 0.0000000000 0.0000000000 0.1472171396 1.3838270903
-20.9952869415 51.0628433228 -5.0928955078 12.0291776657 0.0000000000 0.0000000000 0.1471550614 1.3837093115
-21.0115394592 51.1001777649 -5.1031379700 12.0371780396 0.0000000000 0.0000000000 0.1470503509 1.3837229013
-21.0277233124 51.1373481750 -5.1135416031 12.0457067490 0.0000000000 0.0000000000 0.1469076276 1.3837411404
-21.0438804626 51.1744613647 -5.1244688034 12.0545406342 0.0000000000 0.0000000000 0.1467260122 1.3838328123
-21.0599727631 51.2114219666 -5.1354384422 12.0638847351 0.0000000000 0.0000000000 0.1465600133 1.3838639259
-21.0760726929 51.2483825684 -5.1464924812 12.0734214783 0.0000000000 0.0000000000 0.1464302242 1.3836624622
-21.0921897888 51.2853164673 -5.1579790115 12.0829105377 0.0000000000 0.0000000000 0.1463568509 1.3833456039
-21.1082725525 51.3222236633 -5.1701178551 12.0921850204 0.0000000000 0.0000000000 0.1463213116 1.3830089569
-21.1243152618 51.3590774536 -5.1834506989 12.1013269424 0.0000000000 0.0000000000 0.1463298649 1.3825874329
-21.1402969360 51.3958396912 -5.1971902847 12.1099863052 0.0000000000 0.0000000000 0.1463624984 1.3822876215
-21.1562252045 51.4325103760 -5.2111763954 12.1180839539 0.0000000000 0.0000000000 0.1463845074 1.3820915222
-21.1719875336 51.4689254761 -5.2252297401 12.1255636215 0.0000000000 0.0000000000 0.1463755667 1.3818502426
-21.1876506805 51.5052757263 -5.2390928268 12.1324558258 0.0000000000 0.0000000000 0.1463754773 1.3815133572
-21.2031116486 51.5414543152 -5.2520880699 12.1387548447 0.0000000000 0.0000000000 0.1463512480 1.3810987473
-21.2184066772 51.5775032043 -5.2641510963 12.1444234848 0.0000000000 0.0000000000 0.1462685764 1.3806949854
-21.2335300446 51.6134529114 -5.2751808167 12.1494989395 0.0000000000 0.0000000000 0.1461512446 1.3803039789
-21.2485046387 51.6493186951 -5.2851176262 12.1541891098 0.0000000000 0.0000000000 0.1460394710 1.3801358938
-21.2633666992 51.6850662231 -5.2946214676 12.1588258743 0.0000000000 0.0000000000 0.1459318250 1.3801441193
-21.2781600952 51.7207374573 -5.3038525581 12.1638355255 0.0000000000 0.0000000000 0.1458021402 1.3802126646
-21.2928771973 51.7563247681 -5.3131146431 12.1693038940 0.0000000000 0.0000000000 0.1456412226 1.3803571463
