#         COST_U        COST_H      COST_D       COST_S       REGU_H       REGU_S          HPO           COSTGLEN 
294.1456604004 0.0000000000 0.0000000000 0.0000000000 36.8487854004 0.0000000000 1.7718815804
102.8523483276 0.0000000000 0.0000000000 0.1215183511 36.1088485718 0.0000000000 -0.1090915203
74.1232910156 0.0000000000 0.0000000000 0.3888691068 34.7608566284 0.0000000000 -0.3742367029
67.8335266113 0.0000000000 0.0000000000 0.7325779796 34.1846580505 0.0000000000 -0.3903123140
62.2695007324 0.0000000000 0.0000000000 1.1136119366 34.4213409424 0.0000000000 -0.3635898829
55.7454605103 0.0000000000 0.0000000000 1.5088826418 35.2650909424 0.0000000000 -0.3368291855
48.7912559509 0.0000000000 0.0000000000 1.9011243582 35.3865432739 0.0000000000 -0.3209950924
42.0445480347 0.0000000000 0.0000000000 2.2766411304 35.6651229858 0.0000000000 -0.3174717426
35.7926864624 0.0000000000 0.0000000000 2.6247036457 35.4730262756 0.0000000000 -0.3230868578
30.2753582001 0.0000000000 0.0000000000 2.9365661144 34.8609886169 0.0000000000 -0.3343383074
25.7496089935 0.0000000000 0.0000000000 3.2059423923 34.3331108093 0.0000000000 -0.3467694521
22.3478546143 0.0000000000 0.0000000000 3.4286038876 33.8767929077 0.0000000000 -0.3561255336
19.9898204803 0.0000000000 0.0000000000 3.6020345688 33.1478118896 0.0000000000 -0.3606402278
18.4539718628 0.0000000000 0.0000000000 3.7256391048 32.6310234070 0.0000000000 -0.3606144190
17.4900760651 0.0000000000 0.0000000000 3.8009278774 32.2200813293 0.0000000000 -0.3578375876
16.8950119019 0.0000000000 0.0000000000 3.8310201168 32.0660133362 0.0000000000 -0.3540799022
16.5025882721 0.0000000000 0.0000000000 3.8205194473 31.9393119812 0.0000000000 -0.3504012823
16.2032718658 0.0000000000 0.0000000000 3.7747311592 31.8012275696 0.0000000000 -0.3477115631
15.9393186569 0.0000000000 0.0000000000 3.6994452477 31.6814270020 0.0000000000 -0.3461189270
15.6819705963 0.0000000000 0.0000000000 3.6003634930 31.5947246552 0.0000000000 -0.3458297849
15.4259452820 0.0000000000 0.0000000000 3.4828460217 31.5610427856 0.0000000000 -0.3470451236
15.1808137894 0.0000000000 0.0000000000 3.3519759178 31.5583362579 0.0000000000 -0.3495067358
14.9679470062 0.0000000000 0.0000000000 3.2123792171 31.5620613098 0.0000000000 -0.3530761003
14.8146371841 0.0000000000 0.0000000000 3.0680720806 31.5563926697 0.0000000000 -0.3576456904
14.7483396530 0.0000000000 0.0000000000 2.9226834774 31.5501918793 0.0000000000 -0.3630512357
14.7979383469 0.0000000000 0.0000000000 2.7791132927 31.5385246277 0.0000000000 -0.3691161275
14.9896068573 0.0000000000 0.0000000000 2.6398179531 31.5178470612 0.0000000000 -0.3756458461
15.3507747650 0.0000000000 0.0000000000 2.5066530704 31.4902362823 0.0000000000 -0.3825079799
15.8999023438 0.0000000000 0.0000000000 2.3811674118 31.4469223022 0.0000000000 -0.3891218901
16.6499900818 0.0000000000 0.0000000000 2.2644255161 31.3913631439 0.0000000000 -0.3953042626
17.6000709534 0.0000000000 0.0000000000 2.1572220325 31.3403587341 0.0000000000 -0.4008561373
18.7439994812 0.0000000000 0.0000000000 2.0602705479 31.2604675293 0.0000000000 -0.4053407311
20.0614242554 0.0000000000 0.0000000000 1.9742816687 31.1881694794 0.0000000000 -0.4083893895
21.4736614227 0.0000000000 0.0000000000 1.8998620510 31.1494064331 0.0000000000 -0.4096167684
22.8808860779 0.0000000000 0.0000000000 1.8376461267 31.1335144043 0.0000000000 -0.4096243382
24.1538333893 0.0000000000 0.0000000000 1.7881556749 31.1098213196 0.0000000000 -0.4079805613
25.1489143372 0.0000000000 0.0000000000 1.7520382404 31.0772056580 0.0000000000 -0.4061914682
25.7424659729 0.0000000000 0.0000000000 1.7299562693 31.0333957672 0.0000000000 -0.4039668441
25.8657493591 0.0000000000 0.0000000000 1.7222057581 30.9714088440 0.0000000000 -0.4024600387
25.5190219879 0.0000000000 0.0000000000 1.7288314104 30.8968887329 0.0000000000 -0.4014981389
24.7820034027 0.0000000000 0.0000000000 1.7493175268 30.8218135834 0.0000000000 -0.4003403187
23.7756271362 0.0000000000 0.0000000000 1.7824558020 30.7337989807 0.0000000000 -0.3991955519
22.6333427429 0.0000000000 0.0000000000 1.8264054060 30.6545295715 0.0000000000 -0.3972767591
21.4767913818 0.0000000000 0.0000000000 1.8789771795 30.5831203461 0.0000000000 -0.3948538303
20.3958263397 0.0000000000 0.0000000000 1.9373724461 30.5165061951 0.0000000000 -0.3920458555
19.4464187622 0.0000000000 0.0000000000 1.9987146854 30.4503288269 0.0000000000 -0.3885320425
18.6489353180 0.0000000000 0.0000000000 2.0603196621 30.3725070953 0.0000000000 -0.3849294186
18.0098361969 0.0000000000 0.0000000000 2.1198527813 30.2996330261 0.0000000000 -0.3813323379
17.5256862640 0.0000000000 0.0000000000 2.1755719185 30.2345695496 0.0000000000 -0.3779323697
17.1815567017 0.0000000000 0.0000000000 2.2262210846 30.1726989746 0.0000000000 -0.3745373487
16.9604587555 0.0000000000 0.0000000000 2.2711837292 30.1131343842 0.0000000000 -0.3713763356
16.8317699432 0.0000000000 0.0000000000 2.3102154732 30.0539684296 0.0000000000 -0.3687071204
16.7668266296 0.0000000000 0.0000000000 2.3434925079 29.9927558899 0.0000000000 -0.3661230803
16.7381019592 0.0000000000 0.0000000000 2.3713066578 29.9281921387 0.0000000000 -0.3637818098
16.7125720978 0.0000000000 0.0000000000 2.3941962719 29.8644275665 0.0000000000 -0.3611477017
16.6695747375 0.0000000000 0.0000000000 2.4127709866 29.8000736237 0.0000000000 -0.3590987921
16.5900115967 0.0000000000 0.0000000000 2.4277172089 29.7384166718 0.0000000000 -0.3567546010
16.4641304016 0.0000000000 0.0000000000 2.4395363331 29.6809158325 0.0000000000 -0.3544487953
16.2888507843 0.0000000000 0.0000000000 2.4485836029 29.6216926575 0.0000000000 -0.3514996767
16.0692901611 0.0000000000 0.0000000000 2.4550139904 29.5614948273 0.0000000000 -0.3490965962
15.8053102493 0.0000000000 0.0000000000 2.4589331150 29.4978466034 0.0000000000 -0.3463052511
15.5020875931 0.0000000000 0.0000000000 2.4603621960 29.4276828766 0.0000000000 -0.3436108828
15.1606884003 0.0000000000 0.0000000000 2.4591848850 29.3505630493 0.0000000000 -0.3409328461
14.7914361954 0.0000000000 0.0000000000 2.4551970959 29.2717456818 0.0000000000 -0.3386278152
14.4074373245 0.0000000000 0.0000000000 2.4482445717 29.1877441406 0.0000000000 -0.3363932371
14.0211448669 0.0000000000 0.0000000000 2.4381182194 29.1023483276 0.0000000000 -0.3343757391
13.6373138428 0.0000000000 0.0000000000 2.4245715141 29.0207042694 0.0000000000 -0.3324369192
13.2606649399 0.0000000000 0.0000000000 2.4073750973 28.9421768188 0.0000000000 -0.3300759792
12.8915853500 0.0000000000 0.0000000000 2.3862988949 28.8661365509 0.0000000000 -0.3282932043
12.5320377350 0.0000000000 0.0000000000 2.3613409996 28.7947368622 0.0000000000 -0.3263452649
12.1834945679 0.0000000000 0.0000000000 2.3325495720 28.7293720245 0.0000000000 -0.3245019317
11.8548412323 0.0000000000 0.0000000000 2.3000519276 28.6692695618 0.0000000000 -0.3227088451
11.5536966324 0.0000000000 0.0000000000 2.2640025616 28.6097793579 0.0000000000 -0.3208154440
11.2874593735 0.0000000000 0.0000000000 2.2246437073 28.5512847900 0.0000000000 -0.3195978999
11.0587186813 0.0000000000 0.0000000000 2.1824476719 28.4945030212 0.0000000000 -0.3180812001
10.8692960739 0.0000000000 0.0000000000 2.1378114223 28.4399566650 0.0000000000 -0.3167160153
10.7149915695 0.0000000000 0.0000000000 2.0912942886 28.3856201172 0.0000000000 -0.3151696324
10.5887537003 0.0000000000 0.0000000000 2.0435459614 28.3317565918 0.0000000000 -0.3141230345
10.4852943420 0.0000000000 0.0000000000 1.9951498508 28.2768154144 0.0000000000 -0.3128118515
10.3951387405 0.0000000000 0.0000000000 1.9466464520 28.2221012115 0.0000000000 -0.3115345836
10.3086414337 0.0000000000 0.0000000000 1.8985828161 28.1661376953 0.0000000000 -0.3105041981
10.2151079178 0.0000000000 0.0000000000 1.8514328003 28.1117210388 0.0000000000 -0.3092154264
10.1077537537 0.0000000000 0.0000000000 1.8055881262 28.0583515167 0.0000000000 -0.3077892065
9.9831705093 0.0000000000 0.0000000000 1.7612255812 28.0037822723 0.0000000000 -0.3067687750
9.8430519104 0.0000000000 0.0000000000 1.7183973789 27.9512672424 0.0000000000 -0.3056541085
9.6922407150 0.0000000000 0.0000000000 1.6771707535 27.8985633850 0.0000000000 -0.3045967221
9.5378808975 0.0000000000 0.0000000000 1.6374583244 27.8468322754 0.0000000000 -0.3033809066
9.3882904053 0.0000000000 0.0000000000 1.5992232561 27.7953395844 0.0000000000 -0.3021734357
9.2474679947 0.0000000000 0.0000000000 1.5624076128 27.7451515198 0.0000000000 -0.3009333014
9.1188554764 0.0000000000 0.0000000000 1.5269377232 27.6952495575 0.0000000000 -0.2996489406
9.0037345886 0.0000000000 0.0000000000 1.4927424192 27.6443386078 0.0000000000 -0.2986910343
8.9023809433 0.0000000000 0.0000000000 1.4597698450 27.5949230194 0.0000000000 -0.2975687981
8.8142976761 0.0000000000 0.0000000000 1.4279341698 27.5466480255 0.0000000000 -0.2963728905
8.7361726761 0.0000000000 0.0000000000 1.3972414732 27.4992752075 0.0000000000 -0.2951980233
8.6640806198 0.0000000000 0.0000000000 1.3677641153 27.4531383514 0.0000000000 -0.2942091823
8.5931634903 0.0000000000 0.0000000000 1.3395648003 27.4088420868 0.0000000000 -0.2930794358
8.5214471817 0.0000000000 0.0000000000 1.3126949072 27.3669052124 0.0000000000 -0.2920464873
8.4468173981 0.0000000000 0.0000000000 1.2871177197 27.3264636993 0.0000000000 -0.2909576893
8.3681221008 0.0000000000 0.0000000000 1.2627851963 27.2869682312 0.0000000000 -0.2897698283
8.2852001190 0.0000000000 0.0000000000 1.2396781445 27.2480335236 0.0000000000 -0.2887567878
8.1987428665 0.0000000000 0.0000000000 1.2177842855 27.2101116180 0.0000000000 -0.2877882123
8.1102571487 0.0000000000 0.0000000000 1.1969898939 27.1729221344 0.0000000000 -0.2865808606
8.0211362839 0.0000000000 0.0000000000 1.1771671772 27.1357498169 0.0000000000 -0.2855121493
7.9320840836 0.0000000000 0.0000000000 1.1582447290 27.0985927582 0.0000000000 -0.2845982313
7.8439145088 0.0000000000 0.0000000000 1.1401381493 27.0608177185 0.0000000000 -0.2836525440
7.7579116821 0.0000000000 0.0000000000 1.1227703094 27.0222930908 0.0000000000 -0.2825729847
7.6730718613 0.0000000000 0.0000000000 1.1060630083 26.9839687347 0.0000000000 -0.2814922333
7.5898623466 0.0000000000 0.0000000000 1.0899122953 26.9464321136 0.0000000000 -0.2806296349
7.5076413155 0.0000000000 0.0000000000 1.0742546320 26.9091968536 0.0000000000 -0.2796400785
7.4260263443 0.0000000000 0.0000000000 1.0590013266 26.8726787567 0.0000000000 -0.2787479162
7.3452501297 0.0000000000 0.0000000000 1.0440790653 26.8367271423 0.0000000000 -0.2774130106
7.2650275230 0.0000000000 0.0000000000 1.0294184685 26.8010425568 0.0000000000 -0.2768381238
7.1856231689 0.0000000000 0.0000000000 1.0150218010 26.7655868530 0.0000000000 -0.2758777142
7.1068334579 0.0000000000 0.0000000000 1.0009099245 26.7290592194 0.0000000000 -0.2752104402
7.0295171738 0.0000000000 0.0000000000 0.9870327115 26.6915092468 0.0000000000 -0.2743737698
6.9543132782 0.0000000000 0.0000000000 0.9733751416 26.6538276672 0.0000000000 -0.2735357881
6.8813605309 0.0000000000 0.0000000000 0.9599905014 26.6166801453 0.0000000000 -0.2727916241
6.8107528687 0.0000000000 0.0000000000 0.9468639493 26.5789146423 0.0000000000 -0.2720191479
6.7421026230 0.0000000000 0.0000000000 0.9339783192 26.5418567657 0.0000000000 -0.2712590694
6.6749939919 0.0000000000 0.0000000000 0.9213601947 26.5046405792 0.0000000000 -0.2702991962
6.6092481613 0.0000000000 0.0000000000 0.9090237021 26.4673805237 0.0000000000 -0.2697218657
6.5449452400 0.0000000000 0.0000000000 0.8969714046 26.4292087555 0.0000000000 -0.2690018415
6.4816365242 0.0000000000 0.0000000000 0.8851823211 26.3905277252 0.0000000000 -0.2682235837
6.4189877510 0.0000000000 0.0000000000 0.8736690879 26.3501739502 0.0000000000 -0.2676131129
6.3573269844 0.0000000000 0.0000000000 0.8624022603 26.3103885651 0.0000000000 -0.2669408917
6.2970323563 0.0000000000 0.0000000000 0.8513559103 26.2720546722 0.0000000000 -0.2661713362
6.2377719879 0.0000000000 0.0000000000 0.8405476213 26.2345752716 0.0000000000 -0.2655220032
6.1787457466 0.0000000000 0.0000000000 0.8299599886 26.1991252899 0.0000000000 -0.2649019361
6.1205029488 0.0000000000 0.0000000000 0.8195529580 26.1639137268 0.0000000000 -0.2641601562
6.0634651184 0.0000000000 0.0000000000 0.8093499541 26.1298332214 0.0000000000 -0.2636533976
6.0076913834 0.0000000000 0.0000000000 0.7993651032 26.0961685181 0.0000000000 -0.2630706429
5.9530434608 0.0000000000 0.0000000000 0.7896124125 26.0635318756 0.0000000000 -0.2624601126
5.8991861343 0.0000000000 0.0000000000 0.7800861597 26.0316085815 0.0000000000 -0.2618732452
5.8460340500 0.0000000000 0.0000000000 0.7707921863 26.0006217957 0.0000000000 -0.2612798810
5.7933716774 0.0000000000 0.0000000000 0.7617430687 25.9689884186 0.0000000000 -0.2606991529
5.7414507866 0.0000000000 0.0000000000 0.7529146671 25.9363117218 0.0000000000 -0.2601024508
5.6900167465 0.0000000000 0.0000000000 0.7443101406 25.9033679962 0.0000000000 -0.2595330477
5.6391139030 0.0000000000 0.0000000000 0.7359519601 25.8703460693 0.0000000000 -0.2589579821
5.5886955261 0.0000000000 0.0000000000 0.7278273106 25.8368453979 0.0000000000 -0.2584136724
5.5390577316 0.0000000000 0.0000000000 0.7199016809 25.8033428192 0.0000000000 -0.2578683496
5.4900431633 0.0000000000 0.0000000000 0.7121770382 25.7693424225 0.0000000000 -0.2573226690
5.4421553612 0.0000000000 0.0000000000 0.7046870589 25.7348632812 0.0000000000 -0.2566726208
5.3954744339 0.0000000000 0.0000000000 0.6974220872 25.7003383636 0.0000000000 -0.2562721372
5.3492269516 0.0000000000 0.0000000000 0.6903719902 25.6662883759 0.0000000000 -0.2557392120
5.3037266731 0.0000000000 0.0000000000 0.6835234165 25.6330699921 0.0000000000 -0.2552547455
5.2582869530 0.0000000000 0.0000000000 0.6768152714 25.6004447937 0.0000000000 -0.2545570731
5.2134580612 0.0000000000 0.0000000000 0.6702789068 25.5685024261 0.0000000000 -0.2542886734
5.1690802574 0.0000000000 0.0000000000 0.6639181376 25.5367145538 0.0000000000 -0.2538031936
5.1249151230 0.0000000000 0.0000000000 0.6577498913 25.5056457520 0.0000000000 -0.2533245683
5.0814824104 0.0000000000 0.0000000000 0.6517587900 25.4748191833 0.0000000000 -0.2528706789
5.0382218361 0.0000000000 0.0000000000 0.6459248066 25.4446334839 0.0000000000 -0.2524275184
4.9947671890 0.0000000000 0.0000000000 0.6402261257 25.4156417847 0.0000000000 -0.2519504428
4.9521222115 0.0000000000 0.0000000000 0.6346229315 25.3850288391 0.0000000000 -0.2515377998
4.9102306366 0.0000000000 0.0000000000 0.6290745139 25.3565864563 0.0000000000 -0.2511047125
4.8690981865 0.0000000000 0.0000000000 0.6235262156 25.3283843994 0.0000000000 -0.2506107688
4.8281707764 0.0000000000 0.0000000000 0.6179382205 25.3007392883 0.0000000000 -0.2502574325
4.7875928879 0.0000000000 0.0000000000 0.6123192310 25.2735557556 0.0000000000 -0.2498569489
4.7475109100 0.0000000000 0.0000000000 0.6066635251 25.2466583252 0.0000000000 -0.2494589090
4.7080206871 0.0000000000 0.0000000000 0.6009781957 25.2214412689 0.0000000000 -0.2490588129
4.6688027382 0.0000000000 0.0000000000 0.5952513218 25.1961917877 0.0000000000 -0.2485944629
4.6305632591 0.0000000000 0.0000000000 0.5894806385 25.1706809998 0.0000000000 -0.2482973933
4.5929894447 0.0000000000 0.0000000000 0.5836832523 25.1453876495 0.0000000000 -0.2479311824
4.5565114021 0.0000000000 0.0000000000 0.5778510571 25.1199512482 0.0000000000 -0.2475337684
4.5209732056 0.0000000000 0.0000000000 0.5719993711 25.0942554474 0.0000000000 -0.2471886575
4.4860334396 0.0000000000 0.0000000000 0.5661462545 25.0683155060 0.0000000000 -0.2468484640
4.4518280029 0.0000000000 0.0000000000 0.5602878332 25.0421524048 0.0000000000 -0.2465680838
4.4181604385 0.0000000000 0.0000000000 0.5544604659 25.0159912109 0.0000000000 -0.2462843657
4.3849682808 0.0000000000 0.0000000000 0.5487188697 24.9900474548 0.0000000000 -0.2459859848
4.3521375656 0.0000000000 0.0000000000 0.5430911779 24.9641304016 0.0000000000 -0.2456864715
4.3197350502 0.0000000000 0.0000000000 0.5375806689 24.9379024506 0.0000000000 -0.2454031110
4.2877154350 0.0000000000 0.0000000000 0.5321976542 24.9129600525 0.0000000000 -0.2451139390
4.2562446594 0.0000000000 0.0000000000 0.5269217491 24.8869400024 0.0000000000 -0.2448548675
4.2252426147 0.0000000000 0.0000000000 0.5217496753 24.8618907928 0.0000000000 -0.2445736229
4.1947827339 0.0000000000 0.0000000000 0.5166867375 24.8378524780 0.0000000000 -0.2443711758
4.1644182205 0.0000000000 0.0000000000 0.5117161274 24.8144130707 0.0000000000 -0.2440615296
4.1343202591 0.0000000000 0.0000000000 0.5068501234 24.7910232544 0.0000000000 -0.2437524199
4.1046977043 0.0000000000 0.0000000000 0.5020692348 24.7675342560 0.0000000000 -0.2434763908
4.0759005547 0.0000000000 0.0000000000 0.4973872602 24.7436866760 0.0000000000 -0.2432951331
4.0478525162 0.0000000000 0.0000000000 0.4928230345 24.7203598022 0.0000000000 -0.2430447936
4.0205101967 0.0000000000 0.0000000000 0.4883958399 24.6960487366 0.0000000000 -0.2427276969
3.9938888550 0.0000000000 0.0000000000 0.4841084480 24.6718082428 0.0000000000 -0.2425583005
3.9679951668 0.0000000000 0.0000000000 0.4799756408 24.6477050781 0.0000000000 -0.2423225343
3.9429216385 0.0000000000 0.0000000000 0.4759661555 24.6232967377 0.0000000000 -0.2420273721
3.9187350273 0.0000000000 0.0000000000 0.4720784426 24.5990600586 0.0000000000 -0.2418700457
3.8948788643 0.0000000000 0.0000000000 0.4683148265 24.5745544434 0.0000000000 -0.2415391505
3.8712091446 0.0000000000 0.0000000000 0.4646998942 24.5501575470 0.0000000000 -0.2414219379
3.8476696014 0.0000000000 0.0000000000 0.4612278640 24.5276908875 0.0000000000 -0.2412084341
3.8241744041 0.0000000000 0.0000000000 0.4579197168 24.5028018951 0.0000000000 -0.2409472466
3.8007316589 0.0000000000 0.0000000000 0.4547240436 24.4791545868 0.0000000000 -0.2407228947
3.7773571014 0.0000000000 0.0000000000 0.4516157806 24.4556941986 0.0000000000 -0.2405018806
3.7540054321 0.0000000000 0.0000000000 0.4485980570 24.4325389862 0.0000000000 -0.2402010560
3.7306437492 0.0000000000 0.0000000000 0.4456400573 24.4098491669 0.0000000000 -0.2399885654
3.7073996067 0.0000000000 0.0000000000 0.4427149594 24.3881320953 0.0000000000 -0.2398032546
3.6840322018 0.0000000000 0.0000000000 0.4398114979 24.3676414490 0.0000000000 -0.2395517826
3.6606948376 0.0000000000 0.0000000000 0.4369168282 24.3487567902 0.0000000000 -0.2393471599
3.6376624107 0.0000000000 0.0000000000 0.4340142608 24.3268165588 0.0000000000 -0.2391007841
3.6150813103 0.0000000000 0.0000000000 0.4311113358 24.3061218262 0.0000000000 -0.2388789058
3.5929486752 0.0000000000 0.0000000000 0.4282247126 24.2863121033 0.0000000000 -0.2386428714
3.5711109638 0.0000000000 0.0000000000 0.4253864288 24.2662315369 0.0000000000 -0.2384262979
3.5496799946 0.0000000000 0.0000000000 0.4225879908 24.2464714050 0.0000000000 -0.2382042408
3.5286669731 0.0000000000 0.0000000000 0.4198073447 24.2275238037 0.0000000000 -0.2379815578
3.5080037117 0.0000000000 0.0000000000 0.4170559347 24.2087955475 0.0000000000 -0.2375636399
3.4876790047 0.0000000000 0.0000000000 0.4143233597 24.1916198730 0.0000000000 -0.2375245392
3.4676246643 0.0000000000 0.0000000000 0.4115884304 24.1750965118 0.0000000000 -0.2373189330
3.4478909969 0.0000000000 0.0000000000 0.4088758230 24.1589183807 0.0000000000 -0.2371047139
3.4285006523 0.0000000000 0.0000000000 0.4062013924 24.1431941986 0.0000000000 -0.2368742228
3.4096167088 0.0000000000 0.0000000000 0.4035673141 24.1280479431 0.0000000000 -0.2366853952
3.3912453651 0.0000000000 0.0000000000 0.4009741545 24.1129341125 0.0000000000 -0.2364468575
3.3732211590 0.0000000000 0.0000000000 0.3984008133 24.0977363586 0.0000000000 -0.2362485528
3.3556416035 0.0000000000 0.0000000000 0.3958405554 24.0827579498 0.0000000000 -0.2359865308
3.3388359547 0.0000000000 0.0000000000 0.3933282495 24.0683345795 0.0000000000 -0.2358111143
3.3226764202 0.0000000000 0.0000000000 0.3908959329 24.0538253784 0.0000000000 -0.2356524467
3.3068239689 0.0000000000 0.0000000000 0.3885557353 24.0392570496 0.0000000000 -0.2354353666
3.2913994789 0.0000000000 0.0000000000 0.3862747550 24.0257320404 0.0000000000 -0.2352568507
3.2765188217 0.0000000000 0.0000000000 0.3840614259 24.0109939575 0.0000000000 -0.2350568473
3.2618837357 0.0000000000 0.0000000000 0.3819111586 23.9959983826 0.0000000000 -0.2348564863
3.2475719452 0.0000000000 0.0000000000 0.3798140287 23.9808673859 0.0000000000 -0.2346511185
3.2334342003 0.0000000000 0.0000000000 0.3777573705 23.9653110504 0.0000000000 -0.2344019413
3.2193686962 0.0000000000 0.0000000000 0.3757330477 23.9496402740 0.0000000000 -0.2342418432
3.2055115700 0.0000000000 0.0000000000 0.3737246990 23.9332885742 0.0000000000 -0.2340167165
3.1923253536 0.0000000000 0.0000000000 0.3717237711 23.9174041748 0.0000000000 -0.2338156998
3.1793165207 0.0000000000 0.0000000000 0.3697427809 23.9020786285 0.0000000000 -0.2335960269
3.1669623852 0.0000000000 0.0000000000 0.3677795529 23.8873939514 0.0000000000 -0.2333669066
3.1551418304 0.0000000000 0.0000000000 0.3658337593 23.8729095459 0.0000000000 -0.2331589460
3.1442151070 0.0000000000 0.0000000000 0.3639135659 23.8588523865 0.0000000000 -0.2329367399
3.1341147423 0.0000000000 0.0000000000 0.3620141447 23.8446121216 0.0000000000 -0.2327067852
3.1246211529 0.0000000000 0.0000000000 0.3601620197 23.8300247192 0.0000000000 -0.2324652672
3.1155648232 0.0000000000 0.0000000000 0.3583599031 23.8150711060 0.0000000000 -0.2321817875
3.1068739891 0.0000000000 0.0000000000 0.3565928340 23.7998237610 0.0000000000 -0.2319778800
3.0981802940 0.0000000000 0.0000000000 0.3548837006 23.7844676971 0.0000000000 -0.2317315936
3.0894627571 0.0000000000 0.0000000000 0.3532209098 23.7691955566 0.0000000000 -0.2314801514
3.0807771683 0.0000000000 0.0000000000 0.3515844047 23.7539844513 0.0000000000 -0.2312245965
3.0718977451 0.0000000000 0.0000000000 0.3499784172 23.7383937836 0.0000000000 -0.2309685051
3.0627279282 0.0000000000 0.0000000000 0.3483963013 23.7226276398 0.0000000000 -0.2307103276
3.0532867908 0.0000000000 0.0000000000 0.3468531966 23.7067604065 0.0000000000 -0.2304239273
3.0435745716 0.0000000000 0.0000000000 0.3453239501 23.6908664703 0.0000000000 -0.2301735282
3.0337278843 0.0000000000 0.0000000000 0.3438039422 23.6743965149 0.0000000000 -0.2299041748
3.0236413479 0.0000000000 0.0000000000 0.3422730863 23.6571941376 0.0000000000 -0.2296270728
3.0133304596 0.0000000000 0.0000000000 0.3407312930 23.6410160065 0.0000000000 -0.2293263972
3.0030002594 0.0000000000 0.0000000000 0.3391966820 23.6236362457 0.0000000000 -0.2290498614
2.9924526215 0.0000000000 0.0000000000 0.3376867473 23.6065273285 0.0000000000 -0.2287184596
2.9819920063 0.0000000000 0.0000000000 0.3362191617 23.5901603699 0.0000000000 -0.2284917235
2.9713585377 0.0000000000 0.0000000000 0.3347869813 23.5738487244 0.0000000000 -0.2282081246
2.9606528282 0.0000000000 0.0000000000 0.3333866596 23.5575695038 0.0000000000 -0.2279225588
2.9499425888 0.0000000000 0.0000000000 0.3320348859 23.5416107178 0.0000000000 -0.2276538312
2.9391160011 0.0000000000 0.0000000000 0.3307191133 23.5272274017 0.0000000000 -0.2273369431
2.9284837246 0.0000000000 0.0000000000 0.3294296563 23.5133075714 0.0000000000 -0.2269788384
2.9184091091 0.0000000000 0.0000000000 0.3281525075 23.5006790161 0.0000000000 -0.2268132567
2.9086921215 0.0000000000 0.0000000000 0.3268700242 23.4875202179 0.0000000000 -0.2264960408
2.8996090889 0.0000000000 0.0000000000 0.3255679309 23.4743652344 0.0000000000 -0.2262831330
2.8908171654 0.0000000000 0.0000000000 0.3242546320 23.4619083405 0.0000000000 -0.2259706855
2.8822996616 0.0000000000 0.0000000000 0.3229442537 23.4503326416 0.0000000000 -0.2257639766
2.8740699291 0.0000000000 0.0000000000 0.3216454089 23.4392032623 0.0000000000 -0.2255083323
2.8660612106 0.0000000000 0.0000000000 0.3203589618 23.4284286499 0.0000000000 -0.2251940966
2.8583462238 0.0000000000 0.0000000000 0.3191018403 23.4186248779 0.0000000000 -0.2249810100
2.8508901596 0.0000000000 0.0000000000 0.3178616762 23.4078121185 0.0000000000 -0.2247511744
2.8436286449 0.0000000000 0.0000000000 0.3166428804 23.3974285126 0.0000000000 -0.2245057225
2.8367280960 0.0000000000 0.0000000000 0.3154369593 23.3867607117 0.0000000000 -0.2242550254
2.8301141262 0.0000000000 0.0000000000 0.3142195642 23.3765888214 0.0000000000 -0.2240090370
2.8239612579 0.0000000000 0.0000000000 0.3129706383 23.3658447266 0.0000000000 -0.2237577438
2.8181731701 0.0000000000 0.0000000000 0.3117124140 23.3538665771 0.0000000000 -0.2235173285
2.8127162457 0.0000000000 0.0000000000 0.3104409575 23.3426132202 0.0000000000 -0.2232522368
2.8075418472 0.0000000000 0.0000000000 0.3091912568 23.3314533234 0.0000000000 -0.2230244279
2.8026103973 0.0000000000 0.0000000000 0.3079888225 23.3202419281 0.0000000000 -0.2227815986
2.7979035378 0.0000000000 0.0000000000 0.3068120182 23.3086032867 0.0000000000 -0.2225410342
2.7934560776 0.0000000000 0.0000000000 0.3056138158 23.2971839905 0.0000000000 -0.2222981453
2.7891955376 0.0000000000 0.0000000000 0.3043890297 23.2854042053 0.0000000000 -0.2220523655
2.7852306366 0.0000000000 0.0000000000 0.3031910360 23.2736701965 0.0000000000 -0.2218131125
2.7813675404 0.0000000000 0.0000000000 0.3020459712 23.2620525360 0.0000000000 -0.2215735912
2.7775616646 0.0000000000 0.0000000000 0.3009624481 23.2508239746 0.0000000000 -0.2213160396
2.7738537788 0.0000000000 0.0000000000 0.2999286950 23.2396183014 0.0000000000 -0.2210994363
2.7700254917 0.0000000000 0.0000000000 0.2989350259 23.2281284332 0.0000000000 -0.2207540870
2.7666218281 0.0000000000 0.0000000000 0.2979642451 23.2170906067 0.0000000000 -0.2206293941
2.7630527020 0.0000000000 0.0000000000 0.2969848216 23.2065372467 0.0000000000 -0.2204022706
2.7592394352 0.0000000000 0.0000000000 0.2960126102 23.1962451935 0.0000000000 -0.2201848626
2.7553234100 0.0000000000 0.0000000000 0.2950385511 23.1859283447 0.0000000000 -0.2199622095
2.7514476776 0.0000000000 0.0000000000 0.2940545678 23.1752452850 0.0000000000 -0.2197393179
2.7477068901 0.0000000000 0.0000000000 0.2930927575 23.1645088196 0.0000000000 -0.2195236087
2.7441396713 0.0000000000 0.0000000000 0.2921918035 23.1524028778 0.0000000000 -0.2193061113
2.7408306599 0.0000000000 0.0000000000 0.2913580835 23.1390285492 0.0000000000 -0.2190817297
2.7378373146 0.0000000000 0.0000000000 0.2905703187 23.1249103546 0.0000000000 -0.2188631892
2.7351777554 0.0000000000 0.0000000000 0.2898148596 23.1114368439 0.0000000000 -0.2186616957
2.7325949669 0.0000000000 0.0000000000 0.2890682518 23.0978507996 0.0000000000 -0.2184460163
2.7300758362 0.0000000000 0.0000000000 0.2883108854 23.0848197937 0.0000000000 -0.2182350159
2.7276329994 0.0000000000 0.0000000000 0.2875561416 23.0714206696 0.0000000000 -0.2180111408
2.7252485752 0.0000000000 0.0000000000 0.2868228555 23.0586967468 0.0000000000 -0.2177908421
2.7226648331 0.0000000000 0.0000000000 0.2861062884 23.0464363098 0.0000000000 -0.2175677419
2.7196443081 0.0000000000 0.0000000000 0.2853832245 23.0353984833 0.0000000000 -0.2173511982
2.7160918713 0.0000000000 0.0000000000 0.2846673727 23.0259513855 0.0000000000 -0.2171399295
2.7120130062 0.0000000000 0.0000000000 0.2839408517 23.0172672272 0.0000000000 -0.2168842256
2.7075157166 0.0000000000 0.0000000000 0.2832166851 23.0091953278 0.0000000000 -0.2167167366
2.7026488781 0.0000000000 0.0000000000 0.2824911773 23.0007114410 0.0000000000 -0.2165236473
2.6974661350 0.0000000000 0.0000000000 0.2817605734 22.9918346405 0.0000000000 -0.2163344622
2.6919226646 0.0000000000 0.0000000000 0.2810284197 22.9830665588 0.0000000000 -0.2161403298
2.6861300468 0.0000000000 0.0000000000 0.2803011239 22.9741325378 0.0000000000 -0.2159427404
2.6801576614 0.0000000000 0.0000000000 0.2795754075 22.9659252167 0.0000000000 -0.2157664597
2.6741185188 0.0000000000 0.0000000000 0.2789030671 22.9571857452 0.0000000000 -0.2155808508
2.6681380272 0.0000000000 0.0000000000 0.2783047855 22.9476566315 0.0000000000 -0.2153968215
2.6622905731 0.0000000000 0.0000000000 0.2777980566 22.9370231628 0.0000000000 -0.2152081430
2.6567840576 0.0000000000 0.0000000000 0.2773519158 22.9248657227 0.0000000000 -0.2150212228
2.6516096592 0.0000000000 0.0000000000 0.2769502103 22.9117622375 0.0000000000 -0.2148181796
2.6468410492 0.0000000000 0.0000000000 0.2766069472 22.8983783722 0.0000000000 -0.2146427035
2.6424052715 0.0000000000 0.0000000000 0.2763134539 22.8845844269 0.0000000000 -0.2144576013
2.6381990910 0.0000000000 0.0000000000 0.2760870159 22.8706436157 0.0000000000 -0.2142637968
2.6342530251 0.0000000000 0.0000000000 0.2759241760 22.8558273315 0.0000000000 -0.2140727639
2.6304676533 0.0000000000 0.0000000000 0.2758022845 22.8407230377 0.0000000000 -0.2138848901
2.6268069744 0.0000000000 0.0000000000 0.2757191658 22.8259048462 0.0000000000 -0.2136419415
2.6232900620 0.0000000000 0.0000000000 0.2756605744 22.8118419647 0.0000000000 -0.2135899067
2.6197636127 0.0000000000 0.0000000000 0.2756288052 22.7984066010 0.0000000000 -0.2133252621
2.6162431240 0.0000000000 0.0000000000 0.2755882144 22.7848033905 0.0000000000 -0.2131635547
2.6128373146 0.0000000000 0.0000000000 0.2755059600 22.7714157104 0.0000000000 -0.2129863203
2.6095452309 0.0000000000 0.0000000000 0.2753954530 22.7589168549 0.0000000000 -0.2128055096
2.6063630581 0.0000000000 0.0000000000 0.2752751112 22.7464542389 0.0000000000 -0.2126367092
2.6032497883 0.0000000000 0.0000000000 0.2751296759 22.7334518433 0.0000000000 -0.2124680281
2.6002995968 0.0000000000 0.0000000000 0.2749796212 22.7201671600 0.0000000000 -0.2122973204
2.5974481106 0.0000000000 0.0000000000 0.2748224139 22.7066364288 0.0000000000 -0.2121251822
2.5947453976 0.0000000000 0.0000000000 0.2746306062 22.6927719116 0.0000000000 -0.2119509280
2.5922253132 0.0000000000 0.0000000000 0.2744238079 22.6783199310 0.0000000000 -0.2117767334
2.5898597240 0.0000000000 0.0000000000 0.2742115557 22.6633720398 0.0000000000 -0.2116023898
2.5875675678 0.0000000000 0.0000000000 0.2740003765 22.6475486755 0.0000000000 -0.2114298940
2.5853161812 0.0000000000 0.0000000000 0.2738013864 22.6311378479 0.0000000000 -0.2112591863
2.5831642151 0.0000000000 0.0000000000 0.2735829353 22.6145286560 0.0000000000 -0.2110863924
2.5811216831 0.0000000000 0.0000000000 0.2733820379 22.5982151031 0.0000000000 -0.2109153569
2.5792627335 0.0000000000 0.0000000000 0.2732237279 22.5812492371 0.0000000000 -0.2107200027
2.5775234699 0.0000000000 0.0000000000 0.2731252909 22.5637111664 0.0000000000 -0.2105723619
2.5759203434 0.0000000000 0.0000000000 0.2730309665 22.5464801788 0.0000000000 -0.2103960514
2.5743634701 0.0000000000 0.0000000000 0.2729132771 22.5300312042 0.0000000000 -0.2101732492
2.5729150772 0.0000000000 0.0000000000 0.2727768421 22.5144176483 0.0000000000 -0.2100414634
2.5714919567 0.0000000000 0.0000000000 0.2726371884 22.4989738464 0.0000000000 -0.2098632455
2.5700135231 0.0000000000 0.0000000000 0.2725588977 22.4834651947 0.0000000000 -0.2096777558
2.5684349537 0.0000000000 0.0000000000 0.2725225389 22.4681568146 0.0000000000 -0.2095016241
2.5668017864 0.0000000000 0.0000000000 0.2725270391 22.4527721405 0.0000000000 -0.2093194425
2.5651631355 0.0000000000 0.0000000000 0.2725461423 22.4372673035 0.0000000000 -0.2091404498
2.5635523796 0.0000000000 0.0000000000 0.2725566626 22.4222450256 0.0000000000 -0.2089532316
2.5619127750 0.0000000000 0.0000000000 0.2725581825 22.4076232910 0.0000000000 -0.2087711096
2.5602207184 0.0000000000 0.0000000000 0.2725397944 22.3934822083 0.0000000000 -0.2085854709
2.5584323406 0.0000000000 0.0000000000 0.2725345492 22.3766040802 0.0000000000 -0.2084004283
2.5565688610 0.0000000000 0.0000000000 0.2725281417 22.3609714508 0.0000000000 -0.2082187235
2.5546844006 0.0000000000 0.0000000000 0.2725283802 22.3456592560 0.0000000000 -0.2080310285
2.5528919697 0.0000000000 0.0000000000 0.2725237906 22.3300228119 0.0000000000 -0.2078488469
2.5513062477 0.0000000000 0.0000000000 0.2725087404 22.3142833710 0.0000000000 -0.2076642811
2.5498194695 0.0000000000 0.0000000000 0.2724931836 22.2973918915 0.0000000000 -0.2074825764
2.5484523773 0.0000000000 0.0000000000 0.2724860907 22.2805500031 0.0000000000 -0.2072985470
2.5473024845 0.0000000000 0.0000000000 0.2724655271 22.2640380859 0.0000000000 -0.2071250677
2.5463085175 0.0000000000 0.0000000000 0.2724351287 22.2486839294 0.0000000000 -0.2069464922
2.5454618931 0.0000000000 0.0000000000 0.2723756135 22.2317771912 0.0000000000 -0.2067709565
2.5447657108 0.0000000000 0.0000000000 0.2722803950 22.2157611847 0.0000000000 -0.2065624893
2.5443389416 0.0000000000 0.0000000000 0.2721520960 22.2000560760 0.0000000000 -0.2064261436
2.5441212654 0.0000000000 0.0000000000 0.2719792724 22.1845436096 0.0000000000 -0.2062563598
2.5440769196 0.0000000000 0.0000000000 0.2717726529 22.1693878174 0.0000000000 -0.2060861588
2.5440645218 0.0000000000 0.0000000000 0.2715356946 22.1542778015 0.0000000000 -0.2059196830
2.5441563129 0.0000000000 0.0000000000 0.2712786198 22.1391201019 0.0000000000 -0.2057515383
2.5443837643 0.0000000000 0.0000000000 0.2710226476 22.1237525940 0.0000000000 -0.2055853009
2.5448327065 0.0000000000 0.0000000000 0.2707854211 22.1082077026 0.0000000000 -0.2054190636
2.5456464291 0.0000000000 0.0000000000 0.2705263197 22.0923194885 0.0000000000 -0.2052599192
2.5468912125 0.0000000000 0.0000000000 0.2702109516 22.0762767792 0.0000000000 -0.2050945759
2.5484449863 0.0000000000 0.0000000000 0.2698564231 22.0600090027 0.0000000000 -0.2049341798
2.5500767231 0.0000000000 0.0000000000 0.2694552541 22.0438785553 0.0000000000 -0.2047799230
2.5517842770 0.0000000000 0.0000000000 0.2690182626 22.0275535583 0.0000000000 -0.2046269178
2.5535330772 0.0000000000 0.0000000000 0.2685283124 22.0111637115 0.0000000000 -0.2044793367
2.5553648472 0.0000000000 0.0000000000 0.2679610848 21.9951305389 0.0000000000 -0.2043262124
2.5573604107 0.0000000000 0.0000000000 0.2673229277 21.9790687561 0.0000000000 -0.2041839659
2.5596427917 0.0000000000 0.0000000000 0.2665725350 21.9629039764 0.0000000000 -0.2040369809
2.5621516705 0.0000000000 0.0000000000 0.2657377422 21.9466075897 0.0000000000 -0.2038916349
2.5647308826 0.0000000000 0.0000000000 0.2648592889 21.9301090240 0.0000000000 -0.2036995292
2.5673608780 0.0000000000 0.0000000000 0.2640013099 21.9146461487 0.0000000000 -0.2036164403
2.5699477196 0.0000000000 0.0000000000 0.2631890476 21.8989124298 0.0000000000 -0.2034755945
2.5723869801 0.0000000000 0.0000000000 0.2624482810 21.8838310242 0.0000000000 -0.2033412457
2.5747425556 0.0000000000 0.0000000000 0.2617816031 21.8691310883 0.0000000000 -0.2032077610
2.5769042969 0.0000000000 0.0000000000 0.2611941993 21.8543682098 0.0000000000 -0.2030792832
2.5787220001 0.0000000000 0.0000000000 0.2607010901 21.8403606415 0.0000000000 -0.2029755414
2.5801067352 0.0000000000 0.0000000000 0.2602794170 21.8271236420 0.0000000000 -0.2028127313
2.5812175274 0.0000000000 0.0000000000 0.2599122822 21.8144531250 0.0000000000 -0.2026827037
2.5821211338 0.0000000000 0.0000000000 0.2596132755 21.8025550842 0.0000000000 -0.2025529146
2.5829982758 0.0000000000 0.0000000000 0.2593653202 21.7903766632 0.0000000000 -0.2024226189
2.5838232040 0.0000000000 0.0000000000 0.2591358125 21.7780952454 0.0000000000 -0.2022961378
2.5846359730 0.0000000000 0.0000000000 0.2589093149 21.7662048340 0.0000000000 -0.2021746337
2.5854587555 0.0000000000 0.0000000000 0.2586589158 21.7547340393 0.0000000000 -0.2020421028
2.5864405632 0.0000000000 0.0000000000 0.2583972216 21.7435398102 0.0000000000 -0.2019174695
2.5876441002 0.0000000000 0.0000000000 0.2580815256 21.7327995300 0.0000000000 -0.2017897964
2.5889949799 0.0000000000 0.0000000000 0.2577421069 21.7220611572 0.0000000000 -0.2016620636
2.5905795097 0.0000000000 0.0000000000 0.2573701441 21.7129497528 0.0000000000 -0.2015387416
2.5923049450 0.0000000000 0.0000000000 0.2569722831 21.7006092072 0.0000000000 -0.2014093995
2.5940036774 0.0000000000 0.0000000000 0.2565732598 21.6895656586 0.0000000000 -0.2012858391
2.5957109928 0.0000000000 0.0000000000 0.2561833560 21.6784992218 0.0000000000 -0.2011547089
2.5974848270 0.0000000000 0.0000000000 0.2558527589 21.6680965424 0.0000000000 -0.2010302544
2.5992751122 0.0000000000 0.0000000000 0.2555816472 21.6575031281 0.0000000000 -0.2009031773
2.6009941101 0.0000000000 0.0000000000 0.2553685009 21.6468963623 0.0000000000 -0.2007775605
2.6026248932 0.0000000000 0.0000000000 0.2552062869 21.6367130280 0.0000000000 -0.2006515861
2.6042962074 0.0000000000 0.0000000000 0.2550781369 21.6267395020 0.0000000000 -0.2005286217
2.6060688496 0.0000000000 0.0000000000 0.2549488842 21.6171455383 0.0000000000 -0.2004067302
2.6078925133 0.0000000000 0.0000000000 0.2548147142 21.6075916290 0.0000000000 -0.2002873421
2.6098093987 0.0000000000 0.0000000000 0.2546553910 21.5980072021 0.0000000000 -0.2001647055
2.6118092537 0.0000000000 0.0000000000 0.2544763088 21.5887184143 0.0000000000 -0.2000459433
2.6138761044 0.0000000000 0.0000000000 0.2542616427 21.5794811249 0.0000000000 -0.1999261677
2.6157696247 0.0000000000 0.0000000000 0.2540385723 21.5703754425 0.0000000000 -0.1998061240
2.6175851822 0.0000000000 0.0000000000 0.2538055182 21.5614566803 0.0000000000 -0.1996889710
2.6192710400 0.0000000000 0.0000000000 0.2535891235 21.5530071259 0.0000000000 -0.1995627880
2.6207840443 0.0000000000 0.0000000000 0.2533849180 21.5448112488 0.0000000000 -0.1994464993
2.6223154068 0.0000000000 0.0000000000 0.2532136440 21.5362033844 0.0000000000 -0.1993273497
2.6240050793 0.0000000000 0.0000000000 0.2530623078 21.5275726318 0.0000000000 -0.1992061138
2.6259694099 0.0000000000 0.0000000000 0.2529388368 21.5188674927 0.0000000000 -0.1990838647
2.6281981468 0.0000000000 0.0000000000 0.2527876794 21.5097999573 0.0000000000 -0.1989602447
2.6306796074 0.0000000000 0.0000000000 0.2525684237 21.5002880096 0.0000000000 -0.1988350749
2.6332087517 0.0000000000 0.0000000000 0.2523096800 21.4903602600 0.0000000000 -0.1986956596
2.6357078552 0.0000000000 0.0000000000 0.2520233393 21.4794616699 0.0000000000 -0.1985841990
2.6380798817 0.0000000000 0.0000000000 0.2517105937 21.4685916901 0.0000000000 -0.1984644532
2.6403362751 0.0000000000 0.0000000000 0.2514031529 21.4578037262 0.0000000000 -0.1983419061
2.6423590183 0.0000000000 0.0000000000 0.2510825694 21.4471683502 0.0000000000 -0.1982190013
2.6442902088 0.0000000000 0.0000000000 0.2507670820 21.4362335205 0.0000000000 -0.1980973482
2.6460630894 0.0000000000 0.0000000000 0.2504777014 21.4248619080 0.0000000000 -0.1979687214
2.6478464603 0.0000000000 0.0000000000 0.2501343787 21.4143352509 0.0000000000 -0.1978477240
2.6495790482 0.0000000000 0.0000000000 0.2498021424 21.4042167664 0.0000000000 -0.1977243721
2.6513881683 0.0000000000 0.0000000000 0.2495263219 21.3939075470 0.0000000000 -0.1976005435
2.6532595158 0.0000000000 0.0000000000 0.2492836863 21.3835334778 0.0000000000 -0.1974776089
2.6551432610 0.0000000000 0.0000000000 0.2490411997 21.3729743958 0.0000000000 -0.1973549724
2.6571667194 0.0000000000 0.0000000000 0.2487643510 21.3608837128 0.0000000000 -0.1972320378
2.6593348980 0.0000000000 0.0000000000 0.2484445125 21.3484077454 0.0000000000 -0.1971108317
2.6617588997 0.0000000000 0.0000000000 0.2480551153 21.3369235992 0.0000000000 -0.1969873309
2.6643898487 0.0000000000 0.0000000000 0.2476215810 21.3257923126 0.0000000000 -0.1968663037
2.6672761440 0.0000000000 0.0000000000 0.2471934706 21.3148727417 0.0000000000 -0.1967477798
2.6703493595 0.0000000000 0.0000000000 0.2468366474 21.3039302826 0.0000000000 -0.1966295242
2.6736309528 0.0000000000 0.0000000000 0.2465254962 21.2930850983 0.0000000000 -0.1965131164
2.6770036221 0.0000000000 0.0000000000 0.2462528050 21.2833671570 0.0000000000 -0.1963955164
2.6804425716 0.0000000000 0.0000000000 0.2459719181 21.2720661163 0.0000000000 -0.1962802708
2.6838476658 0.0000000000 0.0000000000 0.2456879765 21.2613983154 0.0000000000 -0.1961662471
2.6870627403 0.0000000000 0.0000000000 0.2454283088 21.2505798340 0.0000000000 -0.1960583627
2.6900544167 0.0000000000 0.0000000000 0.2452048659 21.2397193909 0.0000000000 -0.1959489584
2.6927940845 0.0000000000 0.0000000000 0.2450503111 21.2293281555 0.0000000000 -0.1958357692
2.6953468323 0.0000000000 0.0000000000 0.2449452132 21.2190132141 0.0000000000 -0.1957317591
2.6976532936 0.0000000000 0.0000000000 0.2448430508 21.2089176178 0.0000000000 -0.1956269145
2.6999144554 0.0000000000 0.0000000000 0.2447641939 21.1987552643 0.0000000000 -0.1955263317
2.7022602558 0.0000000000 0.0000000000 0.2447261214 21.1888904572 0.0000000000 -0.1954264939
2.7047364712 0.0000000000 0.0000000000 0.2447164208 21.1788082123 0.0000000000 -0.1953133345
2.7073187828 0.0000000000 0.0000000000 0.2447517514 21.1690235138 0.0000000000 -0.1952264905
2.7098178864 0.0000000000 0.0000000000 0.2447938919 21.1593036652 0.0000000000 -0.1951277852
2.7121391296 0.0000000000 0.0000000000 0.2448318601 21.1497230530 0.0000000000 -0.1950327754
2.7143476009 0.0000000000 0.0000000000 0.2448690981 21.1399536133 0.0000000000 -0.1949406266
2.7166173458 0.0000000000 0.0000000000 0.2448733151 21.1298732758 0.0000000000 -0.1948817372
2.7189395428 0.0000000000 0.0000000000 0.2448017746 21.1195621490 0.0000000000 -0.1947615147
2.7212769985 0.0000000000 0.0000000000 0.2446474731 21.1090240479 0.0000000000 -0.1946749091
2.7237703800 0.0000000000 0.0000000000 0.2444833815 21.0980606079 0.0000000000 -0.1945868134
2.7261908054 0.0000000000 0.0000000000 0.2443193793 21.0870056152 0.0000000000 -0.1945042312
2.7285776138 0.0000000000 0.0000000000 0.2441538721 21.0760364532 0.0000000000 -0.1944135427
2.7308156490 0.0000000000 0.0000000000 0.2439937145 21.0650100708 0.0000000000 -0.1943239570
2.7328975201 0.0000000000 0.0000000000 0.2438390404 21.0538501740 0.0000000000 -0.1942353845
2.7347674370 0.0000000000 0.0000000000 0.2437149286 21.0428924561 0.0000000000 -0.1941465735
2.7365641594 0.0000000000 0.0000000000 0.2436236590 21.0320415497 0.0000000000 -0.1940561235
2.7382395267 0.0000000000 0.0000000000 0.2436125427 21.0214138031 0.0000000000 -0.1939663291
2.7397351265 0.0000000000 0.0000000000 0.2436986417 21.0108547211 0.0000000000 -0.1938773990
2.7411043644 0.0000000000 0.0000000000 0.2439011037 21.0006675720 0.0000000000 -0.1938363612
2.7424488068 0.0000000000 0.0000000000 0.2441467047 20.9909400940 0.0000000000 -0.1936995387
2.7439951897 0.0000000000 0.0000000000 0.2443573177 20.9816799164 0.0000000000 -0.1935995817
2.7458450794 0.0000000000 0.0000000000 0.2444873154 20.9733886719 0.0000000000 -0.1935232878
2.7479851246 0.0000000000 0.0000000000 0.2445524186 20.9634017944 0.0000000000 -0.1934338212
2.7504246235 0.0000000000 0.0000000000 0.2445579171 20.9532241821 0.0000000000 -0.1933484674
2.7531249523 0.0000000000 0.0000000000 0.2444890141 20.9432754517 0.0000000000 -0.1932675838
2.7559807301 0.0000000000 0.0000000000 0.2443473488 20.9314556122 0.0000000000 -0.1931881309
2.7590110302 0.0000000000 0.0000000000 0.2441090345 20.9200267792 0.0000000000 -0.1931108236
2.7621068954 0.0000000000 0.0000000000 0.2438550293 20.9084281921 0.0000000000 -0.1930337548
2.7651660442 0.0000000000 0.0000000000 0.2436489314 20.8965435028 0.0000000000 -0.1929652691
2.7681293488 0.0000000000 0.0000000000 0.2435015291 20.8846187592 0.0000000000 -0.1928997934
2.7710165977 0.0000000000 0.0000000000 0.2433129102 20.8728370667 0.0000000000 -0.1928186417
2.7736949921 0.0000000000 0.0000000000 0.2430853099 20.8616199493 0.0000000000 -0.1927509606
2.7760910988 0.0000000000 0.0000000000 0.2429231554 20.8507499695 0.0000000000 -0.1926758289
2.7783288956 0.0000000000 0.0000000000 0.2428257018 20.8403472900 0.0000000000 -0.1925995648
2.7804903984 0.0000000000 0.0000000000 0.2427242100 20.8299236298 0.0000000000 -0.1925237179
2.7825229168 0.0000000000 0.0000000000 0.2426769435 20.8194274902 0.0000000000 -0.1924468875
2.7843506336 0.0000000000 0.0000000000 0.2426448464 20.8103065491 0.0000000000 -0.1923731267
2.7861583233 0.0000000000 0.0000000000 0.2425950766 20.8010711670 0.0000000000 -0.1922974586
2.7879655361 0.0000000000 0.0000000000 0.2425511479 20.7918472290 0.0000000000 -0.1922074556
2.7898743153 0.0000000000 0.0000000000 0.2425374687 20.7831745148 0.0000000000 -0.1921477616
2.7918920517 0.0000000000 0.0000000000 0.2425019145 20.7746257782 0.0000000000 -0.1920711994
2.7938396931 0.0000000000 0.0000000000 0.2424334884 20.7658710480 0.0000000000 -0.1919973493
2.7957444191 0.0000000000 0.0000000000 0.2423268408 20.7565631866 0.0000000000 -0.1919297576
2.7975246906 0.0000000000 0.0000000000 0.2422112823 20.7474021912 0.0000000000 -0.1918531954
2.7991015911 0.0000000000 0.0000000000 0.2420581281 20.7383403778 0.0000000000 -0.1917850077
2.8004696369 0.0000000000 0.0000000000 0.2418560833 20.7293663025 0.0000000000 -0.1917196512
2.8016211987 0.0000000000 0.0000000000 0.2416406125 20.7210903168 0.0000000000 -0.1916550994
2.8025848866 0.0000000000 0.0000000000 0.2414643019 20.7128734589 0.0000000000 -0.1915934086
2.8036434650 0.0000000000 0.0000000000 0.2413369566 20.7047939301 0.0000000000 -0.1915360689
2.8046472073 0.0000000000 0.0000000000 0.2412764281 20.6967201233 0.0000000000 -0.1914716363
2.8056299686 0.0000000000 0.0000000000 0.2412727177 20.6887283325 0.0000000000 -0.1914139688
2.8066773415 0.0000000000 0.0000000000 0.2412421256 20.6818866730 0.0000000000 -0.1913647354
2.8076531887 0.0000000000 0.0000000000 0.2411641628 20.6752777100 0.0000000000 -0.1912967265
2.8087191582 0.0000000000 0.0000000000 0.2410926819 20.6686382294 0.0000000000 -0.1912384927
2.8099644184 0.0000000000 0.0000000000 0.2410548478 20.6622791290 0.0000000000 -0.1911800504
2.8115098476 0.0000000000 0.0000000000 0.2410658002 20.6568717957 0.0000000000 -0.1911244392
2.8133990765 0.0000000000 0.0000000000 0.2411128283 20.6514301300 0.0000000000 -0.1910626292
2.8156905174 0.0000000000 0.0000000000 0.2411445230 20.6471023560 0.0000000000 -0.1910060644
2.8184044361 0.0000000000 0.0000000000 0.2411350310 20.6419677734 0.0000000000 -0.1909489334
2.8214321136 0.0000000000 0.0000000000 0.2410294563 20.6366367340 0.0000000000 -0.1908944249
2.8247137070 0.0000000000 0.0000000000 0.2409025282 20.6311492920 0.0000000000 -0.1908376217
2.8280119896 0.0000000000 0.0000000000 0.2407342643 20.6253852844 0.0000000000 -0.1907902360
2.8311619759 0.0000000000 0.0000000000 0.2405158132 20.6191520691 0.0000000000 -0.1907260120
2.8340120316 0.0000000000 0.0000000000 0.2402751148 20.6126804352 0.0000000000 -0.1906729341
2.8364045620 0.0000000000 0.0000000000 0.2400225401 20.6063518524 0.0000000000 -0.1906232834
2.8383200169 0.0000000000 0.0000000000 0.2397799939 20.6003131866 0.0000000000 -0.1905758381
2.8399107456 0.0000000000 0.0000000000 0.2395397872 20.5954608917 0.0000000000 -0.1905222833
2.8413383961 0.0000000000 0.0000000000 0.2393198460 20.5915031433 0.0000000000 -0.1904795766
