#         COST_U        COST_H      COST_D       COST_S       REGU_H       REGU_S          HPO           COSTGLEN 
6444.7094726562 0.0000000000 0.0000000000 0.0000000000 346.9176330566 0.0000000000 21.8599300385
4686.7124023438 0.0000000090 0.0000000000 0.0000019864 342.7436828613 0.0000851531 15.9671096802
3537.0766601562 0.0000000325 0.0000000000 0.0000070924 339.0792846680 0.0002374044 11.7738628387
2698.2673339844 0.0000000678 0.0000000000 0.0000148301 335.3401794434 0.0004305098 8.5350093842
2093.7971191406 0.0000001125 0.0000000000 0.0000247705 331.5587463379 0.0006503100 6.1105093956
1667.5250244141 0.0000001651 0.0000000000 0.0000364977 328.2548217773 0.0008858815 4.3793249130
1358.3211669922 0.0000002237 0.0000000000 0.0000496037 325.8163452148 0.0011329022 3.1470837593
1130.0455322266 0.0000002871 0.0000000000 0.0000637442 323.9053039551 0.0013882921 2.2527813911
961.3012084961 0.0000003541 0.0000000000 0.0000786387 322.4381408691 0.0016453448 1.6072623730
835.3380126953 0.0000004236 0.0000000000 0.0000940608 321.0640258789 0.0019010239 1.1414046288
742.6477050781 0.0000004947 0.0000000000 0.0001098280 319.7594604492 0.0021511265 0.8077840805
675.7656250000 0.0000005668 0.0000000000 0.0001257923 318.5929565430 0.0023921002 0.5729641914
627.5299682617 0.0000006394 0.0000000000 0.0001418446 317.2040405273 0.0026231431 0.4059929848
592.8016967773 0.0000007121 0.0000000000 0.0001579047 315.5080871582 0.0028436582 0.2839266062
568.2359619141 0.0000007849 0.0000000000 0.0001739101 313.5258789062 0.0030509275 0.1907078028
551.0577392578 0.0000008574 0.0000000000 0.0001898123 311.4244384766 0.0032431821 0.1172018051
538.9516601562 0.0000009295 0.0000000000 0.0002055732 309.0305480957 0.0034171590 0.0572316647
529.9876098633 0.0000010012 0.0000000000 0.0002211727 306.5446777344 0.0035757464 0.0068814158
522.9822387695 0.0000010724 0.0000000000 0.0002366022 303.8984985352 0.0037216863 -0.0353925228
517.7265014648 0.0000011432 0.0000000000 0.0002518642 301.6529235840 0.0038570184 -0.0705683231
513.9733886719 0.0000012137 0.0000000000 0.0002669674 300.0120544434 0.0039853612 -0.0995813012
511.2259216309 0.0000012839 0.0000000000 0.0002819261 298.8921508789 0.0041088569 -0.1231822371
509.1396789551 0.0000013540 0.0000000000 0.0002967553 297.9589538574 0.0042288103 -0.1422503591
507.4441833496 0.0000014240 0.0000000000 0.0003114756 297.1658020020 0.0043446114 -0.1577622890
505.9612426758 0.0000014941 0.0000000000 0.0003261143 296.3790283203 0.0044527682 -0.1706863642
504.5507507324 0.0000015644 0.0000000000 0.0003406976 295.5188293457 0.0045564724 -0.1818084121
503.1226196289 0.0000016352 0.0000000000 0.0003552536 294.7059326172 0.0046568010 -0.1916300058
501.5963134766 0.0000017065 0.0000000000 0.0003698099 294.0513000488 0.0047551091 -0.2006292045
499.9295959473 0.0000017785 0.0000000000 0.0003843963 293.5019226074 0.0048519555 -0.2090819180
498.1450195312 0.0000018514 0.0000000000 0.0003990406 293.0225830078 0.0049471916 -0.2171009779
496.2699890137 0.0000019254 0.0000000000 0.0004137670 292.6378173828 0.0050412128 -0.2247357965
494.3470153809 0.0000020006 0.0000000000 0.0004285956 292.2326049805 0.0051337713 -0.2318949997
492.4534301758 0.0000020773 0.0000000000 0.0004435485 291.8837585449 0.0052258442 -0.2385028601
490.6478881836 0.0000021555 0.0000000000 0.0004586499 291.5664062500 0.0053173471 -0.2444790006
488.9748229980 0.0000022355 0.0000000000 0.0004739198 291.2833251953 0.0054095262 -0.2498200536
487.4853210449 0.0000023174 0.0000000000 0.0004893781 291.0239257812 0.0055015460 -0.2545330226
486.2213745117 0.0000024015 0.0000000000 0.0005050427 290.7795104980 0.0055929883 -0.2586829662
485.2151489258 0.0000024878 0.0000000000 0.0005209323 290.5548706055 0.0056847786 -0.2623956800
484.4967041016 0.0000025765 0.0000000000 0.0005370651 290.3334655762 0.0057775406 -0.2658272386
484.0754699707 0.0000026677 0.0000000000 0.0005534583 290.0911865234 0.0058716312 -0.2691404819
483.9501953125 0.0000027615 0.0000000000 0.0005701301 289.8494873047 0.0059644594 -0.2724714875
484.1104736328 0.0000028581 0.0000000000 0.0005870973 289.6395874023 0.0060583446 -0.2758867741
484.5306091309 0.0000029577 0.0000000000 0.0006043757 289.4346618652 0.0061534210 -0.2793906927
485.1759948730 0.0000030602 0.0000000000 0.0006219840 289.2243957520 0.0062510096 -0.2829131484
485.9975585938 0.0000031659 0.0000000000 0.0006399396 289.0043945312 0.0063497256 -0.2863487899
486.9411010742 0.0000032748 0.0000000000 0.0006582569 288.7839965820 0.0064501488 -0.2895903587
487.9479675293 0.0000033871 0.0000000000 0.0006769559 288.5656433105 0.0065531023 -0.2925653458
488.9555053711 0.0000035030 0.0000000000 0.0006960537 288.3426818848 0.0066598617 -0.2952545881
489.9078369141 0.0000036223 0.0000000000 0.0007155678 288.1229858398 0.0067704627 -0.2977002263
490.7529907227 0.0000037454 0.0000000000 0.0007355086 287.8991394043 0.0068848827 -0.2999908626
491.4495239258 0.0000038723 0.0000000000 0.0007558921 287.6957397461 0.0070034564 -0.3022274971
491.9785461426 0.0000040030 0.0000000000 0.0007767324 287.5136718750 0.0071263718 -0.3044850230
492.3346557617 0.0000041376 0.0000000000 0.0007980382 287.3547058105 0.0072540166 -0.3067866564
492.5267028809 0.0000042762 0.0000000000 0.0008198210 287.2301635742 0.0073866681 -0.3091226220
492.5759887695 0.0000044189 0.0000000000 0.0008420897 287.1223449707 0.0075247339 -0.3114418387
492.5175781250 0.0000045658 0.0000000000 0.0008648516 287.0128479004 0.0076682921 -0.3136882484
492.3911743164 0.0000047170 0.0000000000 0.0008881200 286.8821105957 0.0078168409 -0.3158125877
492.2416687012 0.0000048724 0.0000000000 0.0009119022 286.7928466797 0.0079709506 -0.3177939355
492.1108093262 0.0000050322 0.0000000000 0.0009362086 286.7165832520 0.0081305848 -0.3196491301
492.0384521484 0.0000051964 0.0000000000 0.0009610422 286.6543884277 0.0082958685 -0.3214295506
492.0512390137 0.0000053650 0.0000000000 0.0009864117 286.6075744629 0.0084666219 -0.3231871128
492.1642761230 0.0000055382 0.0000000000 0.0010123216 286.5736083984 0.0086430302 -0.3249603212
492.3749389648 0.0000057160 0.0000000000 0.0010387804 286.5006408691 0.0088254046 -0.3267582655
492.6719665527 0.0000058983 0.0000000000 0.0010657953 286.3977050781 0.0090130931 -0.3285566568
493.0390930176 0.0000060854 0.0000000000 0.0010933762 286.3129882812 0.0092057958 -0.3303165138
493.4491577148 0.0000062772 0.0000000000 0.0011215291 286.2320861816 0.0094048707 -0.3320083320
493.8727111816 0.0000064737 0.0000000000 0.0011502617 286.1464843750 0.0096104685 -0.3336225152
494.2807617188 0.0000066751 0.0000000000 0.0011795771 286.0494384766 0.0098229991 -0.3351665735
494.6519470215 0.0000068814 0.0000000000 0.0012094842 285.9632873535 0.0100424113 -0.3366648555
494.9710693359 0.0000070926 0.0000000000 0.0012399924 285.8928833008 0.0102686957 -0.3381381035
495.2364196777 0.0000073087 0.0000000000 0.0012711085 285.8255310059 0.0105022546 -0.3395984173
495.4535827637 0.0000075299 0.0000000000 0.0013028394 285.7664489746 0.0107426150 -0.3410421610
495.6382751465 0.0000077561 0.0000000000 0.0013351931 285.7078857422 0.0109899156 -0.3424596190
495.8100280762 0.0000079873 0.0000000000 0.0013681682 285.6388244629 0.0112440055 -0.3438345194
495.9900817871 0.0000082236 0.0000000000 0.0014017744 285.5564270020 0.0115050776 -0.3451580107
496.1976013184 0.0000084650 0.0000000000 0.0014360149 285.4609680176 0.0117731718 -0.3464286029
496.4464721680 0.0000087115 0.0000000000 0.0014708970 285.3477172852 0.0120497756 -0.3476524353
496.7464904785 0.0000089631 0.0000000000 0.0015064288 285.2178649902 0.0123333279 -0.3488429189
497.0990600586 0.0000092200 0.0000000000 0.0015426134 285.0845642090 0.0126246056 -0.3500097990
497.4980468750 0.0000094820 0.0000000000 0.0015794507 284.9245300293 0.0129240453 -0.3511577249
497.9308471680 0.0000097493 0.0000000000 0.0016169463 284.7662658691 0.0132320561 -0.3522820771
498.3835754395 0.0000100218 0.0000000000 0.0016551107 284.6119995117 0.0135491928 -0.3533759713
498.8358459473 0.0000102996 0.0000000000 0.0016939471 284.4436645508 0.0138756847 -0.3544340432
499.2683410645 0.0000105828 0.0000000000 0.0017334607 284.2773437500 0.0142121548 -0.3554546833
499.6669921875 0.0000108712 0.0000000000 0.0017736622 284.1017150879 0.0145585611 -0.3564432859
500.0231323242 0.0000111651 0.0000000000 0.0018145461 283.9161071777 0.0149154076 -0.3574062586
500.3328247070 0.0000114643 0.0000000000 0.0018561195 283.7283630371 0.0152828535 -0.3583472967
500.6027221680 0.0000117688 0.0000000000 0.0018983820 283.5440979004 0.0156611055 -0.3592704535
500.8377685547 0.0000120787 0.0000000000 0.0019413379 283.3634033203 0.0160501376 -0.3601736724
501.0499877930 0.0000123940 0.0000000000 0.0019849925 283.1882629395 0.0164505634 -0.3610531688
501.2487182617 0.0000127146 0.0000000000 0.0020293491 283.0187377930 0.0168628059 -0.3619071245
501.4440612793 0.0000130406 0.0000000000 0.0020744060 282.8540344238 0.0172861852 -0.3627356589
501.6446533203 0.0000133719 0.0000000000 0.0021201679 282.6939697266 0.0177199580 -0.3635410368
501.8549804688 0.0000137086 0.0000000000 0.0021666370 282.5418701172 0.0181661155 -0.3643288016
502.0779724121 0.0000140507 0.0000000000 0.0022138150 282.3978271484 0.0186247993 -0.3651019335
502.3106079102 0.0000143981 0.0000000000 0.0022617131 282.2598266602 0.0190961417 -0.3658602834
502.5476379395 0.0000147510 0.0000000000 0.0023103259 282.1280212402 0.0195772368 -0.3666030765
502.7858276367 0.0000151092 0.0000000000 0.0023596601 282.0012207031 0.0200714879 -0.3673273623
503.0214233398 0.0000154728 0.0000000000 0.0024097166 281.8786315918 0.0205779839 -0.3680341542
503.2502136230 0.0000158419 0.0000000000 0.0024604988 281.7573852539 0.0210968275 -0.3687252402
503.4724121094 0.0000162164 0.0000000000 0.0025120142 281.6372375488 0.0216281116 -0.3694041967
503.6902160645 0.0000165964 0.0000000000 0.0025642670 281.5171203613 0.0221722629 -0.3700727820
503.9094848633 0.0000169819 0.0000000000 0.0026172597 281.3983459473 0.0227313638 -0.3707309961
504.1336059570 0.0000173729 0.0000000000 0.0026709964 281.2817077637 0.0233026650 -0.3713753819
504.3683166504 0.0000177694 0.0000000000 0.0027254776 281.1668701172 0.0238855090 -0.3720050752
504.6172485352 0.0000181714 0.0000000000 0.0027807106 281.0499267578 0.0244797319 -0.3726202250
504.8834838867 0.0000185790 0.0000000000 0.0028367033 280.9338073730 0.0250879582 -0.3732229471
505.1685180664 0.0000189923 0.0000000000 0.0028934581 280.8175048828 0.0257102698 -0.3738145232
505.4672546387 0.0000194112 0.0000000000 0.0029509759 280.7020263672 0.0263469666 -0.3743954897
505.7784729004 0.0000198357 0.0000000000 0.0030092609 280.5867614746 0.0269990787 -0.3749639988
506.0939941406 0.0000202660 0.0000000000 0.0030683135 280.4720458984 0.0276671816 -0.3755205572
506.4069824219 0.0000207021 0.0000000000 0.0031281414 280.3586425781 0.0283522103 -0.3760648668
506.7142028809 0.0000211439 0.0000000000 0.0031887444 280.2462463379 0.0290548168 -0.3765987456
507.0114746094 0.0000215915 0.0000000000 0.0032501342 280.1349487305 0.0297741909 -0.3771229684
507.2958984375 0.0000220450 0.0000000000 0.0033123060 280.0260925293 0.0305089820 -0.3776357472
507.5668945312 0.0000225044 0.0000000000 0.0033752779 279.9232177734 0.0312652066 -0.3781373799
507.8224182129 0.0000229696 0.0000000000 0.0034390502 279.8259887695 0.0320429616 -0.3786297739
508.0605163574 0.0000234407 0.0000000000 0.0035036346 279.7228698730 0.0328309201 -0.3791112304
508.2880859375 0.0000239177 0.0000000000 0.0035690269 279.6207580566 0.0336345397 -0.3795824647
508.5060424805 0.0000244007 0.0000000000 0.0036352330 279.5337219238 0.0344608016 -0.3800431192
508.7147827148 0.0000248895 0.0000000000 0.0037022533 279.4443969727 0.0353067406 -0.3804944754
508.9158325195 0.0000253843 0.0000000000 0.0037700851 279.3436279297 0.0361726992 -0.3809357882
509.1108093262 0.0000258850 0.0000000000 0.0038387342 279.2246704102 0.0370586626 -0.3813670874
509.3017272949 0.0000263917 0.0000000000 0.0039082123 279.1051635742 0.0379653648 -0.3817877173
509.4890136719 0.0000269043 0.0000000000 0.0039785225 278.9935607910 0.0388935804 -0.3821981549
509.6693420410 0.0000274230 0.0000000000 0.0040496774 278.8870849609 0.0398398824 -0.3825991750
509.8453674316 0.0000279477 0.0000000000 0.0041216780 278.7762451172 0.0408001691 -0.3829903305
510.0220642090 0.0000284784 0.0000000000 0.0041945283 278.6644592285 0.0417783521 -0.3833721876
510.1986083984 0.0000290151 0.0000000000 0.0042682337 278.5500488281 0.0427775197 -0.3837451339
510.3729248047 0.0000295579 0.0000000000 0.0043427986 278.4347229004 0.0438010320 -0.3841094971
510.5469055176 0.0000301068 0.0000000000 0.0044182264 278.3147583008 0.0448467769 -0.3844651580
510.7186279297 0.0000306617 0.0000000000 0.0044945190 278.1995239258 0.0459015146 -0.3848125935
510.8848266602 0.0000312227 0.0000000000 0.0045716823 278.0911865234 0.0469852574 -0.3851531148
511.0472106934 0.0000317899 0.0000000000 0.0046497174 277.9772338867 0.0480926074 -0.3854866028
511.2026977539 0.0000323631 0.0000000000 0.0047286293 277.8510742188 0.0492214449 -0.3858122826
511.3515625000 0.0000329424 0.0000000000 0.0048084222 277.7247009277 0.0503710397 -0.3861324191
511.4934082031 0.0000335278 0.0000000000 0.0048890957 277.6014709473 0.0515418127 -0.3864455819
511.6271057129 0.0000341193 0.0000000000 0.0049706521 277.4800109863 0.0527347326 -0.3867514729
511.7537841797 0.0000347169 0.0000000000 0.0050530960 277.3595275879 0.0539516397 -0.3870521188
511.8743591309 0.0000353206 0.0000000000 0.0051364293 277.2394104004 0.0551943555 -0.3873474300
511.9880676270 0.0000359303 0.0000000000 0.0052206623 277.1180725098 0.0564573742 -0.3876354098
512.0920410156 0.0000365462 0.0000000000 0.0053057969 276.9967651367 0.0577558056 -0.3879187405
512.1846923828 0.0000371681 0.0000000000 0.0053918436 276.8746337891 0.0590551570 -0.3881977797
512.2662963867 0.0000377961 0.0000000000 0.0054788007 276.7528076172 0.0603761002 -0.3884717822
512.3335571289 0.0000384301 0.0000000000 0.0055666650 276.6324768066 0.0617292337 -0.3887413144
512.3840942383 0.0000390701 0.0000000000 0.0056554382 276.5153808594 0.0631088987 -0.3890076280
512.4192504883 0.0000397162 0.0000000000 0.0057451180 276.4005737305 0.0645130798 -0.3892694116
512.4398803711 0.0000403683 0.0000000000 0.0058357078 276.2751464844 0.0659418702 -0.3895273209
512.4492797852 0.0000410264 0.0000000000 0.0059272083 276.1517028809 0.0673954114 -0.3897807598
512.4465942383 0.0000416904 0.0000000000 0.0060196156 276.0301818848 0.0688740090 -0.3900307417
512.4332885742 0.0000423605 0.0000000000 0.0061129322 275.9085998535 0.0703774914 -0.3902770877
512.4165039062 0.0000430365 0.0000000000 0.0062071574 275.7907714844 0.0719067454 -0.3905200064
512.3966674805 0.0000437184 0.0000000000 0.0063022934 275.6654663086 0.0734612122 -0.3907614350
512.3742065430 0.0000444063 0.0000000000 0.0063983388 275.5447998047 0.0750413910 -0.3909994960
512.3522338867 0.0000451001 0.0000000000 0.0064952830 275.4250793457 0.0766464323 -0.3912344873
512.3297119141 0.0000457998 0.0000000000 0.0065931296 275.3063049316 0.0782753155 -0.3914660215
512.3076171875 0.0000465054 0.0000000000 0.0066918824 275.1885375977 0.0799272358 -0.3916940689
512.2854614258 0.0000472169 0.0000000000 0.0067915339 275.0713500977 0.0816022307 -0.3919188380
512.2628784180 0.0000479342 0.0000000000 0.0068920851 274.9547424316 0.0833007619 -0.3921392858
512.2420654297 0.0000486572 0.0000000000 0.0069935312 274.8390197754 0.0850229561 -0.3923559785
512.2263793945 0.0000493861 0.0000000000 0.0070958687 274.7243652344 0.0867688283 -0.3925688863
512.2145996094 0.0000501208 0.0000000000 0.0071990988 274.6104736328 0.0885391459 -0.3927782178
512.2075195312 0.0000508613 0.0000000000 0.0073032156 274.4974060059 0.0903316960 -0.3929849267
512.2030029297 0.0000516076 0.0000000000 0.0074082254 274.3851013184 0.0921459645 -0.3931897283
512.1979980469 0.0000523596 0.0000000000 0.0075141285 274.2738952637 0.0939819217 -0.3933924139
512.1893920898 0.0000531174 0.0000000000 0.0076209265 274.1636962891 0.0958389044 -0.3935933709
512.1780395508 0.0000538810 0.0000000000 0.0077286204 274.0543823242 0.0977186859 -0.3937915564
512.1617431641 0.0000546504 0.0000000000 0.0078372071 273.9454345703 0.0996212512 -0.3939871788
512.1380615234 0.0000554256 0.0000000000 0.0079466831 273.8371276855 0.1015475541 -0.3941793442
512.1002807617 0.0000562065 0.0000000000 0.0080570569 273.7287597656 0.1034967899 -0.3943680823
512.0512084961 0.0000569932 0.0000000000 0.0081683304 273.6222839355 0.1054686904 -0.3945548534
511.9942932129 0.0000577857 0.0000000000 0.0082805064 273.5147094727 0.1074616760 -0.3947393298
511.9342041016 0.0000585839 0.0000000000 0.0083935838 273.4039916992 0.1094749421 -0.3949221671
511.8754577637 0.0000593878 0.0000000000 0.0085075572 273.2905883789 0.1115084663 -0.3951036930
511.8180541992 0.0000601974 0.0000000000 0.0086224359 273.1776733398 0.1135630384 -0.3952834904
511.7610778809 0.0000610127 0.0000000000 0.0087382207 273.0668640137 0.1156367362 -0.3954619169
511.7077636719 0.0000618338 0.0000000000 0.0088549107 272.9579467773 0.1177299768 -0.3956385851
511.6589355469 0.0000626605 0.0000000000 0.0089725005 272.8500061035 0.1198428422 -0.3958132267
511.6169738770 0.0000634929 0.0000000000 0.0090909768 272.7417907715 0.1219750047 -0.3959864974
511.5783386230 0.0000643309 0.0000000000 0.0092103519 272.6334228516 0.1241277009 -0.3961589634
511.5403137207 0.0000651745 0.0000000000 0.0093306014 272.5259399414 0.1263017952 -0.3963293433
511.5053405762 0.0000660238 0.0000000000 0.0094517367 272.4188842773 0.1284973472 -0.3964979947
511.4739990234 0.0000668787 0.0000000000 0.0095737651 272.3120422363 0.1307146102 -0.3966659307
511.4481811523 0.0000677392 0.0000000000 0.0096966857 272.2052917480 0.1329535693 -0.3968327641
511.4254150391 0.0000686054 0.0000000000 0.0098204985 272.0985412598 0.1352149397 -0.3969984651
511.4049377441 0.0000694773 0.0000000000 0.0099452082 271.9921264648 0.1374998838 -0.3971617222
511.3881835938 0.0000703549 0.0000000000 0.0100708092 271.8859558105 0.1398098171 -0.3973234892
511.3711853027 0.0000712381 0.0000000000 0.0101973116 271.7804870605 0.1421449184 -0.3974844217
511.3524475098 0.0000721271 0.0000000000 0.0103247128 271.6755065918 0.1445091665 -0.3976437151
511.3339538574 0.0000730217 0.0000000000 0.0104530146 271.5711669922 0.1468941271 -0.3978006840
511.3168029785 0.0000739220 0.0000000000 0.0105822068 271.4675903320 0.1492953449 -0.3979572654
511.2997131348 0.0000748280 0.0000000000 0.0107122846 271.3650207520 0.1517245919 -0.3981124163
511.2861022949 0.0000757397 0.0000000000 0.0108432584 271.2633666992 0.1541786790 -0.3982670307
511.2774963379 0.0000766571 0.0000000000 0.0109751243 271.1623229980 0.1566562057 -0.3984201252
511.2760314941 0.0000775801 0.0000000000 0.0111078843 271.0619812012 0.1591571569 -0.3985729218
511.2817687988 0.0000785088 0.0000000000 0.0112415478 270.9620666504 0.1616822481 -0.3987235427
511.2963867188 0.0000794433 0.0000000000 0.0113761052 270.8619079590 0.1642307639 -0.3988746405
511.3150329590 0.0000803835 0.0000000000 0.0115115652 270.7622985840 0.1668043286 -0.3990257382
511.3415527344 0.0000813295 0.0000000000 0.0116479220 270.6627197266 0.1694017649 -0.3991756439
511.3738098145 0.0000822814 0.0000000000 0.0117851608 270.5636291504 0.1720228493 -0.3993235826
511.4118347168 0.0000832391 0.0000000000 0.0119232861 270.4651794434 0.1746672243 -0.3994716108
511.4531860352 0.0000842025 0.0000000000 0.0120622851 270.3674621582 0.1773337126 -0.3996191621
511.4963073730 0.0000851719 0.0000000000 0.0122021688 270.2709655762 0.1800220460 -0.3997659683
511.5421142578 0.0000861471 0.0000000000 0.0123429429 270.1748046875 0.1827344447 -0.3999112844
511.5876464844 0.0000871282 0.0000000000 0.0124846091 270.0785217285 0.1854692847 -0.4000548124
511.6332092285 0.0000881153 0.0000000000 0.0126271676 269.9828186035 0.1882266253 -0.4001973271
511.6791992188 0.0000891082 0.0000000000 0.0127706239 269.8876953125 0.1910062581 -0.4003384113
511.7273864746 0.0000901070 0.0000000000 0.0129149910 269.7915039062 0.1938091964 -0.4004787803
511.7782592773 0.0000911118 0.0000000000 0.0130602615 269.6945495605 0.1966355741 -0.4006204009
511.8345947266 0.0000921226 0.0000000000 0.0132064354 269.5975952148 0.1994866878 -0.4007630348
511.8969726562 0.0000931395 0.0000000000 0.0133535173 269.5002441406 0.2023662776 -0.4009048641
511.9686584473 0.0000941624 0.0000000000 0.0135015091 269.4039001465 0.2052744180 -0.4010473490
512.0458374023 0.0000951914 0.0000000000 0.0136504183 269.3085327148 0.2082120329 -0.4011890292
512.1282958984 0.0000962264 0.0000000000 0.0138002299 269.2138061523 0.2111775279 -0.4013302922
512.2156982422 0.0000972676 0.0000000000 0.0139509542 269.1203308105 0.2141694725 -0.4014721811
512.3045043945 0.0000983149 0.0000000000 0.0141026005 269.0285034180 0.2171881795 -0.4016132951
512.3940429688 0.0000993683 0.0000000000 0.0142551623 268.9377441406 0.2202349454 -0.4017531574
512.4838867188 0.0001004279 0.0000000000 0.0144086489 268.8486328125 0.2233090252 -0.4018930793
512.5738525391 0.0001014936 0.0000000000 0.0145630492 268.7618713379 0.2264111340 -0.4020343423
512.6643676758 0.0001025655 0.0000000000 0.0147183789 268.6797485352 0.2295406461 -0.4021748900
512.7532348633 0.0001036437 0.0000000000 0.0148746278 268.5887756348 0.2326971740 -0.4023150802
512.8370971680 0.0001047281 0.0000000000 0.0150318034 268.5018310547 0.2358784825 -0.4024568200
512.9149169922 0.0001058188 0.0000000000 0.0151899084 268.4176330566 0.2390849292 -0.4025996327
512.9842529297 0.0001069159 0.0000000000 0.0153489346 268.3349609375 0.2423159331 -0.4027426541
513.0513305664 0.0001080193 0.0000000000 0.0155088808 268.2539978027 0.2455706596 -0.4028881788
513.1156616211 0.0001091290 0.0000000000 0.0156697556 268.1756591797 0.2488494068 -0.4030362666
513.1803588867 0.0001102451 0.0000000000 0.0158315636 268.1002807617 0.2521521151 -0.4031844437
513.2518920898 0.0001113676 0.0000000000 0.0159943067 268.0240173340 0.2554783225 -0.4033330083
513.3333740234 0.0001124965 0.0000000000 0.0161579922 267.9405212402 0.2588293254 -0.4034830332
513.4260253906 0.0001136319 0.0000000000 0.0163226165 267.8457641602 0.2622039616 -0.4036363661
513.5256958008 0.0001147737 0.0000000000 0.0164881852 267.7539978027 0.2656025887 -0.4037924111
513.6281127930 0.0001159221 0.0000000000 0.0166546982 267.6502380371 0.2690220773 -0.4039507508
513.7359619141 0.0001170769 0.0000000000 0.0168221816 267.5543518066 0.2724669278 -0.4041109383
513.8498535156 0.0001182383 0.0000000000 0.0169906095 267.4636840820 0.2759345472 -0.4042729139
513.9683837891 0.0001194063 0.0000000000 0.0171599761 267.3762512207 0.2794243395 -0.4044384062
514.0889282227 0.0001205809 0.0000000000 0.0173302833 267.2903442383 0.2829348743 -0.4046050310
514.2099609375 0.0001217621 0.0000000000 0.0175015256 267.2062683105 0.2864673138 -0.4047741890
514.3291625977 0.0001229498 0.0000000000 0.0176737122 267.1234741211 0.2900194228 -0.4049460292
514.4426879883 0.0001241443 0.0000000000 0.0178468321 267.0421447754 0.2935914993 -0.4051216245
514.5487670898 0.0001253455 0.0000000000 0.0180208907 266.9623718262 0.2971845567 -0.4052992761
514.6466674805 0.0001265533 0.0000000000 0.0181958918 266.8837280273 0.3007991910 -0.4054783583
514.7338256836 0.0001277679 0.0000000000 0.0183718167 266.8066406250 0.3044345081 -0.4056596160
514.8156738281 0.0001289891 0.0000000000 0.0185486805 266.7317199707 0.3080885410 -0.4058421552
514.8892822266 0.0001302171 0.0000000000 0.0187264793 266.6595764160 0.3117613196 -0.4060286880
514.9574584961 0.0001314516 0.0000000000 0.0189051982 266.5897216797 0.3154516518 -0.4062175155
515.0251464844 0.0001326928 0.0000000000 0.0190848224 266.5194396973 0.3191586137 -0.4064093828
515.0949707031 0.0001339407 0.0000000000 0.0192653630 266.4449157715 0.3228845000 -0.4066069126
515.1674194336 0.0001351952 0.0000000000 0.0194468182 266.3679199219 0.3266272843 -0.4068066180
515.2473144531 0.0001364563 0.0000000000 0.0196291897 266.2932128906 0.3303880990 -0.4070090950
515.3392333984 0.0001377241 0.0000000000 0.0198124740 266.2209472656 0.3341659009 -0.4072135091
515.4472045898 0.0001389985 0.0000000000 0.0199966729 266.1487121582 0.3379590809 -0.4074211717
515.5701293945 0.0001402797 0.0000000000 0.0201817937 266.0761413574 0.3417688906 -0.4076302648
515.7032470703 0.0001415677 0.0000000000 0.0203678403 265.9983825684 0.3455892503 -0.4078419805
515.8477172852 0.0001428625 0.0000000000 0.0205548257 265.9125976562 0.3494183719 -0.4080531001
515.9980468750 0.0001441643 0.0000000000 0.0207427610 265.8346862793 0.3532644510 -0.4082615077
516.1478271484 0.0001454730 0.0000000000 0.0209316611 265.7818908691 0.3571372926 -0.4084686637
516.2936401367 0.0001467888 0.0000000000 0.0211215056 265.7320861816 0.3610244393 -0.4086754918
516.4329223633 0.0001481117 0.0000000000 0.0213122945 265.6800842285 0.3649211824 -0.4088802338
516.5615234375 0.0001494416 0.0000000000 0.0215040538 265.6264343262 0.3688306510 -0.4090846777
516.6757202148 0.0001507787 0.0000000000 0.0216967706 265.5706481934 0.3727549314 -0.4092871249
516.7750854492 0.0001521229 0.0000000000 0.0218904391 265.5143432617 0.3766925633 -0.4094868302
516.8621826172 0.0001534742 0.0000000000 0.0220850687 265.4555969238 0.3806439042 -0.4096841216
516.9452514648 0.0001548326 0.0000000000 0.0222806484 265.3966674805 0.3846101165 -0.4098769724
517.0270385742 0.0001561981 0.0000000000 0.0224771909 265.3368225098 0.3885897100 -0.4100645185
517.1115722656 0.0001575707 0.0000000000 0.0226747151 265.2774047852 0.3925823867 -0.4102458954
517.2009277344 0.0001589504 0.0000000000 0.0228731893 265.2178649902 0.3965859413 -0.4104211926
517.2954711914 0.0001603372 0.0000000000 0.0230726060 265.1583557129 0.4005930424 -0.4105906487
517.3972167969 0.0001617311 0.0000000000 0.0232729558 265.0991821289 0.4046066403 -0.4107547402
517.5064697266 0.0001631321 0.0000000000 0.0234742463 265.0399169922 0.4086341560 -0.4109145999
517.6162719727 0.0001645402 0.0000000000 0.0236764848 264.9804077148 0.4126755297 -0.4110698104
517.7250976562 0.0001659553 0.0000000000 0.0238796584 264.9214477539 0.4167301655 -0.4112216532
517.8334350586 0.0001673774 0.0000000000 0.0240837913 264.8632202148 0.4207991064 -0.4113695920
517.9398193359 0.0001688067 0.0000000000 0.0242888685 264.8067016602 0.4248828590 -0.4115139246
518.0419921875 0.0001702431 0.0000000000 0.0244949069 264.7574462891 0.4289843142 -0.4116549492
518.1416015625 0.0001716867 0.0000000000 0.0247018877 264.7023010254 0.4331038594 -0.4117929935
518.2401733398 0.0001731374 0.0000000000 0.0249098297 264.6489562988 0.4372403026 -0.4119290113
518.3357543945 0.0001745952 0.0000000000 0.0251187347 264.5978393555 0.4413917065 -0.4120619893
518.4271850586 0.0001760600 0.0000000000 0.0253285952 264.5466003418 0.4455585182 -0.4121933579
518.5156860352 0.0001775318 0.0000000000 0.0255393814 264.4968566895 0.4497410953 -0.4123229086
518.6014404297 0.0001790107 0.0000000000 0.0257510971 264.4499206543 0.4539400041 -0.4124512076
518.6844482422 0.0001804968 0.0000000000 0.0259637143 264.4021911621 0.4581510127 -0.4125782847
518.7675781250 0.0001819898 0.0000000000 0.0261772368 264.3514404297 0.4623722136 -0.4127041996
518.8533935547 0.0001834901 0.0000000000 0.0263916850 264.3021850586 0.4666073024 -0.4128281474
518.9444580078 0.0001849973 0.0000000000 0.0266070720 264.2544860840 0.4708563983 -0.4129505754
519.0381469727 0.0001865118 0.0000000000 0.0268233959 264.2076110840 0.4751185179 -0.4130701423
519.1384277344 0.0001880334 0.0000000000 0.0270406678 264.1621093750 0.4793941975 -0.4131885767
519.2448120117 0.0001895622 0.0000000000 0.0272588897 264.1184387207 0.4836871028 -0.4133059680
519.3547973633 0.0001910983 0.0000000000 0.0274780840 264.0782470703 0.4879958928 -0.4134229422
519.4675292969 0.0001926415 0.0000000000 0.0276982486 264.0446777344 0.4923177063 -0.4135396481
519.5824584961 0.0001941922 0.0000000000 0.0279193874 264.0131530762 0.4966522455 -0.4136553705
519.6967163086 0.0001957502 0.0000000000 0.0281415116 263.9572753906 0.5009937286 -0.4137702584
519.8065795898 0.0001973156 0.0000000000 0.0283645969 263.8998107910 0.5053495765 -0.4138838649
519.9103393555 0.0001988883 0.0000000000 0.0285886358 263.7869262695 0.5097172856 -0.4139963388
520.0106201172 0.0002004683 0.0000000000 0.0288136154 263.8087158203 0.5140973330 -0.4141084254
520.1067504883 0.0002020557 0.0000000000 0.0290395413 263.7622375488 0.5184857845 -0.4142198861
520.1971435547 0.0002036504 0.0000000000 0.0292664226 263.7179565430 0.5228853226 -0.4143307209
520.2796630859 0.0002052524 0.0000000000 0.0294942632 263.6761779785 0.5272997022 -0.4144412279
520.3541259766 0.0002068617 0.0000000000 0.0297230314 263.6367187500 0.5317177773 -0.4145514369
520.4228515625 0.0002084783 0.0000000000 0.0299527496 263.5974121094 0.5361496806 -0.4146611691
520.4889526367 0.0002101022 0.0000000000 0.0301834196 263.5586547852 0.5405952930 -0.4147701859
520.5483398438 0.0002117333 0.0000000000 0.0304150581 263.5195922852 0.5450536609 -0.4148792624
520.6076049805 0.0002133717 0.0000000000 0.0306476522 263.4797668457 0.5495232344 -0.4149870276
520.6705322266 0.0002150175 0.0000000000 0.0308812056 263.4395141602 0.5540007353 -0.4150946736
520.7346191406 0.0002166705 0.0000000000 0.0311157126 263.3989868164 0.5584861040 -0.4152024388
520.8029785156 0.0002183309 0.0000000000 0.0313512236 263.3587036133 0.5629798770 -0.4153090119
520.8781127930 0.0002199986 0.0000000000 0.0315877125 263.3182983398 0.5674775839 -0.4154162109
520.9603271484 0.0002216737 0.0000000000 0.0318251662 263.2778015137 0.5719805360 -0.4155236185
521.0479125977 0.0002233562 0.0000000000 0.0320636109 263.2364501953 0.5764848590 -0.4156295657
521.1388549805 0.0002250461 0.0000000000 0.0323030464 263.1952514648 0.5809919834 -0.4157354832
521.2318115234 0.0002267435 0.0000000000 0.0325434655 263.1515197754 0.5855011344 -0.4158409536
521.3198242188 0.0002284485 0.0000000000 0.0327848569 263.1082763672 0.5900118351 -0.4159457088
521.4032592773 0.0002301609 0.0000000000 0.0330271907 263.0651245117 0.5945260525 -0.4160498679
521.4789428711 0.0002318808 0.0000000000 0.0332704596 263.0218811035 0.5990425348 -0.4161533713
521.5473632812 0.0002336082 0.0000000000 0.0335146785 262.9792175293 0.6035638452 -0.4162570238
521.6069946289 0.0002353430 0.0000000000 0.0337598100 262.9380798340 0.6080890298 -0.4163612127
521.6585083008 0.0002370853 0.0000000000 0.0340058431 262.8999328613 0.6126178503 -0.4164657295
521.7108154297 0.0002388350 0.0000000000 0.0342528149 262.8683166504 0.6171538830 -0.4165707827
521.7704467773 0.0002405921 0.0000000000 0.0345007181 262.8451232910 0.6217003465 -0.4166758060
521.8433227539 0.0002423567 0.0000000000 0.0347495340 262.8151245117 0.6262597442 -0.4167808890
521.9293212891 0.0002441287 0.0000000000 0.0349992886 262.7574768066 0.6308427453 -0.4168850482
522.0277099609 0.0002459082 0.0000000000 0.0352500118 262.7005615234 0.6354233623 -0.4169878364
522.1343383789 0.0002476952 0.0000000000 0.0355016924 262.6525878906 0.6400065422 -0.4170903862
522.2403564453 0.0002494897 0.0000000000 0.0357543454 262.6090087891 0.6446059942 -0.4171926975
522.3391113281 0.0002512918 0.0000000000 0.0360079743 262.5644226074 0.6492148042 -0.4172942638
522.4292602539 0.0002531015 0.0000000000 0.0362626016 262.5151367188 0.6538331509 -0.4173952937
522.5083618164 0.0002549189 0.0000000000 0.0365182012 262.4636840820 0.6584588885 -0.4174963236
522.5769042969 0.0002567439 0.0000000000 0.0367747657 262.4127502441 0.6630936861 -0.4175971746
522.6367797852 0.0002585765 0.0000000000 0.0370323621 262.3632812500 0.6677370071 -0.4176980555
522.6910400391 0.0002604168 0.0000000000 0.0372909531 262.3148803711 0.6723874807 -0.4177987576
522.7415771484 0.0002622647 0.0000000000 0.0375505500 262.2674255371 0.6770412922 -0.4178992510
522.7900390625 0.0002641201 0.0000000000 0.0378111452 262.2205200195 0.6816979051 -0.4179998636
522.8356933594 0.0002659830 0.0000000000 0.0380727164 262.1739196777 0.6863561869 -0.4181008339
522.8799438477 0.0002678534 0.0000000000 0.0383352861 262.1272277832 0.6910097599 -0.4182009697
522.9217529297 0.0002697313 0.0000000000 0.0385988168 262.0804443359 0.6956610084 -0.4183020890
522.9656372070 0.0002716166 0.0000000000 0.0388633050 262.0335388184 0.7003108263 -0.4184030890
523.0148315430 0.0002735092 0.0000000000 0.0391287617 261.9865417480 0.7049592733 -0.4185046256
523.0656738281 0.0002754094 0.0000000000 0.0393952280 261.9396057129 0.7096098065 -0.4186060131
523.1188964844 0.0002773171 0.0000000000 0.0396627001 261.8923339844 0.7142620683 -0.4187082052
523.1760864258 0.0002792322 0.0000000000 0.0399311669 261.8447875977 0.7189114094 -0.4188112020
523.2360839844 0.0002811548 0.0000000000 0.0402005985 261.7988281250 0.7235602736 -0.4189148545
523.2999267578 0.0002830848 0.0000000000 0.0404710099 261.7689208984 0.7282062769 -0.4190182388
523.3676147461 0.0002850222 0.0000000000 0.0407424085 261.7020874023 0.7328529954 -0.4191226363
523.4407348633 0.0002869672 0.0000000000 0.0410147756 261.6572875977 0.7374989986 -0.4192273617
523.5133666992 0.0002889198 0.0000000000 0.0412881449 261.6193237305 0.7421396971 -0.4193332195
523.5822753906 0.0002908801 0.0000000000 0.0415625162 261.5650329590 0.7467753291 -0.4194387794
523.6444702148 0.0002928480 0.0000000000 0.0418379009 261.5087280273 0.7514033914 -0.4195451140
523.6971435547 0.0002948236 0.0000000000 0.0421143137 261.4592285156 0.7560266852 -0.4196513891
523.7405395508 0.0002968067 0.0000000000 0.0423917361 261.4134826660 0.7606465220 -0.4197579622
523.7768554688 0.0002987974 0.0000000000 0.0426701307 261.3717956543 0.7652616501 -0.4198653400
523.8120727539 0.0003007955 0.0000000000 0.0429495238 261.3268432617 0.7698736787 -0.4199730754
523.8506469727 0.0003028010 0.0000000000 0.0432298891 261.2849426270 0.7744808197 -0.4200819433
523.8933715820 0.0003048138 0.0000000000 0.0435112156 261.2423400879 0.7790848613 -0.4201917648
523.9380493164 0.0003068341 0.0000000000 0.0437935181 261.1975708008 0.7836869359 -0.4203022122
523.9882202148 0.0003088619 0.0000000000 0.0440768078 261.1514282227 0.7882898450 -0.4204134345
524.0411987305 0.0003108971 0.0000000000 0.0443611033 261.1049804688 0.7928957343 -0.4205245376
524.0969848633 0.0003129397 0.0000000000 0.0446464382 261.0594787598 0.7975066304 -0.4206356406
524.1619873047 0.0003149897 0.0000000000 0.0449327901 261.0149841309 0.8021247983 -0.4207472205
524.2362670898 0.0003170474 0.0000000000 0.0452201627 260.9710083008 0.8067463636 -0.4208589792
524.3217163086 0.0003191126 0.0000000000 0.0455085821 260.9275207520 0.8113716841 -0.4209710956
524.4105224609 0.0003211856 0.0000000000 0.0457980558 260.8843688965 0.8160017133 -0.4210830629
524.4960937500 0.0003232662 0.0000000000 0.0460885651 260.8413391113 0.8206382394 -0.4211954474
524.5761108398 0.0003253545 0.0000000000 0.0463800877 260.7988891602 0.8252773285 -0.4213079214
524.6501464844 0.0003274505 0.0000000000 0.0466726385 260.7571105957 0.8299138546 -0.4214204550
524.7205200195 0.0003295543 0.0000000000 0.0469662100 260.7160034180 0.8345513344 -0.4215341806
524.7828979492 0.0003316659 0.0000000000 0.0472607911 260.6755676270 0.8391898870 -0.4216483235
524.8360595703 0.0003337854 0.0000000000 0.0475564115 260.6359252930 0.8438357115 -0.4217628837
524.8886718750 0.0003359125 0.0000000000 0.0478530601 260.5964355469 0.8484891057 -0.4218774438
524.9403686523 0.0003380473 0.0000000000 0.0481507257 260.5570068359 0.8531460166 -0.4219926000
524.9912719727 0.0003401898 0.0000000000 0.0484493971 260.5175170898 0.8578042984 -0.4221081734
525.0424804688 0.0003423400 0.0000000000 0.0487490781 260.4778442383 0.8624591231 -0.4222238958
525.0949096680 0.0003444977 0.0000000000 0.0490497798 260.4383239746 0.8671101332 -0.4223395586
525.1441040039 0.0003466631 0.0000000000 0.0493515022 260.3989257812 0.8717595935 -0.4224554896
525.1959838867 0.0003488362 0.0000000000 0.0496542566 260.3588562012 0.8764016032 -0.4225721061
525.2526855469 0.0003510172 0.0000000000 0.0499580503 260.3178710938 0.8810402155 -0.4226897955
525.3085327148 0.0003532059 0.0000000000 0.0502628908 260.2767333984 0.8856720924 -0.4228081107
525.3608398438 0.0003554026 0.0000000000 0.0505687594 260.2386474609 0.8902955055 -0.4229266047
525.4119873047 0.0003576070 0.0000000000 0.0508757085 260.2037048340 0.8949124217 -0.4230455160
525.4637451172 0.0003598192 0.0000000000 0.0511836745 260.1546020508 0.8995242119 -0.4231645465
525.5162963867 0.0003620391 0.0000000000 0.0514927022 260.0998535156 0.9041327834 -0.4232840538
525.5625610352 0.0003642669 0.0000000000 0.0518027954 260.0514221191 0.9087402821 -0.4234043360
525.5983886719 0.0003665025 0.0000000000 0.0521139130 260.0073242188 0.9133462906 -0.4235252440
525.6258544922 0.0003687458 0.0000000000 0.0524260215 259.9653625488 0.9179483056 -0.4236468077
525.6478271484 0.0003709969 0.0000000000 0.0527391545 259.9250793457 0.9225499034 -0.4237687886
525.6679687500 0.0003732557 0.0000000000 0.0530532897 259.8859863281 0.9271544814 -0.4238910675
525.6904296875 0.0003755221 0.0000000000 0.0533684231 259.8483276367 0.9317613244 -0.4240138531
525.7120361328 0.0003777963 0.0000000000 0.0536845401 259.8118591309 0.9363670349 -0.4241368175
525.7364501953 0.0003800781 0.0000000000 0.0540016666 259.7759094238 0.9409787059 -0.4242597222
525.7636718750 0.0003823677 0.0000000000 0.0543198101 259.7363281250 0.9455929995 -0.4243833423
525.7982177734 0.0003846650 0.0000000000 0.0546390302 259.6927185059 0.9502134919 -0.4245077670
525.8427124023 0.0003869701 0.0000000000 0.0549592860 259.6495666504 0.9548401237 -0.4246325493
525.8948974609 0.0003892830 0.0000000000 0.0552806519 259.6077270508 0.9594733119 -0.4247586429
525.9595947266 0.0003916037 0.0000000000 0.0556030795 259.5668640137 0.9641135931 -0.4248846471
526.0258178711 0.0003939322 0.0000000000 0.0559265837 259.5262451172 0.9687647820 -0.4250112772
526.0938110352 0.0003962686 0.0000000000 0.0562511310 259.4861450195 0.9734215140 -0.4251379967
526.1609497070 0.0003986129 0.0000000000 0.0565767102 259.4464721680 0.9780834913 -0.4252657592
526.2207641602 0.0004009653 0.0000000000 0.0569033474 259.4075622559 0.9827483296 -0.4253932834
526.2689819336 0.0004033255 0.0000000000 0.0572310127 259.3700256348 0.9874207973 -0.4255208969
526.3074951172 0.0004056935 0.0000000000 0.0575597510 259.3323974609 0.9920964241 -0.4256497622
526.3299560547 0.0004080695 0.0000000000 0.0578895397 259.2959289551 0.9967753291 -0.4257790148
526.3373413086 0.0004104533 0.0000000000 0.0582204238 259.2602233887 1.0014553070 -0.4259092808
526.3359375000 0.0004128449 0.0000000000 0.0585523732 259.2247009277 1.0061278343 -0.4260399938
526.3309326172 0.0004152443 0.0000000000 0.0588853881 259.1896972656 1.0107953548 -0.4261720181
526.3280029297 0.0004176514 0.0000000000 0.0592194796 259.1544799805 1.0154590607 -0.4263046980
526.3306274414 0.0004200660 0.0000000000 0.0595546290 259.1188659668 1.0201160908 -0.4264377058
526.3470458984 0.0004224883 0.0000000000 0.0598908141 259.0827941895 1.0247694254 -0.4265722632
526.3767089844 0.0004249183 0.0000000000 0.0602280311 259.0460205078 1.0294190645 -0.4267075062
526.4203491211 0.0004273561 0.0000000000 0.0605662987 259.0084533691 1.0340679884 -0.4268434048
526.4719848633 0.0004298017 0.0000000000 0.0609056503 258.9708862305 1.0387156010 -0.4269803762
526.5258789062 0.0004322551 0.0000000000 0.0612460822 258.9332580566 1.0433640480 -0.4271171093
526.5760498047 0.0004347165 0.0000000000 0.0615876615 258.8964538574 1.0480152369 -0.4272542298
526.6197509766 0.0004371858 0.0000000000 0.0619303919 258.8605651855 1.0526690483 -0.4273906946
526.6555786133 0.0004396630 0.0000000000 0.0622742772 258.8259277344 1.0573270321 -0.4275275469
526.6833496094 0.0004421481 0.0000000000 0.0626192689 258.7925415039 1.0619877577 -0.4276641607
526.6999511719 0.0004446410 0.0000000000 0.0629654229 258.7602233887 1.0666520596 -0.4278005064
526.7006225586 0.0004471419 0.0000000000 0.0633127093 258.7295227051 1.0713149309 -0.4279377460
526.6900024414 0.0004496506 0.0000000000 0.0636611357 258.7002258301 1.0759751797 -0.4280760586
526.6705322266 0.0004521672 0.0000000000 0.0640106797 258.6721801758 1.0806312561 -0.4282150865
526.6494750977 0.0004546916 0.0000000000 0.0643613264 258.6458740234 1.0852837563 -0.4283555746
526.6314086914 0.0004572237 0.0000000000 0.0647130683 258.6240234375 1.0899325609 -0.4284960926
526.6206665039 0.0004597635 0.0000000000 0.0650658533 258.5953674316 1.0945787430 -0.4286366403
526.6231689453 0.0004623110 0.0000000000 0.0654197186 258.5491027832 1.0992161036 -0.4287780523
526.6396484375 0.0004648661 0.0000000000 0.0657747015 258.5099487305 1.1038414240 -0.4289204478
526.6738281250 0.0004674290 0.0000000000 0.0661307722 258.4730834961 1.1084605455 -0.4290636182
526.7219848633 0.0004699998 0.0000000000 0.0664879680 258.4366455078 1.1130747795 -0.4292073548
526.7847900391 0.0004725787 0.0000000000 0.0668462738 258.3994140625 1.1176893711 -0.4293514192
526.8621826172 0.0004751656 0.0000000000 0.0672057196 258.3611145020 1.1223032475 -0.4294960499
526.9497680664 0.0004777607 0.0000000000 0.0675663203 258.3218994141 1.1269123554 -0.4296412468
527.0427246094 0.0004803641 0.0000000000 0.0679280683 258.2823791504 1.1315207481 -0.4297873378
527.1348876953 0.0004829758 0.0000000000 0.0682909861 258.2426452637 1.1361243725 -0.4299336672
527.2232666016 0.0004855957 0.0000000000 0.0686550438 258.2033081055 1.1407252550 -0.4300801158
527.3013916016 0.0004882241 0.0000000000 0.0690202564 258.1650390625 1.1453261375 -0.4302273691
527.3664550781 0.0004908610 0.0000000000 0.0693866611 258.1274414062 1.1499240398 -0.4303756356
527.4169311523 0.0004935063 0.0000000000 0.0697542205 258.0902404785 1.1545251608 -0.4305252731
527.4442749023 0.0004961602 0.0000000000 0.0701229796 258.0542297363 1.1591328382 -0.4306763411
527.4519042969 0.0004988225 0.0000000000 0.0704929531 258.0193481445 1.1637402773 -0.4308335483
527.4392700195 0.0005014933 0.0000000000 0.0708640590 257.9842224121 1.1683412790 -0.4309964180
527.4100341797 0.0005041725 0.0000000000 0.0712363720 257.9489440918 1.1729412079 -0.4311679006
527.3784790039 0.0005068600 0.0000000000 0.0716098621 257.9131469727 1.1775248051 -0.4313580394
527.3621826172 0.0005095557 0.0000000000 0.0719846338 257.8775329590 1.1820884943 -0.4315690100
527.3672485352 0.0005122600 0.0000000000 0.0723606423 257.8418579102 1.1866319180 -0.4318090975
527.4098510742 0.0005149726 0.0000000000 0.0727379099 257.8057250977 1.1911426783 -0.4320999980
527.5086059570 0.0005176940 0.0000000000 0.0731164888 257.7678222656 1.1956086159 -0.4324593842
527.6777343750 0.0005204247 0.0000000000 0.0734964386 257.7263793945 1.2000193596 -0.4329001904
527.9418334961 0.0005231650 0.0000000000 0.0738778338 257.6807250977 1.2043795586 -0.4334458709
528.3250732422 0.0005259156 0.0000000000 0.0742606893 257.6312561035 1.2086813450 -0.4340709746
528.8293457031 0.0005286774 0.0000000000 0.0746451020 257.5783386230 1.2128916979 -0.4347569942
529.4602661133 0.0005314514 0.0000000000 0.0750311017 257.5172424316 1.2169984579 -0.4354850054
530.2001953125 0.0005342389 0.0000000000 0.0754188001 257.4354858398 1.2210570574 -0.4362137020
531.0398559570 0.0005370406 0.0000000000 0.0758082792 257.3340148926 1.2251144648 -0.4367860556
531.8891601562 0.0005398577 0.0000000000 0.0761995539 257.2207946777 1.2292524576 -0.4371024370
532.5996093750 0.0005426906 0.0000000000 0.0765926018 257.1004638672 1.2335152626 -0.4371500015
533.0609130859 0.0005455393 0.0000000000 0.0769873410 256.9837341309 1.2378910780 -0.4370063245
533.0634155273 0.0005484039 0.0000000000 0.0773837119 256.8879394531 1.2424194813 -0.4368084669
532.5589599609 0.0005512835 0.0000000000 0.0777815804 256.8234252930 1.2470787764 -0.4367537498
531.5878295898 0.0005541773 0.0000000000 0.0781808123 256.7959899902 1.2518677711 -0.4369354248
530.3286132812 0.0005570835 0.0000000000 0.0785813481 256.7967224121 1.2567667961 -0.4373024702
528.9966430664 0.0005599995 0.0000000000 0.0789831430 256.8114929199 1.2617657185 -0.4377203584
527.8028564453 0.0005629233 0.0000000000 0.0793861449 256.8213500977 1.2668454647 -0.4381086826
526.8725585938 0.0005658536 0.0000000000 0.0797903612 256.8251037598 1.2719982862 -0.4383818507
526.2817993164 0.0005687891 0.0000000000 0.0801957771 256.8161621094 1.2772010565 -0.4385520220
526.0203247070 0.0005717293 0.0000000000 0.0806024373 256.7952270508 1.2824585438 -0.4386693835
526.0326538086 0.0005746741 0.0000000000 0.0810103416 256.7611083984 1.2877949476 -0.4387533665
526.2321777344 0.0005776239 0.0000000000 0.0814195946 256.7185668945 1.2932103872 -0.4388136268
526.5407714844 0.0005805794 0.0000000000 0.0818301961 256.6714782715 1.2986538410 -0.4388795495
526.8627319336 0.0005835410 0.0000000000 0.0822421312 256.6241149902 1.3040603399 -0.4389716387
527.1238403320 0.0005865091 0.0000000000 0.0826554224 256.5794372559 1.3094180822 -0.4390970469
527.2675781250 0.0005894840 0.0000000000 0.0830701441 256.5386657715 1.3146760464 -0.4392530322
527.2586669922 0.0005924660 0.0000000000 0.0834863260 256.5023803711 1.3198469877 -0.4394244850
527.0896606445 0.0005954550 0.0000000000 0.0839039832 256.4691772461 1.3249411583 -0.4396027923
526.8093872070 0.0005984510 0.0000000000 0.0843230486 256.4352111816 1.3299920559 -0.4397831261
526.4749145508 0.0006014541 0.0000000000 0.0847434849 256.3992309570 1.3350346088 -0.4399543405
526.1483764648 0.0006044640 0.0000000000 0.0851652175 256.3586425781 1.3400911093 -0.4401055276
525.8745117188 0.0006074806 0.0000000000 0.0855882540 256.3134460449 1.3451989889 -0.4402198792
525.6718139648 0.0006105040 0.0000000000 0.0860125050 256.2651977539 1.3504092693 -0.4403023422
525.5415649414 0.0006135338 0.0000000000 0.0864379108 256.2160644531 1.3557318449 -0.4403696656
525.4701538086 0.0006165706 0.0000000000 0.0868644863 256.1700744629 1.3611323833 -0.4404426217
525.4478149414 0.0006196140 0.0000000000 0.0872922540 256.1302490234 1.3666715622 -0.4405338764
525.4606933594 0.0006226645 0.0000000000 0.0877211392 256.0975036621 1.3723407984 -0.4406449497
525.4963378906 0.0006257221 0.0000000000 0.0881512463 256.0722045898 1.3781335354 -0.4407678843
525.5438842773 0.0006287867 0.0000000000 0.0885825753 256.0535888672 1.3840360641 -0.4408926070
525.5805053711 0.0006318584 0.0000000000 0.0890151560 256.0418395996 1.3900244236 -0.4410054684
525.5955810547 0.0006349373 0.0000000000 0.0894490555 256.0359191895 1.3960770369 -0.4410992861
525.5748901367 0.0006380230 0.0000000000 0.0898843110 256.0350036621 1.4021601677 -0.4411781132
525.5197143555 0.0006411158 0.0000000000 0.0903209001 256.0379028320 1.4082536697 -0.4412471056
525.4345703125 0.0006442156 0.0000000000 0.0907589272 256.0425109863 1.4143445492 -0.4413142204
525.3240966797 0.0006473223 0.0000000000 0.0911983699 256.0473327637 1.4204343557 -0.4413847923
525.1944580078 0.0006504362 0.0000000000 0.0916391984 256.0504760742 1.4265136719 -0.4414615929
525.0565185547 0.0006535570 0.0000000000 0.0920813754 256.0501403809 1.4325860739 -0.4415430427
524.9264526367 0.0006566847 0.0000000000 0.0925249159 256.0455627441 1.4386649132 -0.4416255951
524.8191528320 0.0006598196 0.0000000000 0.0929698348 256.0361938477 1.4447655678 -0.4417039454
524.7367553711 0.0006629618 0.0000000000 0.0934161097 256.0217590332 1.4508900642 -0.4417751133
524.6793823242 0.0006661112 0.0000000000 0.0938637182 256.0041198730 1.4570879936 -0.4418373704
524.6466674805 0.0006692681 0.0000000000 0.0943126902 255.9853210449 1.4633165598 -0.4418918788
524.6378173828 0.0006724328 0.0000000000 0.0947630256 255.9660491943 1.4696460962 -0.4419430196
524.6416015625 0.0006756051 0.0000000000 0.0952147394 255.9485321045 1.4760614634 -0.4419938028
524.6546020508 0.0006787850 0.0000000000 0.0956678316 255.9342193604 1.4825718403 -0.4420443475
524.6716308594 0.0006819729 0.0000000000 0.0961222947 255.9241485596 1.4891802073 -0.4420953989
524.6813964844 0.0006851687 0.0000000000 0.0965781510 255.9193878174 1.4958825111 -0.4421470463
524.6743774414 0.0006883724 0.0000000000 0.0970353857 255.9207611084 1.5026751757 -0.4421977997
524.6458740234 0.0006915839 0.0000000000 0.0974939913 255.9274749756 1.5095437765 -0.4422465861
524.5980224609 0.0006948031 0.0000000000 0.0979539528 255.9386749268 1.5164779425 -0.4422919750
524.5440063477 0.0006980298 0.0000000000 0.0984152406 255.9519958496 1.5234634876 -0.4423332810
524.4846191406 0.0007012639 0.0000000000 0.0988778546 255.9659118652 1.5304890871 -0.4423716068
524.4202880859 0.0007045052 0.0000000000 0.0993418247 255.9792480469 1.5375440121 -0.4424087703
524.3503417969 0.0007077538 0.0000000000 0.0998071060 255.9878082275 1.5446172953 -0.4424450397
524.2801513672 0.0007110097 0.0000000000 0.1002737358 255.9938354492 1.5517128706 -0.4424811602
524.2175292969 0.0007142727 0.0000000000 0.1007416546 255.9971008301 1.5588327646 -0.4425168037
524.1717529297 0.0007175428 0.0000000000 0.1012108997 255.9963989258 1.5659805536 -0.4425519109
524.1343994141 0.0007208200 0.0000000000 0.1016814634 255.9935150146 1.5731703043 -0.4425859451
524.1039428711 0.0007241043 0.0000000000 0.1021533981 255.9884185791 1.5803740025 -0.4426170588
524.0796508789 0.0007273959 0.0000000000 0.1026266739 255.9828491211 1.5876281261 -0.4426461756
524.0590820312 0.0007306950 0.0000000000 0.1031013280 255.9771881104 1.5949300528 -0.4426736832
524.0366821289 0.0007340015 0.0000000000 0.1035773158 255.9721984863 1.6022857428 -0.4426995516
524.0069580078 0.0007373157 0.0000000000 0.1040546820 255.9690704346 1.6097005606 -0.4427233934
523.9729614258 0.0007406374 0.0000000000 0.1045334414 255.9676513672 1.6171722412 -0.4427466989
523.9360351562 0.0007439665 0.0000000000 0.1050135568 255.9677886963 1.6246958971 -0.4427687526
523.8952636719 0.0007473032 0.0000000000 0.1054950431 255.9694976807 1.6322674751 -0.4427888393
523.8505249023 0.0007506473 0.0000000000 0.1059778407 255.9728088379 1.6398828030 -0.4428077936
523.8021240234 0.0007539986 0.0000000000 0.1064619720 255.9774322510 1.6475312710 -0.4428245127
523.7559814453 0.0007573572 0.0000000000 0.1069474220 255.9828338623 1.6552081108 -0.4428399801
523.7117919922 0.0007607229 0.0000000000 0.1074341983 255.9890289307 1.6629210711 -0.4428536892
523.6701049805 0.0007640957 0.0000000000 0.1079223156 256.0026245117 1.6706762314 -0.4428658187
523.6333618164 0.0007674758 0.0000000000 0.1084116623 256.0061035156 1.6784396172 -0.4428769350
523.5981445312 0.0007708629 0.0000000000 0.1089023277 256.0027465820 1.6862094402 -0.4428865314
523.5572509766 0.0007742572 0.0000000000 0.1093942821 256.0039367676 1.6940026283 -0.4428958893
523.5134887695 0.0007776590 0.0000000000 0.1098875254 256.0053100586 1.7018141747 -0.4429044425
523.4745483398 0.0007810683 0.0000000000 0.1103820428 256.0058288574 1.7096379995 -0.4429138303
523.4548950195 0.0007844853 0.0000000000 0.1108778641 256.0046997070 1.7174812555 -0.4429254830
523.4563598633 0.0007879101 0.0000000000 0.1113750190 256.0027465820 1.7253459692 -0.4429349899
523.4688720703 0.0007913432 0.0000000000 0.1118735597 255.9998321533 1.7332364321 -0.4429405332
523.4570922852 0.0007947844 0.0000000000 0.1123734787 255.9963531494 1.7411588430 -0.4429426193
523.4304199219 0.0007982341 0.0000000000 0.1128747389 255.9950714111 1.7491102219 -0.4429447651
523.3963623047 0.0008016920 0.0000000000 0.1133773252 255.9952087402 1.7570886612 -0.4429486990
523.3696899414 0.0008051586 0.0000000000 0.1138813049 255.9949493408 1.7650911808 -0.4429528713
523.3470458984 0.0008086338 0.0000000000 0.1143866330 255.9950408936 1.7731289864 -0.4429558516
523.3281250000 0.0008121178 0.0000000000 0.1148933247 255.9959716797 1.7811956406 -0.4429579973
523.3015136719 0.0008156106 0.0000000000 0.1154013649 255.9997863770 1.7892942429 -0.4429593384
523.2678222656 0.0008191121 0.0000000000 0.1159108356 256.0050659180 1.7974271774 -0.4429599643
523.2266845703 0.0008226221 0.0000000000 0.1164216697 256.0035400391 1.8055992126 -0.4429591894
523.1665649414 0.0008261407 0.0000000000 0.1169338748 256.0030822754 1.8138087988 -0.4429572225
523.0827026367 0.0008296676 0.0000000000 0.1174474210 256.0046691895 1.8220560551 -0.4429550171
522.9846801758 0.0008332032 0.0000000000 0.1179622859 256.0115661621 1.8303352594 -0.4429535568
522.8774414062 0.0008367469 0.0000000000 0.1184785068 256.0213012695 1.8386493921 -0.4429511130
522.7691650391 0.0008402991 0.0000000000 0.1189960167 256.0322875977 1.8469917774 -0.4429481626
522.6670532227 0.0008438595 0.0000000000 0.1195148528 256.0439147949 1.8553633690 -0.4429445863
522.5761108398 0.0008474280 0.0000000000 0.1200349852 256.0549316406 1.8637667894 -0.4429394603
522.4895019531 0.0008510047 0.0000000000 0.1205564886 256.0658874512 1.8721964359 -0.4429333210
522.4124755859 0.0008545893 0.0000000000 0.1210793033 256.0762023926 1.8806456327 -0.4429262280
522.3494873047 0.0008581819 0.0000000000 0.1216034517 256.0854187012 1.8891155720 -0.4429181814
522.2948608398 0.0008617822 0.0000000000 0.1221289039 256.0935668945 1.8976063728 -0.4429098964
522.2525634766 0.0008653903 0.0000000000 0.1226556972 256.1004638672 1.9061204195 -0.4429010749
522.2194824219 0.0008690066 0.0000000000 0.1231838465 256.1065979004 1.9146630764 -0.4428917170
522.1972045898 0.0008726310 0.0000000000 0.1237133667 256.1118469238 1.9232394695 -0.4428828359
522.1832885742 0.0008762635 0.0000000000 0.1242442057 256.1158447266 1.9318542480 -0.4428731501
522.1699829102 0.0008799040 0.0000000000 0.1247764453 256.1191406250 1.9404940605 -0.4428628087
522.1398315430 0.0008835529 0.0000000000 0.1253100187 256.1230773926 1.9490531683 -0.4428491294
522.0801391602 0.0008872099 0.0000000000 0.1258449703 256.1287841797 1.9576140642 -0.4428350031
521.9869995117 0.0008908749 0.0000000000 0.1263812482 256.1366882324 1.9662519693 -0.4428201616
521.8610229492 0.0008945482 0.0000000000 0.1269188523 256.1466064453 1.9749500751 -0.4428045154
521.7044677734 0.0008982295 0.0000000000 0.1274578124 256.1587219238 1.9837012291 -0.4427888393
521.5374145508 0.0009019183 0.0000000000 0.1279981136 256.1707763672 1.9924916029 -0.4427728057
521.3825073242 0.0009056146 0.0000000000 0.1285396814 256.1819152832 2.0013163090 -0.4427551329
521.2549438477 0.0009093180 0.0000000000 0.1290825456 256.1910400391 2.0101792812 -0.4427370727
521.1604003906 0.0009130285 0.0000000000 0.1296266317 256.1983642578 2.0190770626 -0.4427183867
521.0984497070 0.0009167462 0.0000000000 0.1301719248 256.2034606934 2.0280110836 -0.4426990151
521.0697631836 0.0009204709 0.0000000000 0.1307185292 256.2063903809 2.0369775295 -0.4426795244
521.0626831055 0.0009242033 0.0000000000 0.1312663406 256.2078857422 2.0459659100 -0.4426592588
521.0621948242 0.0009279432 0.0000000000 0.1318154186 256.2082824707 2.0549645424 -0.4426378608
521.0463256836 0.0009316909 0.0000000000 0.1323657930 256.2090148926 2.0639753342 -0.4426160753
521.0078125000 0.0009354469 0.0000000000 0.1329175085 256.2107543945 2.0730085373 -0.4425935149
520.9360351562 0.0009392108 0.0000000000 0.1334705353 256.2150878906 2.0820822716 -0.4425705671
520.8256225586 0.0009429828 0.0000000000 0.1340249032 256.2228393555 2.0912189484 -0.4425464869
520.6840209961 0.0009467627 0.0000000000 0.1345805973 256.2334594727 2.1002843380 -0.4425221980
520.5256958008 0.0009505503 0.0000000000 0.1351376027 256.2457275391 2.1093432903 -0.4424972832
520.3710937500 0.0009543453 0.0000000000 0.1356958598 256.2589416504 2.1184744835 -0.4424712062
520.2337646484 0.0009581475 0.0000000000 0.1362554282 256.2725524902 2.1276538372 -0.4424453378
520.1295776367 0.0009619567 0.0000000000 0.1368162483 256.2832641602 2.1368737221 -0.4424198270
520.0650024414 0.0009657729 0.0000000000 0.1373783797 256.2919921875 2.1461291313 -0.4423938096
520.0321044922 0.0009695964 0.0000000000 0.1379418075 256.2992248535 2.1554198265 -0.4423664808
520.0196533203 0.0009734276 0.0000000000 0.1385065913 256.3055419922 2.1647424698 -0.4423387647
520.0239868164 0.0009772665 0.0000000000 0.1390727460 256.3112487793 2.1740925312 -0.4423098266
520.0336914062 0.0009811132 0.0000000000 0.1396402568 256.3168640137 2.1834683418 -0.4422803819
520.0383911133 0.0009849684 0.0000000000 0.1402091384 256.3234252930 2.1928763390 -0.4422502518
520.0184936523 0.0009888321 0.0000000000 0.1407794058 256.3326416016 2.2023165226 -0.4422193468
519.9663696289 0.0009927045 0.0000000000 0.1413511187 256.3452453613 2.2117950916 -0.4421875477
519.8751220703 0.0009965856 0.0000000000 0.1419241875 256.3619384766 2.2213160992 -0.4421562552
519.7553710938 0.0010004754 0.0000000000 0.1424986869 256.3822631836 2.2308845520 -0.4421247840
519.6169433594 0.0010043738 0.0000000000 0.1430744827 256.4063110352 2.2405107021 -0.4420925677
519.4672241211 0.0010082803 0.0000000000 0.1436515599 256.4289855957 2.2501859665 -0.4420598745
519.3222045898 0.0010121948 0.0000000000 0.1442299187 256.4494018555 2.2597975731 -0.4420263171
519.1945190430 0.0010161172 0.0000000000 0.1448094845 256.4699096680 2.2694208622 -0.4419916868
519.1013793945 0.0010200473 0.0000000000 0.1453903019 256.4878845215 2.2790956497 -0.4419576824
519.0429687500 0.0010239851 0.0000000000 0.1459723413 256.5029296875 2.2888088226 -0.4419234395
519.0043945312 0.0010279308 0.0000000000 0.1465556473 256.5161437988 2.2985520363 -0.4418885410
518.9751586914 0.0010318846 0.0000000000 0.1471401900 256.5282592773 2.3083214760 -0.4418527186
518.9448242188 0.0010358467 0.0000000000 0.1477259696 256.5401000977 2.3181183338 -0.4418168962
518.9093627930 0.0010398170 0.0000000000 0.1483130008 256.5520629883 2.3279447556 -0.4417803288
518.8646850586 0.0010437955 0.0000000000 0.1489012092 256.5642395020 2.3378093243 -0.4417437911
518.8079833984 0.0010477823 0.0000000000 0.1494907439 256.5765991211 2.3477139473 -0.4417072535
518.7318725586 0.0010517769 0.0000000000 0.1500815451 256.5902709961 2.3576524258 -0.4416704476
518.6315917969 0.0010557800 0.0000000000 0.1506735831 256.6057739258 2.3676378727 -0.4416327477
518.5096435547 0.0010597910 0.0000000000 0.1512668431 256.6228027344 2.3776903152 -0.4415940940
518.3815917969 0.0010638097 0.0000000000 0.1518613398 256.6405639648 2.3877937794 -0.4415554702
518.2526855469 0.0010678362 0.0000000000 0.1524570137 256.6585998535 2.3979251385 -0.4415164590
518.1256713867 0.0010718703 0.0000000000 0.1530538946 256.6768798828 2.4080824852 -0.4414771199
518.0137329102 0.0010759122 0.0000000000 0.1536519825 256.6941528320 2.4182660580 -0.4414375424
517.9162597656 0.0010799613 0.0000000000 0.1542512476 256.7101440430 2.4284753799 -0.4413975477
517.8283691406 0.0010840178 0.0000000000 0.1548516452 256.7257080078 2.4387135506 -0.4413567185
517.7473754883 0.0010880819 0.0000000000 0.1554532051 256.7405395508 2.4489817619 -0.4413156807
517.6675415039 0.0010921534 0.0000000000 0.1560559720 256.7554931641 2.4592876434 -0.4412747920
517.5869750977 0.0010962324 0.0000000000 0.1566599607 256.7709045410 2.4696261883 -0.4412329197
517.4966430664 0.0011003187 0.0000000000 0.1572651267 256.7875061035 2.4799964428 -0.4411907792
517.4046020508 0.0011044126 0.0000000000 0.1578715444 256.8045043945 2.4903960228 -0.4411487877
517.3096923828 0.0011085137 0.0000000000 0.1584791541 256.8224487305 2.5008225441 -0.4411068857
517.2186889648 0.0011126222 0.0000000000 0.1590880454 256.8406066895 2.5112671852 -0.4410649836
517.1296997070 0.0011167382 0.0000000000 0.1596981734 256.8589477539 2.5217361450 -0.4410228729
517.0460815430 0.0011208621 0.0000000000 0.1603095531 256.8772583008 2.5322337151 -0.4409802258
516.9783325195 0.0011249939 0.0000000000 0.1609222591 256.8942871094 2.5427699089 -0.4409378469
516.9262084961 0.0011291339 0.0000000000 0.1615363061 256.9096069336 2.5533361435 -0.4408957362
516.8820190430 0.0011332822 0.0000000000 0.1621516347 256.9239807129 2.5639364719 -0.4408527017
516.8331909180 0.0011374388 0.0000000000 0.1627683043 256.9382629395 2.5745744705 -0.4408089519
516.7703857422 0.0011416040 0.0000000000 0.1633862853 256.9530639648 2.5852501392 -0.4407644570
516.6770629883 0.0011457774 0.0000000000 0.1640055925 256.9696655273 2.5959634781 -0.4407192171
516.5545654297 0.0011499597 0.0000000000 0.1646262258 256.9887084961 2.6067197323 -0.4406744540
516.4100341797 0.0011541501 0.0000000000 0.1652482003 257.0102844238 2.6175231934 -0.4406297505
516.2450561523 0.0011583489 0.0000000000 0.1658714116 257.0341796875 2.6283764839 -0.4405852854
516.0755004883 0.0011625553 0.0000000000 0.1664959192 257.0595397949 2.6392741203 -0.4405401945
515.9087524414 0.0011667690 0.0000000000 0.1671216637 257.0852661133 2.6502087116 -0.4404951036
515.7603149414 0.0011709902 0.0000000000 0.1677485108 257.1103210449 2.6611740589 -0.4404499233
515.6234130859 0.0011752178 0.0000000000 0.1683765352 257.1354064941 2.6721680164 -0.4404047728
515.5130615234 0.0011794524 0.0000000000 0.1690056473 257.1588439941 2.6831846237 -0.4403587282
515.4301147461 0.0011836938 0.0000000000 0.1696359217 257.1811523438 2.6942229271 -0.4403130412
515.3724365234 0.0011879420 0.0000000000 0.1702673286 257.1999816895 2.7052636147 -0.4402664006
515.3328857422 0.0011921971 0.0000000000 0.1708998978 257.2163696289 2.7163157463 -0.4402199090
515.2916870117 0.0011964592 0.0000000000 0.1715336740 257.2332458496 2.7273943424 -0.4401725531
515.2309570312 0.0012007288 0.0000000000 0.1721686870 257.2520751953 2.7384912968 -0.4401245117
515.1419067383 0.0012050058 0.0000000000 0.1728049070 257.2735595703 2.7495977879 -0.4400767982
515.0325927734 0.0012092908 0.0000000000 0.1734423637 257.2966308594 2.7607274055 -0.4400288165
514.9146118164 0.0012135835 0.0000000000 0.1740810722 257.3205871582 2.7718956470 -0.4399815202
514.7926025391 0.0012178839 0.0000000000 0.1747210175 257.3442077637 2.7831025124 -0.4399342239
514.6662597656 0.0012221921 0.0000000000 0.1753622144 257.3681335449 2.7943501472 -0.4398865402
514.5447998047 0.0012265081 0.0000000000 0.1760046184 257.3914794922 2.8056323528 -0.4398391843
514.4352416992 0.0012308316 0.0000000000 0.1766482294 257.4143066406 2.8169491291 -0.4397915900
514.3410034180 0.0012351627 0.0000000000 0.1772930771 257.4367370605 2.8283047676 -0.4397444427
514.2596435547 0.0012395014 0.0000000000 0.1779391766 257.4587402344 2.8396997452 -0.4396973848
514.1878051758 0.0012438477 0.0000000000 0.1785864979 257.4801330566 2.8511359692 -0.4396505058
514.1223144531 0.0012482015 0.0000000000 0.1792350709 257.5010681152 2.8626079559 -0.4396038055
514.0593261719 0.0012525630 0.0000000000 0.1798849553 257.5211791992 2.8741161823 -0.4395569563
513.9946899414 0.0012569327 0.0000000000 0.1805361509 257.5408020020 2.8856637478 -0.4395096600
513.9163818359 0.0012613107 0.0000000000 0.1811886281 257.5607604980 2.8972527981 -0.4394622743
513.8268432617 0.0012656972 0.0000000000 0.1818423718 257.5806579590 2.9088778496 -0.4394147098
513.7318115234 0.0012700917 0.0000000000 0.1824973226 257.6000061035 2.9205288887 -0.4393662810
513.6333007812 0.0012744948 0.0000000000 0.1831535101 257.6186218262 2.9322044849 -0.4393183887
513.5332641602 0.0012789061 0.0000000000 0.1838109344 257.6369628906 2.9439077377 -0.4392705262
513.4280395508 0.0012833261 0.0000000000 0.1844694614 257.6557312012 2.9556438923 -0.4392229617
513.3137207031 0.0012877543 0.0000000000 0.1851292104 257.6750488281 2.9674072266 -0.4391757846
513.1939697266 0.0012921909 0.0000000000 0.1857901961 257.6956787109 2.9792029858 -0.4391285777
513.0763549805 0.0012966357 0.0000000000 0.1864523292 257.7179260254 2.9910280704 -0.4390816987
512.9633789062 0.0013010886 0.0000000000 0.1871156096 257.7423095703 3.0028815269 -0.4390354156
512.8538818359 0.0013055489 0.0000000000 0.1877800524 257.7599182129 3.0147540569 -0.4389892519
512.7478637695 0.0013100171 0.0000000000 0.1884457022 257.7734680176 3.0266394615 -0.4389435947
512.6481933594 0.0013144928 0.0000000000 0.1891124845 257.7896423340 3.0385372639 -0.4388982952
512.5509033203 0.0013189759 0.0000000000 0.1897803843 257.8064880371 3.0504553318 -0.4388540983
512.4545288086 0.0013234665 0.0000000000 0.1904494911 257.8231811523 3.0623881817 -0.4388096929
512.3560791016 0.0013279649 0.0000000000 0.1911197305 257.8393859863 3.0743286610 -0.4387649298
512.2466430664 0.0013324711 0.0000000000 0.1917911768 257.8558349609 3.0862815380 -0.4387209415
512.1248168945 0.0013369853 0.0000000000 0.1924638152 257.8727416992 3.0982575417 -0.4386768043
511.9966125488 0.0013415077 0.0000000000 0.1931376606 257.8896789551 3.1102595329 -0.4386322498
511.8642578125 0.0013460381 0.0000000000 0.1938126683 257.9064025879 3.1222836971 -0.4385879934
511.7405090332 0.0013505764 0.0000000000 0.1944888979 257.9221801758 3.1343328953 -0.4385439157
511.6358032227 0.0013551229 0.0000000000 0.1951664090 257.9362792969 3.1464092731 -0.4385002851
511.5576782227 0.0013596776 0.0000000000 0.1958451718 257.9485168457 3.1585211754 -0.4384572506
511.5039978027 0.0013642409 0.0000000000 0.1965252012 257.9592590332 3.1706717014 -0.4384136200
511.4741821289 0.0013688131 0.0000000000 0.1972065866 257.9685363770 3.1828601360 -0.4383701384
511.4545593262 0.0013733940 0.0000000000 0.1978893578 257.9777526855 3.1950862408 -0.4383268654
511.4210510254 0.0013779846 0.0000000000 0.1985734701 257.9885253906 3.2073485851 -0.4382824302
511.3596191406 0.0013825847 0.0000000000 0.1992589980 258.0017089844 3.2196578979 -0.4382378459
511.2618408203 0.0013871939 0.0000000000 0.1999459118 258.0184020996 3.2320215702 -0.4381933808
511.1328125000 0.0013918126 0.0000000000 0.2006341666 258.0382995605 3.2444329262 -0.4381490946
510.9879760742 0.0013964404 0.0000000000 0.2013237327 258.0601806641 3.2568836212 -0.4381048679
510.8398742676 0.0014010769 0.0000000000 0.2020146549 258.0825500488 3.2693626881 -0.4380609393
510.6982421875 0.0014057218 0.0000000000 0.2027068287 258.1046752930 3.2818596363 -0.4380164742
510.5599975586 0.0014103741 0.0000000000 0.2034003139 258.1268005371 3.2943761349 -0.4379723370
510.4547729492 0.0014150338 0.0000000000 0.2040951103 258.1469421387 3.3069074154 -0.4379273057
510.3920593262 0.0014197007 0.0000000000 0.2047912031 258.1640930176 3.3194522858 -0.4378818870
510.3678894043 0.0014243746 0.0000000000 0.2054886669 258.1783447266 3.3320062160 -0.4378369451
510.3659362793 0.0014290561 0.0000000000 0.2061873972 258.1910705566 3.3445608616 -0.4377919436
510.3555297852 0.0014337458 0.0000000000 0.2068874091 258.2046813965 3.3571276665 -0.4377469718
510.3174743652 0.0014384442 0.0000000000 0.2075886875 258.2210388184 3.3697211742 -0.4377016425
510.2440490723 0.0014431510 0.0000000000 0.2082912922 258.2404785156 3.3823428154 -0.4376567304
510.1463317871 0.0014478664 0.0000000000 0.2089951485 258.2619018555 3.3949959278 -0.4376124442
510.0382385254 0.0014525903 0.0000000000 0.2097002864 258.2840576172 3.4076807499 -0.4375680685
509.9321594238 0.0014573224 0.0000000000 0.2104066759 258.3059082031 3.4203832150 -0.4375241995
509.8362426758 0.0014620627 0.0000000000 0.2111142129 258.3269042969 3.4330968857 -0.4374807775
509.7491149902 0.0014668111 0.0000000000 0.2118229568 258.3473815918 3.4458296299 -0.4374380112
509.6882629395 0.0014715677 0.0000000000 0.2125329226 258.3654785156 3.4585695267 -0.4373954833
509.6594848633 0.0014763330 0.0000000000 0.2132440805 258.3811035156 3.4713208675 -0.4373539686
509.6451416016 0.0014811074 0.0000000000 0.2139565200 258.3957214355 3.4840872288 -0.4373129010
509.6483764648 0.0014858908 0.0000000000 0.2146701515 258.4089660645 3.4968748093 -0.4372732341
509.6477966309 0.0014906838 0.0000000000 0.2153850943 258.4224243164 3.5096864700 -0.4372331798
509.6240844727 0.0014954865 0.0000000000 0.2161013931 258.4371643066 3.5225024223 -0.4371936023
509.5732727051 0.0015002985 0.0000000000 0.2168190330 258.4539489746 3.5353655815 -0.4371547401
509.4953613281 0.0015051198 0.0000000000 0.2175381184 258.4725952148 3.5482716560 -0.4371162057
509.3796386719 0.0015099505 0.0000000000 0.2182586342 258.4938354492 3.5612320900 -0.4370776713
509.2352294922 0.0015147900 0.0000000000 0.2189804912 258.5172424316 3.5742409229 -0.4370396137
509.0736083984 0.0015196385 0.0000000000 0.2197036892 258.5416870117 3.5872876644 -0.4370025992
508.9000244141 0.0015244955 0.0000000000 0.2204281688 258.5671386719 3.6003856659 -0.4369656444
508.7356262207 0.0015293611 0.0000000000 0.2211538553 258.5920410156 3.6135227680 -0.4369286001
508.6004028320 0.0015342346 0.0000000000 0.2218807787 258.6151123047 3.6266784668 -0.4368922412
508.4864807129 0.0015391156 0.0000000000 0.2226089090 258.6368408203 3.6398608685 -0.4368568361
508.3944702148 0.0015440045 0.0000000000 0.2233383060 258.6575012207 3.6530675888 -0.4368213117
508.3211669922 0.0015489011 0.0000000000 0.2240690291 258.6770324707 3.6662988663 -0.4367858171
508.2595825195 0.0015538051 0.0000000000 0.2248010635 258.6958312988 3.6795644760 -0.4367505908
508.1927185059 0.0015587164 0.0000000000 0.2255344242 258.7149658203 3.6928620338 -0.4367154837
508.1118164062 0.0015636354 0.0000000000 0.2262691855 258.7351989746 3.7061924934 -0.4366806448
508.0162048340 0.0015685618 0.0000000000 0.2270053029 258.7568664551 3.7195525169 -0.4366459250
507.9058227539 0.0015734959 0.0000000000 0.2277427167 258.7796020508 3.7329373360 -0.4366115332
507.7945556641 0.0015784374 0.0000000000 0.2284814119 258.8023986816 3.7463369370 -0.4365773797
507.6790161133 0.0015833870 0.0000000000 0.2292214036 258.8254394531 3.7597661018 -0.4365437329
507.5575866699 0.0015883445 0.0000000000 0.2299626619 258.8486328125 3.7732088566 -0.4365096092
507.4342956543 0.0015933098 0.0000000000 0.2307052165 258.8717956543 3.7866899967 -0.4364761114
507.3143920898 0.0015982833 0.0000000000 0.2314491123 258.8944702148 3.8002099991 -0.4364427328
507.1972045898 0.0016032646 0.0000000000 0.2321943194 258.9163818359 3.8137636185 -0.4364099503
507.0947875977 0.0016082538 0.0000000000 0.2329408377 258.9365844727 3.8273561001 -0.4363773763
507.0033874512 0.0016132511 0.0000000000 0.2336886823 258.9558410645 3.8409919739 -0.4363445342
506.9211425781 0.0016182564 0.0000000000 0.2344377786 258.9746093750 3.8546695709 -0.4363119602
506.8457336426 0.0016232701 0.0000000000 0.2351882011 258.9931640625 3.8683879375 -0.4362797141
506.7721557617 0.0016282917 0.0000000000 0.2359399199 259.0122680664 3.8821525574 -0.4362480938
506.6896972656 0.0016333214 0.0000000000 0.2366928905 259.0324401855 3.8959691525 -0.4362169504
506.5990600586 0.0016383588 0.0000000000 0.2374471873 259.0541687012 3.9098265171 -0.4361859858
506.5094299316 0.0016434041 0.0000000000 0.2382027507 259.0766906738 3.9236996174 -0.4361554384
506.4211425781 0.0016484573 0.0000000000 0.2389595807 259.0997924805 3.9375729561 -0.4361247420
506.3403930664 0.0016535178 0.0000000000 0.2397176623 259.1226196289 3.9514307976 -0.4360945821
506.2615356445 0.0016585855 0.0000000000 0.2404769063 259.1455383301 3.9652736187 -0.4360654354
506.1808776855 0.0016636610 0.0000000000 0.2412373871 259.1688232422 3.9791109562 -0.4360365868
506.0995788574 0.0016687440 0.0000000000 0.2419990748 259.1922912598 3.9929339886 -0.4360084534
506.0169982910 0.0016738354 0.0000000000 0.2427620590 259.2157287598 4.0067577362 -0.4359802902
505.9327087402 0.0016789350 0.0000000000 0.2435263097 259.2391967773 4.0205912590 -0.4359525144
505.8527221680 0.0016840437 0.0000000000 0.2442918271 259.2622985840 4.0344362259 -0.4359254241
505.7824401855 0.0016891614 0.0000000000 0.2450586259 259.2853088379 4.0483064651 -0.4358986616
505.7153320312 0.0016942882 0.0000000000 0.2458267212 259.3194580078 4.0622243881 -0.4358727634
505.6604919434 0.0016994246 0.0000000000 0.2465961576 259.3337402344 4.0761804581 -0.4358468354
505.5975646973 0.0017045701 0.0000000000 0.2473669201 259.3541564941 4.0901975632 -0.4358206987
505.5256958008 0.0017097254 0.0000000000 0.2481390834 259.3793029785 4.1042881012 -0.4357947707
505.4411621094 0.0017148900 0.0000000000 0.2489126921 259.4065246582 4.1184473038 -0.4357694387
505.3458251953 0.0017200644 0.0000000000 0.2496877462 259.4352416992 4.1326589584 -0.4357443452
505.2470092773 0.0017252483 0.0000000000 0.2504641116 259.4649047852 4.1469130516 -0.4357206225
505.1492919922 0.0017304412 0.0000000000 0.2512417436 259.4948425293 4.1612157822 -0.4356970787
505.0483398438 0.0017356435 0.0000000000 0.2520206571 259.5250854492 4.1755547523 -0.4356742799
504.9478454590 0.0017408545 0.0000000000 0.2528007627 259.5555725098 4.1899294853 -0.4356528223
504.8541870117 0.0017460744 0.0000000000 0.2535820603 259.5855407715 4.2043366432 -0.4356315732
504.7620544434 0.0017513027 0.0000000000 0.2543645203 259.6151428223 4.2187557220 -0.4356115460
504.6608581543 0.0017565395 0.0000000000 0.2551482022 259.6449584961 4.2331871986 -0.4355913401
504.5603637695 0.0017617838 0.0000000000 0.2559331059 259.6742858887 4.2476201057 -0.4355720282
504.4543457031 0.0017670363 0.0000000000 0.2567192316 259.7038879395 4.2620496750 -0.4355534911
504.3497924805 0.0017722960 0.0000000000 0.2575065792 259.7326354980 4.2764749527 -0.4355345964
504.2408752441 0.0017775627 0.0000000000 0.2582952678 259.7613220215 4.2909145355 -0.4355163276
504.1234741211 0.0017828363 0.0000000000 0.2590852082 259.7903442383 4.3053774834 -0.4354986250
504.0017700195 0.0017881168 0.0000000000 0.2598764300 259.8194580078 4.3198676109 -0.4354808927
503.8901977539 0.0017934040 0.0000000000 0.2606689334 259.8479614258 4.3343930244 -0.4354632497
503.7927856445 0.0017986983 0.0000000000 0.2614626586 259.8753051758 4.3489413261 -0.4354458153
503.7246704102 0.0018039997 0.0000000000 0.2622576654 259.9006042480 4.3635158539 -0.4354286790
503.6897888184 0.0018093090 0.0000000000 0.2630540431 259.9238891602 4.3781085014 -0.4354123175
503.6862182617 0.0018146270 0.0000000000 0.2638517618 259.9454040527 4.3927078247 -0.4353966117
503.6824951172 0.0018199539 0.0000000000 0.2646508515 259.9674987793 4.4073314667 -0.4353804886
503.6775817871 0.0018252905 0.0000000000 0.2654514015 259.9901123047 4.4219737053 -0.4353651106
503.6655578613 0.0018306373 0.0000000000 0.2662534118 260.0135498047 4.4366278648 -0.4353505969
503.6351623535 0.0018359944 0.0000000000 0.2670569420 260.0385742188 4.4512867928 -0.4353354871
503.5791320801 0.0018413618 0.0000000000 0.2678619623 260.0664062500 4.4659614563 -0.4353208542
503.4894104004 0.0018467393 0.0000000000 0.2686684132 260.0948486328 4.4806632996 -0.4353060126
503.3624267578 0.0018521270 0.0000000000 0.2694763243 260.1271667480 4.4953989983 -0.4352920949
503.2031250000 0.0018575250 0.0000000000 0.2702857256 260.1621704102 4.5101747513 -0.4352786541
503.0277709961 0.0018629326 0.0000000000 0.2710965872 260.1984252930 4.5250058174 -0.4352654219
502.8531799316 0.0018683494 0.0000000000 0.2719088495 260.2345581055 4.5398893356 -0.4352530837
502.6929321289 0.0018737749 0.0000000000 0.2727223635 260.2697143555 4.5548219681 -0.4352402687
502.5632019043 0.0018792091 0.0000000000 0.2735372484 260.3027648926 4.5697917938 -0.4352279603
502.4628906250 0.0018846515 0.0000000000 0.2743533254 260.3339538574 4.5847854614 -0.4352165461
502.3830871582 0.0018901022 0.0000000000 0.2751707733 260.3634643555 4.5997939110 -0.4352052510
502.3250732422 0.0018955615 0.0000000000 0.2759895325 260.3912658691 4.6147942543 -0.4351944327
502.2756958008 0.0019010286 0.0000000000 0.2768095732 260.4181213379 4.6297802925 -0.4351834059
502.2353210449 0.0019065035 0.0000000000 0.2776308954 260.4437561035 4.6447410583 -0.4351734817
502.2072143555 0.0019119864 0.0000000000 0.2784535289 260.4679870605 4.6596660614 -0.4351638854
502.1683349609 0.0019174779 0.0000000000 0.2792775631 260.4922485352 4.6745619774 -0.4351546764
502.1243591309 0.0019229779 0.0000000000 0.2801028192 260.5163269043 4.6894345284 -0.4351452589
502.0573120117 0.0019284870 0.0000000000 0.2809295058 260.5418090820 4.7042951584 -0.4351365268
501.9763793945 0.0019340056 0.0000000000 0.2817575634 260.5684814453 4.7191724777 -0.4351275563
501.8763427734 0.0019395333 0.0000000000 0.2825870216 260.5963745117 4.7340798378 -0.4351187646
501.7603759766 0.0019450701 0.0000000000 0.2834179401 260.6243286133 4.7490258217 -0.4351099133
501.6445312500 0.0019506156 0.0000000000 0.2842501998 260.6506958008 4.7640175819 -0.4351010621
501.5312805176 0.0019561697 0.0000000000 0.2850838304 260.6760253906 4.7790541649 -0.4350927472
501.4437866211 0.0019617309 0.0000000000 0.2859187722 260.6996765137 4.7941050529 -0.4350846708
501.3908996582 0.0019673000 0.0000000000 0.2867549062 260.7216491699 4.8091535568 -0.4350768924
501.3654174805 0.0019728765 0.0000000000 0.2875925004 260.7423095703 4.8242163658 -0.4350698292
501.3562316895 0.0019784614 0.0000000000 0.2884312868 260.7625732422 4.8392767906 -0.4350634813
501.3529357910 0.0019840549 0.0000000000 0.2892714739 260.7834777832 4.8543415070 -0.4350570738
501.3315734863 0.0019896580 0.0000000000 0.2901130617 260.8062133789 4.8694138527 -0.4350504875
501.2754516602 0.0019952715 0.0000000000 0.2909560800 260.8300170898 4.8844833374 -0.4350437522
501.1900939941 0.0020008949 0.0000000000 0.2918005586 260.8542480469 4.8995175362 -0.4350374341
501.0945434570 0.0020065270 0.0000000000 0.2926463485 260.8786621094 4.9145107269 -0.4350313842
500.9901123047 0.0020121671 0.0000000000 0.2934934795 260.9042663574 4.9294986725 -0.4350253940
500.8807067871 0.0020178158 0.0000000000 0.2943418622 260.9307861328 4.9444985390 -0.4350198507
500.7704772949 0.0020234722 0.0000000000 0.2951914072 260.9574279785 4.9594941139 -0.4350144863
500.6604003906 0.0020291368 0.0000000000 0.2960422635 260.9839172363 4.9744791985 -0.4350101948
500.5438537598 0.0020348090 0.0000000000 0.2968942821 261.0111389160 4.9895067215 -0.4350058138
500.4346313477 0.0020404884 0.0000000000 0.2977476120 261.0379943848 5.0045576096 -0.4350018203
500.3337097168 0.0020461748 0.0000000000 0.2986021936 261.0647583008 5.0196266174 -0.4349981248
500.2470092773 0.0020518685 0.0000000000 0.2994580269 261.0916748047 5.0346965790 -0.4349948168
500.1917419434 0.0020575686 0.0000000000 0.3003151417 261.1182556152 5.0497450829 -0.4349914789
500.1606750488 0.0020632762 0.0000000000 0.3011735380 261.1448364258 5.0647602081 -0.4349880219
500.1334228516 0.0020689913 0.0000000000 0.3020334244 261.1710815430 5.0797438622 -0.4349853396
500.1130371094 0.0020747148 0.0000000000 0.3028947115 261.1942749023 5.0946879387 -0.4349828660
500.0740966797 0.0020804461 0.0000000000 0.3037575185 261.2131042480 5.1096115112 -0.4349808097
500.0007934570 0.0020861868 0.0000000000 0.3046218455 261.2283935547 5.1245579720 -0.4349784255
499.9136657715 0.0020919361 0.0000000000 0.3054877520 261.2415771484 5.1395201683 -0.4349765182
499.8369140625 0.0020976942 0.0000000000 0.3063551486 261.2542724609 5.1544961929 -0.4349745512
499.7738037109 0.0021034617 0.0000000000 0.3072240055 261.2680969238 5.1694998741 -0.4349730611
499.7154541016 0.0021092382 0.0000000000 0.3080942631 261.2842407227 5.1845378876 -0.4349715114
499.6614379883 0.0021150247 0.0000000000 0.3089660406 261.3022460938 5.1996030807 -0.4349707365
499.6182250977 0.0021208206 0.0000000000 0.3098392189 261.3213195801 5.2146878242 -0.4349702597
499.5845947266 0.0021266269 0.0000000000 0.3107139468 261.3406982422 5.2298002243 -0.4349700809
499.5748596191 0.0021324437 0.0000000000 0.3115901649 261.3591003418 5.2449145317 -0.4349702597
499.5727233887 0.0021382705 0.0000000000 0.3124679029 261.3765563965 5.2600188255 -0.4349714518
499.5837707520 0.0021441078 0.0000000000 0.3133471012 261.3927001953 5.2750968933 -0.4349727631
499.5805664062 0.0021499561 0.0000000000 0.3142279088 261.4093322754 5.2901778221 -0.4349738061
499.5560913086 0.0021558153 0.0000000000 0.3151102662 261.4269714355 5.3052778244 -0.4349752665
499.5056152344 0.0021616851 0.0000000000 0.3159942031 261.4459228516 5.3204092979 -0.4349762797
499.4208679199 0.0021675657 0.0000000000 0.3168796599 261.4663085938 5.3355722427 -0.4349780679
499.3185729980 0.0021734564 0.0000000000 0.3177667260 261.4883117676 5.3507914543 -0.4349801540
499.2081298828 0.0021793568 0.0000000000 0.3186553419 261.5112609863 5.3660631180 -0.4349822402
499.1036987305 0.0021852669 0.0000000000 0.3195453882 261.5344543457 5.3813838959 -0.4349845946
499.0183410645 0.0021911871 0.0000000000 0.3204368055 261.5561828613 5.3967156410 -0.4349872470
498.9570617676 0.0021971161 0.0000000000 0.3213295341 261.5750427246 5.4120368958 -0.4349904060
498.9291076660 0.0022030543 0.0000000000 0.3222236037 261.5911865234 5.4273324013 -0.4349941313
498.9148559570 0.0022090017 0.0000000000 0.3231189847 261.6058654785 5.4426159859 -0.4349981248
498.9168090820 0.0022149587 0.0000000000 0.3240158260 261.6196594238 5.4578843117 -0.4350024760
498.9097290039 0.0022209259 0.0000000000 0.3249141276 261.6338806152 5.4731593132 -0.4350065589
498.8751525879 0.0022269031 0.0000000000 0.3258139491 261.6497802734 5.4884462357 -0.4350107312
498.8130187988 0.0022328899 0.0000000000 0.3267151713 261.6670837402 5.5037450790 -0.4350152314
498.7245788574 0.0022388867 0.0000000000 0.3276179433 261.6858215332 5.5190720558 -0.4350201190
498.5964050293 0.0022448930 0.0000000000 0.3285220563 261.7066955566 5.5344500542 -0.4350253940
498.4443664551 0.0022509079 0.0000000000 0.3294276297 261.7294616699 5.5498838425 -0.4350313544
498.2778320312 0.0022569306 0.0000000000 0.3303344846 261.7536010742 5.5653743744 -0.4350372851
498.1282348633 0.0022629595 0.0000000000 0.3312425613 261.7770996094 5.5808820724 -0.4350439608
498.0051574707 0.0022689952 0.0000000000 0.3321519196 261.7992248535 5.5963854790 -0.4350509644
497.9009399414 0.0022750371 0.0000000000 0.3330625296 261.8204650879 5.6118922234 -0.4350588322
497.8056640625 0.0022810858 0.0000000000 0.3339743912 261.8416442871 5.6273946762 -0.4350675344
497.7318115234 0.0022871413 0.0000000000 0.3348875046 261.8616943359 5.6428494453 -0.4350768328
497.6800842285 0.0022932035 0.0000000000 0.3358019590 261.8800659180 5.6582455635 -0.4350865185
497.6394958496 0.0022992727 0.0000000000 0.3367176354 261.8976440430 5.6735858917 -0.4350959659
497.5947570801 0.0023053496 0.0000000000 0.3376347125 261.9154052734 5.6888985634 -0.4351058602
497.5447692871 0.0023114341 0.0000000000 0.3385531604 261.9335021973 5.7041926384 -0.4351156056
497.4666137695 0.0023175261 0.0000000000 0.3394730091 261.9533691406 5.7194976807 -0.4351255894
497.3641052246 0.0023236261 0.0000000000 0.3403942883 261.9749145508 5.7348241806 -0.4351357222
497.2456970215 0.0023297332 0.0000000000 0.3413169980 261.9972839355 5.7501821518 -0.4351455569
497.1264343262 0.0023358478 0.0000000000 0.3422410488 262.0198364258 5.7655735016 -0.4351555109
497.0129394531 0.0023419699 0.0000000000 0.3431664705 262.0421447754 5.7809767723 -0.4351654947
496.9210815430 0.0023480984 0.0000000000 0.3440932631 262.0632629395 5.7963714600 -0.4351749718
496.8736572266 0.0023542335 0.0000000000 0.3450213671 262.0817260742 5.8117322922 -0.4351848960
496.8628234863 0.0023603761 0.0000000000 0.3459509909 262.0983276367 5.8270702362 -0.4351954162
496.8735046387 0.0023665263 0.0000000000 0.3468819261 262.1137390137 5.8423991203 -0.4352056384
496.8853454590 0.0023726863 0.0000000000 0.3478145301 262.1300964355 5.8577442169 -0.4352156222
496.8905029297 0.0023788561 0.0000000000 0.3487487733 262.1466369629 5.8731265068 -0.4352253377
496.8766784668 0.0023850359 0.0000000000 0.3496845067 262.1645812988 5.8885650635 -0.4352346659
496.8517150879 0.0023912261 0.0000000000 0.3506217897 262.1831054688 5.9040374756 -0.4352447093
496.8156433105 0.0023974264 0.0000000000 0.3515606821 262.2020874023 5.9195446968 -0.4352551103
496.7783508301 0.0024036369 0.0000000000 0.3525010347 262.2211608887 5.9350814819 -0.4352651238
496.7419128418 0.0024098570 0.0000000000 0.3534429669 262.2398986816 5.9506449699 -0.4352755547
496.7064819336 0.0024160875 0.0000000000 0.3543863893 262.2581787109 5.9662179947 -0.4352863431
496.6653137207 0.0024223283 0.0000000000 0.3553314507 262.2757873535 5.9818086624 -0.4352972806
496.6377868652 0.0024285801 0.0000000000 0.3562781215 262.2916564941 5.9973983765 -0.4353088439
496.6333312988 0.0024348430 0.0000000000 0.3572263718 262.3054199219 6.0129742622 -0.4353205562
496.6544799805 0.0024411168 0.0000000000 0.3581762612 262.3175048828 6.0285434723 -0.4353328645
496.6744689941 0.0024474016 0.0000000000 0.3591277301 262.3296813965 6.0441484451 -0.4353441000
496.6783447266 0.0024536976 0.0000000000 0.3600810170 262.3425903320 6.0597867966 -0.4353551567
496.6636047363 0.0024600048 0.0000000000 0.3610360026 262.3563537598 6.0754699707 -0.4353666008
496.6418457031 0.0024663238 0.0000000000 0.3619927466 262.3703308105 6.0911908150 -0.4353781343
496.6046447754 0.0024726542 0.0000000000 0.3629511595 262.3845825195 6.1069507599 -0.4353898168
496.5351562500 0.0024789958 0.0000000000 0.3639113009 262.4002990723 6.1227788925 -0.4354014099
496.4490966797 0.0024853484 0.0000000000 0.3648731112 262.4166259766 6.1386632919 -0.4354136288
496.3598022461 0.0024917119 0.0000000000 0.3658365905 262.4333190918 6.1545729637 -0.4354260564
496.2766723633 0.0024980858 0.0000000000 0.3668016493 262.4494628906 6.1704945564 -0.4354385734
496.2001037598 0.0025044708 0.0000000000 0.3677683175 262.4645385742 6.1864204407 -0.4354515970
496.1199340820 0.0025108655 0.0000000000 0.3687366247 262.4791564941 6.2023692131 -0.4354651868
496.0455627441 0.0025172706 0.0000000000 0.3697065115 262.4924011230 6.2183284760 -0.4354785979
495.9725952148 0.0025236856 0.0000000000 0.3706777394 262.5046386719 6.2342944145 -0.4354924262
495.9077453613 0.0025301101 0.0000000000 0.3716504276 262.5154418945 6.2502474785 -0.4355065823
495.8480529785 0.0025365439 0.0000000000 0.3726246059 262.5251770020 6.2661967278 -0.4355211258
495.7934875488 0.0025429870 0.0000000000 0.3736002445 262.5338134766 6.2821369171 -0.4355363250
495.7394409180 0.0025494401 0.0000000000 0.3745772839 262.5422668457 6.2980756760 -0.4355514050
495.6680603027 0.0025559033 0.0000000000 0.3755557537 262.5510864258 6.3140258789 -0.4355663359
495.5580444336 0.0025623764 0.0000000000 0.3765355945 262.5619201660 6.3300223351 -0.4355809987
495.4201660156 0.0025688596 0.0000000000 0.3775168657 262.5741577148 6.3460435867 -0.4355961978
495.2669677734 0.0025753526 0.0000000000 0.3784995079 262.5874633789 6.3620643616 -0.4356116951
495.1160278320 0.0025818544 0.0000000000 0.3794835210 262.6010437012 6.3780641556 -0.4356272221
494.9848632812 0.0025883650 0.0000000000 0.3804687560 262.6136474609 6.3940305710 -0.4356433153
494.8839111328 0.0025948836 0.0000000000 0.3814553022 262.6246032715 6.4099454880 -0.4356591105
494.8113708496 0.0026014096 0.0000000000 0.3824430108 262.6341552734 6.4258165359 -0.4356759191
494.7626342773 0.0026079435 0.0000000000 0.3834320307 262.6424255371 6.4416470528 -0.4356927276
494.7217407227 0.0026144849 0.0000000000 0.3844223022 262.6502685547 6.4574551582 -0.4357097745
494.6768188477 0.0026210337 0.0000000000 0.3854137659 262.6582031250 6.4732556343 -0.4357273579
494.6221313477 0.0026275900 0.0000000000 0.3864063919 262.6670532227 6.4890646935 -0.4357450902
494.5509643555 0.0026341535 0.0000000000 0.3874002695 262.6767272949 6.5048794746 -0.4357633591
494.4476623535 0.0026407237 0.0000000000 0.3883953393 262.6878051758 6.5207242966 -0.4357819557
494.3323059082 0.0026473005 0.0000000000 0.3893916607 262.7000427246 6.5365815163 -0.4358000755
494.2086181641 0.0026538842 0.0000000000 0.3903892934 262.7127075195 6.5524425507 -0.4358188510
494.0919494629 0.0026604745 0.0000000000 0.3913881183 262.7252807617 6.5682783127 -0.4358375371
493.9890136719 0.0026670713 0.0000000000 0.3923881054 262.7372436523 6.5840740204 -0.4358565807
493.9100036621 0.0026736746 0.0000000000 0.3933893740 262.7486267090 6.5998134613 -0.4358755648
493.8579406738 0.0026802847 0.0000000000 0.3943918943 262.7593994141 6.6154961586 -0.4358947873
493.8388671875 0.0026869024 0.0000000000 0.3953956664 262.7692260742 6.6311044693 -0.4359140098
493.8254394531 0.0026935283 0.0000000000 0.3964007497 262.7786254883 6.6466732025 -0.4359326363
493.8111877441 0.0027001626 0.0000000000 0.3974072933 262.7879638672 6.6622123718 -0.4359519780
493.8031311035 0.0027068052 0.0000000000 0.3984152079 262.7967834473 6.6777215004 -0.4359706938
493.8188476562 0.0027134565 0.0000000000 0.3994245231 262.8047485352 6.6931595802 -0.4359893501
493.8479309082 0.0027201178 0.0000000000 0.4004354477 262.8117065430 6.7085471153 -0.4360082746
493.8515319824 0.0027267893 0.0000000000 0.4014479816 262.8191833496 6.7239608765 -0.4360267222
493.8153686523 0.0027334716 0.0000000000 0.4024620652 262.8280029297 6.7394537926 -0.4360452890
493.7534790039 0.0027401659 0.0000000000 0.4034777880 262.8377990723 6.7550110817 -0.4360641539
493.6709899902 0.0027468707 0.0000000000 0.4044950604 262.8483581543 6.7706208229 -0.4360824823
493.5923156738 0.0027535865 0.0000000000 0.4055137336 262.8587036133 6.7862319946 -0.4361009598
493.5389099121 0.0027603130 0.0000000000 0.4065340459 262.8678283691 6.8017873764 -0.4361193180
493.5025939941 0.0027670502 0.0000000000 0.4075557292 262.8759460449 6.8172960281 -0.4361379445
493.4929809570 0.0027737981 0.0000000000 0.4085788131 262.8830261230 6.8327450752 -0.4361561537
493.4883422852 0.0027805571 0.0000000000 0.4096033871 262.8898620605 6.8481712341 -0.4361748993
493.5023193359 0.0027873269 0.0000000000 0.4106294513 262.8959350586 6.8635687828 -0.4361933470
493.5166015625 0.0027941081 0.0000000000 0.4116571546 262.9023132324 6.8789873123 -0.4362118542
493.5198974609 0.0028009005 0.0000000000 0.4126864374 262.9091796875 6.8944392204 -0.4362305999
493.5090026855 0.0028077052 0.0000000000 0.4137172699 262.9167785645 6.9099225998 -0.4362491965
493.4642639160 0.0028145208 0.0000000000 0.4147496521 262.9257812500 6.9254879951 -0.4362677336
493.3781433105 0.0028213484 0.0000000000 0.4157835841 262.9364624023 6.9411392212 -0.4362858832
493.2535095215 0.0028281871 0.0000000000 0.4168190956 262.9484558105 6.9568705559 -0.4363032579
493.1121520996 0.0028350365 0.0000000000 0.4178560674 262.9608459473 6.9726467133 -0.4363211989
492.9766845703 0.0028418961 0.0000000000 0.4188944399 262.9730224609 6.9884281158 -0.4363391101
492.8536682129 0.0028487649 0.0000000000 0.4199343324 262.9845886230 7.0042080879 -0.4363571107
492.7750549316 0.0028556429 0.0000000000 0.4209755957 262.9942321777 7.0199232101 -0.4363751709
492.7427368164 0.0028625294 0.0000000000 0.4220183194 263.0019836426 7.0355682373 -0.4363934994
492.7536010742 0.0028694251 0.0000000000 0.4230622649 263.0072326660 7.0511217117 -0.4364127517
492.7994079590 0.0028763304 0.0000000000 0.4241076410 263.0107116699 7.0666198730 -0.4364325702
492.8522338867 0.0028832466 0.0000000000 0.4251545072 263.0133361816 7.0821065903 -0.4364525676
492.8814697266 0.0028901738 0.0000000000 0.4262029529 263.0165100098 7.0976223946 -0.4364720881
492.8679809570 0.0028971124 0.0000000000 0.4272530079 263.0209045410 7.1131896973 -0.4364923239
492.8019409180 0.0029040622 0.0000000000 0.4283045828 263.0270996094 7.1288385391 -0.4365127683
492.6866149902 0.0029110229 0.0000000000 0.4293577671 263.0349426270 7.1445689201 -0.4365329146
492.5280456543 0.0029179943 0.0000000000 0.4304124713 263.0439453125 7.1603617668 -0.4365530312
492.3414611816 0.0029249757 0.0000000000 0.4314685762 263.0534362793 7.1762022972 -0.4365729988
492.1647644043 0.0029319669 0.0000000000 0.4325259328 263.0619201660 7.1920471191 -0.4365927279
492.0292053223 0.0029389665 0.0000000000 0.4335845113 263.0681457520 7.2078223228 -0.4366125464
491.9403076172 0.0029459745 0.0000000000 0.4346442521 263.0716857910 7.2235112190 -0.4366324246
491.8939819336 0.0029529899 0.0000000000 0.4357051253 263.0729064941 7.2391142845 -0.4366528690
491.8607482910 0.0029600132 0.0000000000 0.4367672801 263.0732727051 7.2546615601 -0.4366737306
491.8415832520 0.0029670440 0.0000000000 0.4378305674 263.0729675293 7.2701582909 -0.4366950393
491.8529357910 0.0029740825 0.0000000000 0.4388950765 263.0718383789 7.2855529785 -0.4367164373
491.8621520996 0.0029811298 0.0000000000 0.4399609864 263.0712280273 7.3008975983 -0.4367375970
491.8379516602 0.0029881855 0.0000000000 0.4410281479 263.0729675293 7.3162631989 -0.4367600977
491.7736206055 0.0029952498 0.0000000000 0.4420967996 263.0771179199 7.3316664696 -0.4367818236
491.6632995605 0.0030023230 0.0000000000 0.4431668818 263.0831604004 7.3471403122 -0.4368036091
491.5144958496 0.0030094052 0.0000000000 0.4442383945 263.0894470215 7.3626809120 -0.4368254542
491.3423461914 0.0030164958 0.0000000000 0.4453112781 263.0952453613 7.3782496452 -0.4368471503
491.1840515137 0.0030235944 0.0000000000 0.4463853836 263.1002197266 7.3937873840 -0.4368689060
491.0629272461 0.0030306999 0.0000000000 0.4474606216 263.1041564941 7.4092431068 -0.4368902445
490.9825439453 0.0030378124 0.0000000000 0.4485368729 263.1066894531 7.4245848656 -0.4369118512
490.9505004883 0.0030449326 0.0000000000 0.4496142566 263.1073303223 7.4397921562 -0.4369329810
490.9403686523 0.0030520598 0.0000000000 0.4506928325 263.1070861816 7.4549088478 -0.4369548559
490.9490966797 0.0030591951 0.0000000000 0.4517726302 263.1062011719 7.4699425697 -0.4369766712
490.9492187500 0.0030663381 0.0000000000 0.4528536499 263.1059265137 7.4849543571 -0.4369986057
490.9324951172 0.0030734888 0.0000000000 0.4539361596 263.1072082520 7.4999823570 -0.4370206296
490.9042663574 0.0030806481 0.0000000000 0.4550200105 263.1096191406 7.5150146484 -0.4370426536
490.8503723145 0.0030878161 0.0000000000 0.4561050832 263.1132202148 7.5300703049 -0.4370644093
490.7991027832 0.0030949921 0.0000000000 0.4571913183 263.1167602539 7.5450825691 -0.4370868802
490.7434082031 0.0031021768 0.0000000000 0.4582789540 263.1203918457 7.5600643158 -0.4371090233
490.6981506348 0.0031093699 0.0000000000 0.4593678117 263.1237792969 7.5750017166 -0.4371312857
490.6500854492 0.0031165723 0.0000000000 0.4604580402 263.1273193359 7.5899186134 -0.4371537268
490.5853271484 0.0031237854 0.0000000000 0.4615496993 263.1318969727 7.6048688889 -0.4371763766
490.5138854980 0.0031310078 0.0000000000 0.4626426995 263.1370239258 7.6198177338 -0.4371989965
490.4713439941 0.0031382402 0.0000000000 0.4637370408 263.1408996582 7.6346755028 -0.4372218847
490.4655456543 0.0031454817 0.0000000000 0.4648326635 263.1427001953 7.6494345665 -0.4372446239
490.4692993164 0.0031527330 0.0000000000 0.4659297168 263.1445922852 7.6641449928 -0.4372678995
490.4634094238 0.0031599947 0.0000000000 0.4670281708 263.1479492188 7.6788802147 -0.4372910559
490.4410400391 0.0031672674 0.0000000000 0.4681282341 263.1527099609 7.6936678886 -0.4373140335
490.4136657715 0.0031745508 0.0000000000 0.4692298174 263.1567993164 7.7085175514 -0.4373371899
490.3818359375 0.0031818443 0.0000000000 0.4703327715 263.1596984863 7.7234086990 -0.4373605251
490.3292541504 0.0031891486 0.0000000000 0.4714372456 263.1632385254 7.7383704185 -0.4373838305
490.2741699219 0.0031964628 0.0000000000 0.4725430012 263.1657409668 7.7533640862 -0.4374071956
490.2051391602 0.0032037862 0.0000000000 0.4736502767 263.1711425781 7.7684006691 -0.4374305308
490.1271972656 0.0032111187 0.0000000000 0.4747588634 263.1719970703 7.7834553719 -0.4374544919
490.0454101562 0.0032184594 0.0000000000 0.4758687317 263.1749877930 7.7985000610 -0.4374782443
489.9518127441 0.0032258085 0.0000000000 0.4769799709 263.1780090332 7.8135337830 -0.4375020862
489.8620605469 0.0032331641 0.0000000000 0.4780926108 263.1777038574 7.8285288811 -0.4375259876
489.7588500977 0.0032405281 0.0000000000 0.4792065024 263.1755676270 7.8434944153 -0.4375499487
489.6585388184 0.0032478978 0.0000000000 0.4803217351 263.1718444824 7.8583998680 -0.4375739098
489.5921325684 0.0032552739 0.0000000000 0.4814383388 263.1676330566 7.8731770515 -0.4375974834
489.5480651855 0.0032626563 0.0000000000 0.4825561643 263.1632080078 7.8878655434 -0.4376214147
489.5328979492 0.0032700461 0.0000000000 0.4836753011 263.1586608887 7.9025039673 -0.4376457334
489.5234069824 0.0032774457 0.0000000000 0.4847956896 263.1544494629 7.9171490669 -0.4376696944
489.4877929688 0.0032848553 0.0000000000 0.4859176576 263.1511230469 7.9318809509 -0.4376942217
489.4489135742 0.0032922765 0.0000000000 0.4870408773 263.1484069824 7.9466586113 -0.4377189279
489.3948669434 0.0032997078 0.0000000000 0.4881655872 263.1463623047 7.9615073204 -0.4377431870
489.3202209473 0.0033071497 0.0000000000 0.4892917871 263.1450805664 7.9764184952 -0.4377680123
489.2203979492 0.0033146022 0.0000000000 0.4904192984 263.1444396973 7.9913840294 -0.4377922714
489.1066284180 0.0033220637 0.0000000000 0.4915482998 263.1442565918 8.0063638687 -0.4378162026
