#         COST_U        COST_H      COST_D       COST_S       REGU_H       REGU_S          HPO           COSTGLEN 
294.1456604004 0.0000000000 0.0000000000 0.0000000000 3.6848783493 0.0000000000 1.7718815804
102.8507385254 0.0000000000 0.0000000000 0.1213051975 3.6131968498 0.0000000000 -0.1089375019
74.1348495483 0.0000000000 0.0000000000 0.3881104589 3.4814660549 0.0000000000 -0.3737704754
67.8477706909 0.0000000000 0.0000000000 0.7312425375 3.4269363880 0.0000000000 -0.3895795345
62.2790756226 0.0000000000 0.0000000000 1.1117959023 3.4550080299 0.0000000000 -0.3625792265
55.7411842346 0.0000000000 0.0000000000 1.5070219040 3.5441560745 0.0000000000 -0.3355801105
48.7671546936 0.0000000000 0.0000000000 1.9002208710 3.5596385002 0.0000000000 -0.3194938898
42.0026359558 0.0000000000 0.0000000000 2.2778556347 3.5909292698 0.0000000000 -0.3159272671
35.7346038818 0.0000000000 0.0000000000 2.6288673878 3.5756244659 0.0000000000 -0.3214967251
30.2066650391 0.0000000000 0.0000000000 2.9439439774 3.5180575848 0.0000000000 -0.3327242136
25.6778850555 0.0000000000 0.0000000000 3.2161588669 3.4712700844 0.0000000000 -0.3451100588
22.2767257690 0.0000000000 0.0000000000 3.4405519962 3.4282855988 0.0000000000 -0.3543664813
19.9257450104 0.0000000000 0.0000000000 3.6142096519 3.3596456051 0.0000000000 -0.3587240577
18.3992042542 0.0000000000 0.0000000000 3.7363085747 3.3121731281 0.0000000000 -0.3585711718
17.4438705444 0.0000000000 0.0000000000 3.8082878590 3.2743842602 0.0000000000 -0.3559314013
16.8585090637 0.0000000000 0.0000000000 3.8333590031 3.2623236179 0.0000000000 -0.3520396948
16.4735946655 0.0000000000 0.0000000000 3.8163001537 3.2527787685 0.0000000000 -0.3483836651
16.1799869537 0.0000000000 0.0000000000 3.7626299858 3.2423350811 0.0000000000 -0.3455244303
15.9207506180 0.0000000000 0.0000000000 3.6785173416 3.2338924408 0.0000000000 -0.3439029157
15.6668272018 0.0000000000 0.0000000000 3.5699205399 3.2284026146 0.0000000000 -0.3436527848
15.4131603241 0.0000000000 0.0000000000 3.4425227642 3.2268576622 0.0000000000 -0.3447400331
15.1685409546 0.0000000000 0.0000000000 3.3016586304 3.2304146290 0.0000000000 -0.3472182155
14.9536800385 0.0000000000 0.0000000000 3.1522042751 3.2335166931 0.0000000000 -0.3508018255
14.7971429825 0.0000000000 0.0000000000 2.9984993935 3.2362177372 0.0000000000 -0.3552468717
14.7259197235 0.0000000000 0.0000000000 2.8443100452 3.2395238876 0.0000000000 -0.3606157303
14.7662286758 0.0000000000 0.0000000000 2.6927776337 3.2414832115 0.0000000000 -0.3668661714
14.9450168610 0.0000000000 0.0000000000 2.5463557243 3.2420141697 0.0000000000 -0.3735332787
15.2881231308 0.0000000000 0.0000000000 2.4069173336 3.2412493229 0.0000000000 -0.3802563548
15.8177032471 0.0000000000 0.0000000000 2.2759788036 3.2390859127 0.0000000000 -0.3871461749
16.5456295013 0.0000000000 0.0000000000 2.1546483040 3.2360756397 0.0000000000 -0.3936219811
17.4742794037 0.0000000000 0.0000000000 2.0436625481 3.2345404625 0.0000000000 -0.3993077278
18.5996589661 0.0000000000 0.0000000000 1.9437530041 3.2289891243 0.0000000000 -0.4041744471
19.9001560211 0.0000000000 0.0000000000 1.8554805517 3.2250194550 0.0000000000 -0.4072002769
21.3020877838 0.0000000000 0.0000000000 1.7794569731 3.2250199318 0.0000000000 -0.4088789821
22.7083148956 0.0000000000 0.0000000000 1.7162374258 3.2257487774 0.0000000000 -0.4088207483
23.9881801605 0.0000000000 0.0000000000 1.6664245129 3.2259099483 0.0000000000 -0.4080882072
25.0029621124 0.0000000000 0.0000000000 1.6306924820 3.2256317139 0.0000000000 -0.4061584473
25.6206855774 0.0000000000 0.0000000000 1.6096066236 3.2235040665 0.0000000000 -0.4041674137
25.7677268982 0.0000000000 0.0000000000 1.6033816338 3.2192361355 0.0000000000 -0.4026018381
25.4465866089 0.0000000000 0.0000000000 1.6120346785 3.2134089470 0.0000000000 -0.4016188383
24.7340068817 0.0000000000 0.0000000000 1.6350531578 3.2073833942 0.0000000000 -0.4003830552
23.7471599579 0.0000000000 0.0000000000 1.6711076498 3.2006430626 0.0000000000 -0.3990575075
22.6219978333 0.0000000000 0.0000000000 1.7183743715 3.1931262016 0.0000000000 -0.3980774879
21.4840965271 0.0000000000 0.0000000000 1.7744667530 3.1861214638 0.0000000000 -0.3958172798
20.4197158813 0.0000000000 0.0000000000 1.8365522623 3.1793007851 0.0000000000 -0.3926957250
19.4853572845 0.0000000000 0.0000000000 1.9014903307 3.1727895737 0.0000000000 -0.3900433779
18.6973838806 0.0000000000 0.0000000000 1.9664874077 3.1670577526 0.0000000000 -0.3864039779
18.0676212311 0.0000000000 0.0000000000 2.0290870667 3.1616063118 0.0000000000 -0.3825124502
17.5912399292 0.0000000000 0.0000000000 2.0874245167 3.1561486721 0.0000000000 -0.3792927861
17.2591724396 0.0000000000 0.0000000000 2.1401824951 3.1510691643 0.0000000000 -0.3765326738
17.0504360199 0.0000000000 0.0000000000 2.1866548061 3.1462614536 0.0000000000 -0.3734636307
16.9340858459 0.0000000000 0.0000000000 2.2265236378 3.1418657303 0.0000000000 -0.3708329797
16.8820285797 0.0000000000 0.0000000000 2.2599375248 3.1378953457 0.0000000000 -0.3681378365
16.8569736481 0.0000000000 0.0000000000 2.2873556614 3.1341328621 0.0000000000 -0.3661251068
16.8355884552 0.0000000000 0.0000000000 2.3094146252 3.1306726933 0.0000000000 -0.3637396097
16.7942447662 0.0000000000 0.0000000000 2.3268883228 3.1274070740 0.0000000000 -0.3614903688
16.7121067047 0.0000000000 0.0000000000 2.3405563831 3.1243042946 0.0000000000 -0.3594248891
16.5860557556 0.0000000000 0.0000000000 2.3509452343 3.1213481426 0.0000000000 -0.3568109870
16.4147644043 0.0000000000 0.0000000000 2.3586182594 3.1179037094 0.0000000000 -0.3546332121
16.2001914978 0.0000000000 0.0000000000 2.3638222218 3.1138677597 0.0000000000 -0.3519016504
15.9462699890 0.0000000000 0.0000000000 2.3665988445 3.1094315052 0.0000000000 -0.3491764069
15.6554203033 0.0000000000 0.0000000000 2.3670208454 3.1047632694 0.0000000000 -0.3467836976
15.3282327652 0.0000000000 0.0000000000 2.3651089668 3.0994987488 0.0000000000 -0.3444605470
14.9724521637 0.0000000000 0.0000000000 2.3607342243 3.0940680504 0.0000000000 -0.3418282270
14.6007776260 0.0000000000 0.0000000000 2.3535866737 3.0884952545 0.0000000000 -0.3399689198
14.2214298248 0.0000000000 0.0000000000 2.3433330059 3.0826396942 0.0000000000 -0.3377945423
13.8381671906 0.0000000000 0.0000000000 2.3297033310 3.0767905712 0.0000000000 -0.3355855346
13.4541082382 0.0000000000 0.0000000000 2.3125238419 3.0711123943 0.0000000000 -0.3339098096
13.0768728256 0.0000000000 0.0000000000 2.2916245461 3.0656318665 0.0000000000 -0.3319945335
12.7088174820 0.0000000000 0.0000000000 2.2668778896 3.0605480671 0.0000000000 -0.3303009868
12.3591003418 0.0000000000 0.0000000000 2.2383174896 3.0558545589 0.0000000000 -0.3280982375
12.0357723236 0.0000000000 0.0000000000 2.2061207294 3.0516049862 0.0000000000 -0.3268715143
11.7442741394 0.0000000000 0.0000000000 2.1704254150 3.0476431847 0.0000000000 -0.3253524303
11.4899663925 0.0000000000 0.0000000000 2.1316184998 3.0438640118 0.0000000000 -0.3236049414
11.2749710083 0.0000000000 0.0000000000 2.0900852680 3.0402381420 0.0000000000 -0.3222955465
11.0967912674 0.0000000000 0.0000000000 2.0463278294 3.0367655754 0.0000000000 -0.3213417530
10.9500799179 0.0000000000 0.0000000000 2.0008149147 3.0333361626 0.0000000000 -0.3199194670
10.8278532028 0.0000000000 0.0000000000 1.9541878700 3.0300073624 0.0000000000 -0.3189638257
10.7213869095 0.0000000000 0.0000000000 1.9070678949 3.0265984535 0.0000000000 -0.3179434538
10.6218843460 0.0000000000 0.0000000000 1.8599715233 3.0231983662 0.0000000000 -0.3169186711
10.5197763443 0.0000000000 0.0000000000 1.8134729862 3.0197627544 0.0000000000 -0.3155603409
10.4076900482 0.0000000000 0.0000000000 1.7679748535 3.0163264275 0.0000000000 -0.3146234751
10.2816143036 0.0000000000 0.0000000000 1.7236722708 3.0128991604 0.0000000000 -0.3131522536
10.1407356262 0.0000000000 0.0000000000 1.6807291508 3.0095362663 0.0000000000 -0.3123354912
9.9886064529 0.0000000000 0.0000000000 1.6392662525 3.0060844421 0.0000000000 -0.3112453222
9.8308687210 0.0000000000 0.0000000000 1.5992723703 3.0025849342 0.0000000000 -0.3099457622
9.6755771637 0.0000000000 0.0000000000 1.5606464148 2.9991507530 0.0000000000 -0.3089948893
9.5301103592 0.0000000000 0.0000000000 1.5233256817 2.9956350327 0.0000000000 -0.3079165816
9.3985691071 0.0000000000 0.0000000000 1.4872195721 2.9921927452 0.0000000000 -0.3066964746
9.2822036743 0.0000000000 0.0000000000 1.4522292614 2.9888267517 0.0000000000 -0.3057485223
9.1820602417 0.0000000000 0.0000000000 1.4183491468 2.9854993820 0.0000000000 -0.3045911789
9.0958642960 0.0000000000 0.0000000000 1.3856006861 2.9822101593 0.0000000000 -0.3036493063
9.0204944611 0.0000000000 0.0000000000 1.3540194035 2.9790227413 0.0000000000 -0.3024734855
8.9521312714 0.0000000000 0.0000000000 1.3237622976 2.9759593010 0.0000000000 -0.3013983965
8.8851833344 0.0000000000 0.0000000000 1.2949333191 2.9730775356 0.0000000000 -0.3005584478
8.8169212341 0.0000000000 0.0000000000 1.2675968409 2.9703576565 0.0000000000 -0.2996028662
8.7457342148 0.0000000000 0.0000000000 1.2417657375 2.9677288532 0.0000000000 -0.2984233499
8.6698980331 0.0000000000 0.0000000000 1.2173817158 2.9651961327 0.0000000000 -0.2974790335
8.5884160995 0.0000000000 0.0000000000 1.1943918467 2.9627521038 0.0000000000 -0.2963530421
8.5024356842 0.0000000000 0.0000000000 1.1727241278 2.9604110718 0.0000000000 -0.2953881025
8.4131307602 0.0000000000 0.0000000000 1.1522753239 2.9581243992 0.0000000000 -0.2945215106
8.3221788406 0.0000000000 0.0000000000 1.1329152584 2.9559271336 0.0000000000 -0.2936433554
8.2319784164 0.0000000000 0.0000000000 1.1145108938 2.9536743164 0.0000000000 -0.2925294042
8.1428432465 0.0000000000 0.0000000000 1.0970176458 2.9512205124 0.0000000000 -0.2915216088
8.0553207397 0.0000000000 0.0000000000 1.0803208351 2.9487113953 0.0000000000 -0.2906593084
7.9698328972 0.0000000000 0.0000000000 1.0643049479 2.9461867809 0.0000000000 -0.2895869017
7.8863859177 0.0000000000 0.0000000000 1.0488746166 2.9435536861 0.0000000000 -0.2888360023
7.8048858643 0.0000000000 0.0000000000 1.0339127779 2.9409058094 0.0000000000 -0.2879264951
7.7240810394 0.0000000000 0.0000000000 1.0193564892 2.9382894039 0.0000000000 -0.2869195938
7.6447706223 0.0000000000 0.0000000000 1.0051869154 2.9358704090 0.0000000000 -0.2863233685
7.5662350655 0.0000000000 0.0000000000 0.9913607836 2.9331655502 0.0000000000 -0.2853908539
7.4888749123 0.0000000000 0.0000000000 0.9778085947 2.9306612015 0.0000000000 -0.2845584154
7.4126725197 0.0000000000 0.0000000000 0.9644491673 2.9282188416 0.0000000000 -0.2838183641
7.3379273415 0.0000000000 0.0000000000 0.9512470961 2.9258244038 0.0000000000 -0.2828568816
7.2647433281 0.0000000000 0.0000000000 0.9382068515 2.9233667850 0.0000000000 -0.2819691300
7.1935606003 0.0000000000 0.0000000000 0.9253554344 2.9209828377 0.0000000000 -0.2813105583
7.1238465309 0.0000000000 0.0000000000 0.9127151370 2.9187870026 0.0000000000 -0.2805764079
7.0552406311 0.0000000000 0.0000000000 0.9002685547 2.9162919521 0.0000000000 -0.2799928188
6.9865531921 0.0000000000 0.0000000000 0.8880603909 2.9139306545 0.0000000000 -0.2791095972
6.9172253609 0.0000000000 0.0000000000 0.8760585785 2.9113292694 0.0000000000 -0.2784989476
6.8479294777 0.0000000000 0.0000000000 0.8642272353 2.9087567329 0.0000000000 -0.2779699564
6.7794322968 0.0000000000 0.0000000000 0.8525686264 2.9062182903 0.0000000000 -0.2771675587
6.7123203278 0.0000000000 0.0000000000 0.8410542011 2.9036612511 0.0000000000 -0.2766599655
6.6460323334 0.0000000000 0.0000000000 0.8296841979 2.9012486935 0.0000000000 -0.2760015726
6.5801000595 0.0000000000 0.0000000000 0.8184967041 2.8988039494 0.0000000000 -0.2753674388
6.5148210526 0.0000000000 0.0000000000 0.8074676394 2.8964169025 0.0000000000 -0.2748118043
6.4504709244 0.0000000000 0.0000000000 0.7965742350 2.8941185474 0.0000000000 -0.2742734551
6.3869328499 0.0000000000 0.0000000000 0.7858574390 2.8919036388 0.0000000000 -0.2735645771
6.3244624138 0.0000000000 0.0000000000 0.7753354311 2.8897535801 0.0000000000 -0.2729172111
6.2637686729 0.0000000000 0.0000000000 0.7649988532 2.8876247406 0.0000000000 -0.2726714611
6.2051973343 0.0000000000 0.0000000000 0.7548534870 2.8855147362 0.0000000000 -0.2721615434
6.1484613419 0.0000000000 0.0000000000 0.7449209094 2.8834228516 0.0000000000 -0.2716469765
6.0928235054 0.0000000000 0.0000000000 0.7352063060 2.8813683987 0.0000000000 -0.2711830735
6.0380682945 0.0000000000 0.0000000000 0.7257220149 2.8793523312 0.0000000000 -0.2706642151
5.9834508896 0.0000000000 0.0000000000 0.7165186405 2.8773119450 0.0000000000 -0.2701520920
5.9278802872 0.0000000000 0.0000000000 0.7075724006 2.8752310276 0.0000000000 -0.2697864175
5.8719139099 0.0000000000 0.0000000000 0.6988791227 2.8731400967 0.0000000000 -0.2691986561
5.8156733513 0.0000000000 0.0000000000 0.6904372573 2.8710532188 0.0000000000 -0.2688483000
5.7593722343 0.0000000000 0.0000000000 0.6822496057 2.8689756393 0.0000000000 -0.2683048844
5.7041592598 0.0000000000 0.0000000000 0.6742950678 2.8668923378 0.0000000000 -0.2678149343
5.6507730484 0.0000000000 0.0000000000 0.6665807366 2.8648469448 0.0000000000 -0.2674531937
5.5994491577 0.0000000000 0.0000000000 0.6590852737 2.8628437519 0.0000000000 -0.2671295404
5.5494928360 0.0000000000 0.0000000000 0.6518183947 2.8608133793 0.0000000000 -0.2667254210
5.5011916161 0.0000000000 0.0000000000 0.6448000073 2.8588230610 0.0000000000 -0.2660861015
5.4535069466 0.0000000000 0.0000000000 0.6380034089 2.8569366932 0.0000000000 -0.2658942342
5.4064803123 0.0000000000 0.0000000000 0.6314467788 2.8549668789 0.0000000000 -0.2654814720
5.3603863716 0.0000000000 0.0000000000 0.6251356006 2.8530116081 0.0000000000 -0.2648749352
5.3142204285 0.0000000000 0.0000000000 0.6190656424 2.8511047363 0.0000000000 -0.2646014094
5.2681441307 0.0000000000 0.0000000000 0.6132205725 2.8492600918 0.0000000000 -0.2643552423
5.2215619087 0.0000000000 0.0000000000 0.6075676680 2.8474276066 0.0000000000 -0.2639236450
5.1753301620 0.0000000000 0.0000000000 0.6020953655 2.8455674648 0.0000000000 -0.2633651495
5.1297993660 0.0000000000 0.0000000000 0.5967867374 2.8436849117 0.0000000000 -0.2632377148
5.0845651627 0.0000000000 0.0000000000 0.5916160941 2.8419349194 0.0000000000 -0.2628294826
5.0394797325 0.0000000000 0.0000000000 0.5865482092 2.8401973248 0.0000000000 -0.2626114488
4.9949998856 0.0000000000 0.0000000000 0.5815284848 2.8384981155 0.0000000000 -0.2622988224
4.9510750771 0.0000000000 0.0000000000 0.5765313506 2.8367903233 0.0000000000 -0.2618069649
4.9083943367 0.0000000000 0.0000000000 0.5715726018 2.8351736069 0.0000000000 -0.2615672350
4.8663587570 0.0000000000 0.0000000000 0.5666273832 2.8335826397 0.0000000000 -0.2613320947
4.8245286942 0.0000000000 0.0000000000 0.5617223382 2.8320250511 0.0000000000 -0.2609573603
4.7829904556 0.0000000000 0.0000000000 0.5568463802 2.8306241035 0.0000000000 -0.2606428862
4.7416300774 0.0000000000 0.0000000000 0.5519918799 2.8293504715 0.0000000000 -0.2603753805
4.7001323700 0.0000000000 0.0000000000 0.5471565127 2.8281073570 0.0000000000 -0.2601073384
4.6583881378 0.0000000000 0.0000000000 0.5423324108 2.8269224167 0.0000000000 -0.2598728538
4.6166257858 0.0000000000 0.0000000000 0.5375210047 2.8257229328 0.0000000000 -0.2593083978
4.5753846169 0.0000000000 0.0000000000 0.5326927900 2.8244581223 0.0000000000 -0.2594245076
4.5347981453 0.0000000000 0.0000000000 0.5278797150 2.8231835365 0.0000000000 -0.2591322660
4.4946298599 0.0000000000 0.0000000000 0.5230752230 2.8219239712 0.0000000000 -0.2588802576
4.4548726082 0.0000000000 0.0000000000 0.5182858706 2.8207716942 0.0000000000 -0.2587291598
4.4160346985 0.0000000000 0.0000000000 0.5135046840 2.8196499348 0.0000000000 -0.2582641840
4.3778200150 0.0000000000 0.0000000000 0.5087063313 2.8183665276 0.0000000000 -0.2581417561
4.3398137093 0.0000000000 0.0000000000 0.5038667321 2.8171129227 0.0000000000 -0.2579351664
4.3023643494 0.0000000000 0.0000000000 0.4989874363 2.8158879280 0.0000000000 -0.2578220963
4.2657356262 0.0000000000 0.0000000000 0.4940659404 2.8147060871 0.0000000000 -0.2573954463
4.2301473618 0.0000000000 0.0000000000 0.4891252220 2.8135557175 0.0000000000 -0.2573880553
4.1951370239 0.0000000000 0.0000000000 0.4841569960 2.8123943806 0.0000000000 -0.2572583556
4.1605434418 0.0000000000 0.0000000000 0.4791995287 2.8111927509 0.0000000000 -0.2570902109
4.1266632080 0.0000000000 0.0000000000 0.4743034542 2.8100407124 0.0000000000 -0.2568092346
4.0932059288 0.0000000000 0.0000000000 0.4694558084 2.8089368343 0.0000000000 -0.2567784190
4.0603356361 0.0000000000 0.0000000000 0.4646651447 2.8077821732 0.0000000000 -0.2566273212
4.0280461311 0.0000000000 0.0000000000 0.4599620402 2.8065860271 0.0000000000 -0.2564652562
3.9963672161 0.0000000000 0.0000000000 0.4553443789 2.8053889275 0.0000000000 -0.2563108206
3.9653530121 0.0000000000 0.0000000000 0.4508144855 2.8042328358 0.0000000000 -0.2561339736
3.9354412556 0.0000000000 0.0000000000 0.4463947117 2.8030598164 0.0000000000 -0.2559820414
3.9058980942 0.0000000000 0.0000000000 0.4421031475 2.8018732071 0.0000000000 -0.2557902932
3.8771400452 0.0000000000 0.0000000000 0.4379010797 2.8006589413 0.0000000000 -0.2555798292
3.8490808010 0.0000000000 0.0000000000 0.4337922037 2.7993693352 0.0000000000 -0.2554971576
3.8213775158 0.0000000000 0.0000000000 0.4297823012 2.7980422974 0.0000000000 -0.2553397119
3.7944655418 0.0000000000 0.0000000000 0.4258724153 2.7966589928 0.0000000000 -0.2550234795
3.7678761482 0.0000000000 0.0000000000 0.4220501184 2.7952823639 0.0000000000 -0.2549815774
3.7415578365 0.0000000000 0.0000000000 0.4183070064 2.7939507961 0.0000000000 -0.2548007965
3.7154202461 0.0000000000 0.0000000000 0.4146440625 2.7926602364 0.0000000000 -0.2545925677
3.6895852089 0.0000000000 0.0000000000 0.4110646546 2.7914507389 0.0000000000 -0.2544735670
3.6644108295 0.0000000000 0.0000000000 0.4075696170 2.7902944088 0.0000000000 -0.2542573512
3.6396250725 0.0000000000 0.0000000000 0.4041500688 2.7891244888 0.0000000000 -0.2541500330
3.6154248714 0.0000000000 0.0000000000 0.4007946551 2.7878963947 0.0000000000 -0.2540635765
3.5922918320 0.0000000000 0.0000000000 0.3974694312 2.7867081165 0.0000000000 -0.2537196279
3.5699510574 0.0000000000 0.0000000000 0.3941728473 2.7855601311 0.0000000000 -0.2536016703
3.5482075214 0.0000000000 0.0000000000 0.3908624947 2.7844903469 0.0000000000 -0.2535117865
3.5270001888 0.0000000000 0.0000000000 0.3875522316 2.7833859921 0.0000000000 -0.2533361018
3.5062644482 0.0000000000 0.0000000000 0.3842748106 2.7822649479 0.0000000000 -0.2532212436
3.4857757092 0.0000000000 0.0000000000 0.3810036182 2.7812170982 0.0000000000 -0.2528530359
3.4651949406 0.0000000000 0.0000000000 0.3777647614 2.7801945210 0.0000000000 -0.2528987825
3.4446403980 0.0000000000 0.0000000000 0.3745809495 2.7793269157 0.0000000000 -0.2527025044
3.4241268635 0.0000000000 0.0000000000 0.3714673519 2.7783813477 0.0000000000 -0.2526080310
3.4039859772 0.0000000000 0.0000000000 0.3684430420 2.7776095867 0.0000000000 -0.2524801493
3.3845093250 0.0000000000 0.0000000000 0.3655332923 2.7766835690 0.0000000000 -0.2522113919
3.3658883572 0.0000000000 0.0000000000 0.3627369404 2.7757523060 0.0000000000 -0.2520560026
3.3475883007 0.0000000000 0.0000000000 0.3600606918 2.7747893333 0.0000000000 -0.2520751953
3.3297276497 0.0000000000 0.0000000000 0.3574976027 2.7738299370 0.0000000000 -0.2519426644
3.3123257160 0.0000000000 0.0000000000 0.3550391793 2.7728831768 0.0000000000 -0.2518460751
3.2954905033 0.0000000000 0.0000000000 0.3526769876 2.7719247341 0.0000000000 -0.2517792583
3.2786953449 0.0000000000 0.0000000000 0.3504192233 2.7710051537 0.0000000000 -0.2517048419
3.2619013786 0.0000000000 0.0000000000 0.3482780457 2.7700965405 0.0000000000 -0.2515270114
3.2449572086 0.0000000000 0.0000000000 0.3462521732 2.7692351341 0.0000000000 -0.2515014410
3.2279059887 0.0000000000 0.0000000000 0.3443305194 2.7683765888 0.0000000000 -0.2513230443
3.2110011578 0.0000000000 0.0000000000 0.3424883783 2.7675285339 0.0000000000 -0.2512754500
3.1941387653 0.0000000000 0.0000000000 0.3407185376 2.7667365074 0.0000000000 -0.2511841953
3.1776156425 0.0000000000 0.0000000000 0.3390075862 2.7657043934 0.0000000000 -0.2510506511
3.1616101265 0.0000000000 0.0000000000 0.3373417556 2.7648057938 0.0000000000 -0.2509250343
3.1458559036 0.0000000000 0.0000000000 0.3357093334 2.7638969421 0.0000000000 -0.2508095503
3.1303133965 0.0000000000 0.0000000000 0.3340995908 2.7629969120 0.0000000000 -0.2506396174
3.1148695946 0.0000000000 0.0000000000 0.3325222433 2.7621889114 0.0000000000 -0.2505671978
3.0995736122 0.0000000000 0.0000000000 0.3309614658 2.7613930702 0.0000000000 -0.2505182922
3.0844311714 0.0000000000 0.0000000000 0.3294282258 2.7605798244 0.0000000000 -0.2504177690
3.0694773197 0.0000000000 0.0000000000 0.3279130161 2.7597477436 0.0000000000 -0.2501285076
3.0545043945 0.0000000000 0.0000000000 0.3264013529 2.7589495182 0.0000000000 -0.2500494123
3.0396492481 0.0000000000 0.0000000000 0.3249125183 2.7582139969 0.0000000000 -0.2500512600
3.0248503685 0.0000000000 0.0000000000 0.3234481215 2.7575144768 0.0000000000 -0.2499712110
3.0100793839 0.0000000000 0.0000000000 0.3219900429 2.7568898201 0.0000000000 -0.2498130202
2.9954209328 0.0000000000 0.0000000000 0.3205458820 2.7562201023 0.0000000000 -0.2497001290
2.9811491966 0.0000000000 0.0000000000 0.3190869391 2.7556180954 0.0000000000 -0.2494221926
2.9670407772 0.0000000000 0.0000000000 0.3176144063 2.7551536560 0.0000000000 -0.2493695617
2.9532108307 0.0000000000 0.0000000000 0.3161403835 2.7546923161 0.0000000000 -0.2492988706
2.9396119118 0.0000000000 0.0000000000 0.3146772385 2.7542040348 0.0000000000 -0.2493029237
2.9262452126 0.0000000000 0.0000000000 0.3132202625 2.7536637783 0.0000000000 -0.2491948605
2.9131391048 0.0000000000 0.0000000000 0.3117705286 2.7530944347 0.0000000000 -0.2491068840
2.9002678394 0.0000000000 0.0000000000 0.3103030324 2.7525076866 0.0000000000 -0.2490020394
2.8875939846 0.0000000000 0.0000000000 0.3088411689 2.7518794537 0.0000000000 -0.2489425242
2.8750123978 0.0000000000 0.0000000000 0.3073767424 2.7512140274 0.0000000000 -0.2487756014
2.8626339436 0.0000000000 0.0000000000 0.3059285283 2.7505373955 0.0000000000 -0.2486764193
2.8506793976 0.0000000000 0.0000000000 0.3045026958 2.7498612404 0.0000000000 -0.2486605048
2.8389067650 0.0000000000 0.0000000000 0.3031207621 2.7491540909 0.0000000000 -0.2485692203
2.8274018764 0.0000000000 0.0000000000 0.3017609715 2.7484076023 0.0000000000 -0.2484105825
2.8160867691 0.0000000000 0.0000000000 0.3004198968 2.7476456165 0.0000000000 -0.2483370900
2.8049671650 0.0000000000 0.0000000000 0.2990898788 2.7468533516 0.0000000000 -0.2482630908
2.7937376499 0.0000000000 0.0000000000 0.2977664173 2.7458653450 0.0000000000 -0.2481850684
2.7825653553 0.0000000000 0.0000000000 0.2964526713 2.7448160648 0.0000000000 -0.2481532097
2.7713761330 0.0000000000 0.0000000000 0.2951404154 2.7438375950 0.0000000000 -0.2480530143
2.7602441311 0.0000000000 0.0000000000 0.2938266098 2.7428996563 0.0000000000 -0.2479254603
2.7490758896 0.0000000000 0.0000000000 0.2925188541 2.7420666218 0.0000000000 -0.2478733659
2.7378492355 0.0000000000 0.0000000000 0.2912130356 2.7413084507 0.0000000000 -0.2478825450
2.7265436649 0.0000000000 0.0000000000 0.2899286151 2.7405791283 0.0000000000 -0.2476520240
2.7152597904 0.0000000000 0.0000000000 0.2886728644 2.7399387360 0.0000000000 -0.2476967871
2.7040059566 0.0000000000 0.0000000000 0.2874545753 2.7393205166 0.0000000000 -0.2475723624
2.6930272579 0.0000000000 0.0000000000 0.2862763107 2.7386810780 0.0000000000 -0.2474746108
2.6822054386 0.0000000000 0.0000000000 0.2851400673 2.7379915714 0.0000000000 -0.2474542260
2.6714937687 0.0000000000 0.0000000000 0.2840404809 2.7373180389 0.0000000000 -0.2474585772
2.6609332561 0.0000000000 0.0000000000 0.2829756439 2.7365846634 0.0000000000 -0.2472777367
2.6505692005 0.0000000000 0.0000000000 0.2819370925 2.7358720303 0.0000000000 -0.2473242581
2.6403977871 0.0000000000 0.0000000000 0.2809002399 2.7350783348 0.0000000000 -0.2472952008
2.6304497719 0.0000000000 0.0000000000 0.2798660100 2.7341668606 0.0000000000 -0.2471451759
2.6209568977 0.0000000000 0.0000000000 0.2788281143 2.7331054211 0.0000000000 -0.2472033501
2.6119148731 0.0000000000 0.0000000000 0.2777741849 2.7318785191 0.0000000000 -0.2471744120
2.6032369137 0.0000000000 0.0000000000 0.2767066956 2.7305185795 0.0000000000 -0.2470633388
2.5951504707 0.0000000000 0.0000000000 0.2756516635 2.7290349007 0.0000000000 -0.2470851541
2.5876777172 0.0000000000 0.0000000000 0.2745994031 2.7274479866 0.0000000000 -0.2470606565
2.5805947781 0.0000000000 0.0000000000 0.2735509574 2.7258119583 0.0000000000 -0.2468879223
2.5740652084 0.0000000000 0.0000000000 0.2725066245 2.7241325378 0.0000000000 -0.2469343245
2.5675847530 0.0000000000 0.0000000000 0.2714734674 2.7224352360 0.0000000000 -0.2467266917
2.5611941814 0.0000000000 0.0000000000 0.2704629004 2.7208514214 0.0000000000 -0.2468261719
2.5545408726 0.0000000000 0.0000000000 0.2694669068 2.7194273472 0.0000000000 -0.2468353510
2.5476558208 0.0000000000 0.0000000000 0.2685077786 2.7180781364 0.0000000000 -0.2468129992
2.5404093266 0.0000000000 0.0000000000 0.2675711215 2.7168169022 0.0000000000 -0.2467765808
2.5327336788 0.0000000000 0.0000000000 0.2666463554 2.7157564163 0.0000000000 -0.2467175126
2.5246036053 0.0000000000 0.0000000000 0.2657722831 2.7148017883 0.0000000000 -0.2467538118
2.5158522129 0.0000000000 0.0000000000 0.2649672627 2.7139632702 0.0000000000 -0.2467750907
2.5064916611 0.0000000000 0.0000000000 0.2642415166 2.7132339478 0.0000000000 -0.2466481924
2.4965791702 0.0000000000 0.0000000000 0.2635976672 2.7126412392 0.0000000000 -0.2465918660
2.4862859249 0.0000000000 0.0000000000 0.2630352378 2.7121565342 0.0000000000 -0.2464739084
2.4757175446 0.0000000000 0.0000000000 0.2625540197 2.7117493153 0.0000000000 -0.2464071214
2.4650111198 0.0000000000 0.0000000000 0.2621552646 2.7113854885 0.0000000000 -0.2464715838
2.4542148113 0.0000000000 0.0000000000 0.2618081272 2.7110865116 0.0000000000 -0.2463497818
2.4433233738 0.0000000000 0.0000000000 0.2614859045 2.7108030319 0.0000000000 -0.2462303936
2.4326994419 0.0000000000 0.0000000000 0.2611836195 2.7104759216 0.0000000000 -0.2460981607
2.4221916199 0.0000000000 0.0000000000 0.2608799934 2.7102017403 0.0000000000 -0.2460857630
2.4118728638 0.0000000000 0.0000000000 0.2605188191 2.7099423409 0.0000000000 -0.2460131645
2.4018042088 0.0000000000 0.0000000000 0.2601007819 2.7096714973 0.0000000000 -0.2459554672
2.3920073509 0.0000000000 0.0000000000 0.2596173286 2.7093183994 0.0000000000 -0.2458416224
2.3824651241 0.0000000000 0.0000000000 0.2590759695 2.7088818550 0.0000000000 -0.2457683682
2.3732266426 0.0000000000 0.0000000000 0.2584854066 2.7083625793 0.0000000000 -0.2456792593
2.3643784523 0.0000000000 0.0000000000 0.2578327060 2.7077765465 0.0000000000 -0.2455820441
2.3557105064 0.0000000000 0.0000000000 0.2571254969 2.7071003914 0.0000000000 -0.2453929782
2.3473951817 0.0000000000 0.0000000000 0.2563868463 2.7063159943 0.0000000000 -0.2453642488
2.3394722939 0.0000000000 0.0000000000 0.2556096613 2.7054436207 0.0000000000 -0.2453379035
2.3319690228 0.0000000000 0.0000000000 0.2548069954 2.7044398785 0.0000000000 -0.2452358007
2.3246595860 0.0000000000 0.0000000000 0.2539896667 2.7034647465 0.0000000000 -0.2451861799
2.3176147938 0.0000000000 0.0000000000 0.2531553209 2.7024772167 0.0000000000 -0.2451561093
2.3109047413 0.0000000000 0.0000000000 0.2523156404 2.7013893127 0.0000000000 -0.2451134324
2.3044939041 0.0000000000 0.0000000000 0.2514620721 2.7002673149 0.0000000000 -0.2449958026
2.2983844280 0.0000000000 0.0000000000 0.2505865693 2.6991529465 0.0000000000 -0.2449905276
2.2924630642 0.0000000000 0.0000000000 0.2496816814 2.6980202198 0.0000000000 -0.2449739277
2.2866048813 0.0000000000 0.0000000000 0.2487503290 2.6969208717 0.0000000000 -0.2449222803
2.2807888985 0.0000000000 0.0000000000 0.2478037626 2.6958277225 0.0000000000 -0.2448613048
2.2749445438 0.0000000000 0.0000000000 0.2468618602 2.6947426796 0.0000000000 -0.2447411418
2.2690963745 0.0000000000 0.0000000000 0.2459428459 2.6936566830 0.0000000000 -0.2447580099
2.2632184029 0.0000000000 0.0000000000 0.2450624108 2.6926140785 0.0000000000 -0.2447295189
2.2571704388 0.0000000000 0.0000000000 0.2442599535 2.6915738583 0.0000000000 -0.2446799576
2.2509205341 0.0000000000 0.0000000000 0.2435271293 2.6906068325 0.0000000000 -0.2446136475
2.2444465160 0.0000000000 0.0000000000 0.2428580970 2.6897771358 0.0000000000 -0.2445370853
2.2376928329 0.0000000000 0.0000000000 0.2422539145 2.6890821457 0.0000000000 -0.2444292307
2.2307813168 0.0000000000 0.0000000000 0.2417091876 2.6885116100 0.0000000000 -0.2444287539
2.2238118649 0.0000000000 0.0000000000 0.2412017286 2.6879649162 0.0000000000 -0.2444058955
2.2167193890 0.0000000000 0.0000000000 0.2407061309 2.6875910759 0.0000000000 -0.2443712950
2.2094452381 0.0000000000 0.0000000000 0.2402256578 2.6872978210 0.0000000000 -0.2444424927
2.2019698620 0.0000000000 0.0000000000 0.2397615910 2.6870422363 0.0000000000 -0.2442654371
2.1944262981 0.0000000000 0.0000000000 0.2392737567 2.6868517399 0.0000000000 -0.2441758811
2.1868138313 0.0000000000 0.0000000000 0.2387570739 2.6866481304 0.0000000000 -0.2441461980
2.1791985035 0.0000000000 0.0000000000 0.2381823361 2.6863667965 0.0000000000 -0.2440704703
2.1717009544 0.0000000000 0.0000000000 0.2375385463 2.6860547066 0.0000000000 -0.2440359592
2.1640346050 0.0000000000 0.0000000000 0.2368492484 2.6856818199 0.0000000000 -0.2439702749
2.1562902927 0.0000000000 0.0000000000 0.2361197174 2.6852545738 0.0000000000 -0.2439628243
2.1484858990 0.0000000000 0.0000000000 0.2353645116 2.6848287582 0.0000000000 -0.2438631058
2.1408040524 0.0000000000 0.0000000000 0.2345977575 2.6844029427 0.0000000000 -0.2439041138
2.1333122253 0.0000000000 0.0000000000 0.2338309884 2.6839222908 0.0000000000 -0.2438099384
2.1260077953 0.0000000000 0.0000000000 0.2330743372 2.6833772659 0.0000000000 -0.2438226640
2.1188471317 0.0000000000 0.0000000000 0.2323376387 2.6828939915 0.0000000000 -0.2437897623
2.1118247509 0.0000000000 0.0000000000 0.2316237837 2.6824522018 0.0000000000 -0.2437738776
2.1048729420 0.0000000000 0.0000000000 0.2309363484 2.6819956303 0.0000000000 -0.2436190546
2.0982115269 0.0000000000 0.0000000000 0.2302768379 2.6814508438 0.0000000000 -0.2436839938
2.0917916298 0.0000000000 0.0000000000 0.2296217233 2.6808543205 0.0000000000 -0.2436617613
2.0855877399 0.0000000000 0.0000000000 0.2289776802 2.6802031994 0.0000000000 -0.2436307073
2.0795331001 0.0000000000 0.0000000000 0.2283362597 2.6794993877 0.0000000000 -0.2435116768
2.0735869408 0.0000000000 0.0000000000 0.2276762575 2.6787927151 0.0000000000 -0.2435501814
2.0678744316 0.0000000000 0.0000000000 0.2269949019 2.6780331135 0.0000000000 -0.2434831262
2.0622358322 0.0000000000 0.0000000000 0.2262757868 2.6772513390 0.0000000000 -0.2434574366
2.0567073822 0.0000000000 0.0000000000 0.2255266309 2.6764340401 0.0000000000 -0.2434399724
2.0511841774 0.0000000000 0.0000000000 0.2247597426 2.6755943298 0.0000000000 -0.2433981299
2.0457599163 0.0000000000 0.0000000000 0.2239743024 2.6747317314 0.0000000000 -0.2433620095
2.0403790474 0.0000000000 0.0000000000 0.2231642306 2.6738636494 0.0000000000 -0.2433118224
2.0348935127 0.0000000000 0.0000000000 0.2223414779 2.6730406284 0.0000000000 -0.2432739735
2.0292160511 0.0000000000 0.0000000000 0.2214911580 2.6722698212 0.0000000000 -0.2432279587
2.0234460831 0.0000000000 0.0000000000 0.2206309289 2.6715219021 0.0000000000 -0.2431857586
2.0176348686 0.0000000000 0.0000000000 0.2197797298 2.6707997322 0.0000000000 -0.2430962920
2.0117523670 0.0000000000 0.0000000000 0.2189660370 2.6701064110 0.0000000000 -0.2430016398
2.0059227943 0.0000000000 0.0000000000 0.2181936204 2.6694691181 0.0000000000 -0.2429975271
2.0001254082 0.0000000000 0.0000000000 0.2174631804 2.6688039303 0.0000000000 -0.2429933548
1.9942570925 0.0000000000 0.0000000000 0.2167708129 2.6681571007 0.0000000000 -0.2429772019
1.9883247614 0.0000000000 0.0000000000 0.2160999030 2.6675131321 0.0000000000 -0.2429340780
1.9823347330 0.0000000000 0.0000000000 0.2154492587 2.6668050289 0.0000000000 -0.2428933978
1.9764003754 0.0000000000 0.0000000000 0.2148184627 2.6661064625 0.0000000000 -0.2428576946
1.9704287052 0.0000000000 0.0000000000 0.2142131776 2.6653873920 0.0000000000 -0.2426554561
1.9646536112 0.0000000000 0.0000000000 0.2136270255 2.6647315025 0.0000000000 -0.2427673936
1.9590268135 0.0000000000 0.0000000000 0.2130463123 2.6640729904 0.0000000000 -0.2427652180
1.9535644054 0.0000000000 0.0000000000 0.2124411911 2.6633908749 0.0000000000 -0.2426091433
1.9481830597 0.0000000000 0.0000000000 0.2118218392 2.6627511978 0.0000000000 -0.2426864505
1.9429483414 0.0000000000 0.0000000000 0.2112171501 2.6620883942 0.0000000000 -0.2426124215
1.9377944469 0.0000000000 0.0000000000 0.2106300592 2.6614286900 0.0000000000 -0.2426058650
1.9326437712 0.0000000000 0.0000000000 0.2100570947 2.6607944965 0.0000000000 -0.2425344586
1.9275008440 0.0000000000 0.0000000000 0.2095104307 2.6601474285 0.0000000000 -0.2424849570
1.9223275185 0.0000000000 0.0000000000 0.2089969665 2.6595759392 0.0000000000 -0.2424335182
1.9171143770 0.0000000000 0.0000000000 0.2085123062 2.6590669155 0.0000000000 -0.2423988879
1.9119579792 0.0000000000 0.0000000000 0.2080322504 2.6585862637 0.0000000000 -0.2423416972
1.9067507982 0.0000000000 0.0000000000 0.2075463384 2.6581678391 0.0000000000 -0.2422672510
1.9016507864 0.0000000000 0.0000000000 0.2070456743 2.6576929092 0.0000000000 -0.2422171831
1.8965888023 0.0000000000 0.0000000000 0.2065334320 2.6571094990 0.0000000000 -0.2421532869
1.8916089535 0.0000000000 0.0000000000 0.2060264498 2.6564369202 0.0000000000 -0.2420890331
1.8867137432 0.0000000000 0.0000000000 0.2055275440 2.6557097435 0.0000000000 -0.2420207858
1.8819128275 0.0000000000 0.0000000000 0.2050305307 2.6549658775 0.0000000000 -0.2419191599
1.8770608902 0.0000000000 0.0000000000 0.2045587748 2.6542103291 0.0000000000 -0.2418838143
1.8721182346 0.0000000000 0.0000000000 0.2041127533 2.6534566879 0.0000000000 -0.2418099642
1.8669736385 0.0000000000 0.0000000000 0.2036974281 2.6527683735 0.0000000000 -0.2417761683
1.8615363836 0.0000000000 0.0000000000 0.2032967508 2.6521637440 0.0000000000 -0.2417172194
1.8558840752 0.0000000000 0.0000000000 0.2028981745 2.6516366005 0.0000000000 -0.2415204644
1.8502229452 0.0000000000 0.0000000000 0.2024973184 2.6511652470 0.0000000000 -0.2415938675
1.8444691896 0.0000000000 0.0000000000 0.2021012157 2.6507837772 0.0000000000 -0.2415455580
1.8387030363 0.0000000000 0.0000000000 0.2017077357 2.6503055096 0.0000000000 -0.2416460514
1.8329658508 0.0000000000 0.0000000000 0.2012972236 2.6499159336 0.0000000000 -0.2414398193
1.8273764849 0.0000000000 0.0000000000 0.2008722275 2.6495068073 0.0000000000 -0.2413874269
1.8219779730 0.0000000000 0.0000000000 0.2004185170 2.6491107941 0.0000000000 -0.2413130999
1.8168407679 0.0000000000 0.0000000000 0.1999432147 2.6487293243 0.0000000000 -0.2412776947
1.8119984865 0.0000000000 0.0000000000 0.1994494051 2.6483657360 0.0000000000 -0.2412226796
1.8075668812 0.0000000000 0.0000000000 0.1989440769 2.6476883888 0.0000000000 -0.2412065864
1.8034503460 0.0000000000 0.0000000000 0.1984376311 2.6469440460 0.0000000000 -0.2412111759
1.7993135452 0.0000000000 0.0000000000 0.1979338080 2.6461977959 0.0000000000 -0.2411304712
1.7950700521 0.0000000000 0.0000000000 0.1974322051 2.6454343796 0.0000000000 -0.2411076725
1.7907434702 0.0000000000 0.0000000000 0.1969321817 2.6446032524 0.0000000000 -0.2411203980
1.7863302231 0.0000000000 0.0000000000 0.1964369565 2.6437714100 0.0000000000 -0.2411143184
1.7818006277 0.0000000000 0.0000000000 0.1959497184 2.6426403522 0.0000000000 -0.2411059439
1.7772229910 0.0000000000 0.0000000000 0.1954818517 2.6416618824 0.0000000000 -0.2410939932
1.7726539373 0.0000000000 0.0000000000 0.1950494647 2.6406865120 0.0000000000 -0.2410210967
1.7680547237 0.0000000000 0.0000000000 0.1946426183 2.6397507191 0.0000000000 -0.2409695387
1.7634530067 0.0000000000 0.0000000000 0.1942668706 2.6389310360 0.0000000000 -0.2410324216
1.7590295076 0.0000000000 0.0000000000 0.1939031631 2.6381406784 0.0000000000 -0.2410477400
1.7547309399 0.0000000000 0.0000000000 0.1935435236 2.6373982430 0.0000000000 -0.2410326004
1.7505353689 0.0000000000 0.0000000000 0.1931877881 2.6366677284 0.0000000000 -0.2410140038
1.7464258671 0.0000000000 0.0000000000 0.1928317398 2.6359460354 0.0000000000 -0.2410560846
1.7424176931 0.0000000000 0.0000000000 0.1924627572 2.6352112293 0.0000000000 -0.2409244180
1.7385334969 0.0000000000 0.0000000000 0.1920894682 2.6345105171 0.0000000000 -0.2409567237
1.7345433235 0.0000000000 0.0000000000 0.1917120814 2.6338257790 0.0000000000 -0.2409408092
1.7304804325 0.0000000000 0.0000000000 0.1913278550 2.6328690052 0.0000000000 -0.2409141064
1.7262841463 0.0000000000 0.0000000000 0.1909394562 2.6319298744 0.0000000000 -0.2408413291
1.7219760418 0.0000000000 0.0000000000 0.1905353665 2.6310245991 0.0000000000 -0.2408187985
1.7177500725 0.0000000000 0.0000000000 0.1901192963 2.6301770210 0.0000000000 -0.2410041690
1.7135646343 0.0000000000 0.0000000000 0.1896937788 2.6293337345 0.0000000000 -0.2409090400
1.7095471621 0.0000000000 0.0000000000 0.1892922521 2.6284697056 0.0000000000 -0.2409062982
1.7056140900 0.0000000000 0.0000000000 0.1889323890 2.6276059151 0.0000000000 -0.2408873439
1.7018017769 0.0000000000 0.0000000000 0.1886209249 2.6267573833 0.0000000000 -0.2409003377
1.6981116533 0.0000000000 0.0000000000 0.1883338690 2.6258728504 0.0000000000 -0.2408937514
1.6945314407 0.0000000000 0.0000000000 0.1880633831 2.6249477863 0.0000000000 -0.2408764362
1.6911066771 0.0000000000 0.0000000000 0.1878117025 2.6240179539 0.0000000000 -0.2408725023
1.6876747608 0.0000000000 0.0000000000 0.1875821799 2.6231031418 0.0000000000 -0.2408325076
1.6843385696 0.0000000000 0.0000000000 0.1873682737 2.6222119331 0.0000000000 -0.2408434153
1.6810008287 0.0000000000 0.0000000000 0.1871717572 2.6213333607 0.0000000000 -0.2409465909
1.6775270700 0.0000000000 0.0000000000 0.1869954169 2.6205170155 0.0000000000 -0.2408042550
1.6740568876 0.0000000000 0.0000000000 0.1868270487 2.6197688580 0.0000000000 -0.2407991886
1.6705374718 0.0000000000 0.0000000000 0.1866689771 2.6190834045 0.0000000000 -0.2407727242
1.6669614315 0.0000000000 0.0000000000 0.1864917129 2.6184556484 0.0000000000 -0.2407529652
1.6633509398 0.0000000000 0.0000000000 0.1863032281 2.6178648472 0.0000000000 -0.2407454252
1.6598205566 0.0000000000 0.0000000000 0.1861155629 2.6173188686 0.0000000000 -0.2407094836
1.6563057899 0.0000000000 0.0000000000 0.1859231442 2.6167786121 0.0000000000 -0.2406808138
1.6528258324 0.0000000000 0.0000000000 0.1857230663 2.6162357330 0.0000000000 -0.2406230867
1.6495493650 0.0000000000 0.0000000000 0.1855092496 2.6157040596 0.0000000000 -0.2405236363
1.6464442015 0.0000000000 0.0000000000 0.1852874160 2.6152477264 0.0000000000 -0.2405961156
1.6433656216 0.0000000000 0.0000000000 0.1850567907 2.6147723198 0.0000000000 -0.2405677438
1.6402703524 0.0000000000 0.0000000000 0.1848063022 2.6141328812 0.0000000000 -0.2405382991
1.6371177435 0.0000000000 0.0000000000 0.1845282614 2.6135015488 0.0000000000 -0.2405081987
1.6339101791 0.0000000000 0.0000000000 0.1842368543 2.6128361225 0.0000000000 -0.2404729724
1.6306937933 0.0000000000 0.0000000000 0.1839292943 2.6121757030 0.0000000000 -0.2404243946
1.6275731325 0.0000000000 0.0000000000 0.1836094260 2.6114785671 0.0000000000 -0.2404194474
1.6245170832 0.0000000000 0.0000000000 0.1832958311 2.6107549667 0.0000000000 -0.2403895259
1.6216049194 0.0000000000 0.0000000000 0.1829784811 2.6099989414 0.0000000000 -0.2403587699
1.6188876629 0.0000000000 0.0000000000 0.1826723814 2.6092085838 0.0000000000 -0.2403396368
1.6164605618 0.0000000000 0.0000000000 0.1823892593 2.6083881855 0.0000000000 -0.2402911782
1.6141487360 0.0000000000 0.0000000000 0.1821382642 2.6075749397 0.0000000000 -0.2402574122
1.6118744612 0.0000000000 0.0000000000 0.1819147170 2.6067657471 0.0000000000 -0.2402250767
1.6096622944 0.0000000000 0.0000000000 0.1817106456 2.6059513092 0.0000000000 -0.2401944399
1.6075075865 0.0000000000 0.0000000000 0.1815021932 2.6051123142 0.0000000000 -0.2402465940
1.6053402424 0.0000000000 0.0000000000 0.1812962145 2.6042213440 0.0000000000 -0.2401134074
1.6030710936 0.0000000000 0.0000000000 0.1810889691 2.6033859253 0.0000000000 -0.2401250005
1.6005939245 0.0000000000 0.0000000000 0.1808710545 2.6026039124 0.0000000000 -0.2400611043
1.5980004072 0.0000000000 0.0000000000 0.1806394905 2.6018669605 0.0000000000 -0.2401732206
1.5952637196 0.0000000000 0.0000000000 0.1803833991 2.6011130810 0.0000000000 -0.2400433719
1.5924459696 0.0000000000 0.0000000000 0.1800960004 2.6003441811 0.0000000000 -0.2400091290
1.5896217823 0.0000000000 0.0000000000 0.1797793657 2.5995695591 0.0000000000 -0.2399806082
1.5868784189 0.0000000000 0.0000000000 0.1794299185 2.5987908840 0.0000000000 -0.2398983240
1.5842806101 0.0000000000 0.0000000000 0.1790284067 2.5979743004 0.0000000000 -0.2398030460
1.5818481445 0.0000000000 0.0000000000 0.1785642505 2.5972347260 0.0000000000 -0.2404021621
1.5795314312 0.0000000000 0.0000000000 0.1780597270 2.5965332985 0.0000000000 -0.2398944497
1.5774970055 0.0000000000 0.0000000000 0.1775183380 2.5955941677 0.0000000000 -0.2397656441
1.5757335424 0.0000000000 0.0000000000 0.1769634932 2.5947096348 0.0000000000 -0.2398422956
1.5738935471 0.0000000000 0.0000000000 0.1764340550 2.5938277245 0.0000000000 -0.2397201359
1.5718668699 0.0000000000 0.0000000000 0.1759517491 2.5929327011 0.0000000000 -0.2397933006
1.5695533752 0.0000000000 0.0000000000 0.1755449772 2.5920610428 0.0000000000 -0.2397622466
1.5669449568 0.0000000000 0.0000000000 0.1752002388 2.5912325382 0.0000000000 -0.2397602797
1.5640381575 0.0000000000 0.0000000000 0.1749259531 2.5904145241 0.0000000000 -0.2397450507
1.5609625578 0.0000000000 0.0000000000 0.1747035980 2.5896103382 0.0000000000 -0.2397296429
1.5579105616 0.0000000000 0.0000000000 0.1745086014 2.5888321400 0.0000000000 -0.2397887111
1.5548440218 0.0000000000 0.0000000000 0.1743182838 2.5880997181 0.0000000000 -0.2396950722
1.5519144535 0.0000000000 0.0000000000 0.1741532534 2.5873382092 0.0000000000 -0.2396654189
1.5491917133 0.0000000000 0.0000000000 0.1740220487 2.5865619183 0.0000000000 -0.2396443486
1.5466158390 0.0000000000 0.0000000000 0.1739093512 2.5857408047 0.0000000000 -0.2395743728
1.5442085266 0.0000000000 0.0000000000 0.1738137603 2.5848648548 0.0000000000 -0.2394926548
1.5420169830 0.0000000000 0.0000000000 0.1737226099 2.5840473175 0.0000000000 -0.2395693064
1.5398920774 0.0000000000 0.0000000000 0.1736314297 2.5831670761 0.0000000000 -0.2395148277
1.5376870632 0.0000000000 0.0000000000 0.1735317409 2.5823616982 0.0000000000 -0.2395177782
1.5353010893 0.0000000000 0.0000000000 0.1734253168 2.5815649033 0.0000000000 -0.2395235896
1.5326874256 0.0000000000 0.0000000000 0.1733115166 2.5807762146 0.0000000000 -0.2394955158
1.5298899412 0.0000000000 0.0000000000 0.1731899828 2.5800511837 0.0000000000 -0.2395093739
1.5269316435 0.0000000000 0.0000000000 0.1730519533 2.5793557167 0.0000000000 -0.2394758761
1.5238313675 0.0000000000 0.0000000000 0.1728919595 2.5786793232 0.0000000000 -0.2395000458
1.5208009481 0.0000000000 0.0000000000 0.1727156937 2.5778243542 0.0000000000 -0.2394925952
1.5179525614 0.0000000000 0.0000000000 0.1725272983 2.5769579411 0.0000000000 -0.2394818962
1.5153871775 0.0000000000 0.0000000000 0.1723291725 2.5760555267 0.0000000000 -0.2394691408
1.5130715370 0.0000000000 0.0000000000 0.1721202731 2.5751261711 0.0000000000 -0.2394293547
1.5109709501 0.0000000000 0.0000000000 0.1719239950 2.5742304325 0.0000000000 -0.2397052944
1.5089101791 0.0000000000 0.0000000000 0.1717501581 2.5732722282 0.0000000000 -0.2393634319
1.5070737600 0.0000000000 0.0000000000 0.1715932041 2.5722808838 0.0000000000 -0.2393928170
1.5053018332 0.0000000000 0.0000000000 0.1714480519 2.5712597370 0.0000000000 -0.2393734157
1.5035333633 0.0000000000 0.0000000000 0.1712939590 2.5702135563 0.0000000000 -0.2393524051
1.5017229319 0.0000000000 0.0000000000 0.1711311042 2.5691423416 0.0000000000 -0.2393359542
1.4998546839 0.0000000000 0.0000000000 0.1709523201 2.5681080818 0.0000000000 -0.2393192649
1.4979438782 0.0000000000 0.0000000000 0.1707696170 2.5671005249 0.0000000000 -0.2393035293
1.4959099293 0.0000000000 0.0000000000 0.1705934703 2.5661692619 0.0000000000 -0.2392961979
1.4937502146 0.0000000000 0.0000000000 0.1704213470 2.5653154850 0.0000000000 -0.2392530441
1.4915157557 0.0000000000 0.0000000000 0.1702645272 2.5646245480 0.0000000000 -0.2386599481
1.4896551371 0.0000000000 0.0000000000 0.1701151580 2.5639951229 0.0000000000 -0.2392624915
1.4878772497 0.0000000000 0.0000000000 0.1699450314 2.5634264946 0.0000000000 -0.2393323183
1.4861721992 0.0000000000 0.0000000000 0.1697542667 2.5629217625 0.0000000000 -0.2392708063
1.4844892025 0.0000000000 0.0000000000 0.1695444286 2.5624387264 0.0000000000 -0.2392746806
1.4827026129 0.0000000000 0.0000000000 0.1693353653 2.5619502068 0.0000000000 -0.2393096089
1.4808784723 0.0000000000 0.0000000000 0.1691275090 2.5614395142 0.0000000000 -0.2393146455
1.4789913893 0.0000000000 0.0000000000 0.1689385623 2.5608761311 0.0000000000 -0.2393179834
1.4769718647 0.0000000000 0.0000000000 0.1687825918 2.5602860451 0.0000000000 -0.2393225133
1.4748818874 0.0000000000 0.0000000000 0.1686723828 2.5596413612 0.0000000000 -0.2393248379
1.4727557898 0.0000000000 0.0000000000 0.1685728878 2.5589630604 0.0000000000 -0.2393189371
1.4706140757 0.0000000000 0.0000000000 0.1684955359 2.5583255291 0.0000000000 -0.2393348813
1.4685438871 0.0000000000 0.0000000000 0.1684199274 2.5576610565 0.0000000000 -0.2393413782
1.4665862322 0.0000000000 0.0000000000 0.1683325022 2.5569787025 0.0000000000 -0.2393539250
1.4647473097 0.0000000000 0.0000000000 0.1682279259 2.5562951565 0.0000000000 -0.2393577099
1.4629546404 0.0000000000 0.0000000000 0.1680870503 2.5556032658 0.0000000000 -0.2393577993
