#         rmsthk      stdthk       rmsvel       stdvel       rmsdiv       stddiv       rmsusurf       stdusurf
0.0000000000 0.0000000000 89.5015106201 78.0862045288 0.0000000000 0.0000000000 0.0000000000 0.0000000000
-0.1478439718 0.4546339214 54.2586097717 50.8413352966 0.0000000000 0.0000000000 -0.0895442143 0.9810319543
-0.2989128530 0.8234412074 49.8946151733 43.0465164185 0.0000000000 0.0000000000 -0.1733840555 1.7535167933
-0.4534695745 1.1638908386 48.7582054138 40.4132385254 0.0000000000 0.0000000000 -0.2433536947 2.4063911438
-0.6105066538 1.4902337790 46.2048912048 38.2371330261 0.0000000000 0.0000000000 -0.2988994718 2.9673261642
-0.7683717012 1.8083728552 42.3951911926 36.2948150635 0.0000000000 0.0000000000 -0.3409642577 3.4554185867
-0.9253298640 2.1194217205 37.8472785950 34.5772209167 0.0000000000 0.0000000000 -0.3715250790 3.8812031746
-1.0794248581 2.4232642651 32.9705848694 33.1471099854 0.0000000000 0.0000000000 -0.3924360573 4.2507457733
-1.2288442850 2.7186326981 27.9758968353 31.9633827209 0.0000000000 0.0000000000 -0.4041468501 4.5681071281
-1.3721885681 3.0041549206 22.9895915985 31.0410957336 0.0000000000 0.0000000000 -0.4070538580 4.8358926773
-1.5082679987 3.2784955502 18.2135066986 30.4025211334 0.0000000000 0.0000000000 -0.4016909003 5.0564727783
-1.6359822750 3.5401842594 13.8646154404 30.0525569916 0.0000000000 0.0000000000 -0.3886683583 5.2319550514
-1.7545616627 3.7881145477 10.0906190872 29.9393653870 0.0000000000 0.0000000000 -0.3689091802 5.3644742966
-1.8635417223 4.0216407776 6.9802155495 29.9539051056 0.0000000000 0.0000000000 -0.3435806930 5.4564108849
-1.9630150795 4.2409105301 4.5213723183 30.0256366730 0.0000000000 0.0000000000 -0.3139399886 5.5106935501
-2.0532131195 4.4462604523 2.6528794765 30.1140918732 0.0000000000 0.0000000000 -0.2811792195 5.5306243896
-2.1345853806 4.6386351585 1.2952370644 30.1694698334 0.0000000000 0.0000000000 -0.2463191003 5.5199389458
-2.2078711987 4.8193364143 0.3867887855 30.1625156403 0.0000000000 0.0000000000 -0.2102554291 5.4824113846
-2.2736938000 4.9894547462 -0.1326227337 30.0881996155 0.0000000000 0.0000000000 -0.1738358587 5.4219846725
-2.3327455521 5.1501917839 -0.3133232296 29.9486541748 0.0000000000 0.0000000000 -0.1377123743 5.3423213959
-2.3857214451 5.3028011322 -0.1978317201 29.7560119629 0.0000000000 0.0000000000 -0.1025129408 5.2468724251
-2.4332809448 5.4484868050 0.1758988351 29.5269165039 0.0000000000 0.0000000000 -0.0688175038 5.1389231682
-2.4760637283 5.5883169174 0.7777972817 29.2815380096 0.0000000000 0.0000000000 -0.0371396989 5.0215792656
-2.5147540569 5.7234907150 1.5805994272 29.0460090637 0.0000000000 0.0000000000 -0.0078955032 4.8977475166
-2.5500302315 5.8552093506 2.5625386238 28.8438434601 0.0000000000 0.0000000000 0.0185901802 4.7701296806
-2.5824563503 5.9844255447 3.7045562267 28.6952037811 0.0000000000 0.0000000000 0.0420925468 4.6411690712
-2.6127147675 6.1123261452 4.9890294075 28.6190891266 0.0000000000 0.0000000000 0.0624322519 4.5129752159
-2.6414883137 6.2399525642 6.4035396576 28.6320972443 0.0000000000 0.0000000000 0.0794581920 4.3873715401
-2.6693990231 6.3682723045 7.9268426895 28.7473506927 0.0000000000 0.0000000000 0.0930620804 4.2660484314
-2.6970310211 6.4980540276 9.5399570465 28.9670104980 0.0000000000 0.0000000000 0.1032021642 4.1504859924
-2.7250652313 6.6304092407 11.2216701508 29.2841320038 0.0000000000 0.0000000000 0.1099253744 4.0419321060
-2.7541384697 6.7663583755 12.9491395950 29.6870536804 0.0000000000 0.0000000000 0.1134258136 3.9417200089
-2.7848677635 6.9067678452 14.6908893585 30.1545600891 0.0000000000 0.0000000000 0.1139020920 3.8510868549
-2.8178246021 7.0523872375 16.3796119690 30.6461734772 0.0000000000 0.0000000000 0.1117840409 3.7713603973
-2.8535511494 7.2038474083 17.9517860413 31.1197814941 0.0000000000 0.0000000000 0.1073217094 3.7038333416
-2.8925862312 7.3616795540 19.3330078125 31.5161819458 0.0000000000 0.0000000000 0.1008388102 3.6498255730
-2.9353964329 7.5265588760 20.4565563202 31.7822189331 0.0000000000 0.0000000000 0.0926411152 3.6106727123
-2.9820971489 7.6984152794 21.2601604462 31.8688030243 0.0000000000 0.0000000000 0.0829944983 3.5874733925
-3.0326468945 7.8768630028 21.7116241455 31.7517223358 0.0000000000 0.0000000000 0.0722990707 3.5807576180
-3.0869345665 8.0614852905 21.8177070618 31.4336299896 0.0000000000 0.0000000000 0.0611481480 3.5906178951
-3.1444938183 8.2512474060 21.6171817780 30.9484977722 0.0000000000 0.0000000000 0.0499986038 3.6163413525
-3.2048377991 8.4453172684 21.1704063416 30.3456478119 0.0000000000 0.0000000000 0.0393911526 3.6561331749
-3.2672650814 8.6423997879 20.5509662628 29.6868457794 0.0000000000 0.0000000000 0.0297642834 3.7075746059
-3.3314788342 8.8419151306 19.8290538788 29.0376167297 0.0000000000 0.0000000000 0.0215377156 3.7676610947
-3.3970558643 9.0432319641 19.0631866455 28.4465866089 0.0000000000 0.0000000000 0.0150137665 3.8330395222
-3.4633717537 9.2450895309 18.3092327118 27.9436054230 0.0000000000 0.0000000000 0.0103923939 3.9002323151
-3.5300850868 9.4469633102 17.6050319672 27.5347251892 0.0000000000 0.0000000000 0.0078315977 3.9663381577
-3.5967650414 9.6479711533 16.9887008667 27.2236881256 0.0000000000 0.0000000000 0.0073365150 4.0289754868
-3.6630277634 9.8474617004 16.4842700958 27.0058765411 0.0000000000 0.0000000000 0.0087270336 4.0864801407
-3.7287950516 10.0455894470 16.1116924286 26.8690624237 0.0000000000 0.0000000000 0.0118867112 4.1377911568
-3.7939381599 10.2421426773 15.8871707916 26.7858810425 0.0000000000 0.0000000000 0.0166563094 4.1824584007
-3.8585343361 10.4374637604 15.8110914230 26.7232818604 0.0000000000 0.0000000000 0.0228119250 4.2203874588
-3.9227237701 10.6319150925 15.8707017899 26.6569709778 0.0000000000 0.0000000000 0.0300211217 4.2518930435
-3.9865820408 10.8255929947 16.0417537689 26.5559158325 0.0000000000 0.0000000000 0.0379992723 4.2775464058
-4.0501785278 11.0183658600 16.2950820923 26.4072494507 0.0000000000 0.0000000000 0.0464011356 4.2980418205
-4.1136703491 11.2104778290 16.5918064117 26.2031269073 0.0000000000 0.0000000000 0.0548714325 4.3141736984
-4.1773738861 11.4023380280 16.8876686096 25.9433765411 0.0000000000 0.0000000000 0.0631002411 4.3267154694
-4.2414593697 11.5939779282 17.1464977264 25.6443920135 0.0000000000 0.0000000000 0.0707606003 4.3361916542
-4.3060960770 11.7854499817 17.3361644745 25.3251876831 0.0000000000 0.0000000000 0.0776598155 4.3431453705
-4.3713283539 11.9767608643 17.4291973114 25.0091552734 0.0000000000 0.0000000000 0.0836395547 4.3478250504
-4.4373588562 12.1683168411 17.4096527100 24.7167320251 0.0000000000 0.0000000000 0.0886383727 4.3502798080
-4.5041255951 12.3599967957 17.2690334320 24.4599838257 0.0000000000 0.0000000000 0.0925659835 4.3505859375
-4.5715785027 12.5518026352 17.0072135925 24.2405071259 0.0000000000 0.0000000000 0.0954568610 4.3487653732
-4.6395378113 12.7436218262 16.6379566193 24.0558509827 0.0000000000 0.0000000000 0.0974060148 4.3446960449
-4.7075886726 12.9347600937 16.1858940125 23.9003067017 0.0000000000 0.0000000000 0.0984891504 4.3380861282
-4.7754588127 13.1250038147 15.6780490875 23.7606620789 0.0000000000 0.0000000000 0.0988104641 4.3286142349
-4.8430705070 13.3144016266 15.1441888809 23.6177062988 0.0000000000 0.0000000000 0.0985039324 4.3160076141
-4.9101624489 13.5026435852 14.6085634232 23.4582080841 0.0000000000 0.0000000000 0.0977113768 4.3000750542
-4.9765343666 13.6896066666 14.0983905792 23.2760295868 0.0000000000 0.0000000000 0.0965707377 4.2806158066
-5.0420203209 13.8751573563 13.6295690536 23.0668563843 0.0000000000 0.0000000000 0.0951510146 4.2574601173
-5.1064901352 14.0591440201 13.2188014984 22.8365192413 0.0000000000 0.0000000000 0.0934930369 4.2305788994
-5.1697964668 14.2413606644 12.8737678528 22.5953769684 0.0000000000 0.0000000000 0.0916157439 4.2000679970
-5.2318720818 14.4216585159 12.5976810455 22.3523635864 0.0000000000 0.0000000000 0.0895577297 4.1659789085
-5.2926998138 14.5998249054 12.3875017166 22.1197948456 0.0000000000 0.0000000000 0.0873769447 4.1285972595
-5.3523321152 14.7759103775 12.2355070114 21.9074096680 0.0000000000 0.0000000000 0.0850805417 4.0882072449
-5.4107766151 14.9498462677 12.1281681061 21.7209568024 0.0000000000 0.0000000000 0.0826707631 4.0452179909
-5.4681177139 15.1217222214 12.0522575378 21.5609226227 0.0000000000 0.0000000000 0.0801029280 4.0000128746
-5.5245046616 15.2918453217 11.9930524826 21.4254341125 0.0000000000 0.0000000000 0.0773211345 3.9531667233
-5.5801420212 15.4604129791 11.9386425018 21.3080902100 0.0000000000 0.0000000000 0.0743119642 3.9052557945
-5.6351656914 15.6276683807 11.8792104721 21.2010002136 0.0000000000 0.0000000000 0.0710749999 3.8567757607
-5.6896018982 15.7935667038 11.8042640686 21.0959930420 0.0000000000 0.0000000000 0.0676269457 3.8083078861
-5.7434926033 15.9581384659 11.7054033279 20.9868850708 0.0000000000 0.0000000000 0.0640422180 3.7602787018
-5.7969470024 16.1216564178 11.5818443298 20.8679294586 0.0000000000 0.0000000000 0.0603965260 3.7129139900
-5.8500328064 16.2842407227 11.4335250854 20.7376308441 0.0000000000 0.0000000000 0.0567786545 3.6664164066
-5.9027118683 16.4457969666 11.2642869949 20.5986957550 0.0000000000 0.0000000000 0.0532554016 3.6209521294
-5.9549703598 16.6062450409 11.0808773041 20.4554405212 0.0000000000 0.0000000000 0.0498957448 3.5765471458
-6.0067567825 16.7655525208 10.8928680420 20.3147964478 0.0000000000 0.0000000000 0.0467036329 3.5331273079
-6.0580248833 16.9236450195 10.7101831436 20.1834125519 0.0000000000 0.0000000000 0.0437273942 3.4906578064
-6.1087694168 17.0806102753 10.5404825211 20.0646247864 0.0000000000 0.0000000000 0.0410403758 3.4490685463
-6.1590118408 17.2365474701 10.3892412186 19.9586601257 0.0000000000 0.0000000000 0.0386810787 3.4082748890
-6.2087554932 17.3914432526 10.2619962692 19.8652820587 0.0000000000 0.0000000000 0.0366729386 3.3683004379
-6.2579836845 17.5453166962 10.1598310471 19.7812900543 0.0000000000 0.0000000000 0.0350306965 3.3292007446
-6.3066930771 17.6981220245 10.0813875198 19.7026882172 0.0000000000 0.0000000000 0.0337262414 3.2910509109
-6.3548831940 17.8498306274 10.0251655579 19.6240406036 0.0000000000 0.0000000000 0.0327097736 3.2540786266
-6.4026122093 18.0004196167 9.9853315353 19.5392112732 0.0000000000 0.0000000000 0.0319739468 3.2184536457
-6.4500670433 18.1504173279 9.9550514221 19.4470176697 0.0000000000 0.0000000000 0.0314557441 3.1843028069
-6.4972057343 18.2995128632 9.9288873672 19.3474388123 0.0000000000 0.0000000000 0.0311081726 3.1516914368
-6.5439653397 18.4474353790 9.9000911713 19.2407836914 0.0000000000 0.0000000000 0.0308928471 3.1205928326
-6.5905179977 18.5947551727 9.8622341156 19.1288261414 0.0000000000 0.0000000000 0.0307468865 3.0909850597
-6.6368541718 18.7413730621 9.8110027313 19.0157070160 0.0000000000 0.0000000000 0.0306255091 3.0628182888
-6.6828932762 18.8870697021 9.7438268661 18.9047870636 0.0000000000 0.0000000000 0.0304915495 3.0359959602
-6.7286953926 19.0320148468 9.6601295471 18.7992115021 0.0000000000 0.0000000000 0.0303351823 3.0103824139
-6.7743077278 19.1763362885 9.5617446899 18.7022533417 0.0000000000 0.0000000000 0.0301487930 2.9858293533
-6.8196921349 19.3199367523 9.4513740540 18.6132240295 0.0000000000 0.0000000000 0.0298978612 2.9623043537
-6.8647174835 19.4625911713 9.3331813812 18.5305519104 0.0000000000 0.0000000000 0.0295612980 2.9396755695
-6.9094581604 19.6045207977 9.2114553452 18.4526119232 0.0000000000 0.0000000000 0.0291566290 2.9178054333
-6.9537935257 19.7455654144 9.0885934830 18.3778247833 0.0000000000 0.0000000000 0.0286983065 2.8965795040
-6.9976625443 19.8856563568 8.9701681137 18.3031463623 0.0000000000 0.0000000000 0.0282241032 2.8758482933
-7.0411334038 20.0250034332 8.8578681946 18.2255916595 0.0000000000 0.0000000000 0.0277470630 2.8555350304
-7.0841832161 20.1635665894 8.7551059723 18.1447219849 0.0000000000 0.0000000000 0.0272625834 2.8356215954
-7.1268448830 20.3015422821 8.6612148285 18.0597839355 0.0000000000 0.0000000000 0.0267707463 2.8160555363
-7.1690397263 20.4388847351 8.5762023926 17.9715213776 0.0000000000 0.0000000000 0.0262838546 2.7967441082
-7.2107548714 20.5755653381 8.4975214005 17.8812141418 0.0000000000 0.0000000000 0.0257939827 2.7775759697
-7.2519531250 20.7113933563 8.4235954285 17.7903175354 0.0000000000 0.0000000000 0.0252850056 2.7585027218
-7.2926430702 20.8464012146 8.3524484634 17.7001113892 0.0000000000 0.0000000000 0.0247653853 2.7395329475
-7.3327693939 20.9805583954 8.2821216583 17.6125583649 0.0000000000 0.0000000000 0.0242897868 2.7207081318
-7.3724350929 21.1139068604 8.2092514038 17.5282993317 0.0000000000 0.0000000000 0.0238711070 2.7020642757
-7.4116950035 21.2465877533 8.1315526962 17.4478912354 0.0000000000 0.0000000000 0.0235383287 2.6835787296
-7.4505314827 21.3785991669 8.0474987030 17.3695335388 0.0000000000 0.0000000000 0.0233030152 2.6653218269
-7.4889307022 21.5099658966 7.9569478035 17.2918739319 0.0000000000 0.0000000000 0.0231717993 2.6472499371
-7.5268726349 21.6405677795 7.8609247208 17.2155952454 0.0000000000 0.0000000000 0.0231234338 2.6293120384
-7.5643906593 21.7705249786 7.7622604370 17.1408309937 0.0000000000 0.0000000000 0.0231303927 2.6115155220
-7.6013817787 21.8996124268 7.6629924774 17.0676460266 0.0000000000 0.0000000000 0.0231928509 2.5938189030
-7.6378898621 22.0280570984 7.5639047623 16.9948406219 0.0000000000 0.0000000000 0.0232806522 2.5762243271
-7.6739592552 22.1558265686 7.4666080475 16.9206657410 0.0000000000 0.0000000000 0.0233637281 2.5587940216
-7.7095232010 22.2829093933 7.3733687401 16.8447551727 0.0000000000 0.0000000000 0.0234174356 2.5414941311
-7.7446160316 22.4092998505 7.2853665352 16.7672061920 0.0000000000 0.0000000000 0.0234364439 2.5242908001
-7.7792768478 22.5351505280 7.2038054466 16.6876068115 0.0000000000 0.0000000000 0.0234076921 2.5072519779
-7.8134994507 22.6603775024 7.1284689903 16.6067409515 0.0000000000 0.0000000000 0.0233318806 2.4904093742
-7.8471875191 22.7847232819 7.0591549873 16.5262355804 0.0000000000 0.0000000000 0.0232169405 2.4737524986
-7.8804202080 22.9083023071 6.9952030182 16.4470996857 0.0000000000 0.0000000000 0.0230667833 2.4572944641
-7.9132437706 23.0311927795 6.9348745346 16.3697414398 0.0000000000 0.0000000000 0.0228921715 2.4410743713
-7.9456982613 23.1534290314 6.8766570091 16.2930374146 0.0000000000 0.0000000000 0.0227360986 2.4251048565
-7.9778618813 23.2751255035 6.8177213669 16.2176723480 0.0000000000 0.0000000000 0.0226083882 2.4094116688
-8.0097703934 23.3963317871 6.7566947937 16.1424503326 0.0000000000 0.0000000000 0.0225077942 2.3940849304
-8.0413713455 23.5170688629 6.6932473183 16.0650978088 0.0000000000 0.0000000000 0.0224298500 2.3790912628
-8.0727910995 23.6374130249 6.6266746521 15.9870195389 0.0000000000 0.0000000000 0.0223702844 2.3644306660
-8.1039533615 23.7571353912 6.5583305359 15.9079246521 0.0000000000 0.0000000000 0.0223069377 2.3501064777
-8.1348133087 23.8760757446 6.4881291389 15.8283443451 0.0000000000 0.0000000000 0.0222321581 2.3361299038
-8.1653976440 23.9942970276 6.4168543816 15.7505788803 0.0000000000 0.0000000000 0.0221336316 2.3224706650
-8.1956186295 24.1116180420 6.3473095894 15.6751861572 0.0000000000 0.0000000000 0.0220123436 2.3091473579
-8.2255992889 24.2283229828 6.2790083885 15.6031084061 0.0000000000 0.0000000000 0.0218601134 2.2961280346
-8.2553491592 24.3446063995 6.2132835388 15.5325679779 0.0000000000 0.0000000000 0.0216920674 2.2834351063
-8.2849130630 24.4605121613 6.1513280869 15.4638233185 0.0000000000 0.0000000000 0.0214903280 2.2711095810
-8.3141527176 24.5757732391 6.0924177170 15.3949089050 0.0000000000 0.0000000000 0.0212592259 2.2591092587
-8.3431739807 24.6906166077 6.0362248421 15.3260755539 0.0000000000 0.0000000000 0.0209854003 2.2474727631
-8.3719396591 24.8050079346 5.9824542999 15.2578086853 0.0000000000 0.0000000000 0.0206764992 2.2362151146
-8.4004878998 24.9188461304 5.9283900261 15.1889019012 0.0000000000 0.0000000000 0.0203320384 2.2253341675
-8.4286518097 25.0318965912 5.8753585815 15.1190748215 0.0000000000 0.0000000000 0.0199558102 2.2148060799
-8.4566459656 25.1445655823 5.8228311539 15.0475044250 0.0000000000 0.0000000000 0.0195531454 2.2045767307
-8.4844541550 25.2567462921 5.7707419395 14.9759197235 0.0000000000 0.0000000000 0.0191247221 2.1946291924
-8.5119791031 25.3682670593 5.7177548409 14.9057369232 0.0000000000 0.0000000000 0.0186641216 2.1849358082
-8.5392665863 25.4791889191 5.6637806892 14.8361434937 0.0000000000 0.0000000000 0.0181801673 2.1754536629
-8.5663671494 25.5896053314 5.6084542274 14.7668838501 0.0000000000 0.0000000000 0.0177045781 2.1661190987
-8.5933094025 25.6995830536 5.5523624420 14.6986951828 0.0000000000 0.0000000000 0.0172665659 2.1568334103
-8.6201276779 25.8092441559 5.4945821762 14.6319551468 0.0000000000 0.0000000000 0.0168515667 2.1475489140
-8.6467523575 25.9184188843 5.4360084534 14.5679149628 0.0000000000 0.0000000000 0.0164634716 2.1382958889
-8.6731252670 26.0269660950 5.3756804466 14.5056800842 0.0000000000 0.0000000000 0.0161101259 2.1290278435
-8.6992940903 26.1348896027 5.3141617775 14.4440145493 0.0000000000 0.0000000000 0.0157712046 2.1197948456
-8.7252378464 26.2422904968 5.2518281937 14.3828582764 0.0000000000 0.0000000000 0.0154619869 2.1105761528
-8.7509431839 26.3490715027 5.1889901161 14.3216667175 0.0000000000 0.0000000000 0.0151768634 2.1013576984
-8.7764444351 26.4553794861 5.1257123947 14.2599382401 0.0000000000 0.0000000000 0.0149049694 2.0921351910
-8.8017625809 26.5612144470 5.0615229607 14.1975507736 0.0000000000 0.0000000000 0.0146748954 2.0828928947
-8.8269243240 26.6667499542 4.9961194992 14.1352624893 0.0000000000 0.0000000000 0.0144851115 2.0736341476
-8.8519458771 26.7719936371 4.9292092323 14.0744695663 0.0000000000 0.0000000000 0.0143255880 2.0643005371
-8.8768968582 26.8769798279 4.8617668152 14.0148086548 0.0000000000 0.0000000000 0.0141740218 2.0549540520
-8.9017505646 26.9816303253 4.7948827744 13.9554414749 0.0000000000 0.0000000000 0.0140333334 2.0455818176
-8.9264898300 27.0859718323 4.7278532982 13.8965167999 0.0000000000 0.0000000000 0.0139150722 2.0361957550
-8.9509916306 27.1897602081 4.6624469757 13.8386745453 0.0000000000 0.0000000000 0.0138178067 2.0267822742
-8.9753179550 27.2930507660 4.5984487534 13.7813386917 0.0000000000 0.0000000000 0.0137303472 2.0172908306
-8.9995155334 27.3959007263 4.5356378555 13.7234878540 0.0000000000 0.0000000000 0.0136651518 2.0076720715
-9.0235185623 27.4979743958 4.4747190475 13.6656742096 0.0000000000 0.0000000000 0.0136003476 1.9979275465
-9.0473451614 27.5994873047 4.4164886475 13.6083087921 0.0000000000 0.0000000000 0.0135460300 1.9880502224
-9.0709724426 27.7004241943 4.3616909981 13.5514841080 0.0000000000 0.0000000000 0.0134822754 1.9780849218
-9.0943737030 27.8006496429 4.3088054657 13.4946937561 0.0000000000 0.0000000000 0.0134159131 1.9680131674
-9.1176290512 27.9003810883 4.2574062347 13.4379920959 0.0000000000 0.0000000000 0.0133443093 1.9579117298
-9.1405963898 27.9993953705 4.2079148293 13.3817262650 0.0000000000 0.0000000000 0.0132809486 1.9478838444
-9.1633996964 28.0978870392 4.1596016884 13.3253841400 0.0000000000 0.0000000000 0.0132143265 1.9379040003
-9.1861228943 28.1960582733 4.1125969887 13.2694406509 0.0000000000 0.0000000000 0.0131675620 1.9279906750
-9.2087907791 28.2938919067 4.0662927628 13.2141599655 0.0000000000 0.0000000000 0.0131492456 1.9182083607
-9.2314262390 28.3913650513 4.0210981369 13.1596755981 0.0000000000 0.0000000000 0.0131562091 1.9085547924
-9.2539882660 28.4884357452 3.9785463810 13.1056041718 0.0000000000 0.0000000000 0.0131690660 1.8990372419
-9.2763624191 28.5848484039 3.9381339550 13.0526351929 0.0000000000 0.0000000000 0.0131855235 1.8897047043
-9.2986888885 28.6808319092 3.8989343643 12.9999580383 0.0000000000 0.0000000000 0.0131946616 1.8805984259
-9.3209505081 28.7763881683 3.8607900143 12.9485692978 0.0000000000 0.0000000000 0.0132237775 1.8716392517
-9.3431921005 28.8716011047 3.8227863312 12.8984613419 0.0000000000 0.0000000000 0.0132639920 1.8628369570
-9.3654012680 28.9663772583 3.7846951485 12.8487071991 0.0000000000 0.0000000000 0.0133349365 1.8542062044
-9.3875722885 29.0606880188 3.7474360466 12.7998666763 0.0000000000 0.0000000000 0.0134128472 1.8457516432
-9.4096488953 29.1545066833 3.7102706432 12.7511405945 0.0000000000 0.0000000000 0.0135115646 1.8374488354
-9.4316167831 29.2478885651 3.6732802391 12.7025489807 0.0000000000 0.0000000000 0.0136075113 1.8292815685
-9.4534568787 29.3406467438 3.6361341476 12.6536846161 0.0000000000 0.0000000000 0.0137163308 1.8212535381
-9.4751825333 29.4328079224 3.5989525318 12.6048660278 0.0000000000 0.0000000000 0.0138410646 1.8133740425
-9.4968471527 29.5242958069 3.5624504089 12.5570030212 0.0000000000 0.0000000000 0.0139774643 1.8056471348
-9.5184736252 29.6152496338 3.5263440609 12.5099468231 0.0000000000 0.0000000000 0.0141397379 1.7980546951
-9.5400953293 29.7058067322 3.4905843735 12.4642820358 0.0000000000 0.0000000000 0.0143463500 1.7905727625
-9.5616073608 29.7958145142 3.4564366341 12.4208316803 0.0000000000 0.0000000000 0.0145984199 1.7831270695
-9.5830268860 29.8852882385 3.4233388901 12.3790292740 0.0000000000 0.0000000000 0.0149238827 1.7757138014
-9.6043519974 29.9741821289 3.3908157349 12.3387928009 0.0000000000 0.0000000000 0.0152821224 1.7682383060
-9.6256589890 30.0625991821 3.3594467640 12.2993764877 0.0000000000 0.0000000000 0.0156818144 1.7607305050
-9.6469068527 30.1504421234 3.3295989037 12.2605800629 0.0000000000 0.0000000000 0.0160863325 1.7532653809
-9.6680316925 30.2376823425 3.2998287678 12.2221183777 0.0000000000 0.0000000000 0.0165268853 1.7457822561
-9.6890964508 30.3244132996 3.2697584629 12.1832647324 0.0000000000 0.0000000000 0.0169663522 1.7383412123
-9.7100887299 30.4105186462 3.2393908501 12.1441955566 0.0000000000 0.0000000000 0.0174080636 1.7309952974
-9.7309932709 30.4960060120 3.2088828087 12.1048231125 0.0000000000 0.0000000000 0.0178065803 1.7237812281
-9.7518253326 30.5810413361 3.1784009933 12.0660877228 0.0000000000 0.0000000000 0.0181876887 1.7167451382
-9.7725934982 30.6657009125 3.1475729942 12.0291347504 0.0000000000 0.0000000000 0.0185361821 1.7099480629
-9.7932262421 30.7496643066 3.1156270504 11.9943456650 0.0000000000 0.0000000000 0.0188456941 1.7033908367
-9.8136482239 30.8327293396 3.0822548866 11.9605770111 0.0000000000 0.0000000000 0.0191392954 1.6970913410
-9.8339433670 30.9151325226 3.0485024452 11.9280004501 0.0000000000 0.0000000000 0.0193797853 1.6910367012
-9.8541088104 30.9968776703 3.0148549080 11.8964872360 0.0000000000 0.0000000000 0.0195943452 1.6852090359
-9.8742065430 31.0782299042 2.9815781116 11.8661546707 0.0000000000 0.0000000000 0.0197498035 1.6795910597
-9.8941640854 31.1590919495 2.9501245022 11.8349552155 0.0000000000 0.0000000000 0.0198587179 1.6742039919
-9.9140634537 31.2397747040 2.9208431244 11.8027162552 0.0000000000 0.0000000000 0.0199098866 1.6690798998
-9.9338741302 31.3202133179 2.8928000927 11.7691583633 0.0000000000 0.0000000000 0.0198978465 1.6642179489
-9.9536628723 31.4004898071 2.8665997982 11.7341928482 0.0000000000 0.0000000000 0.0198473036 1.6595934629
-9.9733247757 31.4804172516 2.8412640095 11.6989355087 0.0000000000 0.0000000000 0.0197433177 1.6551486254
-9.9929676056 31.5601749420 2.8158102036 11.6636705399 0.0000000000 0.0000000000 0.0196124054 1.6508674622
-10.0125312805 31.6394901276 2.7915570736 11.6290311813 0.0000000000 0.0000000000 0.0194325224 1.6467187405
-10.0318517685 31.7182483673 2.7694513798 11.5952434540 0.0000000000 0.0000000000 0.0192259904 1.6426699162
-10.0510940552 31.7967147827 2.7493817806 11.5614871979 0.0000000000 0.0000000000 0.0190086868 1.6386924982
-10.0701913834 31.8747730255 2.7312121391 11.5276203156 0.0000000000 0.0000000000 0.0187822990 1.6347610950
-10.0891246796 31.9522705078 2.7146937847 11.4932241440 0.0000000000 0.0000000000 0.0185682736 1.6308995485
-10.1080026627 32.0294761658 2.6984272003 11.4589443207 0.0000000000 0.0000000000 0.0183713418 1.6270691156
-10.1268873215 32.1064834595 2.6809520721 11.4251031876 0.0000000000 0.0000000000 0.0181910228 1.6232973337
-10.1457929611 32.1833610535 2.6622993946 11.3918628693 0.0000000000 0.0000000000 0.0180355310 1.6195613146
-10.1646938324 32.2600517273 2.6417715549 11.3588991165 0.0000000000 0.0000000000 0.0179079827 1.6158248186
-10.1835126877 32.3363914490 2.6200766563 11.3262681961 0.0000000000 0.0000000000 0.0178270396 1.6121358871
-10.2023868561 32.4126434326 2.5966172218 11.2941608429 0.0000000000 0.0000000000 0.0177772231 1.6084989309
-10.2213478088 32.4888381958 2.5710725784 11.2628517151 0.0000000000 0.0000000000 0.0178046860 1.6048686504
-10.2403078079 32.5648269653 2.5450758934 11.2321052551 0.0000000000 0.0000000000 0.0178618021 1.6012645960
-10.2592449188 32.6405372620 2.5195429325 11.2023172379 0.0000000000 0.0000000000 0.0179813728 1.5976145267
-10.2780532837 32.7156829834 2.4951291084 11.1728439331 0.0000000000 0.0000000000 0.0180981196 1.5939221382
-10.2968225479 32.7904167175 2.4726655483 11.1438493729 0.0000000000 0.0000000000 0.0182472952 1.5902169943
-10.3155050278 32.8645439148 2.4525423050 11.1149482727 0.0000000000 0.0000000000 0.0183550827 1.5865311623
-10.3341398239 32.9383506775 2.4326374531 11.0868902206 0.0000000000 0.0000000000 0.0184626710 1.5828521252
-10.3527221680 33.0119438171 2.4124624729 11.0595369339 0.0000000000 0.0000000000 0.0185732804 1.5791829824
-10.3712606430 33.0851860046 2.3913097382 11.0330266953 0.0000000000 0.0000000000 0.0186636858 1.5754604340
-10.3897838593 33.1581153870 2.3698596954 11.0070791245 0.0000000000 0.0000000000 0.0187672302 1.5717432499
-10.4083175659 33.2308998108 2.3474924564 10.9814224243 0.0000000000 0.0000000000 0.0188381188 1.5680111647
-10.4267997742 33.3034248352 2.3238878250 10.9565982819 0.0000000000 0.0000000000 0.0189092029 1.5643115044
-10.4452724457 33.3757820129 2.2995109558 10.9332809448 0.0000000000 0.0000000000 0.0189599954 1.5606607199
-10.4637336731 33.4480056763 2.2753582001 10.9102706909 0.0000000000 0.0000000000 0.0189703908 1.5571147203
-10.4822063446 33.5200996399 2.2514948845 10.8878202438 0.0000000000 0.0000000000 0.0189956930 1.5536173582
-10.5006370544 33.5919075012 2.2264769077 10.8660249710 0.0000000000 0.0000000000 0.0190103687 1.5501606464
-10.5190486908 33.6635208130 2.2023322582 10.8443269730 0.0000000000 0.0000000000 0.0190429911 1.5467244387
-10.5373516083 33.7347793579 2.1784121990 10.8219795227 0.0000000000 0.0000000000 0.0190690644 1.5432976484
-10.5555849075 33.8058395386 2.1549649239 10.7993993759 0.0000000000 0.0000000000 0.0190488882 1.5398890972
-10.5737609863 33.8766174316 2.1313407421 10.7765645981 0.0000000000 0.0000000000 0.0190036390 1.5364772081
-10.5919094086 33.9471626282 2.1077125072 10.7538719177 0.0000000000 0.0000000000 0.0189163871 1.5330542326
-10.6099853516 34.0173835754 2.0837836266 10.7309465408 0.0000000000 0.0000000000 0.0188210644 1.5296393633
-10.6278762817 34.0869674683 2.0601086617 10.7075738907 0.0000000000 0.0000000000 0.0187335573 1.5262218714
-10.6456670761 34.1561012268 2.0372123718 10.6838483810 0.0000000000 0.0000000000 0.0186257157 1.5228533745
-10.6633090973 34.2248306274 2.0149595737 10.6601257324 0.0000000000 0.0000000000 0.0185188707 1.5195524693
-10.6809167862 34.2932701111 1.9939451218 10.6364717484 0.0000000000 0.0000000000 0.0183882471 1.5163437128
-10.6983861923 34.3610916138 1.9742588997 10.6135101318 0.0000000000 0.0000000000 0.0182303023 1.5132341385
-10.7157764435 34.4284782410 1.9563618898 10.5908689499 0.0000000000 0.0000000000 0.0180536807 1.5102299452
-10.7331190109 34.4955940247 1.9398781061 10.5684099197 0.0000000000 0.0000000000 0.0178523362 1.5073171854
-10.7504653931 34.5625724792 1.9237381220 10.5462732315 0.0000000000 0.0000000000 0.0176538471 1.5044910908
-10.7676782608 34.6291236877 1.9070274830 10.5245151520 0.0000000000 0.0000000000 0.0174626503 1.5017296076
-10.7848291397 34.6953582764 1.8887434006 10.5031127930 0.0000000000 0.0000000000 0.0172969270 1.4989670515
-10.8019819260 34.7613677979 1.8687577248 10.4823532104 0.0000000000 0.0000000000 0.0171320662 1.4962067604
-10.8190326691 34.8268165588 1.8477218151 10.4628734589 0.0000000000 0.0000000000 0.0169541668 1.4934314489
-10.8360900879 34.8921394348 1.8247541189 10.4448976517 0.0000000000 0.0000000000 0.0167790558 1.4906078577
-10.8530387878 34.9571838379 1.8002480268 10.4280004501 0.0000000000 0.0000000000 0.0166010633 1.4877426624
-10.8699750900 35.0221366882 1.7748847008 10.4129085541 0.0000000000 0.0000000000 0.0164062716 1.4849054813
-10.8869018555 35.0869903564 1.7496526241 10.3997497559 0.0000000000 0.0000000000 0.0162072182 1.4820704460
-10.9037342072 35.1515083313 1.7254365683 10.3882045746 0.0000000000 0.0000000000 0.0160015859 1.4792401791
-10.9205255508 35.2157821655 1.7022271156 10.3777513504 0.0000000000 0.0000000000 0.0157950502 1.4764157534
-10.9372396469 35.2797660828 1.6807069778 10.3664388657 0.0000000000 0.0000000000 0.0155708669 1.4736163616
-10.9538526535 35.3434829712 1.6608388424 10.3541870117 0.0000000000 0.0000000000 0.0153530361 1.4708728790
-10.9703712463 35.4069137573 1.6431624889 10.3397159576 0.0000000000 0.0000000000 0.0151311792 1.4681643248
-10.9868421555 35.4701499939 1.6282907724 10.3232107162 0.0000000000 0.0000000000 0.0149258599 1.4655508995
-11.0032615662 35.5330810547 1.6162574291 10.3046131134 0.0000000000 0.0000000000 0.0147105167 1.4629944563
-11.0195541382 35.5956535339 1.6081098318 10.2838811874 0.0000000000 0.0000000000 0.0145231616 1.4604656696
-11.0357837677 35.6578178406 1.6040728092 10.2609376907 0.0000000000 0.0000000000 0.0143143833 1.4580718279
-11.0519590378 35.7196502686 1.6037601233 10.2355194092 0.0000000000 0.0000000000 0.0141256629 1.4558635950
-11.0680742264 35.7812156677 1.6057592630 10.2074813843 0.0000000000 0.0000000000 0.0139358006 1.4538698196
-11.0842323303 35.8427238464 1.6090849638 10.1777811050 0.0000000000 0.0000000000 0.0137936380 1.4520989656
-11.1003971100 35.9041213989 1.6121329069 10.1472721100 0.0000000000 0.0000000000 0.0136686694 1.4505498409
-11.1165132523 35.9651908875 1.6136934757 10.1162548065 0.0000000000 0.0000000000 0.0135818915 1.4492230415
-11.1326990128 36.0261383057 1.6138244867 10.0854215622 0.0000000000 0.0000000000 0.0135533726 1.4481223822
-11.1489114761 36.0867996216 1.6116747856 10.0551919937 0.0000000000 0.0000000000 0.0135873836 1.4471629858
-11.1651782990 36.1472663879 1.6057889462 10.0257081985 0.0000000000 0.0000000000 0.0137028117 1.4462708235
-11.1815328598 36.2075958252 1.5953224897 9.9987621307 0.0000000000 0.0000000000 0.0138795059 1.4454327822
-11.1979856491 36.2677726746 1.5796635151 9.9738035202 0.0000000000 0.0000000000 0.0141268102 1.4445900917
-11.2145147324 36.3277740479 1.5580751896 9.9510955811 0.0000000000 0.0000000000 0.0144270947 1.4435867071
-11.2310876846 36.3875045776 1.5321964025 9.9300384521 0.0000000000 0.0000000000 0.0147626735 1.4424244165
-11.2477321625 36.4471130371 1.5018918514 9.9106769562 0.0000000000 0.0000000000 0.0151253995 1.4410793781
-11.2643833160 36.5065269470 1.4674515724 9.8927736282 0.0000000000 0.0000000000 0.0154666267 1.4395722151
-11.2810792923 36.5658264160 1.4299989939 9.8757972717 0.0000000000 0.0000000000 0.0157913305 1.4379270077
-11.2976608276 36.6247749329 1.3922680616 9.8591146469 0.0000000000 0.0000000000 0.0160706211 1.4361070395
-11.3142337799 36.6836433411 1.3553051949 9.8420495987 0.0000000000 0.0000000000 0.0163126308 1.4341331720
-11.3306846619 36.7421646118 1.3209805489 9.8251552582 0.0000000000 0.0000000000 0.0164900776 1.4320694208
-11.3470449448 36.8003845215 1.2880915403 9.8089036942 0.0000000000 0.0000000000 0.0165919513 1.4298957586
-11.3633451462 36.8583908081 1.2577559948 9.7936229706 0.0000000000 0.0000000000 0.0166350249 1.4276481867
-11.3795452118 36.9162559509 1.2308841944 9.7786502838 0.0000000000 0.0000000000 0.0166023113 1.4253567457
-11.3957014084 36.9740676880 1.2067916393 9.7642688751 0.0000000000 0.0000000000 0.0165194366 1.4230142832
-11.4117326736 37.0316619873 1.1846190691 9.7503700256 0.0000000000 0.0000000000 0.0163791999 1.4206537008
-11.4276695251 37.0891532898 1.1640552282 9.7368192673 0.0000000000 0.0000000000 0.0162044968 1.4182503223
-11.4434852600 37.1464195251 1.1446870565 9.7229433060 0.0000000000 0.0000000000 0.0159917139 1.4157812595
-11.4592304230 37.2033729553 1.1262980700 9.7090053558 0.0000000000 0.0000000000 0.0157407206 1.4132251740
-11.4748983383 37.2601394653 1.1097482443 9.6945219040 0.0000000000 0.0000000000 0.0154637927 1.4105896950
-11.4905109406 37.3168754578 1.0954915285 9.6795740128 0.0000000000 0.0000000000 0.0151531193 1.4079064131
-11.5060853958 37.3735656738 1.0835429430 9.6641254425 0.0000000000 0.0000000000 0.0148322964 1.4052312374
-11.5215930939 37.4301795959 1.0731308460 9.6483011246 0.0000000000 0.0000000000 0.0145235080 1.4026161432
-11.5370531082 37.4867324829 1.0638257265 9.6324234009 0.0000000000 0.0000000000 0.0142330769 1.4001059532
-11.5525684357 37.5433502197 1.0556235313 9.6160564423 0.0000000000 0.0000000000 0.0139460582 1.3978143930
-11.5681543350 37.6000022888 1.0474740267 9.5992031097 0.0000000000 0.0000000000 0.0136825517 1.3957180977
-11.5837440491 37.6565055847 1.0393580198 9.5819158554 0.0000000000 0.0000000000 0.0134723522 1.3938016891
-11.5992498398 37.7125091553 1.0298081636 9.5638799667 0.0000000000 0.0000000000 0.0133183878 1.3920681477
-11.6147270203 37.7682762146 1.0180770159 9.5456666946 0.0000000000 0.0000000000 0.0132385138 1.3905028105
-11.6300878525 37.8238296509 1.0035281181 9.5275497437 0.0000000000 0.0000000000 0.0132363895 1.3890423775
-11.6454153061 37.8791656494 0.9870575666 9.5094785690 0.0000000000 0.0000000000 0.0133220255 1.3876135349
-11.6607685089 37.9344520569 0.9677603841 9.4913673401 0.0000000000 0.0000000000 0.0134880766 1.3862262964
-11.6761226654 37.9896240234 0.9478791952 9.4730815887 0.0000000000 0.0000000000 0.0137209157 1.3848842382
-11.6914405823 38.0446434021 0.9267724752 9.4545478821 0.0000000000 0.0000000000 0.0140192397 1.3834714890
-11.7066087723 38.0990791321 0.9056439400 9.4353456497 0.0000000000 0.0000000000 0.0143532017 1.3819733858
-11.7216835022 38.1533012390 0.8862289786 9.4154319763 0.0000000000 0.0000000000 0.0147164892 1.3803050518
-11.7366867065 38.2073936462 0.8688231111 9.3955831528 0.0000000000 0.0000000000 0.0150895603 1.3784340620
-11.7515945435 38.2612762451 0.8547347784 9.3747396469 0.0000000000 0.0000000000 0.0154505335 1.3764283657
-11.7664155960 38.3148880005 0.8424083591 9.3534774780 0.0000000000 0.0000000000 0.0157830995 1.3743029833
-11.7811355591 38.3683433533 0.8315995932 9.3319416046 0.0000000000 0.0000000000 0.0160897095 1.3720995188
-11.7957077026 38.4215621948 0.8209370375 9.3111734390 0.0000000000 0.0000000000 0.0163454432 1.3698594570
-11.8101844788 38.4744606018 0.8099291921 9.2914752960 0.0000000000 0.0000000000 0.0165479816 1.3676161766
-11.8246192932 38.5271873474 0.7975633144 9.2724266052 0.0000000000 0.0000000000 0.0166935399 1.3653995991
-11.8389854431 38.5796089172 0.7841345668 9.2539453506 0.0000000000 0.0000000000 0.0167816803 1.3632386923
-11.8532733917 38.6318969727 0.7685237527 9.2357444763 0.0000000000 0.0000000000 0.0168364160 1.3611418009
-11.8675928116 38.6841430664 0.7509094477 9.2175331116 0.0000000000 0.0000000000 0.0168823786 1.3591194153
-11.8818464279 38.7360763550 0.7327343225 9.1997165680 0.0000000000 0.0000000000 0.0169086996 1.3571766615
-11.8960552216 38.7878532410 0.7143514752 9.1825685501 0.0000000000 0.0000000000 0.0169371087 1.3552441597
-11.9102706909 38.8394393921 0.6969943643 9.1660337448 0.0000000000 0.0000000000 0.0169627499 1.3533416986
-11.9244794846 38.8908996582 0.6816294789 9.1502246857 0.0000000000 0.0000000000 0.0169818923 1.3514441252
-11.9385910034 38.9419860840 0.6681247354 9.1351642609 0.0000000000 0.0000000000 0.0169937294 1.3494892120
-11.9526758194 38.9929199219 0.6568592787 9.1210794449 0.0000000000 0.0000000000 0.0169933867 1.3474681377
-11.9667215347 39.0436439514 0.6462423801 9.1075611115 0.0000000000 0.0000000000 0.0169801973 1.3453317881
-11.9807901382 39.0942878723 0.6361721158 9.0946054459 0.0000000000 0.0000000000 0.0169535708 1.3431029320
-11.9949169159 39.1448860168 0.6263579130 9.0816802979 0.0000000000 0.0000000000 0.0169235654 1.3408174515
-12.0090188980 39.1952972412 0.6164537072 9.0687742233 0.0000000000 0.0000000000 0.0168956369 1.3384726048
-12.0231571198 39.2456092834 0.6061396599 9.0554771423 0.0000000000 0.0000000000 0.0168846808 1.3360495567
-12.0372991562 39.2958564758 0.5949478149 9.0412464142 0.0000000000 0.0000000000 0.0168921519 1.3335841894
-12.0515174866 39.3460960388 0.5829016566 9.0256080627 0.0000000000 0.0000000000 0.0169003773 1.3310310841
-12.0657749176 39.3963050842 0.5696102977 9.0092611313 0.0000000000 0.0000000000 0.0169250965 1.3284430504
-12.0800962448 39.4465141296 0.5553104281 8.9926204681 0.0000000000 0.0000000000 0.0169454180 1.3258771896
-12.0943918228 39.4965972900 0.5400451422 8.9757232666 0.0000000000 0.0000000000 0.0169891529 1.3234196901
-12.1085395813 39.5463333130 0.5243948102 8.9591312408 0.0000000000 0.0000000000 0.0170297772 1.3210824728
-12.1225748062 39.5956039429 0.5092217922 8.9428920746 0.0000000000 0.0000000000 0.0171126295 1.3188680410
-12.1365871429 39.6447257996 0.4949876368 8.9265623093 0.0000000000 0.0000000000 0.0171929188 1.3167653084
-12.1505575180 39.6936340332 0.4824274182 8.9098625183 0.0000000000 0.0000000000 0.0173575655 1.3147234917
-12.1645555496 39.7424812317 0.4713268876 8.8929224014 0.0000000000 0.0000000000 0.0175324865 1.3127400875
-12.1784563065 39.7911071777 0.4616036713 8.8757829666 0.0000000000 0.0000000000 0.0177666843 1.3108134270
-12.1923789978 39.8396720886 0.4532502592 8.8579235077 0.0000000000 0.0000000000 0.0179986916 1.3089618683
-12.2061147690 39.8877868652 0.4465906620 8.8396196365 0.0000000000 0.0000000000 0.0182219893 1.3071663380
-12.2198247910 39.9357833862 0.4411928952 8.8213424683 0.0000000000 0.0000000000 0.0184574872 1.3053849936
-12.2335195541 39.9836502075 0.4374600649 8.8029184341 0.0000000000 0.0000000000 0.0186727140 1.3035262823
-12.2472000122 40.0313987732 0.4339062870 8.7847471237 0.0000000000 0.0000000000 0.0188769083 1.3016213179
-12.2609577179 40.0791740417 0.4294934869 8.7675189972 0.0000000000 0.0000000000 0.0190485213 1.2997593880
-12.2747373581 40.1268539429 0.4251253605 8.7508602142 0.0000000000 0.0000000000 0.0191630889 1.2979495525
-12.2885112762 40.1743469238 0.4198472202 8.7346439362 0.0000000000 0.0000000000 0.0192834679 1.2961809635
-12.3022794724 40.2215728760 0.4145415425 8.7188606262 0.0000000000 0.0000000000 0.0193175524 1.2944922447
-12.3160390854 40.2684669495 0.4091478288 8.7030878067 0.0000000000 0.0000000000 0.0193503331 1.2929042578
-12.3298320770 40.3152313232 0.4031559229 8.6871166229 0.0000000000 0.0000000000 0.0193209257 1.2914042473
-12.3436565399 40.3619537354 0.3965864182 8.6714458466 0.0000000000 0.0000000000 0.0192788057 1.2899172306
-12.3575325012 40.4087066650 0.3892129958 8.6555042267 0.0000000000 0.0000000000 0.0192107465 1.2884104252
-12.3714447021 40.4554824829 0.3806959689 8.6399259567 0.0000000000 0.0000000000 0.0191591587 1.2868559361
-12.3854255676 40.5023155212 0.3706859648 8.6245450974 0.0000000000 0.0000000000 0.0191056356 1.2852634192
-12.3994770050 40.5492324829 0.3595302403 8.6095676422 0.0000000000 0.0000000000 0.0190529283 1.2836855650
-12.4135751724 40.5961685181 0.3472019434 8.5951070786 0.0000000000 0.0000000000 0.0189887229 1.2821309566
-12.4276762009 40.6430702209 0.3328986764 8.5811796188 0.0000000000 0.0000000000 0.0189118646 1.2805804014
-12.4417858124 40.6899070740 0.3172705472 8.5670785904 0.0000000000 0.0000000000 0.0188444406 1.2791070938
-12.4558868408 40.7366676331 0.3008934855 8.5527677536 0.0000000000 0.0000000000 0.0187628344 1.2777127028
-12.4699411392 40.7833480835 0.2837649286 8.5379476547 0.0000000000 0.0000000000 0.0186801609 1.2764130831
-12.4840211868 40.8300476074 0.2664112449 8.5220727921 0.0000000000 0.0000000000 0.0185853019 1.2751582861
-12.4981031418 40.8767700195 0.2485393584 8.5053968430 0.0000000000 0.0000000000 0.0184721947 1.2739089727
-12.5120344162 40.9231758118 0.2299135923 8.4883594513 0.0000000000 0.0000000000 0.0183783732 1.2726509571
-12.5258407593 40.9692382812 0.2107362896 8.4712209702 0.0000000000 0.0000000000 0.0182797201 1.2714068890
-12.5395860672 41.0151977539 0.1913924068 8.4542760849 0.0000000000 0.0000000000 0.0182202365 1.2701692581
-12.5531663895 41.0608329773 0.1724575013 8.4380178452 0.0000000000 0.0000000000 0.0181938913 1.2688761950
-12.5666751862 41.1063804626 0.1546050161 8.4223146439 0.0000000000 0.0000000000 0.0181840435 1.2675359249
-12.5800571442 41.1517524719 0.1371846050 8.4070110321 0.0000000000 0.0000000000 0.0181954615 1.2661031485
-12.5933065414 41.1968803406 0.1200770363 8.3922643661 0.0000000000 0.0000000000 0.0181930829 1.2646006346
-12.6064195633 41.2416763306 0.1029675826 8.3780593872 0.0000000000 0.0000000000 0.0182039104 1.2630374432
-12.6193742752 41.2860298157 0.0845785290 8.3647270203 0.0000000000 0.0000000000 0.0182173215 1.2614359856
-12.6321611404 41.3299446106 0.0669806823 8.3519754410 0.0000000000 0.0000000000 0.0182148740 1.2598290443
-12.6448316574 41.3736457825 0.0510141104 8.3386087418 0.0000000000 0.0000000000 0.0182174500 1.2582283020
-12.6573820114 41.4172134399 0.0373678878 8.3246850967 0.0000000000 0.0000000000 0.0182114840 1.2566328049
-12.6697902679 41.4605178833 0.0262182467 8.3104114532 0.0000000000 0.0000000000 0.0182113145 1.2550400496
-12.6820526123 41.5035972595 0.0174878743 8.2962751389 0.0000000000 0.0000000000 0.0182148591 1.2534607649
-12.6942434311 41.5466003418 0.0107151708 8.2822008133 0.0000000000 0.0000000000 0.0182059668 1.2519050837
-12.7064123154 41.5895767212 0.0051692813 8.2682685852 0.0000000000 0.0000000000 0.0181866642 1.2504096031
-12.7185640335 41.6325225830 -0.0010460633 8.2544126511 0.0000000000 0.0000000000 0.0181498136 1.2490260601
-12.7306241989 41.6752967834 -0.0073876330 8.2401437759 0.0000000000 0.0000000000 0.0181030501 1.2477231026
-12.7425632477 41.7177047729 -0.0143637108 8.2254228592 0.0000000000 0.0000000000 0.0180487465 1.2465187311
-12.7544755936 41.7600288391 -0.0223454908 8.2110195160 0.0000000000 0.0000000000 0.0179857071 1.2453520298
-12.7663526535 41.8023338318 -0.0329319239 8.1967296600 0.0000000000 0.0000000000 0.0179102179 1.2441974878
-12.7782373428 41.8446464539 -0.0454380661 8.1825380325 0.0000000000 0.0000000000 0.0177925900 1.2430549860
-12.7901277542 41.8869400024 -0.0597630776 8.1684837341 0.0000000000 0.0000000000 0.0176495761 1.2419108152
-12.8019685745 41.9290199280 -0.0744836181 8.1545438766 0.0000000000 0.0000000000 0.0174927171 1.2407239676
-12.8136644363 41.9705886841 -0.0887549594 8.1416206360 0.0000000000 0.0000000000 0.0173348859 1.2395220995
-12.8253641129 42.0121345520 -0.1011156067 8.1289072037 0.0000000000 0.0000000000 0.0171943065 1.2383058071
-12.8370552063 42.0536460876 -0.1116604283 8.1162662506 0.0000000000 0.0000000000 0.0170901641 1.2370653152
-12.8486480713 42.0949554443 -0.1190726236 8.1035366058 0.0000000000 0.0000000000 0.0170315150 1.2358098030
-12.8601875305 42.1361083984 -0.1243521795 8.0901393890 0.0000000000 0.0000000000 0.0170002654 1.2345013618
-12.8716602325 42.1769981384 -0.1275443286 8.0765142441 0.0000000000 0.0000000000 0.0169781279 1.2331528664
-12.8830671310 42.2175827026 -0.1281990409 8.0621099472 0.0000000000 0.0000000000 0.0169643424 1.2317719460
-12.8944873810 42.2580604553 -0.1288650036 8.0479478836 0.0000000000 0.0000000000 0.0169686079 1.2304674387
-12.9059295654 42.2984542847 -0.1302037239 8.0339622498 0.0000000000 0.0000000000 0.0170098133 1.2292964458
-12.9172849655 42.3383255005 -0.1324784458 8.0207052231 0.0000000000 0.0000000000 0.0170811638 1.2282814980
-12.9286870956 42.3781356812 -0.1365315169 8.0084495544 0.0000000000 0.0000000000 0.0171733350 1.2273451090
-12.9401617050 42.4179229736 -0.1420219243 7.9971551895 0.0000000000 0.0000000000 0.0172738489 1.2264617682
-12.9516105652 42.4575424194 -0.1487677544 7.9867706299 0.0000000000 0.0000000000 0.0173802972 1.2256393433
-12.9630746841 42.4970664978 -0.1558435857 7.9763455391 0.0000000000 0.0000000000 0.0174944066 1.2248883247
-12.9745416641 42.5364189148 -0.1634511054 7.9659161568 0.0000000000 0.0000000000 0.0176094472 1.2241878510
-12.9860420227 42.5756072998 -0.1709412187 7.9551396370 0.0000000000 0.0000000000 0.0176875517 1.2235444784
-12.9975566864 42.6145515442 -0.1763513386 7.9433131218 0.0000000000 0.0000000000 0.0177017730 1.2229676247
-13.0090360641 42.6532325745 -0.1807980984 7.9311208725 0.0000000000 0.0000000000 0.0176723078 1.2224172354
-13.0205230713 42.6917533875 -0.1846480519 7.9184374809 0.0000000000 0.0000000000 0.0176240094 1.2219005823
-13.0320529938 42.7302017212 -0.1879947782 7.9051074982 0.0000000000 0.0000000000 0.0175919868 1.2213206291
-13.0436429977 42.7685775757 -0.1916574538 7.8916974068 0.0000000000 0.0000000000 0.0175908208 1.2207032442
-13.0551776886 42.8067092896 -0.1970525384 7.8789968491 0.0000000000 0.0000000000 0.0176097173 1.2200878859
-13.0667295456 42.8447532654 -0.2043596357 7.8668689728 0.0000000000 0.0000000000 0.0176530108 1.2194561958
-13.0783061981 42.8826866150 -0.2142437845 7.8555483818 0.0000000000 0.0000000000 0.0177340861 1.2187985182
-13.0898494720 42.9202690125 -0.2267720252 7.8451957703 0.0000000000 0.0000000000 0.0178531110 1.2180948257
-13.1013488770 42.9576148987 -0.2408967465 7.8355660439 0.0000000000 0.0000000000 0.0179710183 1.2173644304
-13.1128787994 42.9949569702 -0.2546697855 7.8258032799 0.0000000000 0.0000000000 0.0180692952 1.2166049480
-13.1243772507 43.0321998596 -0.2667357624 7.8157491684 0.0000000000 0.0000000000 0.0181368459 1.2157801390
-13.1358776093 43.0694046021 -0.2759200037 7.8051009178 0.0000000000 0.0000000000 0.0181750134 1.2148644924
-13.1473798752 43.1065673828 -0.2825626433 7.7940330505 0.0000000000 0.0000000000 0.0181789957 1.2139045000
-13.1588392258 43.1435699463 -0.2865060270 7.7825183868 0.0000000000 0.0000000000 0.0181529745 1.2128911018
-13.1701879501 43.1802940369 -0.2890700102 7.7714638710 0.0000000000 0.0000000000 0.0180891324 1.2118366957
-13.1815738678 43.2169685364 -0.2909097075 7.7607836723 0.0000000000 0.0000000000 0.0180216823 1.2108021975
-13.1930084229 43.2536315918 -0.2927353382 7.7509450912 0.0000000000 0.0000000000 0.0179460496 1.2097543478
-13.2044763565 43.2902297974 -0.2961722612 7.7423715591 0.0000000000 0.0000000000 0.0178982522 1.2087426186
-13.2159471512 43.3266105652 -0.3020636737 7.7351970673 0.0000000000 0.0000000000 0.0178091954 1.2078065872
-13.2274351120 43.3628616333 -0.3098115921 7.7285470963 0.0000000000 0.0000000000 0.0177372806 1.2069760561
-13.2389554977 43.3990287781 -0.3188904226 7.7219653130 0.0000000000 0.0000000000 0.0176297780 1.2062367201
-13.2505054474 43.4351310730 -0.3290984929 7.7157731056 0.0000000000 0.0000000000 0.0175677519 1.2055605650
-13.2620601654 43.4710540771 -0.3399290740 7.7098064423 0.0000000000 0.0000000000 0.0175394062 1.2048691511
-13.2736129761 43.5067901611 -0.3522315621 7.7036471367 0.0000000000 0.0000000000 0.0175463557 1.2041851282
-13.2850275040 43.5421257019 -0.3642942905 7.6969857216 0.0000000000 0.0000000000 0.0175580382 1.2034962177
-13.2963838577 43.5772361755 -0.3752014637 7.6894125938 0.0000000000 0.0000000000 0.0175682679 1.2027716637
-13.3077011108 43.6120796204 -0.3859464824 7.6815409660 0.0000000000 0.0000000000 0.0176059883 1.2020007372
-13.3189744949 43.6467132568 -0.3958230317 7.6736893654 0.0000000000 0.0000000000 0.0176400188 1.2011477947
-13.3302154541 43.6813430786 -0.4048477113 7.6658811569 0.0000000000 0.0000000000 0.0176866129 1.2001895905
-13.3413677216 43.7158317566 -0.4135272801 7.6584243774 0.0000000000 0.0000000000 0.0177009739 1.1991336346
-13.3524703979 43.7501907349 -0.4221991599 7.6512870789 0.0000000000 0.0000000000 0.0176872704 1.1979675293
-13.3634777069 43.7843093872 -0.4315333962 7.6444363594 0.0000000000 0.0000000000 0.0176530406 1.1966267824
-13.3743410110 43.8178672791 -0.4440957308 7.6376833916 0.0000000000 0.0000000000 0.0175946858 1.1950750351
-13.3850688934 43.8511085510 -0.4551660419 7.6295638084 0.0000000000 0.0000000000 0.0175596084 1.1933857203
-13.3957567215 43.8841857910 -0.4683886766 7.6225042343 0.0000000000 0.0000000000 0.0175355636 1.1915699244
-13.4063262939 43.9170532227 -0.4830002487 7.6161212921 0.0000000000 0.0000000000 0.0175385829 1.1897058487
-13.4168643951 43.9499320984 -0.4962323606 7.6099944115 0.0000000000 0.0000000000 0.0175466966 1.1879243851
-13.4273729324 43.9827308655 -0.5070669651 7.6033468246 0.0000000000 0.0000000000 0.0175548457 1.1862992048
-13.4378442764 44.0154495239 -0.5142374635 7.5963082314 0.0000000000 0.0000000000 0.0175730735 1.1849265099
-13.4482994080 44.0480537415 -0.5178930163 7.5882239342 0.0000000000 0.0000000000 0.0175734255 1.1837621927
-13.4587907791 44.0807685852 -0.5178420544 7.5786890984 0.0000000000 0.0000000000 0.0175702590 1.1828349829
-13.4693279266 44.1135787964 -0.5161680579 7.5679807663 0.0000000000 0.0000000000 0.0175382253 1.1820833683
-13.4798994064 44.1464424133 -0.5145700574 7.5569162369 0.0000000000 0.0000000000 0.0174923874 1.1814240217
-13.4903812408 44.1791076660 -0.5134569407 7.5453624725 0.0000000000 0.0000000000 0.0174446125 1.1807801723
-13.5009250641 44.2117996216 -0.5148696899 7.5345568657 0.0000000000 0.0000000000 0.0173930153 1.1802217960
-13.5114440918 44.2444381714 -0.5203012228 7.5248174667 0.0000000000 0.0000000000 0.0173699427 1.1797773838
-13.5220012665 44.2770996094 -0.5287951827 7.5160179138 0.0000000000 0.0000000000 0.0173674785 1.1793953180
-13.5325307846 44.3096656799 -0.5390729308 7.5080790520 0.0000000000 0.0000000000 0.0173766650 1.1790708303
-13.5430297852 44.3421287537 -0.5521728396 7.5011434555 0.0000000000 0.0000000000 0.0173975341 1.1787612438
-13.5535430908 44.3745536804 -0.5663617253 7.4946527481 0.0000000000 0.0000000000 0.0174279418 1.1784514189
-13.5640096664 44.4068069458 -0.5797876120 7.4877729416 0.0000000000 0.0000000000 0.0174635109 1.1781123877
-13.5743942261 44.4388237000 -0.5915610194 7.4800481796 0.0000000000 0.0000000000 0.0174941439 1.1777505875
-13.5847892761 44.4708366394 -0.6012969613 7.4714574814 0.0000000000 0.0000000000 0.0175354239 1.1773633957
-13.5950498581 44.5025978088 -0.6084447503 7.4622817039 0.0000000000 0.0000000000 0.0175847039 1.1769496202
-13.6052761078 44.5342254639 -0.6129187942 7.4526691437 0.0000000000 0.0000000000 0.0176558010 1.1764793396
-13.6154098511 44.5654678345 -0.6147822142 7.4426407814 0.0000000000 0.0000000000 0.0177544225 1.1759337187
-13.6255550385 44.5966567993 -0.6161833405 7.4332003593 0.0000000000 0.0000000000 0.0178513695 1.1753326654
-13.6356744766 44.6278266907 -0.6190024018 7.4247884750 0.0000000000 0.0000000000 0.0179530475 1.1746897697
-13.6458282471 44.6590194702 -0.6245918870 7.4175338745 0.0000000000 0.0000000000 0.0180257130 1.1740137339
-13.6559953690 44.6901893616 -0.6326830387 7.4109468460 0.0000000000 0.0000000000 0.0180656519 1.1733012199
-13.6660327911 44.7208824158 -0.6422479153 7.4048347473 0.0000000000 0.0000000000 0.0180556197 1.1726319790
-13.6760473251 44.7514305115 -0.6513602734 7.3977894783 0.0000000000 0.0000000000 0.0180162638 1.1720395088
-13.6858911514 44.7815704346 -0.6617729664 7.3914117813 0.0000000000 0.0000000000 0.0179430880 1.1715048552
-13.6957588196 44.8117980957 -0.6721545458 7.3854036331 0.0000000000 0.0000000000 0.0178642329 1.1710103750
-13.7055549622 44.8420944214 -0.6820111275 7.3796648979 0.0000000000 0.0000000000 0.0177650917 1.1704853773
-13.7153730392 44.8724632263 -0.6905544400 7.3742489815 0.0000000000 0.0000000000 0.0176851787 1.1699298620
-13.7251462936 44.9028625488 -0.6977496147 7.3688855171 0.0000000000 0.0000000000 0.0175887328 1.1693199873
-13.7348804474 44.9331893921 -0.7046874762 7.3634896278 0.0000000000 0.0000000000 0.0175376683 1.1686955690
-13.7445459366 44.9632530212 -0.7107747793 7.3575448990 0.0000000000 0.0000000000 0.0174694248 1.1680935621
-13.7542209625 44.9933280945 -0.7161631584 7.3511276245 0.0000000000 0.0000000000 0.0174342394 1.1675045490
-13.7637586594 45.0231323242 -0.7218804359 7.3443942070 0.0000000000 0.0000000000 0.0173651353 1.1669681072
-13.7732181549 45.0527114868 -0.7331360579 7.3394818306 0.0000000000 0.0000000000 0.0173076335 1.1664569378
-13.7825813293 45.0819931030 -0.7454629540 7.3346433640 0.0000000000 0.0000000000 0.0172431972 1.1658742428
-13.7918643951 45.1109619141 -0.7583281398 7.3296179771 0.0000000000 0.0000000000 0.0171891917 1.1652202606
-13.8011045456 45.1398544312 -0.7713209391 7.3241868019 0.0000000000 0.0000000000 0.0171590429 1.1645003557
-13.8102922440 45.1687850952 -0.7830962539 7.3182506561 0.0000000000 0.0000000000 0.0171265379 1.1637824774
-13.8194446564 45.1976928711 -0.7942597866 7.3121705055 0.0000000000 0.0000000000 0.0171191432 1.1630679369
-13.8285951614 45.2266426086 -0.8040397167 7.3060836792 0.0000000000 0.0000000000 0.0171166621 1.1624180079
-13.8377447128 45.2556152344 -0.8118727207 7.2996206284 0.0000000000 0.0000000000 0.0171268936 1.1618809700
-13.8468570709 45.2844581604 -0.8181749582 7.2929434776 0.0000000000 0.0000000000 0.0171584226 1.1615009308
-13.8559770584 45.3133125305 -0.8234766126 7.2863683701 0.0000000000 0.0000000000 0.0172026232 1.1611576080
-13.8650627136 45.3420829773 -0.8282637596 7.2801303864 0.0000000000 0.0000000000 0.0172836669 1.1608899832
-13.8741617203 45.3708724976 -0.8328633308 7.2742509842 0.0000000000 0.0000000000 0.0173370298 1.1606285572
-13.8832654953 45.3996543884 -0.8371726274 7.2687263489 0.0000000000 0.0000000000 0.0174123310 1.1603261232
-13.8923273087 45.4284095764 -0.8419993520 7.2636127472 0.0000000000 0.0000000000 0.0174214467 1.1599653959
-13.9014120102 45.4571495056 -0.8470165133 7.2589402199 0.0000000000 0.0000000000 0.0174556393 1.1594790220
