#         COST_U        COST_H      COST_D       COST_S       REGU_H       REGU_S          HPO           COSTGLEN 
3282.8288574219 0.0000000000 0.0000000000 0.0000000000 37.7840995789 0.0000000000 21.8116092682
1402.7182617188 0.0000000000 0.0000000000 0.1236565337 38.1466026306 0.0000000000 12.3481063843
474.8782958984 0.0000000000 0.0000000000 0.4317022860 38.7865829468 0.0000000000 5.4781236649
164.7479095459 0.0000000000 0.0000000000 0.8524502516 40.3723831177 0.0000000000 1.6859102249
149.0274047852 0.0000000000 0.0000000000 1.3129323721 39.8033370972 0.0000000000 0.7010231018
171.3105773926 0.0000000000 0.0000000000 1.7679580450 40.2262992859 0.0000000000 0.6491822004
173.0872650146 0.0000000000 0.0000000000 2.1984291077 41.3177604675 0.0000000000 0.6776359081
165.1323547363 0.0000000000 0.0000000000 2.5941622257 42.0148162842 0.0000000000 0.6941561699
149.2777557373 0.0000000000 0.0000000000 2.9487152100 42.2542495728 0.0000000000 0.6411286592
132.2399902344 0.0000000000 0.0000000000 3.2613134384 42.2926673889 0.0000000000 0.5649210215
116.4859466553 0.0000000000 0.0000000000 3.5327503681 42.1549263000 0.0000000000 0.4869225025
101.6815872192 0.0000000000 0.0000000000 3.7637937069 41.8065948486 0.0000000000 0.4059892893
88.2024993896 0.0000000000 0.0000000000 3.9558253288 41.2037124634 0.0000000000 0.3295569420
75.9499511719 0.0000000000 0.0000000000 4.1112227440 40.3706855774 0.0000000000 0.2596989274
65.0911636353 0.0000000000 0.0000000000 4.2326865196 39.4997100830 0.0000000000 0.1958387494
55.7026481628 0.0000000000 0.0000000000 4.3230481148 38.9274635315 0.0000000000 0.1367323399
47.9194831848 0.0000000000 0.0000000000 4.3851399422 38.5739631653 0.0000000000 0.0845443606
41.5885086060 0.0000000000 0.0000000000 4.4215788841 38.3455352783 0.0000000000 0.0389035940
36.5995216370 0.0000000000 0.0000000000 4.4350128174 38.1077156067 0.0000000000 -0.0009488463
32.7772903442 0.0000000000 0.0000000000 4.4279284477 37.8729362488 0.0000000000 -0.0340171456
29.8857440948 0.0000000000 0.0000000000 4.4027733803 37.7254943848 0.0000000000 -0.0619762540
27.7519893646 0.0000000000 0.0000000000 4.3618211746 37.6170234680 0.0000000000 -0.0850188732
26.2304439545 0.0000000000 0.0000000000 4.3071136475 37.5417289734 0.0000000000 -0.1032969654
25.1893959045 0.0000000000 0.0000000000 4.2405834198 37.4602165222 0.0000000000 -0.1174042821
24.5240783691 0.0000000000 0.0000000000 4.1640167236 37.3857994080 0.0000000000 -0.1275240183
24.1527366638 0.0000000000 0.0000000000 4.0790448189 37.3324089050 0.0000000000 -0.1342762113
23.9721946716 0.0000000000 0.0000000000 3.9871358871 37.2879371643 0.0000000000 -0.1389096081
23.8998699188 0.0000000000 0.0000000000 3.8896975517 37.2528495789 0.0000000000 -0.1420543194
23.8859519958 0.0000000000 0.0000000000 3.7879886627 37.2114334106 0.0000000000 -0.1443059742
23.9194526672 0.0000000000 0.0000000000 3.6831448078 37.1705780029 0.0000000000 -0.1460910439
23.9843006134 0.0000000000 0.0000000000 3.5761849880 37.1266136169 0.0000000000 -0.1476409137
24.0656776428 0.0000000000 0.0000000000 3.4679856300 37.0810279846 0.0000000000 -0.1490583718
24.1540374756 0.0000000000 0.0000000000 3.3593175411 37.0399093628 0.0000000000 -0.1503939927
24.2420959473 0.0000000000 0.0000000000 3.2508349419 37.0006294250 0.0000000000 -0.1516687870
24.3233127594 0.0000000000 0.0000000000 3.1431059837 36.9677047729 0.0000000000 -0.1529419124
24.3938941956 0.0000000000 0.0000000000 3.0366001129 36.9327125549 0.0000000000 -0.1542373598
24.4517517090 0.0000000000 0.0000000000 2.9317173958 36.9045295715 0.0000000000 -0.1555811465
24.4960231781 0.0000000000 0.0000000000 2.8287994862 36.8757934570 0.0000000000 -0.1569924355
24.5260810852 0.0000000000 0.0000000000 2.7281196117 36.8490028381 0.0000000000 -0.1584641933
24.5414371490 0.0000000000 0.0000000000 2.6298882961 36.8237457275 0.0000000000 -0.1600234210
24.5417709351 0.0000000000 0.0000000000 2.5342683792 36.7990760803 0.0000000000 -0.1616795063
24.5276718140 0.0000000000 0.0000000000 2.4413812160 36.7732009888 0.0000000000 -0.1634299755
24.4996547699 0.0000000000 0.0000000000 2.3513126373 36.7480621338 0.0000000000 -0.1652568877
24.4584560394 0.0000000000 0.0000000000 2.2641108036 36.7189254761 0.0000000000 -0.1671707332
24.4048004150 0.0000000000 0.0000000000 2.1797966957 36.6870384216 0.0000000000 -0.1691762805
24.3397560120 0.0000000000 0.0000000000 2.0983684063 36.6571350098 0.0000000000 -0.1712266803
24.2645053864 0.0000000000 0.0000000000 2.0198082924 36.6249923706 0.0000000000 -0.1733395755
24.1799221039 0.0000000000 0.0000000000 1.9440941811 36.5926475525 0.0000000000 -0.1754900813
24.0871772766 0.0000000000 0.0000000000 1.8711900711 36.5631408691 0.0000000000 -0.1776853651
23.9875583649 0.0000000000 0.0000000000 1.8010571003 36.5360107422 0.0000000000 -0.1799038947
23.8822422028 0.0000000000 0.0000000000 1.7336537838 36.5068473816 0.0000000000 -0.1821553111
23.7725429535 0.0000000000 0.0000000000 1.6689392328 36.4735450745 0.0000000000 -0.1844154000
23.6595268250 0.0000000000 0.0000000000 1.6068663597 36.4434700012 0.0000000000 -0.1866720319
23.5444679260 0.0000000000 0.0000000000 1.5473731756 36.4188079834 0.0000000000 -0.1889080405
23.4275875092 0.0000000000 0.0000000000 1.4903894663 36.3849449158 0.0000000000 -0.1911300123
23.3101711273 0.0000000000 0.0000000000 1.4358226061 36.3543167114 0.0000000000 -0.1933354139
23.1923465729 0.0000000000 0.0000000000 1.3835759163 36.3258743286 0.0000000000 -0.1955246180
23.0753059387 0.0000000000 0.0000000000 1.3335410357 36.2998924255 0.0000000000 -0.1976896226
22.9593181610 0.0000000000 0.0000000000 1.2856166363 36.2725639343 0.0000000000 -0.1998118460
22.8445587158 0.0000000000 0.0000000000 1.2397140265 36.2455329895 0.0000000000 -0.2019264102
22.7309036255 0.0000000000 0.0000000000 1.1957606077 36.2206993103 0.0000000000 -0.2040284276
22.6187801361 0.0000000000 0.0000000000 1.1536853313 36.2006683350 0.0000000000 -0.2061308920
22.5086994171 0.0000000000 0.0000000000 1.1134206057 36.1847343445 0.0000000000 -0.2081974447
22.4000072479 0.0000000000 0.0000000000 1.0749026537 36.1684722900 0.0000000000 -0.2103043497
22.2930946350 0.0000000000 0.0000000000 1.0380713940 36.1560745239 0.0000000000 -0.2123893797
22.1880073547 0.0000000000 0.0000000000 1.0028644800 36.1402969360 0.0000000000 -0.2144792676
22.0848503113 0.0000000000 0.0000000000 0.9692174792 36.1243133545 0.0000000000 -0.2165885866
21.9825668335 0.0000000000 0.0000000000 0.9370759726 36.1067428589 0.0000000000 -0.2187364697
21.8814678192 0.0000000000 0.0000000000 0.9063781500 36.0869369507 0.0000000000 -0.2208851278
21.7820243835 0.0000000000 0.0000000000 0.8770605922 36.0667991638 0.0000000000 -0.2231097221
21.6845684052 0.0000000000 0.0000000000 0.8490657210 36.0465888977 0.0000000000 -0.2253385782
21.5894889832 0.0000000000 0.0000000000 0.8223345280 36.0298576355 0.0000000000 -0.2275741696
21.4969654083 0.0000000000 0.0000000000 0.7968133688 36.0134773254 0.0000000000 -0.2298665047
21.4075622559 0.0000000000 0.0000000000 0.7724567652 35.9962120056 0.0000000000 -0.2321645617
21.3220005035 0.0000000000 0.0000000000 0.7492166162 35.9813194275 0.0000000000 -0.2344567180
21.2397193909 0.0000000000 0.0000000000 0.7270380259 35.9679527283 0.0000000000 -0.2367546856
21.1610336304 0.0000000000 0.0000000000 0.7058848739 35.9508857727 0.0000000000 -0.2390656173
21.0862178802 0.0000000000 0.0000000000 0.6857097745 35.9365501404 0.0000000000 -0.2413878739
21.0154018402 0.0000000000 0.0000000000 0.6664585471 35.9254417419 0.0000000000 -0.2436904013
20.9481105804 0.0000000000 0.0000000000 0.6480728984 35.9112701416 0.0000000000 -0.2460735738
20.8851375580 0.0000000000 0.0000000000 0.6305113435 35.9010505676 0.0000000000 -0.2484276295
20.8259315491 0.0000000000 0.0000000000 0.6137200594 35.8948860168 0.0000000000 -0.2507563233
20.7704524994 0.0000000000 0.0000000000 0.5976573825 35.8913536072 0.0000000000 -0.2531616986
20.7186431885 0.0000000000 0.0000000000 0.5822779536 35.8910026550 0.0000000000 -0.2555538714
20.6697978973 0.0000000000 0.0000000000 0.5675387979 35.8926200867 0.0000000000 -0.2579539716
20.6237049103 0.0000000000 0.0000000000 0.5534020662 35.8928833008 0.0000000000 -0.2603639960
20.5804767609 0.0000000000 0.0000000000 0.5398219824 35.8960914612 0.0000000000 -0.2627495527
20.5403919220 0.0000000000 0.0000000000 0.5267785192 35.9018707275 0.0000000000 -0.2651611567
20.5024394989 0.0000000000 0.0000000000 0.5142557621 35.9062309265 0.0000000000 -0.2675485611
20.4659252167 0.0000000000 0.0000000000 0.5022528768 35.9108352661 0.0000000000 -0.2699283957
20.4300422668 0.0000000000 0.0000000000 0.4907442927 35.9161109924 0.0000000000 -0.2722963393
20.3946189880 0.0000000000 0.0000000000 0.4797371626 35.9193992615 0.0000000000 -0.2746654451
20.3584098816 0.0000000000 0.0000000000 0.4692186713 35.9169273376 0.0000000000 -0.2770159543
20.3209896088 0.0000000000 0.0000000000 0.4591754973 35.9129943848 0.0000000000 -0.2793546617
20.2806701660 0.0000000000 0.0000000000 0.4495788217 35.9071426392 0.0000000000 -0.2816906869
20.2367229462 0.0000000000 0.0000000000 0.4404054284 35.9003067017 0.0000000000 -0.2840180397
20.1886272430 0.0000000000 0.0000000000 0.4316442013 35.8882408142 0.0000000000 -0.2863301933
20.1363525391 0.0000000000 0.0000000000 0.4232860506 35.8738861084 0.0000000000 -0.2886428237
20.0791263580 0.0000000000 0.0000000000 0.4153101444 35.8569946289 0.0000000000 -0.2909273505
20.0165996552 0.0000000000 0.0000000000 0.4077105522 35.8370437622 0.0000000000 -0.2932948470
19.9490642548 0.0000000000 0.0000000000 0.4004796445 35.8175506592 0.0000000000 -0.2955858707
19.8769168854 0.0000000000 0.0000000000 0.3936000764 35.7952270508 0.0000000000 -0.2979873121
19.8006916046 0.0000000000 0.0000000000 0.3870494366 35.7712631226 0.0000000000 -0.3003622293
19.7207126617 0.0000000000 0.0000000000 0.3808223307 35.7453651428 0.0000000000 -0.3028424382
19.6368312836 0.0000000000 0.0000000000 0.3749270439 35.7175216675 0.0000000000 -0.3052473962
19.5495281219 0.0000000000 0.0000000000 0.3693595529 35.6886215210 0.0000000000 -0.3077160418
19.4584369659 0.0000000000 0.0000000000 0.3641022742 35.6590118408 0.0000000000 -0.3101806939
19.3652420044 0.0000000000 0.0000000000 0.3591473997 35.6278343201 0.0000000000 -0.3126844466
19.2693691254 0.0000000000 0.0000000000 0.3544733822 35.5961303711 0.0000000000 -0.3151856661
19.1707763672 0.0000000000 0.0000000000 0.3500704169 35.5635337830 0.0000000000 -0.3177211881
19.0701828003 0.0000000000 0.0000000000 0.3459222615 35.5306816101 0.0000000000 -0.3203148842
18.9680156708 0.0000000000 0.0000000000 0.3420083523 35.4968910217 0.0000000000 -0.3229021430
18.8649101257 0.0000000000 0.0000000000 0.3383056819 35.4628982544 0.0000000000 -0.3255380988
18.7611045837 0.0000000000 0.0000000000 0.3347811401 35.4291191101 0.0000000000 -0.3281977177
18.6581897736 0.0000000000 0.0000000000 0.3314208686 35.3941612244 0.0000000000 -0.3308914304
18.5562648773 0.0000000000 0.0000000000 0.3282154500 35.3596420288 0.0000000000 -0.3336197734
18.4560623169 0.0000000000 0.0000000000 0.3251528144 35.3255577087 0.0000000000 -0.3363723755
18.3573207855 0.0000000000 0.0000000000 0.3222196102 35.2910232544 0.0000000000 -0.3390462995
18.2605438232 0.0000000000 0.0000000000 0.3194147646 35.2555999756 0.0000000000 -0.3419855237
18.1662883759 0.0000000000 0.0000000000 0.3167215884 35.2195205688 0.0000000000 -0.3447418809
18.0744628906 0.0000000000 0.0000000000 0.3141378164 35.1830101013 0.0000000000 -0.3476515412
17.9846801758 0.0000000000 0.0000000000 0.3116703629 35.1453628540 0.0000000000 -0.3503807187
17.8968715668 0.0000000000 0.0000000000 0.3093249202 35.1075477600 0.0000000000 -0.3533123136
17.8116493225 0.0000000000 0.0000000000 0.3071036637 35.0711135864 0.0000000000 -0.3562583923
17.7284145355 0.0000000000 0.0000000000 0.3050082624 35.0345649719 0.0000000000 -0.3591092825
17.6478729248 0.0000000000 0.0000000000 0.3030331135 34.9997901917 0.0000000000 -0.3620052040
17.5690174103 0.0000000000 0.0000000000 0.3011803627 34.9632568359 0.0000000000 -0.3649916351
17.4919319153 0.0000000000 0.0000000000 0.2994455099 34.9249687195 0.0000000000 -0.3679622114
17.4165897369 0.0000000000 0.0000000000 0.2978234291 34.8853721619 0.0000000000 -0.3707993031
17.3426418304 0.0000000000 0.0000000000 0.2963272631 34.8450508118 0.0000000000 -0.3736842275
17.2699871063 0.0000000000 0.0000000000 0.2949758470 34.8047370911 0.0000000000 -0.3765974641
17.1998653412 0.0000000000 0.0000000000 0.2937749326 34.7656784058 0.0000000000 -0.3794301748
17.1335792542 0.0000000000 0.0000000000 0.2927230597 34.7244644165 0.0000000000 -0.3823303878
17.0703353882 0.0000000000 0.0000000000 0.2918166220 34.6813507080 0.0000000000 -0.3850408494
17.0098400116 0.0000000000 0.0000000000 0.2910566926 34.6396522522 0.0000000000 -0.3879585266
16.9513282776 0.0000000000 0.0000000000 0.2904430032 34.6025428772 0.0000000000 -0.3907250166
16.8956336975 0.0000000000 0.0000000000 0.2899916470 34.5585937500 0.0000000000 -0.3934639394
16.8436889648 0.0000000000 0.0000000000 0.2896892726 34.5185279846 0.0000000000 -0.3961588144
16.7949523926 0.0000000000 0.0000000000 0.2895327210 34.4797973633 0.0000000000 -0.3987229466
16.7495956421 0.0000000000 0.0000000000 0.2895235419 34.4399147034 0.0000000000 -0.4013285339
16.7074623108 0.0000000000 0.0000000000 0.2896714509 34.3986053467 0.0000000000 -0.4038238525
16.6687564850 0.0000000000 0.0000000000 0.2899906635 34.3562774658 0.0000000000 -0.4063182473
16.6326274872 0.0000000000 0.0000000000 0.2904748619 34.3134346008 0.0000000000 -0.4087083340
16.5987701416 0.0000000000 0.0000000000 0.2911399901 34.2682876587 0.0000000000 -0.4109345675
16.5668220520 0.0000000000 0.0000000000 0.2919753492 34.2212791443 0.0000000000 -0.4131714702
16.5365047455 0.0000000000 0.0000000000 0.2929702401 34.1731605530 0.0000000000 -0.4154181480
16.5082969666 0.0000000000 0.0000000000 0.2941232026 34.1265068054 0.0000000000 -0.4174786806
16.4823436737 0.0000000000 0.0000000000 0.2954281271 34.0797080994 0.0000000000 -0.4195050001
16.4586181641 0.0000000000 0.0000000000 0.2968649864 34.0310249329 0.0000000000 -0.4214666486
16.4368267059 0.0000000000 0.0000000000 0.2984337509 33.9847412109 0.0000000000 -0.4232453108
16.4166393280 0.0000000000 0.0000000000 0.3001332283 33.9412803650 0.0000000000 -0.4251650572
16.3984661102 0.0000000000 0.0000000000 0.3019750714 33.9008026123 0.0000000000 -0.4267752171
16.3828926086 0.0000000000 0.0000000000 0.3039697409 33.8631095886 0.0000000000 -0.4286507368
16.3703575134 0.0000000000 0.0000000000 0.3061190248 33.8270759583 0.0000000000 -0.4302585721
16.3602867126 0.0000000000 0.0000000000 0.3084288239 33.7925758362 0.0000000000 -0.4318045378
16.3527603149 0.0000000000 0.0000000000 0.3108935058 33.7616386414 0.0000000000 -0.4332385659
16.3467731476 0.0000000000 0.0000000000 0.3135101497 33.7343254089 0.0000000000 -0.4346694350
16.3422260284 0.0000000000 0.0000000000 0.3162788153 33.7087249756 0.0000000000 -0.4360384941
16.3382740021 0.0000000000 0.0000000000 0.3192057610 33.6863708496 0.0000000000 -0.4373700619
16.3347797394 0.0000000000 0.0000000000 0.3222846389 33.6649284363 0.0000000000 -0.4386503100
16.3313198090 0.0000000000 0.0000000000 0.3255039752 33.6445884705 0.0000000000 -0.4399118423
16.3283996582 0.0000000000 0.0000000000 0.3288505375 33.6246414185 0.0000000000 -0.4410173297
16.3268127441 0.0000000000 0.0000000000 0.3323138654 33.6024627686 0.0000000000 -0.4422038794
16.3257312775 0.0000000000 0.0000000000 0.3358707130 33.5806999207 0.0000000000 -0.4431608319
16.3256530762 0.0000000000 0.0000000000 0.3395100534 33.5600814819 0.0000000000 -0.4443450570
16.3265438080 0.0000000000 0.0000000000 0.3432236612 33.5383644104 0.0000000000 -0.4452362061
16.3286437988 0.0000000000 0.0000000000 0.3470179439 33.5175552368 0.0000000000 -0.4461601973
16.3323631287 0.0000000000 0.0000000000 0.3508734107 33.4962997437 0.0000000000 -0.4470964670
16.3378124237 0.0000000000 0.0000000000 0.3547844291 33.4771270752 0.0000000000 -0.4478689432
16.3453502655 0.0000000000 0.0000000000 0.3587486148 33.4566955566 0.0000000000 -0.4486225843
16.3549652100 0.0000000000 0.0000000000 0.3627772331 33.4389381409 0.0000000000 -0.4494460821
16.3659572601 0.0000000000 0.0000000000 0.3668694198 33.4238777161 0.0000000000 -0.4501045942
16.3793430328 0.0000000000 0.0000000000 0.3710283637 33.4120330811 0.0000000000 -0.4504632950
16.3948173523 0.0000000000 0.0000000000 0.3752622306 33.3994789124 0.0000000000 -0.4513257742
16.4124851227 0.0000000000 0.0000000000 0.3795760274 33.3860511780 0.0000000000 -0.4518623352
16.4310436249 0.0000000000 0.0000000000 0.3839679360 33.3742599487 0.0000000000 -0.4524275661
16.4514789581 0.0000000000 0.0000000000 0.3884402812 33.3628959656 0.0000000000 -0.4529300332
16.4738197327 0.0000000000 0.0000000000 0.3929887712 33.3544769287 0.0000000000 -0.4533759356
16.4973773956 0.0000000000 0.0000000000 0.3976100683 33.3453788757 0.0000000000 -0.4538506269
16.5213699341 0.0000000000 0.0000000000 0.4023173451 33.3369331360 0.0000000000 -0.4542099833
16.5458736420 0.0000000000 0.0000000000 0.4071198702 33.3273925781 0.0000000000 -0.4543808699
16.5709018707 0.0000000000 0.0000000000 0.4120086730 33.3191680908 0.0000000000 -0.4543392658
16.5970039368 0.0000000000 0.0000000000 0.4169629812 33.3107147217 0.0000000000 -0.4549450278
16.6237201691 0.0000000000 0.0000000000 0.4219676554 33.3028297424 0.0000000000 -0.4551999569
16.6515274048 0.0000000000 0.0000000000 0.4270133376 33.2947235107 0.0000000000 -0.4552619457
16.6791667938 0.0000000000 0.0000000000 0.4320948720 33.2873497009 0.0000000000 -0.4553559422
16.7068519592 0.0000000000 0.0000000000 0.4372020364 33.2798538208 0.0000000000 -0.4553507566
16.7336750031 0.0000000000 0.0000000000 0.4423375130 33.2720947266 0.0000000000 -0.4553674459
16.7597503662 0.0000000000 0.0000000000 0.4475241005 33.2647171021 0.0000000000 -0.4552533627
16.7831974030 0.0000000000 0.0000000000 0.4527753890 33.2568740845 0.0000000000 -0.4549840689
16.8050270081 0.0000000000 0.0000000000 0.4580969810 33.2479553223 0.0000000000 -0.4547402859
16.8250885010 0.0000000000 0.0000000000 0.4634877443 33.2391967773 0.0000000000 -0.4546759129
16.8430309296 0.0000000000 0.0000000000 0.4689328372 33.2310409546 0.0000000000 -0.4545601010
16.8585796356 0.0000000000 0.0000000000 0.4744173586 33.2240791321 0.0000000000 -0.4539036751
16.8712806702 0.0000000000 0.0000000000 0.4799241722 33.2174797058 0.0000000000 -0.4539348483
16.8810424805 0.0000000000 0.0000000000 0.4854330420 33.2105026245 0.0000000000 -0.4536208510
16.8876781464 0.0000000000 0.0000000000 0.4909338653 33.2049598694 0.0000000000 -0.4531395435
16.8904666901 0.0000000000 0.0000000000 0.4964251518 33.1995201111 0.0000000000 -0.4528412819
16.8905677795 0.0000000000 0.0000000000 0.5019130707 33.1945381165 0.0000000000 -0.4522455931
16.8890438080 0.0000000000 0.0000000000 0.5074021816 33.1898803711 0.0000000000 -0.4516979456
16.8856601715 0.0000000000 0.0000000000 0.5128886700 33.1851692200 0.0000000000 -0.4510343075
16.8804645538 0.0000000000 0.0000000000 0.5183520317 33.1793327332 0.0000000000 -0.4507553577
16.8738498688 0.0000000000 0.0000000000 0.5237647891 33.1748237610 0.0000000000 -0.4501847029
16.8662948608 0.0000000000 0.0000000000 0.5291206837 33.1691551208 0.0000000000 -0.4495403767
16.8574199677 0.0000000000 0.0000000000 0.5344268680 33.1628913879 0.0000000000 -0.4487282038
16.8475780487 0.0000000000 0.0000000000 0.5396549106 33.1560897827 0.0000000000 -0.4480832815
16.8367977142 0.0000000000 0.0000000000 0.5447969437 33.1494407654 0.0000000000 -0.4474343061
16.8262233734 0.0000000000 0.0000000000 0.5498559475 33.1424522400 0.0000000000 -0.4469051361
16.8144454956 0.0000000000 0.0000000000 0.5548244715 33.1346054077 0.0000000000 -0.4461771846
16.8026676178 0.0000000000 0.0000000000 0.5596829057 33.1254577637 0.0000000000 -0.4452890158
16.7906169891 0.0000000000 0.0000000000 0.5644453764 33.1156349182 0.0000000000 -0.4444863796
16.7785415649 0.0000000000 0.0000000000 0.5691138506 33.1054039001 0.0000000000 -0.4439451098
16.7663860321 0.0000000000 0.0000000000 0.5736968517 33.0948715210 0.0000000000 -0.4431646466
16.7531776428 0.0000000000 0.0000000000 0.5781797767 33.0830993652 0.0000000000 -0.4426044226
16.7393321991 0.0000000000 0.0000000000 0.5825595856 33.0706291199 0.0000000000 -0.4417796731
16.7235755920 0.0000000000 0.0000000000 0.5868583918 33.0578613281 0.0000000000 -0.4407681227
16.7052688599 0.0000000000 0.0000000000 0.5911288261 33.0445594788 0.0000000000 -0.4396547079
16.6877174377 0.0000000000 0.0000000000 0.5953909755 33.0311050415 0.0000000000 -0.4393842816
16.6688346863 0.0000000000 0.0000000000 0.5996992588 33.0173606873 0.0000000000 -0.4385949373
16.6485500336 0.0000000000 0.0000000000 0.6040960550 33.0036773682 0.0000000000 -0.4378278852
16.6275787354 0.0000000000 0.0000000000 0.6086171865 32.9900627136 0.0000000000 -0.4369934797
16.6065711975 0.0000000000 0.0000000000 0.6132870317 32.9772186279 0.0000000000 -0.4361335635
16.5845870972 0.0000000000 0.0000000000 0.6181182265 32.9651641846 0.0000000000 -0.4353247881
16.5611686707 0.0000000000 0.0000000000 0.6231253147 32.9519271851 0.0000000000 -0.4343547225
16.5350208282 0.0000000000 0.0000000000 0.6282809377 32.9395980835 0.0000000000 -0.4334996939
16.5060062408 0.0000000000 0.0000000000 0.6335619688 32.9270057678 0.0000000000 -0.4325924516
16.4748802185 0.0000000000 0.0000000000 0.6389080286 32.9138908386 0.0000000000 -0.4318298697
16.4414920807 0.0000000000 0.0000000000 0.6442385316 32.9009857178 0.0000000000 -0.4307084680
16.4056529999 0.0000000000 0.0000000000 0.6495143771 32.8875541687 0.0000000000 -0.4299890995
16.3661823273 0.0000000000 0.0000000000 0.6546785831 32.8739204407 0.0000000000 -0.4285700917
16.3243064880 0.0000000000 0.0000000000 0.6596506238 32.8603782654 0.0000000000 -0.4281821251
16.2785053253 0.0000000000 0.0000000000 0.6643797755 32.8470916748 0.0000000000 -0.4271147251
16.2289752960 0.0000000000 0.0000000000 0.6688013077 32.8333969116 0.0000000000 -0.4261841178
16.1767158508 0.0000000000 0.0000000000 0.6728620529 32.8197975159 0.0000000000 -0.4254785180
16.1228790283 0.0000000000 0.0000000000 0.6765410304 32.8054237366 0.0000000000 -0.4243453741
16.0682640076 0.0000000000 0.0000000000 0.6798304319 32.7921447754 0.0000000000 -0.4236261845
16.0121459961 0.0000000000 0.0000000000 0.6827389002 32.7791900635 0.0000000000 -0.4227512479
15.9549722672 0.0000000000 0.0000000000 0.6853078008 32.7703475952 0.0000000000 -0.4219203591
15.8984432220 0.0000000000 0.0000000000 0.6875748038 32.7607574463 0.0000000000 -0.4208607078
15.8430023193 0.0000000000 0.0000000000 0.6895629168 32.7512321472 0.0000000000 -0.4202064872
15.7880115509 0.0000000000 0.0000000000 0.6913018227 32.7422370911 0.0000000000 -0.4190732241
15.7348442078 0.0000000000 0.0000000000 0.6928362250 32.7315406799 0.0000000000 -0.4184931517
15.6829366684 0.0000000000 0.0000000000 0.6942000985 32.7214431763 0.0000000000 -0.4176228046
15.6334981918 0.0000000000 0.0000000000 0.6954426169 32.7100982666 0.0000000000 -0.4167175889
15.5854492188 0.0000000000 0.0000000000 0.6965883970 32.6976928711 0.0000000000 -0.4157536030
15.5399770737 0.0000000000 0.0000000000 0.6976373196 32.6846199036 0.0000000000 -0.4149017334
15.4965133667 0.0000000000 0.0000000000 0.6986259222 32.6707878113 0.0000000000 -0.4137714505
15.4548978806 0.0000000000 0.0000000000 0.6995772719 32.6564559937 0.0000000000 -0.4133406878
15.4145946503 0.0000000000 0.0000000000 0.7005248070 32.6420936584 0.0000000000 -0.4122861624
15.3759489059 0.0000000000 0.0000000000 0.7014805079 32.6271171570 0.0000000000 -0.4116140008
15.3375749588 0.0000000000 0.0000000000 0.7024502754 32.6129035950 0.0000000000 -0.4111332297
15.2995347977 0.0000000000 0.0000000000 0.7034200430 32.5971832275 0.0000000000 -0.4103673697
15.2611236572 0.0000000000 0.0000000000 0.7043938637 32.5812873840 0.0000000000 -0.4095558524
15.2213191986 0.0000000000 0.0000000000 0.7053651214 32.5655136108 0.0000000000 -0.4088263512
15.1807231903 0.0000000000 0.0000000000 0.7063356638 32.5501365662 0.0000000000 -0.4077783823
15.1392116547 0.0000000000 0.0000000000 0.7072973251 32.5355491638 0.0000000000 -0.4072448015
15.0953493118 0.0000000000 0.0000000000 0.7082431912 32.5212974548 0.0000000000 -0.4064117670
15.0500726700 0.0000000000 0.0000000000 0.7091742754 32.5080833435 0.0000000000 -0.4056519270
15.0029973984 0.0000000000 0.0000000000 0.7100745440 32.4958992004 0.0000000000 -0.4048790336
14.9544601440 0.0000000000 0.0000000000 0.7109628320 32.4845581055 0.0000000000 -0.4041332603
14.9051151276 0.0000000000 0.0000000000 0.7118196487 32.4724044800 0.0000000000 -0.4032683372
14.8571910858 0.0000000000 0.0000000000 0.7126465440 32.4607162476 0.0000000000 -0.4025794864
14.8103752136 0.0000000000 0.0000000000 0.7134324908 32.4488143921 0.0000000000 -0.4014498591
14.7655200958 0.0000000000 0.0000000000 0.7141668797 32.4364356995 0.0000000000 -0.4010438919
14.7212486267 0.0000000000 0.0000000000 0.7148452401 32.4236335754 0.0000000000 -0.4000103474
14.6785516739 0.0000000000 0.0000000000 0.7154796124 32.4126625061 0.0000000000 -0.3995169401
14.6360645294 0.0000000000 0.0000000000 0.7160691023 32.4025802612 0.0000000000 -0.3983497620
14.5951833725 0.0000000000 0.0000000000 0.7166107893 32.3917427063 0.0000000000 -0.3976328373
14.5558996201 0.0000000000 0.0000000000 0.7170869112 32.3796386719 0.0000000000 -0.3969926834
14.5190019608 0.0000000000 0.0000000000 0.7174990773 32.3653144836 0.0000000000 -0.3963414431
14.4818563461 0.0000000000 0.0000000000 0.7178422213 32.3539466858 0.0000000000 -0.3954616785
14.4446783066 0.0000000000 0.0000000000 0.7181057930 32.3433914185 0.0000000000 -0.3947951794
14.4072866440 0.0000000000 0.0000000000 0.7183093429 32.3319091797 0.0000000000 -0.3939421773
14.3692378998 0.0000000000 0.0000000000 0.7184560299 32.3202667236 0.0000000000 -0.3933084607
14.3309898376 0.0000000000 0.0000000000 0.7185627818 32.3085632324 0.0000000000 -0.3924749494
14.2925252914 0.0000000000 0.0000000000 0.7186461091 32.2970275879 0.0000000000 -0.3911266327
14.2532234192 0.0000000000 0.0000000000 0.7187117338 32.2854728699 0.0000000000 -0.3909729719
14.2136144638 0.0000000000 0.0000000000 0.7187746167 32.2737922668 0.0000000000 -0.3901514411
14.1738042831 0.0000000000 0.0000000000 0.7188425660 32.2620277405 0.0000000000 -0.3894301653
14.1338310242 0.0000000000 0.0000000000 0.7189087272 32.2500991821 0.0000000000 -0.3885283470
14.0951719284 0.0000000000 0.0000000000 0.7189763784 32.2391090393 0.0000000000 -0.3877215981
14.0581140518 0.0000000000 0.0000000000 0.7190393209 32.2274665833 0.0000000000 -0.3869776130
14.0216045380 0.0000000000 0.0000000000 0.7190673947 32.2172355652 0.0000000000 -0.3856370449
13.9851541519 0.0000000000 0.0000000000 0.7190597653 32.2074928284 0.0000000000 -0.3851444721
13.9484739304 0.0000000000 0.0000000000 0.7190119028 32.1985092163 0.0000000000 -0.3845901489
13.9107074738 0.0000000000 0.0000000000 0.7189333439 32.1882896423 0.0000000000 -0.3836465478
13.8717651367 0.0000000000 0.0000000000 0.7188217640 32.1779136658 0.0000000000 -0.3830709457
13.8326797485 0.0000000000 0.0000000000 0.7186781168 32.1666984558 0.0000000000 -0.3821859956
13.7938356400 0.0000000000 0.0000000000 0.7184993625 32.1549377441 0.0000000000 -0.3814506531
13.7551612854 0.0000000000 0.0000000000 0.7182825208 32.1439170837 0.0000000000 -0.3806050420
13.7173604965 0.0000000000 0.0000000000 0.7180104852 32.1317138672 0.0000000000 -0.3797469139
13.6804723740 0.0000000000 0.0000000000 0.7176921368 32.1190719604 0.0000000000 -0.3786000013
13.6450529099 0.0000000000 0.0000000000 0.7172826529 32.1059646606 0.0000000000 -0.3784256577
13.6110458374 0.0000000000 0.0000000000 0.7167798877 32.0924606323 0.0000000000 -0.3778013587
13.5787258148 0.0000000000 0.0000000000 0.7161771655 32.0784454346 0.0000000000 -0.3770375252
13.5484104156 0.0000000000 0.0000000000 0.7154936194 32.0636787415 0.0000000000 -0.3760963082
13.5189056396 0.0000000000 0.0000000000 0.7147295475 32.0483512878 0.0000000000 -0.3754883409
13.4906101227 0.0000000000 0.0000000000 0.7139095664 32.0326347351 0.0000000000 -0.3747281432
13.4628000259 0.0000000000 0.0000000000 0.7130607367 32.0171241760 0.0000000000 -0.3740468025
13.4363613129 0.0000000000 0.0000000000 0.7121919394 32.0016632080 0.0000000000 -0.3732334971
13.4108343124 0.0000000000 0.0000000000 0.7113302946 31.9874763489 0.0000000000 -0.3723598719
13.3883657455 0.0000000000 0.0000000000 0.7104965448 31.9739780426 0.0000000000 -0.3711743951
13.3682355881 0.0000000000 0.0000000000 0.7097265720 31.9603118896 0.0000000000 -0.3708291054
13.3502464294 0.0000000000 0.0000000000 0.7090315223 31.9468555450 0.0000000000 -0.3701313138
13.3334054947 0.0000000000 0.0000000000 0.7084288001 31.9334392548 0.0000000000 -0.3692963123
13.3177413940 0.0000000000 0.0000000000 0.7079227567 31.9204025269 0.0000000000 -0.3686856627
13.3024129868 0.0000000000 0.0000000000 0.7075062990 31.9074516296 0.0000000000 -0.3679109812
13.2859096527 0.0000000000 0.0000000000 0.7071934342 31.8950309753 0.0000000000 -0.3670123219
13.2681121826 0.0000000000 0.0000000000 0.7069852352 31.8835163116 0.0000000000 -0.3663483858
13.2482309341 0.0000000000 0.0000000000 0.7068708539 31.8725967407 0.0000000000 -0.3654171824
13.2237157822 0.0000000000 0.0000000000 0.7068480253 31.8617076874 0.0000000000 -0.3647656441
13.1950378418 0.0000000000 0.0000000000 0.7069311142 31.8513011932 0.0000000000 -0.3639921546
13.1621589661 0.0000000000 0.0000000000 0.7070969343 31.8411941528 0.0000000000 -0.3629780412
13.1251659393 0.0000000000 0.0000000000 0.7073288560 31.8316478729 0.0000000000 -0.3624143600
13.0837955475 0.0000000000 0.0000000000 0.7075945139 31.8220157623 0.0000000000 -0.3616130948
13.0391092300 0.0000000000 0.0000000000 0.7078776956 31.8127727509 0.0000000000 -0.3606526852
12.9916524887 0.0000000000 0.0000000000 0.7081615925 31.8034934998 0.0000000000 -0.3600485325
12.9416017532 0.0000000000 0.0000000000 0.7084284425 31.7947101593 0.0000000000 -0.3590389490
12.8902540207 0.0000000000 0.0000000000 0.7086480856 31.7873077393 0.0000000000 -0.3584866524
12.8380098343 0.0000000000 0.0000000000 0.7087966800 31.7788925171 0.0000000000 -0.3577315807
12.7856311798 0.0000000000 0.0000000000 0.7088723779 31.7714519501 0.0000000000 -0.3567625880
12.7336854935 0.0000000000 0.0000000000 0.7088919878 31.7638473511 0.0000000000 -0.3561094999
12.6830501556 0.0000000000 0.0000000000 0.7088491321 31.7546463013 0.0000000000 -0.3553920984
12.6355304718 0.0000000000 0.0000000000 0.7087493539 31.7453060150 0.0000000000 -0.3545976281
12.5905857086 0.0000000000 0.0000000000 0.7086038589 31.7359485626 0.0000000000 -0.3538393974
12.5480623245 0.0000000000 0.0000000000 0.7084206939 31.7263698578 0.0000000000 -0.3530553579
12.5075378418 0.0000000000 0.0000000000 0.7081981301 31.7168102264 0.0000000000 -0.3523058891
12.4694366455 0.0000000000 0.0000000000 0.7079468966 31.7076034546 0.0000000000 -0.3513973951
12.4338321686 0.0000000000 0.0000000000 0.7076761127 31.6985225677 0.0000000000 -0.3506924510
12.4000921249 0.0000000000 0.0000000000 0.7073810101 31.6891956329 0.0000000000 -0.3501027226
12.3671550751 0.0000000000 0.0000000000 0.7070421576 31.6798343658 0.0000000000 -0.3493616581
12.3342800140 0.0000000000 0.0000000000 0.7066696286 31.6704368591 0.0000000000 -0.3485362530
12.3028974533 0.0000000000 0.0000000000 0.7062738538 31.6611232758 0.0000000000 -0.3478563428
12.2721996307 0.0000000000 0.0000000000 0.7058668137 31.6513442993 0.0000000000 -0.3469884396
12.2429351807 0.0000000000 0.0000000000 0.7054632306 31.6411266327 0.0000000000 -0.3463550806
12.2140417099 0.0000000000 0.0000000000 0.7050861716 31.6306247711 0.0000000000 -0.3454861641
12.1844997406 0.0000000000 0.0000000000 0.7047547698 31.6205291748 0.0000000000 -0.3446000814
12.1540575027 0.0000000000 0.0000000000 0.7044752836 31.6111412048 0.0000000000 -0.3437762856
12.1227645874 0.0000000000 0.0000000000 0.7042568326 31.5994472504 0.0000000000 -0.3433389068
12.0904836655 0.0000000000 0.0000000000 0.7040929198 31.5882034302 0.0000000000 -0.3426026106
12.0572280884 0.0000000000 0.0000000000 0.7039559484 31.5772533417 0.0000000000 -0.3418105245
12.0228767395 0.0000000000 0.0000000000 0.7038701773 31.5654010773 0.0000000000 -0.3411129713
11.9884567261 0.0000000000 0.0000000000 0.7038285136 31.5531063080 0.0000000000 -0.3402219415
11.9540939331 0.0000000000 0.0000000000 0.7038230896 31.5412063599 0.0000000000 -0.3395538926
11.9188699722 0.0000000000 0.0000000000 0.7038519979 31.5296840668 0.0000000000 -0.3385928273
11.8834953308 0.0000000000 0.0000000000 0.7039026022 31.5169754028 0.0000000000 -0.3380745053
11.8475751877 0.0000000000 0.0000000000 0.7039627433 31.5035419464 0.0000000000 -0.3373525143
11.8111152649 0.0000000000 0.0000000000 0.7040134668 31.4906902313 0.0000000000 -0.3358951807
11.7735900879 0.0000000000 0.0000000000 0.7040507197 31.4779090881 0.0000000000 -0.3355959654
11.7354412079 0.0000000000 0.0000000000 0.7040795088 31.4646434784 0.0000000000 -0.3349491358
11.6984272003 0.0000000000 0.0000000000 0.7040932178 31.4509162903 0.0000000000 -0.3343138099
11.6627283096 0.0000000000 0.0000000000 0.7041051388 31.4365062714 0.0000000000 -0.3336335421
11.6291284561 0.0000000000 0.0000000000 0.7041132450 31.4217185974 0.0000000000 -0.3328623176
11.5959272385 0.0000000000 0.0000000000 0.7041304708 31.4075355530 0.0000000000 -0.3317220807
11.5646553040 0.0000000000 0.0000000000 0.7041642070 31.3924751282 0.0000000000 -0.3313704729
11.5326814651 0.0000000000 0.0000000000 0.7042155862 31.3776302338 0.0000000000 -0.3306412101
11.4995822906 0.0000000000 0.0000000000 0.7042958140 31.3631954193 0.0000000000 -0.3296013474
11.4667901993 0.0000000000 0.0000000000 0.7043870091 31.3493480682 0.0000000000 -0.3291230202
11.4339389801 0.0000000000 0.0000000000 0.7044827938 31.3354434967 0.0000000000 -0.3283339739
11.3995475769 0.0000000000 0.0000000000 0.7045719028 31.3213596344 0.0000000000 -0.3276058435
11.3640441895 0.0000000000 0.0000000000 0.7046805024 31.3073673248 0.0000000000 -0.3267639875
11.3280467987 0.0000000000 0.0000000000 0.7048299909 31.2927913666 0.0000000000 -0.3259195089
11.2898750305 0.0000000000 0.0000000000 0.7050101161 31.2779235840 0.0000000000 -0.3251613975
11.2502517700 0.0000000000 0.0000000000 0.7052114606 31.2628421783 0.0000000000 -0.3243482113
11.2090187073 0.0000000000 0.0000000000 0.7054086328 31.2475013733 0.0000000000 -0.3236143589
11.1666736603 0.0000000000 0.0000000000 0.7056056857 31.2329998016 0.0000000000 -0.3227530122
11.1227197647 0.0000000000 0.0000000000 0.7057865858 31.2186336517 0.0000000000 -0.3218305111
11.0777816772 0.0000000000 0.0000000000 0.7059672475 31.2041187286 0.0000000000 -0.3212392330
11.0322828293 0.0000000000 0.0000000000 0.7061812878 31.1896343231 0.0000000000 -0.3204582930
10.9862174988 0.0000000000 0.0000000000 0.7064025402 31.1750106812 0.0000000000 -0.3195778131
10.9407062531 0.0000000000 0.0000000000 0.7066185474 31.1607456207 0.0000000000 -0.3188439608
10.8964080811 0.0000000000 0.0000000000 0.7068516016 31.1490592957 0.0000000000 -0.3181273341
10.8518333435 0.0000000000 0.0000000000 0.7071014643 31.1305198669 0.0000000000 -0.3171858191
10.8073740005 0.0000000000 0.0000000000 0.7073652148 31.1148891449 0.0000000000 -0.3166701794
10.7611007690 0.0000000000 0.0000000000 0.7076529860 31.0991287231 0.0000000000 -0.3159101009
10.7139215469 0.0000000000 0.0000000000 0.7079869509 31.0841083527 0.0000000000 -0.3150337338
10.6668338776 0.0000000000 0.0000000000 0.7083647251 31.0691566467 0.0000000000 -0.3142920136
10.6212501526 0.0000000000 0.0000000000 0.7087683082 31.0536632538 0.0000000000 -0.3135938048
10.5750102997 0.0000000000 0.0000000000 0.7092012763 31.0380554199 0.0000000000 -0.3127402067
10.5297460556 0.0000000000 0.0000000000 0.7096510530 31.0217037201 0.0000000000 -0.3118859529
10.4834995270 0.0000000000 0.0000000000 0.7101033926 31.0050697327 0.0000000000 -0.3113094568
10.4376859665 0.0000000000 0.0000000000 0.7105849385 30.9884262085 0.0000000000 -0.3103575706
10.3930101395 0.0000000000 0.0000000000 0.7110894918 30.9718666077 0.0000000000 -0.3098049760
10.3494091034 0.0000000000 0.0000000000 0.7116152644 30.9562759399 0.0000000000 -0.3089384437
10.3086643219 0.0000000000 0.0000000000 0.7121589780 30.9430160522 0.0000000000 -0.3082478046
10.2685756683 0.0000000000 0.0000000000 0.7127146721 30.9288787842 0.0000000000 -0.3076118827
10.2296323776 0.0000000000 0.0000000000 0.7132883668 30.9144954681 0.0000000000 -0.3068499565
10.1907920837 0.0000000000 0.0000000000 0.7138718963 30.9000339508 0.0000000000 -0.3059682250
10.1547269821 0.0000000000 0.0000000000 0.7144349217 30.8850078583 0.0000000000 -0.3053470850
10.1188049316 0.0000000000 0.0000000000 0.7149812579 30.8694210052 0.0000000000 -0.3045842648
10.0818471909 0.0000000000 0.0000000000 0.7155252099 30.8535099030 0.0000000000 -0.3038620949
10.0435094833 0.0000000000 0.0000000000 0.7160528898 30.8370838165 0.0000000000 -0.3032481074
10.0036735535 0.0000000000 0.0000000000 0.7165390849 30.8202667236 0.0000000000 -0.3024451137
9.9619045258 0.0000000000 0.0000000000 0.7169630527 30.8033885956 0.0000000000 -0.3014824390
9.9173231125 0.0000000000 0.0000000000 0.7173426747 30.7868804932 0.0000000000 -0.3010568619
9.8707351685 0.0000000000 0.0000000000 0.7176408172 30.7712993622 0.0000000000 -0.3004149199
9.8216314316 0.0000000000 0.0000000000 0.7178412080 30.7559871674 0.0000000000 -0.2996424437
9.7729215622 0.0000000000 0.0000000000 0.7179331183 30.7410202026 0.0000000000 -0.2987637520
9.7260684967 0.0000000000 0.0000000000 0.7179320455 30.7257881165 0.0000000000 -0.2980122566
9.6808042526 0.0000000000 0.0000000000 0.7178459167 30.7107486725 0.0000000000 -0.2976226807
9.6389207840 0.0000000000 0.0000000000 0.7176737189 30.6954727173 0.0000000000 -0.2968534827
9.5992317200 0.0000000000 0.0000000000 0.7173816562 30.6802806854 0.0000000000 -0.2962293625
9.5617504120 0.0000000000 0.0000000000 0.7169513702 30.6661262512 0.0000000000 -0.2956083417
9.5255661011 0.0000000000 0.0000000000 0.7163816094 30.6516151428 0.0000000000 -0.2948455811
9.4879055023 0.0000000000 0.0000000000 0.7156950235 30.6365375519 0.0000000000 -0.2941159606
9.4504699707 0.0000000000 0.0000000000 0.7148734331 30.6217994690 0.0000000000 -0.2935848832
9.4127054214 0.0000000000 0.0000000000 0.7139413357 30.6073303223 0.0000000000 -0.2929503918
9.3752441406 0.0000000000 0.0000000000 0.7128939033 30.5938282013 0.0000000000 -0.2922782302
9.3378305435 0.0000000000 0.0000000000 0.7117249966 30.5809555054 0.0000000000 -0.2916350365
9.3004465103 0.0000000000 0.0000000000 0.7104521394 30.5690727234 0.0000000000 -0.2909474373
9.2623615265 0.0000000000 0.0000000000 0.7090991735 30.5570812225 0.0000000000 -0.2902459502
9.2247400284 0.0000000000 0.0000000000 0.7076967359 30.5451488495 0.0000000000 -0.2896777987
9.1874847412 0.0000000000 0.0000000000 0.7062754035 30.5328922272 0.0000000000 -0.2889505625
9.1511812210 0.0000000000 0.0000000000 0.7048683167 30.5211143494 0.0000000000 -0.2882065773
9.1150474548 0.0000000000 0.0000000000 0.7035001516 30.5093364716 0.0000000000 -0.2876719236
9.0790367126 0.0000000000 0.0000000000 0.7021743059 30.4981765747 0.0000000000 -0.2867562175
9.0433187485 0.0000000000 0.0000000000 0.7008883953 30.4859104156 0.0000000000 -0.2861157060
9.0055112839 0.0000000000 0.0000000000 0.6995736361 30.4732952118 0.0000000000 -0.2855192423
8.9661016464 0.0000000000 0.0000000000 0.6982393265 30.4596633911 0.0000000000 -0.2851316929
8.9255590439 0.0000000000 0.0000000000 0.6968778372 30.4460430145 0.0000000000 -0.2843977213
8.8845062256 0.0000000000 0.0000000000 0.6954998970 30.4327640533 0.0000000000 -0.2838059068
8.8429946899 0.0000000000 0.0000000000 0.6941018701 30.4192161560 0.0000000000 -0.2830231190
8.8011894226 0.0000000000 0.0000000000 0.6926618218 30.4056091309 0.0000000000 -0.2825853229
8.7587232590 0.0000000000 0.0000000000 0.6912066936 30.3919906616 0.0000000000 -0.2818648219
8.7155084610 0.0000000000 0.0000000000 0.6897308826 30.3780403137 0.0000000000 -0.2813479900
8.6725711823 0.0000000000 0.0000000000 0.6881794333 30.3638286591 0.0000000000 -0.2806493640
8.6301155090 0.0000000000 0.0000000000 0.6865386367 30.3496837616 0.0000000000 -0.2800578475
8.5878429413 0.0000000000 0.0000000000 0.6848230958 30.3356876373 0.0000000000 -0.2793335915
8.5458641052 0.0000000000 0.0000000000 0.6830293536 30.3214473724 0.0000000000 -0.2788220644
8.5041542053 0.0000000000 0.0000000000 0.6811782718 30.3080310822 0.0000000000 -0.2781887054
8.4632043839 0.0000000000 0.0000000000 0.6792690158 30.2955398560 0.0000000000 -0.2774650455
8.4223222733 0.0000000000 0.0000000000 0.6773028970 30.2834873199 0.0000000000 -0.2769362926
8.3818988800 0.0000000000 0.0000000000 0.6752828956 30.2715072632 0.0000000000 -0.2763403654
8.3413782120 0.0000000000 0.0000000000 0.6732035279 30.2606124878 0.0000000000 -0.2757216692
8.2999439240 0.0000000000 0.0000000000 0.6710655093 30.2498378754 0.0000000000 -0.2750973105
8.2581462860 0.0000000000 0.0000000000 0.6688681841 30.2384815216 0.0000000000 -0.2742671967
8.2164087296 0.0000000000 0.0000000000 0.6666200757 30.2264347076 0.0000000000 -0.2739401460
8.1738157272 0.0000000000 0.0000000000 0.6643421054 30.2149486542 0.0000000000 -0.2733431458
8.1310930252 0.0000000000 0.0000000000 0.6620456576 30.2043914795 0.0000000000 -0.2726616263
8.0886201859 0.0000000000 0.0000000000 0.6597169042 30.1938877106 0.0000000000 -0.2720228434
8.0459871292 0.0000000000 0.0000000000 0.6573404074 30.1835727692 0.0000000000 -0.2716192007
8.0035724640 0.0000000000 0.0000000000 0.6548970342 30.1750869751 0.0000000000 -0.2709335089
7.9622945786 0.0000000000 0.0000000000 0.6523944139 30.1625251770 0.0000000000 -0.2705549002
7.9211449623 0.0000000000 0.0000000000 0.6498203874 30.1516838074 0.0000000000 -0.2698585391
7.8804607391 0.0000000000 0.0000000000 0.6471712589 30.1397342682 0.0000000000 -0.2692543268
7.8409781456 0.0000000000 0.0000000000 0.6444467902 30.1279029846 0.0000000000 -0.2689500451
7.8021931648 0.0000000000 0.0000000000 0.6416681409 30.1164474487 0.0000000000 -0.2684070468
7.7649025917 0.0000000000 0.0000000000 0.6388584375 30.1046867371 0.0000000000 -0.2679063082
7.7287812233 0.0000000000 0.0000000000 0.6360355616 30.0933551788 0.0000000000 -0.2673036456
7.6935238838 0.0000000000 0.0000000000 0.6332119107 30.0826873779 0.0000000000 -0.2667388320
7.6583948135 0.0000000000 0.0000000000 0.6304009557 30.0719871521 0.0000000000 -0.2662303448
7.6232190132 0.0000000000 0.0000000000 0.6276203394 30.0607490540 0.0000000000 -0.2658317685
7.5876960754 0.0000000000 0.0000000000 0.6248723269 30.0498104095 0.0000000000 -0.2653043270
7.5522952080 0.0000000000 0.0000000000 0.6221677065 30.0384712219 0.0000000000 -0.2645998597
7.5166420937 0.0000000000 0.0000000000 0.6194874048 30.0266666412 0.0000000000 -0.2642059326
7.4804706573 0.0000000000 0.0000000000 0.6168346405 30.0151042938 0.0000000000 -0.2636849284
7.4435873032 0.0000000000 0.0000000000 0.6142125130 30.0042190552 0.0000000000 -0.2633544803
7.4073433876 0.0000000000 0.0000000000 0.6116338968 29.9929790497 0.0000000000 -0.2629451752
7.3715524673 0.0000000000 0.0000000000 0.6090770364 29.9805679321 0.0000000000 -0.2621781230
7.3361058235 0.0000000000 0.0000000000 0.6065380573 29.9681205750 0.0000000000 -0.2619388103
7.3022880554 0.0000000000 0.0000000000 0.6040171385 29.9552536011 0.0000000000 -0.2616629004
7.2695074081 0.0000000000 0.0000000000 0.6015300751 29.9426631927 0.0000000000 -0.2612255216
7.2373600006 0.0000000000 0.0000000000 0.5990957022 29.9301910400 0.0000000000 -0.2605194449
7.2055716515 0.0000000000 0.0000000000 0.5966973901 29.9174480438 0.0000000000 -0.2600009441
7.1736497879 0.0000000000 0.0000000000 0.5943526030 29.9049625397 0.0000000000 -0.2599474192
7.1422262192 0.0000000000 0.0000000000 0.5920557976 29.8928070068 0.0000000000 -0.2595075369
7.1114249229 0.0000000000 0.0000000000 0.5898079872 29.8815994263 0.0000000000 -0.2589700222
7.0817713737 0.0000000000 0.0000000000 0.5876333714 29.8685283661 0.0000000000 -0.2586541772
7.0526089668 0.0000000000 0.0000000000 0.5855262280 29.8568515778 0.0000000000 -0.2581173182
7.0231890678 0.0000000000 0.0000000000 0.5834785700 29.8449211121 0.0000000000 -0.2577043176
6.9937314987 0.0000000000 0.0000000000 0.5814760327 29.8330154419 0.0000000000 -0.2573757172
6.9635534286 0.0000000000 0.0000000000 0.5795051455 29.8207511902 0.0000000000 -0.2569979429
6.9324302673 0.0000000000 0.0000000000 0.5775304437 29.8080902100 0.0000000000 -0.2566851974
6.9006195068 0.0000000000 0.0000000000 0.5755158067 29.7951049805 0.0000000000 -0.2561219335
6.8679523468 0.0000000000 0.0000000000 0.5734486580 29.7821846008 0.0000000000 -0.2557625175
6.8348846436 0.0000000000 0.0000000000 0.5713213086 29.7691555023 0.0000000000 -0.2552964687
6.8017377853 0.0000000000 0.0000000000 0.5691403151 29.7563953400 0.0000000000 -0.2547792196
6.7692217827 0.0000000000 0.0000000000 0.5668941736 29.7436065674 0.0000000000 -0.2543977499
6.7371349335 0.0000000000 0.0000000000 0.5645918846 29.7305126190 0.0000000000 -0.2538991570
6.7055397034 0.0000000000 0.0000000000 0.5622427464 29.7175045013 0.0000000000 -0.2536578774
6.6745929718 0.0000000000 0.0000000000 0.5598272085 29.7045440674 0.0000000000 -0.2532205582
6.6444568634 0.0000000000 0.0000000000 0.5573669076 29.6918220520 0.0000000000 -0.2528354526
6.6149644852 0.0000000000 0.0000000000 0.5548853278 29.6792449951 0.0000000000 -0.2522634268
6.5859737396 0.0000000000 0.0000000000 0.5523908734 29.6665325165 0.0000000000 -0.2520365119
6.5575437546 0.0000000000 0.0000000000 0.5499080420 29.6540241241 0.0000000000 -0.2516435385
6.5294833183 0.0000000000 0.0000000000 0.5474472046 29.6415405273 0.0000000000 -0.2512004972
6.5013957024 0.0000000000 0.0000000000 0.5450142622 29.6290035248 0.0000000000 -0.2507703900
6.4734373093 0.0000000000 0.0000000000 0.5426169038 29.6159820557 0.0000000000 -0.2504397631
6.4450640678 0.0000000000 0.0000000000 0.5402603745 29.6037406921 0.0000000000 -0.2501323223
6.4162945747 0.0000000000 0.0000000000 0.5379554629 29.5892562866 0.0000000000 -0.2496930361
6.3874545097 0.0000000000 0.0000000000 0.5356928110 29.5757713318 0.0000000000 -0.2493584752
6.3590946198 0.0000000000 0.0000000000 0.5334519148 29.5622081757 0.0000000000 -0.2490484118
6.3304586411 0.0000000000 0.0000000000 0.5312241912 29.5487613678 0.0000000000 -0.2486796379
6.3018612862 0.0000000000 0.0000000000 0.5290192962 29.5355606079 0.0000000000 -0.2483230829
6.2731766701 0.0000000000 0.0000000000 0.5268379450 29.5224266052 0.0000000000 -0.2476850152
6.2448005676 0.0000000000 0.0000000000 0.5246657729 29.5089645386 0.0000000000 -0.2474240661
6.2170419693 0.0000000000 0.0000000000 0.5225105882 29.4954280853 0.0000000000 -0.2472528219
6.1894702911 0.0000000000 0.0000000000 0.5203672647 29.4821701050 0.0000000000 -0.2465524077
6.1615638733 0.0000000000 0.0000000000 0.5182099342 29.4686775208 0.0000000000 -0.2465538979
6.1332049370 0.0000000000 0.0000000000 0.5160169601 29.4553928375 0.0000000000 -0.2462162971
