#         rmsthk      stdthk       rmsvel       stdvel       rmsdiv       stddiv       rmsusurf       stdusurf
0.0000000000 0.0000000000 342.6676635742 241.3386230469 0.0000000000 0.0000000000 0.0000000000 0.0000000000
-0.1235483885 0.4760845304 202.0690765381 173.8793945312 0.0000000000 0.0000000000 -0.0950206071 0.9900625348
-0.2396161258 0.8658179641 102.1877975464 111.9864425659 0.0000000000 0.0000000000 -0.1852737814 1.8491326571
-0.3497427404 1.2100872993 63.2576866150 61.1968688965 0.0000000000 0.0000000000 -0.2695340216 2.5974898338
-0.4596344829 1.5123195648 69.6682434082 46.0249633789 0.0000000000 0.0000000000 -0.3440575004 3.2225894928
-0.5767785311 1.7799630165 74.5872039795 51.5965728760 0.0000000000 0.0000000000 -0.4087367058 3.7385287285
-0.7003251910 2.0240070820 74.0126953125 52.5825767517 0.0000000000 0.0000000000 -0.4635507166 4.1680397987
-0.8268714547 2.2546377182 71.0203704834 51.6623458862 0.0000000000 0.0000000000 -0.5083845258 4.5271229744
-0.9541451931 2.4768862724 66.5012664795 48.7945327759 0.0000000000 0.0000000000 -0.5445935130 4.8262968063
-1.0805473328 2.6938292980 61.3382186890 45.9312133789 0.0000000000 0.0000000000 -0.5726460218 5.0756850243
-1.2047865391 2.9065718651 56.1359100342 43.6602287292 0.0000000000 0.0000000000 -0.5933131576 5.2829899788
-1.3260059357 3.1150093079 50.9290008545 41.4480171204 0.0000000000 0.0000000000 -0.6072420478 5.4535865784
-1.4434561729 3.3183901310 45.7701721191 39.3130340576 0.0000000000 0.0000000000 -0.6149294376 5.5918211937
-1.5567036867 3.5164093971 40.5664367676 37.2213020325 0.0000000000 0.0000000000 -0.6167419553 5.7017025948
-1.6654407978 3.7085433006 35.4544944763 35.2648620605 0.0000000000 0.0000000000 -0.6131192446 5.7866725922
-1.7693028450 3.8940174580 30.5582847595 33.4745559692 0.0000000000 0.0000000000 -0.6045840979 5.8496890068
-1.8680469990 4.0723037720 25.9978675842 31.8874359131 0.0000000000 0.0000000000 -0.5917271972 5.8932991028
-1.9614399672 4.2428092957 21.7806262970 30.6087150574 0.0000000000 0.0000000000 -0.5751957297 5.9196095467
-2.0493304729 4.4050927162 17.9424648285 29.6736774445 0.0000000000 0.0000000000 -0.5555185080 5.9305567741
-2.1316723824 4.5589270592 14.5027351379 29.0483798981 0.0000000000 0.0000000000 -0.5331476331 5.9278311729
-2.2085218430 4.7042026520 11.4269304276 28.7071132660 0.0000000000 0.0000000000 -0.5085283518 5.9130015373
-2.2800486088 4.8410067558 8.7037858963 28.6124839783 0.0000000000 0.0000000000 -0.4821164012 5.8874549866
-2.3464555740 4.9695568085 6.3072791100 28.7190666199 0.0000000000 0.0000000000 -0.4543010890 5.8523941040
-2.4079711437 5.0900206566 4.1885099411 28.9802913666 0.0000000000 0.0000000000 -0.4254169464 5.8089323044
-2.4648628235 5.2027783394 2.3295776844 29.3500518799 0.0000000000 0.0000000000 -0.3957019150 5.7580862045
-2.5174236298 5.3083353043 0.7260825038 29.7876758575 0.0000000000 0.0000000000 -0.3653846681 5.7007765770
-2.5659003258 5.4070425034 -0.6570208669 30.2265186310 0.0000000000 0.0000000000 -0.3346781433 5.6378254890
-2.6105828285 5.4993782043 -1.8472616673 30.6176490784 0.0000000000 0.0000000000 -0.3037917316 5.5700349808
-2.6517283916 5.5857501030 -2.8606116772 30.9505653381 0.0000000000 0.0000000000 -0.2729268968 5.4981288910
-2.6895952225 5.6666092873 -3.7411739826 31.2527885437 0.0000000000 0.0000000000 -0.2422891557 5.4227719307
-2.7244217396 5.7423644066 -4.5135879517 31.5350112915 0.0000000000 0.0000000000 -0.2120587826 5.3445773125
-2.7564594746 5.8134737015 -5.1940484047 31.7950839996 0.0000000000 0.0000000000 -0.1824003011 5.2640872002
-2.7859435081 5.8803648949 -5.7931718826 32.0325737000 0.0000000000 0.0000000000 -0.1534716487 5.1817932129
-2.8130807877 5.9434328079 -6.3206882477 32.2465476990 0.0000000000 0.0000000000 -0.1254144162 5.0981321335
-2.8380706310 6.0030469894 -6.7831153870 32.4362068176 0.0000000000 0.0000000000 -0.0983504280 5.0134992599
-2.8610959053 6.0595583916 -7.1852154732 32.6015625000 0.0000000000 0.0000000000 -0.0723870173 4.9282407761
-2.8823170662 6.1132793427 -7.5334873199 32.7457656860 0.0000000000 0.0000000000 -0.0476109274 4.8426723480
-2.9019095898 6.1645307541 -7.8330955505 32.8709182739 0.0000000000 0.0000000000 -0.0240843389 4.7570805550
-2.9199781418 6.2135329247 -8.0882873535 32.9785957336 0.0000000000 0.0000000000 -0.0018526097 4.6717185974
-2.9366426468 6.2604994774 -8.3024549484 33.0701141357 0.0000000000 0.0000000000 0.0190540589 4.5868010521
-2.9520814419 6.3057560921 -8.4801893234 33.1467857361 0.0000000000 0.0000000000 0.0386207253 4.5025162697
-2.9664142132 6.3495373726 -8.6245985031 33.2096328735 0.0000000000 0.0000000000 0.0568503328 4.4190287590
-2.9797358513 6.3920359612 -8.7379493713 33.2596321106 0.0000000000 0.0000000000 0.0737699270 4.3364796638
-2.9921567440 6.4334564209 -8.8231306076 33.2975883484 0.0000000000 0.0000000000 0.0894186497 4.2549843788
-3.0037610531 6.4739599228 -8.8814954758 33.3245162964 0.0000000000 0.0000000000 0.1038538516 4.1746358871
-3.0146207809 6.5136914253 -8.9156494141 33.3412094116 0.0000000000 0.0000000000 0.1171453744 4.0955123901
-3.0248198509 6.5528101921 -8.9274206161 33.3485107422 0.0000000000 0.0000000000 0.1293541193 4.0176773071
-3.0344126225 6.5914316177 -8.9184312820 33.3468399048 0.0000000000 0.0000000000 0.1405328512 3.9411928654
-3.0434622765 6.6296515465 -8.8905210495 33.3370056152 0.0000000000 0.0000000000 0.1507292390 3.8661091328
-3.0520339012 6.6675782204 -8.8451185226 33.3197441101 0.0000000000 0.0000000000 0.1599954069 3.7924737930
-3.0601758957 6.7052946091 -8.7830886841 33.2957649231 0.0000000000 0.0000000000 0.1683774292 3.7203333378
-3.0679302216 6.7428698540 -8.7063789368 33.2657966614 0.0000000000 0.0000000000 0.1759329587 3.6497342587
-3.0753705502 6.7804450989 -8.6160488129 33.2302856445 0.0000000000 0.0000000000 0.1827201098 3.5807182789
-3.0825524330 6.8181128502 -8.5132226944 33.1901779175 0.0000000000 0.0000000000 0.1887960434 3.5133090019
-3.0895016193 6.8559284210 -8.3999042511 33.1454048157 0.0000000000 0.0000000000 0.1942142844 3.4475204945
-3.0962591171 6.8939681053 -8.2771730423 33.0969657898 0.0000000000 0.0000000000 0.1990308017 3.3833367825
-3.1028544903 6.9322814941 -8.1474361420 33.0447044373 0.0000000000 0.0000000000 0.2032853365 3.3207352161
-3.1093027592 6.9708747864 -8.0112667084 32.9895172119 0.0000000000 0.0000000000 0.2070207000 3.2596733570
-3.1155743599 7.0096592903 -7.8697619438 32.9317893982 0.0000000000 0.0000000000 0.2102828920 3.2001116276
-3.1217558384 7.0488419533 -7.7230072021 32.8715476990 0.0000000000 0.0000000000 0.2131228894 3.1420199871
-3.1278729439 7.0884976387 -7.5719938278 32.8086814880 0.0000000000 0.0000000000 0.2156075388 3.0853848457
-3.1339399815 7.1286597252 -7.4181866646 32.7437782288 0.0000000000 0.0000000000 0.2178057581 3.0301885605
-3.1399679184 7.1693325043 -7.2625122070 32.6773681641 0.0000000000 0.0000000000 0.2197889239 2.9764168262
-3.1459617615 7.2105302811 -7.1059560776 32.6093101501 0.0000000000 0.0000000000 0.2216022164 2.9240577221
-3.1519396305 7.2523088455 -6.9490337372 32.5395584106 0.0000000000 0.0000000000 0.2232775092 2.8731024265
-3.1579186916 7.2947068214 -6.7930579185 32.4683303833 0.0000000000 0.0000000000 0.2248478383 2.8235366344
-3.1639170647 7.3377561569 -6.6380076408 32.3961296082 0.0000000000 0.0000000000 0.2263398767 2.7753396034
-3.1699435711 7.3815002441 -6.4835524559 32.3221664429 0.0000000000 0.0000000000 0.2277700305 2.7285029888
-3.1759915352 7.4259247780 -6.3301291466 32.2467575073 0.0000000000 0.0000000000 0.2291514426 2.6830048561
-3.1820564270 7.4710025787 -6.1779332161 32.1705093384 0.0000000000 0.0000000000 0.2304861546 2.6388180256
-3.1881613731 7.5168166161 -6.0269198418 32.0937500000 0.0000000000 0.0000000000 0.2317798287 2.5959205627
-3.1943271160 7.5634093285 -5.8767790794 32.0170059204 0.0000000000 0.0000000000 0.2330534011 2.5542831421
-3.2005259991 7.6107082367 -5.7260642052 31.9402999878 0.0000000000 0.0000000000 0.2343270928 2.5138809681
-3.2067508698 7.6587228775 -5.5739040375 31.8640117645 0.0000000000 0.0000000000 0.2356359810 2.4746978283
-3.2129876614 7.7074127197 -5.4194679260 31.7890815735 0.0000000000 0.0000000000 0.2369946986 2.4367122650
-3.2193074226 7.7569384575 -5.2628560066 31.7149963379 0.0000000000 0.0000000000 0.2384228706 2.3998870850
-3.2257251740 7.8073153496 -5.1025319099 31.6415424347 0.0000000000 0.0000000000 0.2399192303 2.3642160892
-3.2322432995 7.8585476875 -4.9377131462 31.5689926147 0.0000000000 0.0000000000 0.2414637059 2.3296723366
-3.2388570309 7.9106187820 -4.7674918175 31.4979991913 0.0000000000 0.0000000000 0.2430444211 2.2962136269
-3.2455523014 7.9634733200 -4.5913853645 31.4278469086 0.0000000000 0.0000000000 0.2446388751 2.2637877464
-3.2523384094 8.0171699524 -4.4093451500 31.3590583801 0.0000000000 0.0000000000 0.2462111264 2.2323689461
-3.2592430115 8.0717229843 -4.2218456268 31.2914581299 0.0000000000 0.0000000000 0.2477275729 2.2019062042
-3.2662360668 8.1270093918 -4.0276441574 31.2250194550 0.0000000000 0.0000000000 0.2491827011 2.1723642349
-3.2733659744 8.1831703186 -3.8271389008 31.1596145630 0.0000000000 0.0000000000 0.2505591214 2.1436984539
-3.2806105614 8.2401399612 -3.6203050613 31.0949020386 0.0000000000 0.0000000000 0.2518529594 2.1158640385
-3.2879581451 8.2979383469 -3.4076323509 31.0307922363 0.0000000000 0.0000000000 0.2530535161 2.0888228416
-3.2954533100 8.3566179276 -3.1895585060 30.9671440125 0.0000000000 0.0000000000 0.2541533113 2.0625183582
-3.3030533791 8.4160823822 -2.9668364525 30.9046249390 0.0000000000 0.0000000000 0.2551494837 2.0369405746
-3.3107798100 8.4762840271 -2.7408525944 30.8427600861 0.0000000000 0.0000000000 0.2560217679 2.0120882988
-3.3186535835 8.5372524261 -2.5114331245 30.7810153961 0.0000000000 0.0000000000 0.2567753792 1.9879862070
-3.3266563416 8.5989217758 -2.2790296078 30.7186985016 0.0000000000 0.0000000000 0.2574131489 1.9646099806
-3.3348019123 8.6612882614 -2.0443634987 30.6557388306 0.0000000000 0.0000000000 0.2579535842 1.9419982433
-3.3431134224 8.7243242264 -1.8082714081 30.5912151337 0.0000000000 0.0000000000 0.2583985925 1.9201508760
-3.3515670300 8.7879610062 -1.5714257956 30.5250873566 0.0000000000 0.0000000000 0.2587789297 1.8990621567
-3.3602099419 8.8522853851 -1.3343818188 30.4557342529 0.0000000000 0.0000000000 0.2590981126 1.8786959648
-3.3690435886 8.9173021317 -1.0977884531 30.3827247620 0.0000000000 0.0000000000 0.2593878806 1.8590215445
-3.3780798912 8.9830064774 -0.8640196323 30.3062934875 0.0000000000 0.0000000000 0.2596450150 1.8400375843
-3.3873250484 9.0493774414 -0.6339025497 30.2268981934 0.0000000000 0.0000000000 0.2598852515 1.8217430115
-3.3967528343 9.1163501740 -0.4086414576 30.1444091797 0.0000000000 0.0000000000 0.2601124346 1.8041126728
-3.4063603878 9.1838903427 -0.1887560338 30.0591812134 0.0000000000 0.0000000000 0.2603264153 1.7871526480
-3.4161596298 9.2519588470 0.0261759851 29.9713459015 0.0000000000 0.0000000000 0.2605026066 1.7708685398
-3.4261240959 9.3204689026 0.2365600765 29.8811302185 0.0000000000 0.0000000000 0.2606325448 1.7552410364
-3.4362745285 9.3894901276 0.4420082569 29.7892704010 0.0000000000 0.0000000000 0.2607091665 1.7402373552
-3.4465677738 9.4589071274 0.6429256797 29.6961536407 0.0000000000 0.0000000000 0.2607081532 1.7258650064
-3.4570605755 9.5288581848 0.8383961320 29.6019363403 0.0000000000 0.0000000000 0.2606274188 1.7121593952
-3.4677581787 9.5993385315 1.0285978317 29.5067424774 0.0000000000 0.0000000000 0.2604552209 1.6991289854
-3.4787003994 9.6703538895 1.2143856287 29.4098720551 0.0000000000 0.0000000000 0.2601839006 1.6867489815
-3.4898197651 9.7417049408 1.3958007097 29.3130321503 0.0000000000 0.0000000000 0.2598224878 1.6750137806
-3.5011720657 9.8135242462 1.5729341507 29.2157306671 0.0000000000 0.0000000000 0.2593914270 1.6638818979
-3.5127420425 9.8858194351 1.7465281487 29.1175308228 0.0000000000 0.0000000000 0.2588968575 1.6533406973
-3.5245189667 9.9585638046 1.9172905684 29.0189266205 0.0000000000 0.0000000000 0.2583649457 1.6433579922
-3.5365264416 10.0317716599 2.0845475197 28.9203701019 0.0000000000 0.0000000000 0.2578074932 1.6338917017
-3.5487749577 10.1053934097 2.2492346764 28.8219966888 0.0000000000 0.0000000000 0.2572421730 1.6248912811
-3.5612273216 10.1792917252 2.4109814167 28.7241840363 0.0000000000 0.0000000000 0.2566647828 1.6162835360
-3.5738978386 10.2535905838 2.5709729195 28.6282615662 0.0000000000 0.0000000000 0.2560793757 1.6080391407
-3.5867688656 10.3282079697 2.7292535305 28.5336761475 0.0000000000 0.0000000000 0.2554886639 1.6001404524
-3.5998589993 10.4030971527 2.8852171898 28.4411735535 0.0000000000 0.0000000000 0.2549093366 1.5925588608
-3.6132051945 10.4782829285 3.0392739773 28.3508453369 0.0000000000 0.0000000000 0.2543538809 1.5852636099
-3.6267349720 10.5536117554 3.1920034885 28.2628288269 0.0000000000 0.0000000000 0.2538317442 1.5782545805
-3.6405198574 10.6292076111 3.3433315754 28.1772079468 0.0000000000 0.0000000000 0.2533459961 1.5714924335
-3.6545786858 10.7050504684 3.4929559231 28.0942802429 0.0000000000 0.0000000000 0.2528668344 1.5649794340
-3.6689000130 10.7811193466 3.6425101757 28.0130767822 0.0000000000 0.0000000000 0.2523809969 1.5587388277
-3.6834588051 10.8573465347 3.7919416428 27.9332370758 0.0000000000 0.0000000000 0.2518774569 1.5527901649
-3.6982603073 10.9337339401 3.9434039593 27.8549308777 0.0000000000 0.0000000000 0.2513540983 1.5471425056
-3.7133264542 11.0102481842 4.0968508720 27.7774085999 0.0000000000 0.0000000000 0.2508292496 1.5418010950
-3.7286257744 11.0868110657 4.2518153191 27.7014617920 0.0000000000 0.0000000000 0.2503123581 1.5367525816
-3.7441413403 11.1633901596 4.4088630676 27.6260108948 0.0000000000 0.0000000000 0.2498197258 1.5320029259
-3.7598979473 11.2400102615 4.5685706139 27.5506076813 0.0000000000 0.0000000000 0.2493438870 1.5275443792
-3.7759053707 11.3165359497 4.7313284874 27.4749507904 0.0000000000 0.0000000000 0.2488940209 1.5233643055
-3.7921321392 11.3929891586 4.8976712227 27.3981246948 0.0000000000 0.0000000000 0.2484846264 1.5194976330
-3.8086171150 11.4695491791 5.0687870979 27.3193607330 0.0000000000 0.0000000000 0.2481129467 1.5159969330
-3.8253998756 11.5463180542 5.2433753014 27.2404842377 0.0000000000 0.0000000000 0.2477990687 1.5128762722
-3.8424670696 11.6232557297 5.4214816093 27.1624011993 0.0000000000 0.0000000000 0.2475508600 1.5101335049
-3.8598988056 11.7003660202 5.6039357185 27.0844154358 0.0000000000 0.0000000000 0.2473669499 1.5077607632
-3.8776488304 11.7775287628 5.7921395302 27.0055961609 0.0000000000 0.0000000000 0.2472330183 1.5057654381
-3.8957715034 11.8548412323 5.9847154617 26.9254302979 0.0000000000 0.0000000000 0.2471553087 1.5041469336
-3.9142274857 11.9321832657 6.1822862625 26.8444175720 0.0000000000 0.0000000000 0.2471366525 1.5029492378
-3.9329359531 12.0093288422 6.3856616020 26.7631397247 0.0000000000 0.0000000000 0.2471700311 1.5021388531
-3.9520001411 12.0864124298 6.5936985016 26.6814632416 0.0000000000 0.0000000000 0.2472408265 1.5017102957
-3.9714441299 12.1635398865 6.8040041924 26.6004276276 0.0000000000 0.0000000000 0.2473297268 1.5016711950
-3.9912452698 12.2407083511 7.0150218010 26.5207824707 0.0000000000 0.0000000000 0.2474199235 1.5020502806
-4.0113935471 12.3178691864 7.2270169258 26.4430923462 0.0000000000 0.0000000000 0.2474926561 1.5028880835
-4.0319013596 12.3949975967 7.4383993149 26.3666820526 0.0000000000 0.0000000000 0.2475325018 1.5041697025
-4.0528454781 12.4722423553 7.6470322609 26.2925758362 0.0000000000 0.0000000000 0.2475352287 1.5059369802
-4.0741329193 12.5495100021 7.8519144058 26.2208213806 0.0000000000 0.0000000000 0.2474991083 1.5081601143
-4.0958251953 12.6267690659 8.0525188446 26.1515579224 0.0000000000 0.0000000000 0.2474076599 1.5108115673
-4.1179332733 12.7040843964 8.2499074936 26.0846786499 0.0000000000 0.0000000000 0.2472477108 1.5138870478
-4.1404356956 12.7814550400 8.4434032440 26.0211372375 0.0000000000 0.0000000000 0.2470096946 1.5173698664
-4.1632943153 12.8588123322 8.6321973801 25.9613685608 0.0000000000 0.0000000000 0.2467042953 1.5212023258
-4.1864981651 12.9361886978 8.8168754578 25.9046230316 0.0000000000 0.0000000000 0.2463206947 1.5253838301
-4.2099189758 13.0132894516 8.9968223572 25.8514480591 0.0000000000 0.0000000000 0.2458830178 1.5299042463
-4.2337126732 13.0904064178 9.1729383469 25.8015975952 0.0000000000 0.0000000000 0.2454210520 1.5347862244
-4.2578005791 13.1673517227 9.3469495773 25.7547950745 0.0000000000 0.0000000000 0.2449376881 1.5400531292
-4.2822208405 13.2443561554 9.5200033188 25.7106971741 0.0000000000 0.0000000000 0.2444407344 1.5457040071
-4.3070387840 13.3215351105 9.6913623810 25.6691188812 0.0000000000 0.0000000000 0.2439359725 1.5517492294
-4.3322396278 13.3987646103 9.8609504700 25.6302375793 0.0000000000 0.0000000000 0.2434279323 1.5581690073
-4.3578467369 13.4761400223 10.0265455246 25.5942535400 0.0000000000 0.0000000000 0.2429541796 1.5649454594
-4.3837857246 13.5533142090 10.1890554428 25.5604782104 0.0000000000 0.0000000000 0.2425182462 1.5720735788
-4.4100837708 13.6305561066 10.3484592438 25.5279922485 0.0000000000 0.0000000000 0.2421075404 1.5795664787
-4.4366602898 13.7077140808 10.5058927536 25.4960784912 0.0000000000 0.0000000000 0.2417142093 1.5874038935
-4.4636211395 13.7850399017 10.6604909897 25.4643058777 0.0000000000 0.0000000000 0.2413503677 1.5955505371
-4.4909777641 13.8625965118 10.8136920929 25.4324493408 0.0000000000 0.0000000000 0.2410545349 1.6039628983
-4.5186500549 13.9400367737 10.9657411575 25.4010810852 0.0000000000 0.0000000000 0.2408465147 1.6126078367
-4.5466818810 14.0175495148 11.1161870956 25.3693103790 0.0000000000 0.0000000000 0.2407386452 1.6214224100
-4.5750484467 14.0951681137 11.2658004761 25.3372173309 0.0000000000 0.0000000000 0.2407403439 1.6303756237
-4.6037330627 14.1727447510 11.4150047302 25.3045635223 0.0000000000 0.0000000000 0.2408737391 1.6394417286
-4.6327962875 14.2504959106 11.5642328262 25.2714309692 0.0000000000 0.0000000000 0.2411283404 1.6486359835
-4.6622505188 14.3284854889 11.7136526108 25.2380199432 0.0000000000 0.0000000000 0.2415073067 1.6579086781
-4.6921119690 14.4067125320 11.8638238907 25.2040519714 0.0000000000 0.0000000000 0.2420114428 1.6672449112
-4.7222967148 14.4849710464 12.0143022537 25.1704883575 0.0000000000 0.0000000000 0.2426206023 1.6766406298
-4.7527418137 14.5631656647 12.1650772095 25.1370506287 0.0000000000 0.0000000000 0.2432904392 1.6861280203
-4.7835245132 14.6414165497 12.3147211075 25.1036548615 0.0000000000 0.0000000000 0.2439838946 1.6957083941
-4.8145937920 14.7197399139 12.4644126892 25.0709857941 0.0000000000 0.0000000000 0.2447050810 1.7053874731
-4.8459281921 14.7980871201 12.6132860184 25.0395793915 0.0000000000 0.0000000000 0.2454707623 1.7151799202
-4.8774976730 14.8764829636 12.7608299255 25.0101318359 0.0000000000 0.0000000000 0.2462790608 1.7250956297
-4.9092898369 14.9548568726 12.9047260284 24.9821414948 0.0000000000 0.0000000000 0.2471549660 1.7351247072
-4.9414134026 15.0334224701 13.0468978882 24.9556350708 0.0000000000 0.0000000000 0.2481083423 1.7452691793
-4.9738273621 15.1120834351 13.1869497299 24.9307861328 0.0000000000 0.0000000000 0.2490929961 1.7555234432
-5.0065197945 15.1908864975 13.3242635727 24.9073143005 0.0000000000 0.0000000000 0.2500949204 1.7658803463
-5.0395903587 15.2699604034 13.4572935104 24.8855094910 0.0000000000 0.0000000000 0.2510837317 1.7763715982
-5.0730133057 15.3491888046 13.5865211487 24.8653926849 0.0000000000 0.0000000000 0.2520768344 1.7870134115
-5.1066732407 15.4283056259 13.7136526108 24.8460102081 0.0000000000 0.0000000000 0.2530486882 1.7977863550
-5.1404986382 15.5071945190 13.8402528763 24.8267135620 0.0000000000 0.0000000000 0.2539953589 1.8086432219
-5.1745958328 15.5860624313 13.9644861221 24.8082733154 0.0000000000 0.0000000000 0.2548887432 1.8195528984
-5.2089467049 15.6649303436 14.0888147354 24.7894706726 0.0000000000 0.0000000000 0.2557162046 1.8304960728
-5.2435874939 15.7438640594 14.2103815079 24.7709541321 0.0000000000 0.0000000000 0.2564584613 1.8414635658
-5.2784566879 15.8226766586 14.3294715881 24.7528133392 0.0000000000 0.0000000000 0.2570997477 1.8524351120
-5.3135566711 15.9013624191 14.4448080063 24.7350711823 0.0000000000 0.0000000000 0.2576447427 1.8634159565
-5.3489112854 15.9800281525 14.5569705963 24.7173671722 0.0000000000 0.0000000000 0.2581230700 1.8744505644
-5.3844609261 16.0586071014 14.6639642715 24.6991558075 0.0000000000 0.0000000000 0.2585673928 1.8855624199
-5.4201974869 16.1370182037 14.7666540146 24.6808910370 0.0000000000 0.0000000000 0.2589718103 1.8967628479
-5.4560747147 16.2150287628 14.8644380569 24.6628589630 0.0000000000 0.0000000000 0.2593350708 1.9080479145
-5.4920644760 16.2928142548 14.9571390152 24.6449241638 0.0000000000 0.0000000000 0.2596403658 1.9193878174
-5.5281147957 16.3700542450 15.0457153320 24.6259860992 0.0000000000 0.0000000000 0.2598590553 1.9307541847
-5.5643444061 16.4472179413 15.1282825470 24.6073207855 0.0000000000 0.0000000000 0.2599949837 1.9421113729
-5.6006469727 16.5240688324 15.2054967880 24.5880527496 0.0000000000 0.0000000000 0.2600335181 1.9534194469
-5.6370739937 16.6007537842 15.2768440247 24.5685310364 0.0000000000 0.0000000000 0.2600095868 1.9646539688
-5.6736240387 16.6773891449 15.3412714005 24.5479488373 0.0000000000 0.0000000000 0.2599611878 1.9758089781
-5.7103967667 16.7542514801 15.3996925354 24.5276489258 0.0000000000 0.0000000000 0.2599191666 1.9868937731
-5.7472991943 16.8311176300 15.4524078369 24.5093345642 0.0000000000 0.0000000000 0.2599080205 1.9979151487
-5.7842688560 16.9075946808 15.5000686646 24.4928436279 0.0000000000 0.0000000000 0.2599521279 2.0088636875
-5.8212919235 16.9838771820 15.5424060822 24.4781646729 0.0000000000 0.0000000000 0.2600315809 2.0197029114
-5.8583555222 17.0601215363 15.5815200806 24.4631118774 0.0000000000 0.0000000000 0.2601119876 2.0303840637
-5.8955855370 17.1364440918 15.6192789078 24.4470405579 0.0000000000 0.0000000000 0.2601982057 2.0408973694
-5.9328708649 17.2126846313 15.6559467316 24.4290103912 0.0000000000 0.0000000000 0.2603231370 2.0512549877
-5.9701905251 17.2889041901 15.6914167404 24.4093132019 0.0000000000 0.0000000000 0.2604840696 2.0614042282
-6.0074110031 17.3646736145 15.7289056778 24.3864421844 0.0000000000 0.0000000000 0.2606678009 2.0713346004
-6.0446252823 17.4403553009 15.7672548294 24.3623542786 0.0000000000 0.0000000000 0.2608716190 2.0810558796
-6.0818591118 17.5160980225 15.8059930801 24.3351078033 0.0000000000 0.0000000000 0.2610934973 2.0905561447
-6.1190943718 17.5917930603 15.8448133469 24.3067626953 0.0000000000 0.0000000000 0.2613477707 2.0998001099
-6.1563563347 17.6675167084 15.8837432861 24.2771415710 0.0000000000 0.0000000000 0.2616433501 2.1088159084
-6.1934976578 17.7430286407 15.9225015640 24.2468318939 0.0000000000 0.0000000000 0.2619767487 2.1176116467
-6.2306966782 17.8187503815 15.9614248276 24.2153244019 0.0000000000 0.0000000000 0.2623361051 2.1262063980
-6.2679281235 17.8945598602 15.9990148544 24.1829566956 0.0000000000 0.0000000000 0.2627002299 2.1345787048
-6.3052215576 17.9706153870 16.0356807709 24.1497840881 0.0000000000 0.0000000000 0.2630527914 2.1427271366
-6.3424887657 18.0468750000 16.0704021454 24.1153526306 0.0000000000 0.0000000000 0.2633697093 2.1506984234
-6.3797717094 18.1233100891 16.1045207977 24.0777873993 0.0000000000 0.0000000000 0.2636350691 2.1585936546
-6.4169807434 18.1995468140 16.1398754120 24.0404224396 0.0000000000 0.0000000000 0.2638390064 2.1664526463
-6.4542083740 18.2758445740 16.1766700745 24.0002632141 0.0000000000 0.0000000000 0.2639904022 2.1743741035
-6.4914708138 18.3523731232 16.2148704529 23.9568443298 0.0000000000 0.0000000000 0.2640769184 2.1824371815
-6.5288052559 18.4292736053 16.2551212311 23.9105854034 0.0000000000 0.0000000000 0.2641046643 2.1907043457
-6.5661768913 18.5064888000 16.2996006012 23.8605384827 0.0000000000 0.0000000000 0.2640787065 2.1992177963
-6.6035246849 18.5838928223 16.3463058472 23.8069763184 0.0000000000 0.0000000000 0.2640109658 2.2079954147
-6.6409201622 18.6617355347 16.3931217194 23.7510375977 0.0000000000 0.0000000000 0.2638718188 2.2170641422
-6.6783237457 18.7397651672 16.4376773834 23.6929073334 0.0000000000 0.0000000000 0.2636632919 2.2263712883
-6.7157721519 18.8181152344 16.4785366058 23.6333770752 0.0000000000 0.0000000000 0.2634014189 2.2358701229
-6.7533063889 18.8968620300 16.5155162811 23.5736198425 0.0000000000 0.0000000000 0.2630997300 2.2454493046
-6.7908954620 18.9759292603 16.5490589142 23.5136890411 0.0000000000 0.0000000000 0.2627857625 2.2549617290
-6.8285522461 19.0553989410 16.5766811371 23.4553279877 0.0000000000 0.0000000000 0.2624622583 2.2643382549
-6.8662881851 19.1352329254 16.5972404480 23.3979644775 0.0000000000 0.0000000000 0.2621661425 2.2734768391
-6.9040412903 19.2149658203 16.6106567383 23.3432273865 0.0000000000 0.0000000000 0.2619285285 2.2822353840
-6.9418702126 19.2950515747 16.6162090302 23.2891769409 0.0000000000 0.0000000000 0.2617616355 2.2905278206
-6.9797649384 19.3754787445 16.6143550873 23.2358703613 0.0000000000 0.0000000000 0.2616812289 2.2982456684
-7.0175824165 19.4559841156 16.6080474854 23.1822071075 0.0000000000 0.0000000000 0.2616986930 2.3053004742
-7.0554089546 19.5367031097 16.5999126434 23.1274986267 0.0000000000 0.0000000000 0.2618139088 2.3116619587
-7.0930933952 19.6173686981 16.5918865204 23.0708408356 0.0000000000 0.0000000000 0.2620304823 2.3173224926
-7.1306810379 19.6979942322 16.5835990906 23.0118198395 0.0000000000 0.0000000000 0.2623648942 2.3222997189
-7.1682152748 19.7787189484 16.5744934082 22.9513721466 0.0000000000 0.0000000000 0.2627843320 2.3266730309
-7.2057204247 19.8595180511 16.5660972595 22.8904399872 0.0000000000 0.0000000000 0.2633081377 2.3305079937
-7.2431235313 19.9402332306 16.5595493317 22.8288345337 0.0000000000 0.0000000000 0.2639386952 2.3338465691
-7.2805361748 20.0210704803 16.5518913269 22.7681293488 0.0000000000 0.0000000000 0.2646522522 2.3367440701
-7.3179183006 20.1018276215 16.5444335938 22.7092590332 0.0000000000 0.0000000000 0.2654075623 2.3392837048
-7.3552656174 20.1824302673 16.5377883911 22.6510066986 0.0000000000 0.0000000000 0.2661729753 2.3415277004
-7.3925938606 20.2630424500 16.5332489014 22.5940895081 0.0000000000 0.0000000000 0.2669124007 2.3435654640
-7.4299001694 20.3435382843 16.5301513672 22.5379238129 0.0000000000 0.0000000000 0.2676163018 2.3454399109
-7.4669995308 20.4232234955 16.5294589996 22.4833545685 0.0000000000 0.0000000000 0.2682814598 2.3471522331
-7.5040125847 20.5026779175 16.5292034149 22.4310150146 0.0000000000 0.0000000000 0.2688934505 2.3487665653
-7.5408897400 20.5818195343 16.5297698975 22.3803138733 0.0000000000 0.0000000000 0.2694643736 2.3503205776
-7.5777468681 20.6608314514 16.5307960510 22.3313846588 0.0000000000 0.0000000000 0.2699979842 2.3518714905
-7.6143808365 20.7392883301 16.5317306519 22.2850360870 0.0000000000 0.0000000000 0.2704870403 2.3534400463
-7.6509032249 20.8175582886 16.5334091187 22.2386226654 0.0000000000 0.0000000000 0.2709087133 2.3550393581
-7.6874928474 20.8960399628 16.5351772308 22.1926536560 0.0000000000 0.0000000000 0.2712414265 2.3566477299
-7.7240142822 20.9744453430 16.5360260010 22.1470184326 0.0000000000 0.0000000000 0.2714917660 2.3582713604
-7.7606124878 21.0529422760 16.5340099335 22.1020202637 0.0000000000 0.0000000000 0.2716527879 2.3598992825
-7.7971639633 21.1311492920 16.5312080383 22.0568275452 0.0000000000 0.0000000000 0.2717394531 2.3615338802
-7.8336997032 21.2089996338 16.5264587402 22.0123119354 0.0000000000 0.0000000000 0.2717702985 2.3631587029
-7.8702430725 21.2867259979 16.5190372467 21.9668712616 0.0000000000 0.0000000000 0.2717512846 2.3647613525
-7.9067029953 21.3640365601 16.5098667145 21.9208183289 0.0000000000 0.0000000000 0.2716787457 2.3663442135
-7.9431781769 21.4411182404 16.4977951050 21.8745307922 0.0000000000 0.0000000000 0.2715620399 2.3678789139
-7.9796543121 21.5180320740 16.4834079742 21.8281269073 0.0000000000 0.0000000000 0.2713874578 2.3693988323
-8.0161819458 21.5950107574 16.4686164856 21.7811698914 0.0000000000 0.0000000000 0.2711858749 2.3708679676
-8.0527772903 21.6721668243 16.4544944763 21.7358112335 0.0000000000 0.0000000000 0.2709619105 2.3722882271
-8.0894546509 21.7492389679 16.4407272339 21.6918735504 0.0000000000 0.0000000000 0.2707285583 2.3736398220
-8.1262121201 21.8261871338 16.4277324677 21.6503238678 0.0000000000 0.0000000000 0.2704977989 2.3749032021
-8.1630430222 21.9031124115 16.4140930176 21.6105594635 0.0000000000 0.0000000000 0.2702936530 2.3760688305
-8.1998367310 21.9797916412 16.4004154205 21.5735206604 0.0000000000 0.0000000000 0.2701275945 2.3771555424
-8.2367649078 22.0567016602 16.3850345612 21.5386161804 0.0000000000 0.0000000000 0.2700097859 2.3781604767
-8.2737092972 22.1335811615 16.3693370819 21.5067348480 0.0000000000 0.0000000000 0.2699398696 2.3790793419
-8.3104619980 22.2099628448 16.3552532196 21.4760017395 0.0000000000 0.0000000000 0.2699341476 2.3798804283
-8.3473196030 22.2864189148 16.3423404694 21.4480934143 0.0000000000 0.0000000000 0.2699889243 2.3805668354
-8.3842592239 22.3629283905 16.3288688660 21.4205913544 0.0000000000 0.0000000000 0.2701156735 2.3811290264
-8.4212274551 22.4394664764 16.3142585754 21.3940124512 0.0000000000 0.0000000000 0.2703085244 2.3815495968
-8.4582185745 22.5159740448 16.2988357544 21.3680076599 0.0000000000 0.0000000000 0.2705698013 2.3818621635
-8.4952440262 22.5925197601 16.2821846008 21.3420886993 0.0000000000 0.0000000000 0.2708840072 2.3820724487
-8.5323781967 22.6693058014 16.2649765015 21.3165264130 0.0000000000 0.0000000000 0.2712408006 2.3822112083
-8.5695600510 22.7460765839 16.2469806671 21.2912616730 0.0000000000 0.0000000000 0.2716132700 2.3823087215
-8.6066541672 22.8224773407 16.2269382477 21.2662315369 0.0000000000 0.0000000000 0.2719742358 2.3823776245
-8.6438179016 22.8989048004 16.2065639496 21.2408504486 0.0000000000 0.0000000000 0.2722985446 2.3824462891
-8.6811170578 22.9755554199 16.1842632294 21.2166309357 0.0000000000 0.0000000000 0.2725724280 2.3825290203
-8.7184896469 23.0523815155 16.1600952148 21.1932811737 0.0000000000 0.0000000000 0.2727929950 2.3826148510
-8.7557907104 23.1288394928 16.1358051300 21.1718883514 0.0000000000 0.0000000000 0.2729566395 2.3827097416
-8.7930927277 23.2051906586 16.1106643677 21.1535663605 0.0000000000 0.0000000000 0.2730883360 2.3828003407
-8.8303241730 23.2812442780 16.0846214294 21.1366176605 0.0000000000 0.0000000000 0.2732044756 2.3828339577
-8.8675889969 23.3570957184 16.0553245544 21.1222400665 0.0000000000 0.0000000000 0.2732978761 2.3828105927
-8.9047021866 23.4325637817 16.0242786407 21.1087913513 0.0000000000 0.0000000000 0.2733826339 2.3827204704
-8.9417324066 23.5080471039 15.9899721146 21.0960693359 0.0000000000 0.0000000000 0.2734581232 2.3825800419
-8.9787893295 23.5835132599 15.9523258209 21.0842857361 0.0000000000 0.0000000000 0.2735266685 2.3823845387
-9.0159120560 23.6589164734 15.9138307571 21.0726490021 0.0000000000 0.0000000000 0.2736160159 2.3821332455
-9.0530767441 23.7343177795 15.8749876022 21.0613746643 0.0000000000 0.0000000000 0.2737152278 2.3818218708
-9.0902767181 23.8096103668 15.8360271454 21.0502414703 0.0000000000 0.0000000000 0.2738234699 2.3814451694
-9.1274061203 23.8848457336 15.7987823486 21.0388584137 0.0000000000 0.0000000000 0.2739347517 2.3809752464
-9.1645507812 23.9600296021 15.7631692886 21.0275764465 0.0000000000 0.0000000000 0.2740454078 2.3804275990
-9.2015504837 24.0345344543 15.7298164368 21.0166530609 0.0000000000 0.0000000000 0.2741577625 2.3797266483
-9.2385082245 24.1088581085 15.6993207932 21.0053539276 0.0000000000 0.0000000000 0.2742875516 2.3788664341
-9.2754297256 24.1829090118 15.6718482971 20.9938926697 0.0000000000 0.0000000000 0.2744241655 2.3778369427
-9.3123016357 24.2569599152 15.6475095749 20.9827098846 0.0000000000 0.0000000000 0.2745498717 2.3766722679
-9.3491668701 24.3309326172 15.6244983673 20.9717102051 0.0000000000 0.0000000000 0.2746468484 2.3753745556
-9.3860225677 24.4048824310 15.6039028168 20.9604721069 0.0000000000 0.0000000000 0.2747202218 2.3739852905
-9.4228830338 24.4790077209 15.5858259201 20.9474906921 0.0000000000 0.0000000000 0.2747713625 2.3725485802
-9.4597749710 24.5532684326 15.5710840225 20.9332141876 0.0000000000 0.0000000000 0.2748034298 2.3710796833
-9.4966697693 24.6276264191 15.5584955215 20.9179859161 0.0000000000 0.0000000000 0.2748106420 2.3696246147
-9.5334959030 24.7017078400 15.5470752716 20.9058074951 0.0000000000 0.0000000000 0.2747977674 2.3682184219
-9.5703125000 24.7755756378 15.5352039337 20.8972167969 0.0000000000 0.0000000000 0.2747600079 2.3669219017
-9.6071891785 24.8494644165 15.5224752426 20.8923606873 0.0000000000 0.0000000000 0.2747058272 2.3657531738
-9.6440086365 24.9233417511 15.5088720322 20.8898181915 0.0000000000 0.0000000000 0.2746169269 2.3647444248
-9.6808223724 24.9971961975 15.4933280945 20.8904933929 0.0000000000 0.0000000000 0.2744882703 2.3639032841
-9.7177457809 25.0712776184 15.4761180878 20.8929958344 0.0000000000 0.0000000000 0.2743044794 2.3632197380
-9.7547206879 25.1455211639 15.4561557770 20.8959102631 0.0000000000 0.0000000000 0.2740635574 2.3627181053
-9.7916698456 25.2198524475 15.4337377548 20.8986835480 0.0000000000 0.0000000000 0.2737600803 2.3624007702
-9.8286838531 25.2943954468 15.4084157944 20.9006156921 0.0000000000 0.0000000000 0.2733864188 2.3622503281
-9.8656978607 25.3689441681 15.3786907196 20.8991069794 0.0000000000 0.0000000000 0.2729507387 2.3622620106
-9.9027519226 25.4436950684 15.3439931870 20.8951911926 0.0000000000 0.0000000000 0.2724660039 2.3624587059
-9.9399061203 25.5186824799 15.3040666580 20.8888969421 0.0000000000 0.0000000000 0.2719399035 2.3627998829
-9.9770755768 25.5936603546 15.2587947845 20.8805713654 0.0000000000 0.0000000000 0.2713967562 2.3632550240
-10.0142564774 25.6688003540 15.2079353333 20.8700523376 0.0000000000 0.0000000000 0.2708590031 2.3637664318
-10.0514316559 25.7439632416 15.1524801254 20.8579654694 0.0000000000 0.0000000000 0.2703348696 2.3643054962
-10.0886373520 25.8192291260 15.0922632217 20.8452186584 0.0000000000 0.0000000000 0.2698531151 2.3648409843
-10.1258039474 25.8945159912 15.0276775360 20.8316593170 0.0000000000 0.0000000000 0.2694178224 2.3653419018
-10.1627902985 25.9694252014 14.9605760574 20.8176593781 0.0000000000 0.0000000000 0.2690399587 2.3657562733
-10.1997146606 26.0443000793 14.8913183212 20.8036079407 0.0000000000 0.0000000000 0.2687242627 2.3660430908
-10.2365713120 26.1191005707 14.8212575912 20.7896652222 0.0000000000 0.0000000000 0.2684589922 2.3662011623
-10.2732553482 26.1936340332 14.7523031235 20.7750339508 0.0000000000 0.0000000000 0.2682463825 2.3662586212
-10.3097887039 26.2679214478 14.6865625381 20.7595729828 0.0000000000 0.0000000000 0.2681157291 2.3662009239
-10.3461418152 26.3418979645 14.6267127991 20.7441596985 0.0000000000 0.0000000000 0.2680599689 2.3660385609
-10.3823490143 26.4157714844 14.5725011826 20.7281532288 0.0000000000 0.0000000000 0.2680449188 2.3657941818
-10.4184617996 26.4896583557 14.5224981308 20.7124633789 0.0000000000 0.0000000000 0.2680513561 2.3654837608
-10.4545440674 26.5637550354 14.4762821198 20.6968402863 0.0000000000 0.0000000000 0.2680478692 2.3651077747
-10.4906291962 26.6379699707 14.4343605042 20.6815624237 0.0000000000 0.0000000000 0.2680083811 2.3646872044
-10.5265626907 26.7119159698 14.3965072632 20.6668529510 0.0000000000 0.0000000000 0.2679267228 2.3642385006
-10.5623521805 26.7857341766 14.3613138199 20.6527671814 0.0000000000 0.0000000000 0.2677943707 2.3637540340
-10.5982131958 26.8598251343 14.3275556564 20.6385269165 0.0000000000 0.0000000000 0.2676185071 2.3632006645
-10.6341009140 26.9341354370 14.2939577103 20.6240844727 0.0000000000 0.0000000000 0.2673865259 2.3625962734
-10.6699123383 27.0085582733 14.2613334656 20.6110935211 0.0000000000 0.0000000000 0.2670793831 2.3619608879
-10.7058029175 27.0833282471 14.2294874191 20.5984897614 0.0000000000 0.0000000000 0.2667011321 2.3613142967
-10.7416610718 27.1582889557 14.1989946365 20.5869579315 0.0000000000 0.0000000000 0.2662718296 2.3606789112
-10.7775030136 27.2334003448 14.1679878235 20.5763206482 0.0000000000 0.0000000000 0.2658065557 2.3600924015
-10.8132009506 27.3082847595 14.1343717575 20.5664443970 0.0000000000 0.0000000000 0.2653138936 2.3595860004
-10.8488216400 27.3830089569 14.0975255966 20.5569953918 0.0000000000 0.0000000000 0.2647949755 2.3591704369
-10.8844156265 27.4577198029 14.0576133728 20.5480613708 0.0000000000 0.0000000000 0.2642688453 2.3588593006
-10.9199314117 27.5326023102 14.0153503418 20.5391159058 0.0000000000 0.0000000000 0.2637572587 2.3586382866
-10.9553909302 27.6076202393 13.9718532562 20.5295314789 0.0000000000 0.0000000000 0.2632731497 2.3584604263
-10.9907693863 27.6825237274 13.9272327423 20.5191040039 0.0000000000 0.0000000000 0.2628238797 2.3583650589
-11.0261640549 27.7575416565 13.8830585480 20.5082626343 0.0000000000 0.0000000000 0.2623938918 2.3583421707
-11.0613508224 27.8321590424 13.8391952515 20.4972419739 0.0000000000 0.0000000000 0.2619901001 2.3583779335
-11.0965337753 27.9069252014 13.7950592041 20.4849853516 0.0000000000 0.0000000000 0.2616224885 2.3584675789
-11.1315784454 27.9816646576 13.7515020370 20.4718189240 0.0000000000 0.0000000000 0.2613033652 2.3585889339
-11.1665840149 28.0564842224 13.7090177536 20.4568176270 0.0000000000 0.0000000000 0.2610301375 2.3587210178
-11.2016105652 28.1313400269 13.6678934097 20.4395923615 0.0000000000 0.0000000000 0.2607971430 2.3588328362
-11.2365722656 28.2058010101 13.6269016266 20.4201622009 0.0000000000 0.0000000000 0.2605843246 2.3589196205
-11.2714281082 28.2799663544 13.5859203339 20.3986892700 0.0000000000 0.0000000000 0.2603895664 2.3589899540
-11.3063039780 28.3541584015 13.5454854965 20.3782043457 0.0000000000 0.0000000000 0.2601890266 2.3590352535
-11.3411207199 28.4282779694 13.5054626465 20.3593273163 0.0000000000 0.0000000000 0.2599643469 2.3590803146
-11.3759012222 28.5022583008 13.4665899277 20.3425617218 0.0000000000 0.0000000000 0.2597101033 2.3591220379
-11.4106960297 28.5760860443 13.4266223907 20.3271350861 0.0000000000 0.0000000000 0.2594201863 2.3591830730
-11.4453573227 28.6496315002 13.3871383667 20.3143730164 0.0000000000 0.0000000000 0.2591042221 2.3592751026
-11.4800796509 28.7232170105 13.3467550278 20.3010177612 0.0000000000 0.0000000000 0.2587534189 2.3594005108
-11.5148420334 28.7970237732 13.3050889969 20.2865905762 0.0000000000 0.0000000000 0.2583585382 2.3595800400
-11.5495424271 28.8708438873 13.2635135651 20.2721023560 0.0000000000 0.0000000000 0.2579337060 2.3597810268
-11.5843181610 28.9449863434 13.2211341858 20.2581195831 0.0000000000 0.0000000000 0.2574906349 2.3599917889
-11.6191463470 29.0193977356 13.1762475967 20.2435436249 0.0000000000 0.0000000000 0.2570397258 2.3601918221
-11.6539726257 29.0939350128 13.1299238205 20.2281208038 0.0000000000 0.0000000000 0.2565922439 2.3604245186
-11.6888208389 29.1686096191 13.0828800201 20.2122020721 0.0000000000 0.0000000000 0.2561605871 2.3607246876
-11.7235784531 29.2432079315 13.0341215134 20.1938762665 0.0000000000 0.0000000000 0.2557571530 2.3610737324
-11.7583475113 29.3178806305 12.9853687286 20.1730117798 0.0000000000 0.0000000000 0.2553689480 2.3614568710
-11.7931547165 29.3926563263 12.9357442856 20.1500034332 0.0000000000 0.0000000000 0.2549929321 2.3618314266
-11.8280248642 29.4675579071 12.8855333328 20.1253967285 0.0000000000 0.0000000000 0.2546259463 2.3622047901
-11.8628635406 29.5422935486 12.8340864182 20.0987071991 0.0000000000 0.0000000000 0.2542650700 2.3625497818
-11.8976612091 29.6168193817 12.7817478180 20.0704669952 0.0000000000 0.0000000000 0.2539193034 2.3628928661
-11.9324874878 29.6912689209 12.7279205322 20.0420112610 0.0000000000 0.0000000000 0.2535851598 2.3632910252
-11.9673547745 29.7655868530 12.6731405258 20.0131492615 0.0000000000 0.0000000000 0.2532581389 2.3637003899
-12.0022678375 29.8397293091 12.6188583374 19.9845428467 0.0000000000 0.0000000000 0.2529388368 2.3641002178
-12.0371294022 29.9136905670 12.5657777786 19.9568710327 0.0000000000 0.0000000000 0.2526533902 2.3645248413
-12.0719556808 29.9875946045 12.5131320953 19.9281539917 0.0000000000 0.0000000000 0.2523967326 2.3649752140
-12.1066741943 30.0614376068 12.4613018036 19.8988685608 0.0000000000 0.0000000000 0.2521908879 2.3654432297
-12.1414518356 30.1355724335 12.4080410004 19.8675441742 0.0000000000 0.0000000000 0.2520221472 2.3659477234
-12.1761760712 30.2098846436 12.3540382385 19.8349819183 0.0000000000 0.0000000000 0.2518726289 2.3665282726
-12.2109022141 30.2842731476 12.3006858826 19.8020668030 0.0000000000 0.0000000000 0.2517280281 2.3671822548
-12.2456035614 30.3588123322 12.2494535446 19.7702045441 0.0000000000 0.0000000000 0.2515890896 2.3678786755
-12.2803916931 30.4333515167 12.1979198456 19.7371006012 0.0000000000 0.0000000000 0.2514454424 2.3686251640
-12.3152275085 30.5080928802 12.1472425461 19.7043437958 0.0000000000 0.0000000000 0.2512750626 2.3694026470
-12.3498725891 30.5820350647 12.0965404510 19.6692714691 0.0000000000 0.0000000000 0.2510575056 2.3701894283
-12.3845968246 30.6562061310 12.0459442139 19.6345844269 0.0000000000 0.0000000000 0.2507929504 2.3710298538
-12.4192819595 30.7303562164 11.9961528778 19.6009063721 0.0000000000 0.0000000000 0.2504779696 2.3719139099
-12.4539480209 30.8044643402 11.9472885132 19.5681152344 0.0000000000 0.0000000000 0.2501329482 2.3728370667
-12.4884719849 30.8778095245 11.9015293121 19.5379009247 0.0000000000 0.0000000000 0.2497561723 2.3737931252
-12.5229873657 30.9511165619 11.8563117981 19.5084476471 0.0000000000 0.0000000000 0.2493437529 2.3747725487
-12.5575580597 31.0244712830 11.8126688004 19.4799137115 0.0000000000 0.0000000000 0.2488893718 2.3757863045
-12.5920591354 31.0975666046 11.7693605423 19.4513053894 0.0000000000 0.0000000000 0.2483942360 2.3768205643
-12.6263723373 31.1699409485 11.7285499573 19.4254913330 0.0000000000 0.0000000000 0.2478557676 2.3778240681
-12.6605854034 31.2417564392 11.6879415512 19.3997669220 0.0000000000 0.0000000000 0.2472738028 2.3788034916
-12.6947288513 31.3130950928 11.6454210281 19.3729114532 0.0000000000 0.0000000000 0.2466729432 2.3797802925
-12.7287750244 31.3842773438 11.6007938385 19.3451557159 0.0000000000 0.0000000000 0.2460682839 2.3807294369
-12.7627496719 31.4554519653 11.5541410446 19.3160781860 0.0000000000 0.0000000000 0.2454757392 2.3816072941
-12.7966117859 31.5264739990 11.5052795410 19.2847995758 0.0000000000 0.0000000000 0.2449041009 2.3823781013
-12.8302803040 31.5972347260 11.4529819489 19.2503395081 0.0000000000 0.0000000000 0.2443842590 2.3830690384
-12.8638906479 31.6679649353 11.3983936310 19.2134799957 0.0000000000 0.0000000000 0.2439155579 2.3836174011
-12.8974952698 31.7387218475 11.3417167664 19.1732654572 0.0000000000 0.0000000000 0.2434987575 2.3839962482
-12.9310150146 31.8093395233 11.2858085632 19.1327629089 0.0000000000 0.0000000000 0.2431085408 2.3841900826
-12.9643201828 31.8794822693 11.2310857773 19.0943107605 0.0000000000 0.0000000000 0.2427272499 2.3842275143
-12.9975090027 31.9492359161 11.1769599915 19.0578994751 0.0000000000 0.0000000000 0.2423424274 2.3841218948
-13.0305871964 32.0185050964 11.1264896393 19.0247344971 0.0000000000 0.0000000000 0.2419598848 2.3838717937
-13.0635414124 32.0873985291 11.0782766342 18.9938755035 0.0000000000 0.0000000000 0.2415734679 2.3834209442
-13.0964508057 32.1562652588 11.0318555832 18.9655399323 0.0000000000 0.0000000000 0.2411474735 2.3827419281
-13.1293067932 32.2248840332 10.9868612289 18.9384803772 0.0000000000 0.0000000000 0.2406667769 2.3818337917
-13.1621084213 32.2934646606 10.9394598007 18.9101276398 0.0000000000 0.0000000000 0.2401190102 2.3807358742
-13.1948165894 32.3620872498 10.8934288025 18.8809089661 0.0000000000 0.0000000000 0.2395065725 2.3794167042
-13.2274799347 32.4306030273 10.8488931656 18.8498554230 0.0000000000 0.0000000000 0.2388350666 2.3779168129
-13.2600755692 32.4991378784 10.8066978455 18.8176689148 0.0000000000 0.0000000000 0.2381244898 2.3762257099
-13.2926511765 32.5676994324 10.7661857605 18.7844581604 0.0000000000 0.0000000000 0.2374048382 2.3743293285
-13.3251962662 32.6362876892 10.7272205353 18.7502212524 0.0000000000 0.0000000000 0.2367007434 2.3722541332
-13.3577585220 32.7049522400 10.6881980896 18.7145767212 0.0000000000 0.0000000000 0.2360315770 2.3700385094
-13.3901929855 32.7734489441 10.6506175995 18.6786270142 0.0000000000 0.0000000000 0.2354083657 2.3677322865
-13.4225759506 32.8417930603 10.6139087677 18.6424827576 0.0000000000 0.0000000000 0.2348431796 2.3653860092
-13.4549312592 32.9101066589 10.5775041580 18.6074600220 0.0000000000 0.0000000000 0.2343237996 2.3630571365
-13.4872741699 32.9782333374 10.5403156281 18.5729351044 0.0000000000 0.0000000000 0.2338587344 2.3607861996
-13.5195569992 33.0461235046 10.5021190643 18.5388526917 0.0000000000 0.0000000000 0.2334478498 2.3585791588
-13.5517950058 33.1132965088 10.4617700577 18.5062541962 0.0000000000 0.0000000000 0.2330712676 2.3564345837
-13.5838880539 33.1795578003 10.4163055420 18.4727668762 0.0000000000 0.0000000000 0.2327118516 2.3542373180
-13.6159267426 33.2455940247 10.3680896759 18.4373531342 0.0000000000 0.0000000000 0.2323562503 2.3520045280
-13.6481142044 33.3118858337 10.3172407150 18.4015407562 0.0000000000 0.0000000000 0.2319932282 2.3497238159
-13.6802692413 33.3780021667 10.2648229599 18.3658103943 0.0000000000 0.0000000000 0.2316056639 2.3474152088
-13.7123908997 33.4438552856 10.2104682922 18.3303489685 0.0000000000 0.0000000000 0.2311772257 2.3450739384
-13.7445468903 33.5099067688 10.1550588608 18.2949867249 0.0000000000 0.0000000000 0.2306851894 2.3426647186
-13.7767868042 33.5762138367 10.0984020233 18.2592124939 0.0000000000 0.0000000000 0.2301385701 2.3402328491
-13.8089323044 33.6423912048 10.0405263901 18.2227745056 0.0000000000 0.0000000000 0.2295605391 2.3377659321
-13.8407993317 33.7081642151 9.9843969345 18.1855430603 0.0000000000 0.0000000000 0.2289762497 2.3351669312
-13.8726406097 33.7739372253 9.9292869568 18.1485385895 0.0000000000 0.0000000000 0.2283873707 2.3324124813
-13.9044771194 33.8397979736 9.8748731613 18.1115856171 0.0000000000 0.0000000000 0.2278151512 2.3295245171
-13.9362249374 33.9056472778 9.8213462830 18.0744533539 0.0000000000 0.0000000000 0.2272662818 2.3264963627
-13.9678907394 33.9715805054 9.7683982849 18.0373096466 0.0000000000 0.0000000000 0.2267694026 2.3233599663
-13.9994916916 34.0374755859 9.7167768478 18.0004863739 0.0000000000 0.0000000000 0.2263208181 2.3201143742
-14.0308761597 34.1029510498 9.6671447754 17.9625720978 0.0000000000 0.0000000000 0.2259120941 2.3167622089
-14.0622482300 34.1685752869 9.6176252365 17.9250755310 0.0000000000 0.0000000000 0.2255285531 2.3133094311
-14.0934848785 34.2340660095 9.5676202774 17.8874168396 0.0000000000 0.0000000000 0.2251638919 2.3097465038
-14.1246604919 34.2995986938 9.5160722733 17.8485851288 0.0000000000 0.0000000000 0.2247977257 2.3060770035
-14.1556272507 34.3645935059 9.4638166428 17.8090095520 0.0000000000 0.0000000000 0.2244328856 2.3022978306
-14.1864204407 34.4294624329 9.4103631973 17.7696762085 0.0000000000 0.0000000000 0.2240721732 2.2984237671
-14.2172021866 34.4943923950 9.3553047180 17.7292575836 0.0000000000 0.0000000000 0.2237092257 2.2944915295
-14.2479209900 34.5592842102 9.2996902466 17.6885662079 0.0000000000 0.0000000000 0.2233273834 2.2905218601
-14.2785463333 34.6239852905 9.2422084808 17.6491203308 0.0000000000 0.0000000000 0.2229132950 2.2864918709
-14.3091020584 34.6885643005 9.1836919785 17.6096477509 0.0000000000 0.0000000000 0.2224623263 2.2823743820
-14.3395757675 34.7530288696 9.1247549057 17.5706615448 0.0000000000 0.0000000000 0.2219704837 2.2781362534
-14.3699865341 34.8172416687 9.0662050247 17.5333786011 0.0000000000 0.0000000000 0.2214670032 2.2737870216
-14.4002437592 34.8811645508 9.0078134537 17.4961719513 0.0000000000 0.0000000000 0.2209487408 2.2693049908
-14.4303760529 34.9446296692 8.9506664276 17.4589023590 0.0000000000 0.0000000000 0.2204084545 2.2646832466
-14.4603509903 35.0079040527 8.8961315155 17.4222202301 0.0000000000 0.0000000000 0.2198481709 2.2599205971
-14.4903221130 35.0712966919 8.8426074982 17.3861045837 0.0000000000 0.0000000000 0.2192734778 2.2550530434
-14.5201587677 35.1346282959 8.7911062241 17.3514614105 0.0000000000 0.0000000000 0.2187059075 2.2501187325
-14.5499725342 35.1979713440 8.7407121658 17.3181838989 0.0000000000 0.0000000000 0.2181850523 2.2451457977
-14.5796632767 35.2611656189 8.6926202774 17.2848434448 0.0000000000 0.0000000000 0.2176995277 2.2401568890
-14.6093187332 35.3243904114 8.6451787949 17.2510852814 0.0000000000 0.0000000000 0.2172593176 2.2351748943
-14.6388673782 35.3874855042 8.5982837677 17.2165393829 0.0000000000 0.0000000000 0.2168543041 2.2302324772
-14.6683664322 35.4504928589 8.5504608154 17.1814441681 0.0000000000 0.0000000000 0.2164816111 2.2253346443
-14.6976985931 35.5129890442 8.5018148422 17.1465835571 0.0000000000 0.0000000000 0.2161230594 2.2205026150
-14.7268714905 35.5751609802 8.4502143860 17.1124324799 0.0000000000 0.0000000000 0.2157639861 2.2157039642
-14.7559289932 35.6368179321 8.3973350525 17.0776748657 0.0000000000 0.0000000000 0.2154015601 2.2109453678
-14.7848329544 35.6981124878 8.3430910110 17.0418395996 0.0000000000 0.0000000000 0.2150304914 2.2062325478
-14.8135709763 35.7589569092 8.2897548676 17.0064392090 0.0000000000 0.0000000000 0.2146674842 2.2015876770
-14.8422298431 35.8196182251 8.2364587784 16.9717445374 0.0000000000 0.0000000000 0.2143083811 2.1969726086
-14.8706703186 35.8797683716 8.1843538284 16.9367828369 0.0000000000 0.0000000000 0.2139665484 2.1923782825
-14.8989543915 35.9395980835 8.1355915070 16.9029312134 0.0000000000 0.0000000000 0.2136465460 2.1878054142
-14.9272003174 35.9995117188 8.0899229050 16.8694248199 0.0000000000 0.0000000000 0.2133543789 2.1832818985
-14.9553995132 36.0593338013 8.0465316772 16.8357563019 0.0000000000 0.0000000000 0.2130784839 2.1788442135
-14.9835348129 36.1190147400 8.0041446686 16.8020114899 0.0000000000 0.0000000000 0.2128207088 2.1744623184
-15.0114450455 36.1780204773 7.9630584717 16.7670650482 0.0000000000 0.0000000000 0.2125939876 2.1701669693
-15.0393953323 36.2372512817 7.9241352081 16.7319030762 0.0000000000 0.0000000000 0.2123907357 2.1659493446
-15.0673522949 36.2964401245 7.8867101669 16.6970863342 0.0000000000 0.0000000000 0.2122087330 2.1618120670
-15.0952768326 36.3554763794 7.8504905701 16.6639442444 0.0000000000 0.0000000000 0.2120360434 2.1578016281
-15.1231498718 36.4143600464 7.8148117065 16.6314487457 0.0000000000 0.0000000000 0.2118667960 2.1539084911
-15.1510009766 36.4731750488 7.7782320976 16.5980453491 0.0000000000 0.0000000000 0.2116873413 2.1501200199
-15.1787567139 36.5319786072 7.7397708893 16.5653610229 0.0000000000 0.0000000000 0.2114936858 2.1464107037
-15.2062835693 36.5903587341 7.6998286247 16.5318622589 0.0000000000 0.0000000000 0.2112939954 2.1427543163
-15.2337379456 36.6485862732 7.6583714485 16.4970645905 0.0000000000 0.0000000000 0.2110769749 2.1390860081
-15.2610788345 36.7063674927 7.6157236099 16.4600048065 0.0000000000 0.0000000000 0.2108339965 2.1353397369
-15.2883825302 36.7638740540 7.5715160370 16.4217300415 0.0000000000 0.0000000000 0.2105722874 2.1314897537
-15.3157577515 36.8215713501 7.5261135101 16.3831443787 0.0000000000 0.0000000000 0.2102890909 2.1275217533
-15.3430881500 36.8793983459 7.4804949760 16.3444690704 0.0000000000 0.0000000000 0.2099901587 2.1234467030
-15.3704223633 36.9373397827 7.4348831177 16.3069133759 0.0000000000 0.0000000000 0.2096981257 2.1192405224
-15.3977336884 36.9953422546 7.3893942833 16.2698593140 0.0000000000 0.0000000000 0.2094153911 2.1149182320
-15.4248037338 37.0528373718 7.3458614349 16.2326393127 0.0000000000 0.0000000000 0.2091454268 2.1104977131
-15.4518308640 37.1103172302 7.3036751747 16.1959533691 0.0000000000 0.0000000000 0.2088898420 2.1059398651
-15.4787778854 37.1677322388 7.2632684708 16.1598796844 0.0000000000 0.0000000000 0.2086566538 2.1012849808
-15.5057487488 37.2252388000 7.2246785164 16.1240749359 0.0000000000 0.0000000000 0.2084346712 2.0965776443
-15.5326070786 37.2826118469 7.1871733665 16.0887298584 0.0000000000 0.0000000000 0.2082130909 2.0918350220
-15.5594367981 37.3399467468 7.1515212059 16.0534133911 0.0000000000 0.0000000000 0.2079801112 2.0871052742
-15.5862770081 37.3973464966 7.1170358658 16.0180835724 0.0000000000 0.0000000000 0.2077288330 2.0824086666
-15.6129627228 37.4543571472 7.0815839767 15.9830026627 0.0000000000 0.0000000000 0.2074652761 2.0777564049
-15.6395978928 37.5111541748 7.0455570221 15.9480485916 0.0000000000 0.0000000000 0.2071740776 2.0731651783
-15.6661300659 37.5676231384 7.0075821877 15.9126739502 0.0000000000 0.0000000000 0.2068706304 2.0686440468
-15.6926765442 37.6241340637 6.9680728912 15.8770847321 0.0000000000 0.0000000000 0.2065567225 2.0642135143
-15.7190895081 37.6804809570 6.9263687134 15.8422403336 0.0000000000 0.0000000000 0.2062463760 2.0598556995
-15.7453279495 37.7365188599 6.8843021393 15.8082284927 0.0000000000 0.0000000000 0.2059583217 2.0555281639
-15.7715272903 37.7925605774 6.8413019180 15.7740116119 0.0000000000 0.0000000000 0.2057029754 2.0512142181
-15.7976894379 37.8485717773 6.7975769043 15.7401285172 0.0000000000 0.0000000000 0.2054737508 2.0469329357
-15.8238449097 37.9046058655 6.7531867027 15.7062587738 0.0000000000 0.0000000000 0.2052539140 2.0426881313
-15.8498897552 37.9605598450 6.7081885338 15.6731309891 0.0000000000 0.0000000000 0.2050286233 2.0384526253
-15.8758211136 38.0163345337 6.6631526947 15.6411676407 0.0000000000 0.0000000000 0.2047846615 2.0342438221
-15.9017400742 38.0721054077 6.6188635826 15.6090021133 0.0000000000 0.0000000000 0.2045242786 2.0300512314
-15.9274721146 38.1276473999 6.5742850304 15.5758237839 0.0000000000 0.0000000000 0.2042355835 2.0258250237
-15.9532155991 38.1832237244 6.5295486450 15.5415515900 0.0000000000 0.0000000000 0.2039146423 2.0215227604
