#         COST_U        COST_H      COST_D       COST_S       REGU_H       REGU_S          HPO           COSTGLEN 
71.5079345703 0.0000000000 0.0000000000 0.0000000000 32.6851577759 0.0000000000 -0.3872168064
39.8674011230 0.0000000000 0.0000000000 0.1152174771 32.1696472168 0.0000000000 -0.4281818867
28.2470989227 0.0000000000 0.0000000000 0.3774180114 31.6730098724 0.0000000000 -0.4378495216
24.3725013733 0.0000000000 0.0000000000 0.7118574381 31.3696441650 0.0000000000 -0.4234087467
23.1349887848 0.0000000000 0.0000000000 1.0604459047 31.0365200043 0.0000000000 -0.4053753614
22.3499107361 0.0000000000 0.0000000000 1.3894125223 30.6820945740 0.0000000000 -0.3922246099
21.6741333008 0.0000000000 0.0000000000 1.6803654432 30.3632431030 0.0000000000 -0.3830935359
21.1536445618 0.0000000000 0.0000000000 1.9258596897 30.1083450317 0.0000000000 -0.3761515021
20.7973194122 0.0000000000 0.0000000000 2.1258196831 29.9246292114 0.0000000000 -0.3712284565
20.6238574982 0.0000000000 0.0000000000 2.2843105793 29.8117752075 0.0000000000 -0.3686755896
20.7079887390 0.0000000000 0.0000000000 2.4080569744 29.7576160431 0.0000000000 -0.3677996993
21.1348133087 0.0000000000 0.0000000000 2.5041484833 29.7489166260 0.0000000000 -0.3671877980
21.8507404327 0.0000000000 0.0000000000 2.5791614056 29.7698650360 0.0000000000 -0.3654484749
22.5566368103 0.0000000000 0.0000000000 2.6387240887 29.7914352417 0.0000000000 -0.3623603582
22.8692398071 0.0000000000 0.0000000000 2.6877439022 29.7951755524 0.0000000000 -0.3589009643
22.6753101349 0.0000000000 0.0000000000 2.7311298847 29.7761440277 0.0000000000 -0.3550374508
22.1835594177 0.0000000000 0.0000000000 2.7726998329 29.7203140259 0.0000000000 -0.3499637246
21.6575450897 0.0000000000 0.0000000000 2.8149306774 29.6323566437 0.0000000000 -0.3444406986
21.2140235901 0.0000000000 0.0000000000 2.8598837852 29.5251083374 0.0000000000 -0.3392184973
20.7774143219 0.0000000000 0.0000000000 2.9095354080 29.3885631561 0.0000000000 -0.3348603249
20.1636447906 0.0000000000 0.0000000000 2.9645280838 29.2179546356 0.0000000000 -0.3309391737
19.2674770355 0.0000000000 0.0000000000 3.0234503746 29.0400047302 0.0000000000 -0.3270992041
18.1469516754 0.0000000000 0.0000000000 3.0825111866 28.8663063049 0.0000000000 -0.3235636353
16.9879837036 0.0000000000 0.0000000000 3.1363084316 28.6744232178 0.0000000000 -0.3202707171
15.9859580994 0.0000000000 0.0000000000 3.1803057194 28.4618721008 0.0000000000 -0.3171270490
15.2237863541 0.0000000000 0.0000000000 3.2102544308 28.2266674042 0.0000000000 -0.3138605952
14.6502189636 0.0000000000 0.0000000000 3.2232913971 27.9946498871 0.0000000000 -0.3104597926
14.1453695297 0.0000000000 0.0000000000 3.2181911469 27.7818508148 0.0000000000 -0.3073707223
13.6531114578 0.0000000000 0.0000000000 3.1954619884 27.5982685089 0.0000000000 -0.3045495749
13.1807498932 0.0000000000 0.0000000000 3.1570165157 27.4444789886 0.0000000000 -0.3022553921
12.7748241425 0.0000000000 0.0000000000 3.1056580544 27.3062019348 0.0000000000 -0.3000791669
12.4543018341 0.0000000000 0.0000000000 3.0442578793 27.1657924652 0.0000000000 -0.2980176806
12.2086458206 0.0000000000 0.0000000000 2.9762589931 27.0130157471 0.0000000000 -0.2966009378
12.0152511597 0.0000000000 0.0000000000 2.9047160149 26.8589916229 0.0000000000 -0.2954307795
11.8407917023 0.0000000000 0.0000000000 2.8312017918 26.7196655273 0.0000000000 -0.2945491076
11.6538057327 0.0000000000 0.0000000000 2.7571010590 26.6014995575 0.0000000000 -0.2937102914
11.4467258453 0.0000000000 0.0000000000 2.6835515499 26.5008964539 0.0000000000 -0.2929819822
11.2458829880 0.0000000000 0.0000000000 2.6109852791 26.4152088165 0.0000000000 -0.2924225926
11.0964193344 0.0000000000 0.0000000000 2.5395886898 26.3360481262 0.0000000000 -0.2918322086
11.0180997849 0.0000000000 0.0000000000 2.4699552059 26.2521686554 0.0000000000 -0.2912259698
10.9855222702 0.0000000000 0.0000000000 2.4017276764 26.1618518829 0.0000000000 -0.2905503511
10.9406385422 0.0000000000 0.0000000000 2.3348274231 26.0639057159 0.0000000000 -0.2896271944
10.8522806168 0.0000000000 0.0000000000 2.2698116302 25.9605522156 0.0000000000 -0.2887886763
10.7253122330 0.0000000000 0.0000000000 2.2076804638 25.8548316956 0.0000000000 -0.2877448201
10.5928916931 0.0000000000 0.0000000000 2.1487727165 25.7481365204 0.0000000000 -0.2865449786
10.4900178909 0.0000000000 0.0000000000 2.0933754444 25.6460933685 0.0000000000 -0.2854545116
10.4174003601 0.0000000000 0.0000000000 2.0411181450 25.5471820831 0.0000000000 -0.2842196226
10.3484611511 0.0000000000 0.0000000000 1.9918031693 25.4495658875 0.0000000000 -0.2831193805
10.2487745285 0.0000000000 0.0000000000 1.9455045462 25.3508892059 0.0000000000 -0.2819145322
10.0993576050 0.0000000000 0.0000000000 1.9017536640 25.2511310577 0.0000000000 -0.2807451487
9.9162950516 0.0000000000 0.0000000000 1.8604246378 25.1471424103 0.0000000000 -0.2794314623
9.7326049805 0.0000000000 0.0000000000 1.8208271265 25.0392971039 0.0000000000 -0.2783260345
9.5729465485 0.0000000000 0.0000000000 1.7822751999 24.9288139343 0.0000000000 -0.2770643532
9.4308719635 0.0000000000 0.0000000000 1.7439938784 24.8218631744 0.0000000000 -0.2760670185
9.2790069580 0.0000000000 0.0000000000 1.7058222294 24.7218208313 0.0000000000 -0.2748418748
9.0936908722 0.0000000000 0.0000000000 1.6678893566 24.6286621094 0.0000000000 -0.2740076184
8.8813962936 0.0000000000 0.0000000000 1.6303834915 24.5382061005 0.0000000000 -0.2731398940
8.6639156342 0.0000000000 0.0000000000 1.5932114124 24.4483070374 0.0000000000 -0.2721888721
8.4671192169 0.0000000000 0.0000000000 1.5563952923 24.3561439514 0.0000000000 -0.2712167501
8.3010663986 0.0000000000 0.0000000000 1.5200809240 24.2589511871 0.0000000000 -0.2703522444
8.1609907150 0.0000000000 0.0000000000 1.4844723940 24.1623916626 0.0000000000 -0.2694390118
8.0279912949 0.0000000000 0.0000000000 1.4496312141 24.0671863556 0.0000000000 -0.2685222030
7.8855638504 0.0000000000 0.0000000000 1.4156603813 23.9742927551 0.0000000000 -0.2675484419
7.7329792976 0.0000000000 0.0000000000 1.3826509714 23.8842124939 0.0000000000 -0.2668802142
7.5858955383 0.0000000000 0.0000000000 1.3507146835 23.7959632874 0.0000000000 -0.2660906911
7.4612970352 0.0000000000 0.0000000000 1.3198028803 23.7075767517 0.0000000000 -0.2652500570
7.3654608727 0.0000000000 0.0000000000 1.2897813320 23.6169071198 0.0000000000 -0.2646093369
7.2914590836 0.0000000000 0.0000000000 1.2607228756 23.5266036987 0.0000000000 -0.2638496459
7.2222080231 0.0000000000 0.0000000000 1.2325521708 23.4383888245 0.0000000000 -0.2632209659
7.1477255821 0.0000000000 0.0000000000 1.2054947615 23.3529376984 0.0000000000 -0.2626040280
7.0672311783 0.0000000000 0.0000000000 1.1795911789 23.2722911835 0.0000000000 -0.2619954944
6.9837827682 0.0000000000 0.0000000000 1.1549608707 23.1954116821 0.0000000000 -0.2613635063
6.9063334465 0.0000000000 0.0000000000 1.1317597628 23.1215190887 0.0000000000 -0.2608880699
6.8381695747 0.0000000000 0.0000000000 1.1098957062 23.0481243134 0.0000000000 -0.2603504062
6.7746281624 0.0000000000 0.0000000000 1.0893130302 22.9738788605 0.0000000000 -0.2598746717
6.7083654404 0.0000000000 0.0000000000 1.0699503422 22.8986949921 0.0000000000 -0.2593658566
6.6341514587 0.0000000000 0.0000000000 1.0517997742 22.8242778778 0.0000000000 -0.2588865757
6.5562787056 0.0000000000 0.0000000000 1.0348109007 22.7516708374 0.0000000000 -0.2582926750
6.4787154198 0.0000000000 0.0000000000 1.0189288855 22.6801452637 0.0000000000 -0.2578965425
6.4024295807 0.0000000000 0.0000000000 1.0040744543 22.6111030579 0.0000000000 -0.2574315369
6.3271780014 0.0000000000 0.0000000000 0.9901379943 22.5424079895 0.0000000000 -0.2569054067
6.2476277351 0.0000000000 0.0000000000 0.9770840406 22.4737281799 0.0000000000 -0.2564871311
6.1674070358 0.0000000000 0.0000000000 0.9649773240 22.4034671783 0.0000000000 -0.2560253143
6.0914001465 0.0000000000 0.0000000000 0.9538019896 22.3332042694 0.0000000000 -0.2555199265
6.0216479301 0.0000000000 0.0000000000 0.9434638023 22.2635040283 0.0000000000 -0.2550425529
5.9572534561 0.0000000000 0.0000000000 0.9337317944 22.1961936951 0.0000000000 -0.2545860410
5.8943524361 0.0000000000 0.0000000000 0.9243783951 22.1307830811 0.0000000000 -0.2541416585
5.8268823624 0.0000000000 0.0000000000 0.9153672457 22.0668830872 0.0000000000 -0.2537276745
5.7571201324 0.0000000000 0.0000000000 0.9064774513 22.0040512085 0.0000000000 -0.2533004582
5.6872973442 0.0000000000 0.0000000000 0.8975202441 21.9430084229 0.0000000000 -0.2528045177
5.6230735779 0.0000000000 0.0000000000 0.8885353804 21.8828601837 0.0000000000 -0.2525430322
5.5686163902 0.0000000000 0.0000000000 0.8792079687 21.8235950470 0.0000000000 -0.2522067428
5.5221633911 0.0000000000 0.0000000000 0.8695984483 21.7656650543 0.0000000000 -0.2518690526
5.4752068520 0.0000000000 0.0000000000 0.8598457575 21.7091598511 0.0000000000 -0.2515956163
5.4212532043 0.0000000000 0.0000000000 0.8500645757 21.6563396454 0.0000000000 -0.2512405217
5.3616509438 0.0000000000 0.0000000000 0.8402829170 21.6043319702 0.0000000000 -0.2509566545
5.3021106720 0.0000000000 0.0000000000 0.8305674791 21.5525741577 0.0000000000 -0.2506770194
5.2483572960 0.0000000000 0.0000000000 0.8210118413 21.5010814667 0.0000000000 -0.2504152060
5.1999049187 0.0000000000 0.0000000000 0.8116333485 21.4491939545 0.0000000000 -0.2501286864
5.1545219421 0.0000000000 0.0000000000 0.8024593592 21.3970756531 0.0000000000 -0.2498565316
5.1088337898 0.0000000000 0.0000000000 0.7934362888 21.3451251984 0.0000000000 -0.2495743930
5.0602273941 0.0000000000 0.0000000000 0.7845776677 21.2936744690 0.0000000000 -0.2493081689
5.0106129646 0.0000000000 0.0000000000 0.7758182287 21.2420501709 0.0000000000 -0.2490330040
4.9625816345 0.0000000000 0.0000000000 0.7673298120 21.1909427643 0.0000000000 -0.2487524450
4.9169688225 0.0000000000 0.0000000000 0.7592871785 21.1402397156 0.0000000000 -0.2484629750
4.8727145195 0.0000000000 0.0000000000 0.7516517639 21.0904254913 0.0000000000 -0.2481896281
4.8299922943 0.0000000000 0.0000000000 0.7445216775 21.0414085388 0.0000000000 -0.2479226887
4.7872233391 0.0000000000 0.0000000000 0.7378126383 20.9921607971 0.0000000000 -0.2475926876
4.7435417175 0.0000000000 0.0000000000 0.7313672900 20.9435176849 0.0000000000 -0.2473655343
4.7017073631 0.0000000000 0.0000000000 0.7249929309 20.8970108032 0.0000000000 -0.2471296489
4.6613421440 0.0000000000 0.0000000000 0.7184556723 20.8499526978 0.0000000000 -0.2468575239
4.6226391792 0.0000000000 0.0000000000 0.7118646502 20.8044891357 0.0000000000 -0.2466311157
4.5844907761 0.0000000000 0.0000000000 0.7053135633 20.7599639893 0.0000000000 -0.2464075685
4.5469141006 0.0000000000 0.0000000000 0.6989675760 20.7154560089 0.0000000000 -0.2462045550
4.5098385811 0.0000000000 0.0000000000 0.6928545833 20.6705780029 0.0000000000 -0.2459979951
4.4742188454 0.0000000000 0.0000000000 0.6871016622 20.6249828339 0.0000000000 -0.2458182871
4.4388074875 0.0000000000 0.0000000000 0.6816227436 20.5796852112 0.0000000000 -0.2456296384
4.4031257629 0.0000000000 0.0000000000 0.6763395071 20.5340824127 0.0000000000 -0.2454273999
4.3679757118 0.0000000000 0.0000000000 0.6710684896 20.4908199310 0.0000000000 -0.2452752888
4.3338665962 0.0000000000 0.0000000000 0.6656776071 20.4490070343 0.0000000000 -0.2451165915
4.3003749847 0.0000000000 0.0000000000 0.6602605581 20.4079799652 0.0000000000 -0.2449371219
4.2666821480 0.0000000000 0.0000000000 0.6547026038 20.3661479950 0.0000000000 -0.2447808385
4.2332291603 0.0000000000 0.0000000000 0.6490639448 20.3245658875 0.0000000000 -0.2446109056
4.2005863190 0.0000000000 0.0000000000 0.6432427764 20.2830734253 0.0000000000 -0.2444313765
4.1696739197 0.0000000000 0.0000000000 0.6372709274 20.2423381805 0.0000000000 -0.2442662120
4.1401853561 0.0000000000 0.0000000000 0.6312139630 20.2018871307 0.0000000000 -0.2440890968
4.1108727455 0.0000000000 0.0000000000 0.6251352429 20.1617431641 0.0000000000 -0.2438960671
4.0828275681 0.0000000000 0.0000000000 0.6190549135 20.1219596863 0.0000000000 -0.2437374890
4.0559840202 0.0000000000 0.0000000000 0.6129557490 20.0824184418 0.0000000000 -0.2435636222
4.0301971436 0.0000000000 0.0000000000 0.6069398522 20.0420932770 0.0000000000 -0.2433912754
4.0040173531 0.0000000000 0.0000000000 0.6010684371 20.0022926331 0.0000000000 -0.2432797551
3.9766516685 0.0000000000 0.0000000000 0.5953854322 19.9623165131 0.0000000000 -0.2431132793
3.9500091076 0.0000000000 0.0000000000 0.5898576379 19.9222183228 0.0000000000 -0.2429414690
3.9253592491 0.0000000000 0.0000000000 0.5844743252 19.8824844360 0.0000000000 -0.2427982688
3.9024066925 0.0000000000 0.0000000000 0.5791350603 19.8436756134 0.0000000000 -0.2426398396
3.8785879612 0.0000000000 0.0000000000 0.5738318563 19.8051891327 0.0000000000 -0.2425043583
3.8548858166 0.0000000000 0.0000000000 0.5684637427 19.7673320770 0.0000000000 -0.2423603535
3.8313996792 0.0000000000 0.0000000000 0.5630684495 19.7303638458 0.0000000000 -0.2422130108
3.8085930347 0.0000000000 0.0000000000 0.5576710701 19.6936683655 0.0000000000 -0.2420719266
3.7860357761 0.0000000000 0.0000000000 0.5524531603 19.6586647034 0.0000000000 -0.2419443429
3.7631280422 0.0000000000 0.0000000000 0.5474625826 19.6239986420 0.0000000000 -0.2418563962
3.7385737896 0.0000000000 0.0000000000 0.5426287055 19.5887737274 0.0000000000 -0.2416605949
3.7138547897 0.0000000000 0.0000000000 0.5380021334 19.5543861389 0.0000000000 -0.2415184975
3.6906261444 0.0000000000 0.0000000000 0.5334199071 19.5228919983 0.0000000000 -0.2413739860
3.6702890396 0.0000000000 0.0000000000 0.5287066102 19.4881744385 0.0000000000 -0.2412450910
3.6510684490 0.0000000000 0.0000000000 0.5238906741 19.4563617706 0.0000000000 -0.2411358953
3.6297545433 0.0000000000 0.0000000000 0.5191559196 19.4225177765 0.0000000000 -0.2409490645
3.6066927910 0.0000000000 0.0000000000 0.5145393610 19.3894252777 0.0000000000 -0.2408840656
3.5845797062 0.0000000000 0.0000000000 0.5100622177 19.3579750061 0.0000000000 -0.2407773435
3.5649445057 0.0000000000 0.0000000000 0.5057809949 19.3270130157 0.0000000000 -0.2406644821
3.5478444099 0.0000000000 0.0000000000 0.5017776489 19.2982959747 0.0000000000 -0.2405576110
3.5313937664 0.0000000000 0.0000000000 0.4980654716 19.2702064514 0.0000000000 -0.2404540479
3.5143694878 0.0000000000 0.0000000000 0.4946514666 19.2423992157 0.0000000000 -0.2403642535
3.4953713417 0.0000000000 0.0000000000 0.4913979471 19.2139167786 0.0000000000 -0.2402779758
3.4741744995 0.0000000000 0.0000000000 0.4883818924 19.1861076355 0.0000000000 -0.2401848435
3.4528515339 0.0000000000 0.0000000000 0.4854895473 19.1598148346 0.0000000000 -0.2401045859
3.4321961403 0.0000000000 0.0000000000 0.4824805856 19.1335544586 0.0000000000 -0.2400135994
3.4126846790 0.0000000000 0.0000000000 0.4792043567 19.1070976257 0.0000000000 -0.2399153113
3.3946530819 0.0000000000 0.0000000000 0.4756160378 19.0808448792 0.0000000000 -0.2398113608
3.3784990311 0.0000000000 0.0000000000 0.4717712104 19.0552692413 0.0000000000 -0.2397049069
3.3624024391 0.0000000000 0.0000000000 0.4678068459 19.0299434662 0.0000000000 -0.2395926416
3.3453228474 0.0000000000 0.0000000000 0.4637231529 19.0038452148 0.0000000000 -0.2394863069
3.3265857697 0.0000000000 0.0000000000 0.4596183300 18.9778747559 0.0000000000 -0.2393409610
3.3067071438 0.0000000000 0.0000000000 0.4555964768 18.9517593384 0.0000000000 -0.2392773628
3.2885580063 0.0000000000 0.0000000000 0.4518058896 18.9261875153 0.0000000000 -0.2392210364
3.2729821205 0.0000000000 0.0000000000 0.4483433664 18.9027004242 0.0000000000 -0.2390596271
3.2594649792 0.0000000000 0.0000000000 0.4451002181 18.8801383972 0.0000000000 -0.2389720678
3.2459917068 0.0000000000 0.0000000000 0.4419585168 18.8563842773 0.0000000000 -0.2388533354
3.2311959267 0.0000000000 0.0000000000 0.4388834536 18.8317871094 0.0000000000 -0.2387461662
3.2153482437 0.0000000000 0.0000000000 0.4358212948 18.8062820435 0.0000000000 -0.2386625409
3.1994218826 0.0000000000 0.0000000000 0.4327968955 18.7807331085 0.0000000000 -0.2385693192
3.1847934723 0.0000000000 0.0000000000 0.4298523366 18.7555694580 0.0000000000 -0.2384799123
3.1711561680 0.0000000000 0.0000000000 0.4269685447 18.7316207886 0.0000000000 -0.2383933067
3.1583096981 0.0000000000 0.0000000000 0.4242345691 18.7089881897 0.0000000000 -0.2383083403
3.1456451416 0.0000000000 0.0000000000 0.4216616750 18.6859836578 0.0000000000 -0.2382213175
3.1319134235 0.0000000000 0.0000000000 0.4192030728 18.6638259888 0.0000000000 -0.2381477654
3.1184363365 0.0000000000 0.0000000000 0.4166678488 18.6438159943 0.0000000000 -0.2380567193
3.1049292088 0.0000000000 0.0000000000 0.4142461419 18.6240444183 0.0000000000 -0.2380359173
3.0911121368 0.0000000000 0.0000000000 0.4119983315 18.6030693054 0.0000000000 -0.2379288375
3.0770719051 0.0000000000 0.0000000000 0.4098296463 18.5814056396 0.0000000000 -0.2378553748
3.0631144047 0.0000000000 0.0000000000 0.4077911079 18.5583286285 0.0000000000 -0.2377811074
3.0494186878 0.0000000000 0.0000000000 0.4057225883 18.5356063843 0.0000000000 -0.2377057374
3.0362920761 0.0000000000 0.0000000000 0.4035041928 18.5132331848 0.0000000000 -0.2376300693
3.0235602856 0.0000000000 0.0000000000 0.4011047781 18.4915046692 0.0000000000 -0.2375511527
3.0110802650 0.0000000000 0.0000000000 0.3985515833 18.4697246552 0.0000000000 -0.2374808788
2.9990541935 0.0000000000 0.0000000000 0.3960095942 18.4463310242 0.0000000000 -0.2374010384
2.9870293140 0.0000000000 0.0000000000 0.3935067654 18.4223022461 0.0000000000 -0.2373216748
2.9750831127 0.0000000000 0.0000000000 0.3910824656 18.3993434906 0.0000000000 -0.2372352183
2.9631657600 0.0000000000 0.0000000000 0.3886523843 18.3774051666 0.0000000000 -0.2371546328
2.9507479668 0.0000000000 0.0000000000 0.3863322437 18.3554248810 0.0000000000 -0.2370675504
2.9381654263 0.0000000000 0.0000000000 0.3841595948 18.3334865570 0.0000000000 -0.2369795740
2.9261264801 0.0000000000 0.0000000000 0.3820898235 18.3124008179 0.0000000000 -0.2368869185
2.9148895741 0.0000000000 0.0000000000 0.3801540732 18.2916069031 0.0000000000 -0.2367994785
2.9045734406 0.0000000000 0.0000000000 0.3781251013 18.2712230682 0.0000000000 -0.2367122173
2.8944001198 0.0000000000 0.0000000000 0.3761387169 18.2512493134 0.0000000000 -0.2366282344
2.8844389915 0.0000000000 0.0000000000 0.3741934896 18.2308311462 0.0000000000 -0.2364967465
2.8736207485 0.0000000000 0.0000000000 0.3724422455 18.2095470428 0.0000000000 -0.2364669144
2.8638176918 0.0000000000 0.0000000000 0.3708755076 18.1880836487 0.0000000000 -0.2363885045
2.8553287983 0.0000000000 0.0000000000 0.3694694638 18.1665210724 0.0000000000 -0.2363102138
2.8468642235 0.0000000000 0.0000000000 0.3680645823 18.1471481323 0.0000000000 -0.2362310886
2.8383748531 0.0000000000 0.0000000000 0.3664943874 18.1278038025 0.0000000000 -0.2361531854
2.8292369843 0.0000000000 0.0000000000 0.3647996187 18.1083927155 0.0000000000 -0.2360742390
2.8208382130 0.0000000000 0.0000000000 0.3629499376 18.0909461975 0.0000000000 -0.2359961867
2.8133666515 0.0000000000 0.0000000000 0.3610681295 18.0758724213 0.0000000000 -0.2359178662
2.8066020012 0.0000000000 0.0000000000 0.3591549695 18.0596790314 0.0000000000 -0.2358306050
2.8004617691 0.0000000000 0.0000000000 0.3572099805 18.0452041626 0.0000000000 -0.2357531786
2.7939848900 0.0000000000 0.0000000000 0.3553330302 18.0303077698 0.0000000000 -0.2356661558
2.7868168354 0.0000000000 0.0000000000 0.3537272513 18.0150394440 0.0000000000 -0.2355974317
2.7787942886 0.0000000000 0.0000000000 0.3524119556 18.0001182556 0.0000000000 -0.2355377674
2.7703640461 0.0000000000 0.0000000000 0.3514393866 17.9842586517 0.0000000000 -0.2354816198
2.7620792389 0.0000000000 0.0000000000 0.3508392274 17.9685401917 0.0000000000 -0.2354552150
2.7544231415 0.0000000000 0.0000000000 0.3503632545 17.9551925659 0.0000000000 -0.2354073524
2.7470302582 0.0000000000 0.0000000000 0.3498457074 17.9432868958 0.0000000000 -0.2353661656
2.7408525944 0.0000000000 0.0000000000 0.3491021395 17.9318161011 0.0000000000 -0.2353209853
2.7355492115 0.0000000000 0.0000000000 0.3481736183 17.9217605591 0.0000000000 -0.2353107631
2.7293705940 0.0000000000 0.0000000000 0.3471601605 17.9119319916 0.0000000000 -0.2352797985
2.7224144936 0.0000000000 0.0000000000 0.3459657133 17.9023151398 0.0000000000 -0.2352471948
2.7161920071 0.0000000000 0.0000000000 0.3446767926 17.8911457062 0.0000000000 -0.2352176607
2.7108442783 0.0000000000 0.0000000000 0.3433329165 17.8784465790 0.0000000000 -0.2351714373
2.7055003643 0.0000000000 0.0000000000 0.3419948518 17.8634128571 0.0000000000 -0.2351322770
2.6992340088 0.0000000000 0.0000000000 0.3406496048 17.8476238251 0.0000000000 -0.2350956500
2.6924676895 0.0000000000 0.0000000000 0.3391287625 17.8311614990 0.0000000000 -0.2350621819
2.6858038902 0.0000000000 0.0000000000 0.3375578821 17.8146343231 0.0000000000 -0.2350271046
2.6793377399 0.0000000000 0.0000000000 0.3360579014 17.7971458435 0.0000000000 -0.2349775434
2.6731503010 0.0000000000 0.0000000000 0.3347471654 17.7790775299 0.0000000000 -0.2349311113
2.6676154137 0.0000000000 0.0000000000 0.3336831629 17.7609481812 0.0000000000 -0.2348847091
2.6621999741 0.0000000000 0.0000000000 0.3326346576 17.7419414520 0.0000000000 -0.2348367870
2.6558704376 0.0000000000 0.0000000000 0.3315512240 17.7247352600 0.0000000000 -0.2347908020
2.6494529247 0.0000000000 0.0000000000 0.3303596377 17.7084007263 0.0000000000 -0.2347506583
2.6427018642 0.0000000000 0.0000000000 0.3292464018 17.6937923431 0.0000000000 -0.2347168326
2.6352288723 0.0000000000 0.0000000000 0.3282754719 17.6757717133 0.0000000000 -0.2346885204
2.6269946098 0.0000000000 0.0000000000 0.3272281885 17.6585044861 0.0000000000 -0.2346757650
2.6185352802 0.0000000000 0.0000000000 0.3258764148 17.6423587799 0.0000000000 -0.2346439958
2.6107771397 0.0000000000 0.0000000000 0.3240738213 17.6281471252 0.0000000000 -0.2346211672
2.6046884060 0.0000000000 0.0000000000 0.3220725954 17.6163730621 0.0000000000 -0.2345933318
2.6001598835 0.0000000000 0.0000000000 0.3201543391 17.6009006500 0.0000000000 -0.2345707119
2.5961785316 0.0000000000 0.0000000000 0.3184204996 17.5853691101 0.0000000000 -0.2345365584
2.5916213989 0.0000000000 0.0000000000 0.3168008924 17.5702323914 0.0000000000 -0.2345243096
2.5854556561 0.0000000000 0.0000000000 0.3152185082 17.5550746918 0.0000000000 -0.2345159054
2.5782930851 0.0000000000 0.0000000000 0.3135436475 17.5388679504 0.0000000000 -0.2345008254
2.5722150803 0.0000000000 0.0000000000 0.3117898107 17.5234909058 0.0000000000 -0.2344847620
2.5681250095 0.0000000000 0.0000000000 0.3099131584 17.5101203918 0.0000000000 -0.2344572544
2.5646255016 0.0000000000 0.0000000000 0.3080020845 17.4972724915 0.0000000000 -0.2344379425
2.5602459908 0.0000000000 0.0000000000 0.3059917986 17.4826602936 0.0000000000 -0.2344112098
2.5544896126 0.0000000000 0.0000000000 0.3039459586 17.4675064087 0.0000000000 -0.2343849838
2.5480775833 0.0000000000 0.0000000000 0.3016942739 17.4521064758 0.0000000000 -0.2343545854
2.5420958996 0.0000000000 0.0000000000 0.2993789315 17.4359111786 0.0000000000 -0.2343162298
2.5381999016 0.0000000000 0.0000000000 0.2972093225 17.4184532166 0.0000000000 -0.2342731655
2.5350081921 0.0000000000 0.0000000000 0.2953347862 17.4023494720 0.0000000000 -0.2342301309
2.5312817097 0.0000000000 0.0000000000 0.2936164439 17.3873538971 0.0000000000 -0.2342039943
2.5269830227 0.0000000000 0.0000000000 0.2920509279 17.3727130890 0.0000000000 -0.2341600657
2.5226421356 0.0000000000 0.0000000000 0.2905685604 17.3577690125 0.0000000000 -0.2341327667
2.5181677341 0.0000000000 0.0000000000 0.2891278267 17.3421440125 0.0000000000 -0.2341085672
2.5133311749 0.0000000000 0.0000000000 0.2876998782 17.3272018433 0.0000000000 -0.2341039181
2.5084421635 0.0000000000 0.0000000000 0.2863996029 17.3123550415 0.0000000000 -0.2341003418
2.5039768219 0.0000000000 0.0000000000 0.2852717638 17.2978820801 0.0000000000 -0.2341041565
2.4998507500 0.0000000000 0.0000000000 0.2843334675 17.2833576202 0.0000000000 -0.2340966463
2.4958567619 0.0000000000 0.0000000000 0.2835030854 17.2676200867 0.0000000000 -0.2340856194
2.4919836521 0.0000000000 0.0000000000 0.2827250063 17.2500591278 0.0000000000 -0.2340698540
2.4884767532 0.0000000000 0.0000000000 0.2819508016 17.2324867249 0.0000000000 -0.2340539098
2.4855616093 0.0000000000 0.0000000000 0.2810673416 17.2143726349 0.0000000000 -0.2340378761
2.4830293655 0.0000000000 0.0000000000 0.2800209522 17.1960506439 0.0000000000 -0.2340196371
2.4802000523 0.0000000000 0.0000000000 0.2788649201 17.1788082123 0.0000000000 -0.2340098619
2.4770116806 0.0000000000 0.0000000000 0.2780159712 17.1622352600 0.0000000000 -0.2340047359
2.4736030102 0.0000000000 0.0000000000 0.2773768306 17.1469078064 0.0000000000 -0.2340078950
2.4698979855 0.0000000000 0.0000000000 0.2769441605 17.1331233978 0.0000000000 -0.2340086699
2.4659733772 0.0000000000 0.0000000000 0.2765815854 17.1201953888 0.0000000000 -0.2340069115
2.4621317387 0.0000000000 0.0000000000 0.2762678862 17.1071910858 0.0000000000 -0.2339909077
2.4584510326 0.0000000000 0.0000000000 0.2759237885 17.0933170319 0.0000000000 -0.2339919806
2.4550123215 0.0000000000 0.0000000000 0.2754094005 17.0784015656 0.0000000000 -0.2339794040
2.4516425133 0.0000000000 0.0000000000 0.2747489810 17.0631275177 0.0000000000 -0.2339746356
2.4484226704 0.0000000000 0.0000000000 0.2740609944 17.0476131439 0.0000000000 -0.2339377999
2.4460408688 0.0000000000 0.0000000000 0.2732628584 17.0324325562 0.0000000000 -0.2339389324
2.4450058937 0.0000000000 0.0000000000 0.2723661959 17.0174865723 0.0000000000 -0.2339210212
2.4445161819 0.0000000000 0.0000000000 0.2713473737 17.0032997131 0.0000000000 -0.2339050770
2.4429271221 0.0000000000 0.0000000000 0.2703481019 16.9893093109 0.0000000000 -0.2338970304
2.4397745132 0.0000000000 0.0000000000 0.2695029676 16.9757099152 0.0000000000 -0.2338936031
2.4355993271 0.0000000000 0.0000000000 0.2688670456 16.9621448517 0.0000000000 -0.2338970602
2.4317395687 0.0000000000 0.0000000000 0.2683743834 16.9490032196 0.0000000000 -0.2339045405
2.4293549061 0.0000000000 0.0000000000 0.2678399682 16.9359493256 0.0000000000 -0.2339140773
2.4278607368 0.0000000000 0.0000000000 0.2672407627 16.9229774475 0.0000000000 -0.2339254618
2.4261105061 0.0000000000 0.0000000000 0.2666498423 16.9097061157 0.0000000000 -0.2339329123
2.4231836796 0.0000000000 0.0000000000 0.2661267817 16.8963165283 0.0000000000 -0.2339399755
2.4194426537 0.0000000000 0.0000000000 0.2657283247 16.8828010559 0.0000000000 -0.2339514494
2.4162502289 0.0000000000 0.0000000000 0.2653535008 16.8689308167 0.0000000000 -0.2339408994
2.4144871235 0.0000000000 0.0000000000 0.2648994625 16.8551445007 0.0000000000 -0.2339285016
2.4140086174 0.0000000000 0.0000000000 0.2644337416 16.8412761688 0.0000000000 -0.2339109480
2.4140326977 0.0000000000 0.0000000000 0.2638568282 16.8272495270 0.0000000000 -0.2338930964
2.4135518074 0.0000000000 0.0000000000 0.2632647157 16.8127670288 0.0000000000 -0.2338724136
2.4114444256 0.0000000000 0.0000000000 0.2625541091 16.7974414825 0.0000000000 -0.2338703573
2.4085547924 0.0000000000 0.0000000000 0.2618531585 16.7810745239 0.0000000000 -0.2338413000
2.4054515362 0.0000000000 0.0000000000 0.2611537278 16.7634506226 0.0000000000 -0.2338241041
2.4028186798 0.0000000000 0.0000000000 0.2604733706 16.7467212677 0.0000000000 -0.2338069379
2.4004466534 0.0000000000 0.0000000000 0.2598211467 16.7317657471 0.0000000000 -0.2337841392
2.3987305164 0.0000000000 0.0000000000 0.2592041790 16.7177944183 0.0000000000 -0.2337698936
2.3973872662 0.0000000000 0.0000000000 0.2584236860 16.7048034668 0.0000000000 -0.2337568998
2.3964571953 0.0000000000 0.0000000000 0.2574481964 16.6912860870 0.0000000000 -0.2337459922
2.3949007988 0.0000000000 0.0000000000 0.2564999759 16.6772804260 0.0000000000 -0.2337383628
2.3927342892 0.0000000000 0.0000000000 0.2556605637 16.6637973785 0.0000000000 -0.2337374687
2.3905081749 0.0000000000 0.0000000000 0.2548571229 16.6511363983 0.0000000000 -0.2337326705
2.3887739182 0.0000000000 0.0000000000 0.2541086674 16.6392784119 0.0000000000 -0.2337214351
2.3879446983 0.0000000000 0.0000000000 0.2533913553 16.6275043488 0.0000000000 -0.2337084115
2.3872594833 0.0000000000 0.0000000000 0.2527718246 16.6160449982 0.0000000000 -0.2336977124
2.3853974342 0.0000000000 0.0000000000 0.2522446513 16.6048927307 0.0000000000 -0.2336887717
2.3818955421 0.0000000000 0.0000000000 0.2518422604 16.5934658051 0.0000000000 -0.2336785197
2.3780994415 0.0000000000 0.0000000000 0.2514458597 16.5819835663 0.0000000000 -0.2336637378
2.3746960163 0.0000000000 0.0000000000 0.2510337830 16.5706348419 0.0000000000 -0.2336432934
2.3720238209 0.0000000000 0.0000000000 0.2505502403 16.5589599609 0.0000000000 -0.2336116135
2.3700203896 0.0000000000 0.0000000000 0.2499042600 16.5472888947 0.0000000000 -0.2335751355
2.3686435223 0.0000000000 0.0000000000 0.2491907328 16.5357437134 0.0000000000 -0.2335363030
2.3681154251 0.0000000000 0.0000000000 0.2483929992 16.5234012604 0.0000000000 -0.2334962487
2.3672266006 0.0000000000 0.0000000000 0.2476172298 16.5102939606 0.0000000000 -0.2334619761
2.3658809662 0.0000000000 0.0000000000 0.2468965054 16.4973335266 0.0000000000 -0.2334625125
2.3643920422 0.0000000000 0.0000000000 0.2462763935 16.4847602844 0.0000000000 -0.2334102094
2.3627810478 0.0000000000 0.0000000000 0.2458821088 16.4720001221 0.0000000000 -0.2334242463
2.3618097305 0.0000000000 0.0000000000 0.2456929684 16.4591026306 0.0000000000 -0.2333830595
2.3611369133 0.0000000000 0.0000000000 0.2456811965 16.4475307465 0.0000000000 -0.2333652377
2.3602035046 0.0000000000 0.0000000000 0.2457574010 16.4369907379 0.0000000000 -0.2333583236
2.3587868214 0.0000000000 0.0000000000 0.2457990348 16.4263114929 0.0000000000 -0.2333534062
2.3570928574 0.0000000000 0.0000000000 0.2456940562 16.4162597656 0.0000000000 -0.2333444357
2.3551986217 0.0000000000 0.0000000000 0.2453150898 16.4065132141 0.0000000000 -0.2333365679
2.3533971310 0.0000000000 0.0000000000 0.2448557168 16.3958320618 0.0000000000 -0.2333673239
2.3526616096 0.0000000000 0.0000000000 0.2443299443 16.3850421906 0.0000000000 -0.2333116829
2.3528249264 0.0000000000 0.0000000000 0.2437085807 16.3743457794 0.0000000000 -0.2333006859
2.3523254395 0.0000000000 0.0000000000 0.2430738956 16.3641738892 0.0000000000 -0.2332943082
2.3509705067 0.0000000000 0.0000000000 0.2423499376 16.3539009094 0.0000000000 -0.2332871258
2.3492286205 0.0000000000 0.0000000000 0.2415879220 16.3433151245 0.0000000000 -0.2332792878
2.3476934433 0.0000000000 0.0000000000 0.2408281714 16.3328723907 0.0000000000 -0.2332743704
2.3454666138 0.0000000000 0.0000000000 0.2402292639 16.3235282898 0.0000000000 -0.2332557142
2.3435106277 0.0000000000 0.0000000000 0.2396852225 16.3147354126 0.0000000000 -0.2332471907
2.3419265747 0.0000000000 0.0000000000 0.2391965687 16.3064002991 0.0000000000 -0.2332355976
2.3407905102 0.0000000000 0.0000000000 0.2386133522 16.2983436584 0.0000000000 -0.2332283258
2.3401751518 0.0000000000 0.0000000000 0.2379677147 16.2901306152 0.0000000000 -0.2332135737
2.3402824402 0.0000000000 0.0000000000 0.2372252196 16.2810630798 0.0000000000 -0.2332046628
2.3409357071 0.0000000000 0.0000000000 0.2364772707 16.2712917328 0.0000000000 -0.2331924736
2.3416373730 0.0000000000 0.0000000000 0.2357658595 16.2619514465 0.0000000000 -0.2331808209
2.3424208164 0.0000000000 0.0000000000 0.2350574732 16.2533226013 0.0000000000 -0.2331698537
2.3433098793 0.0000000000 0.0000000000 0.2343839109 16.2448444366 0.0000000000 -0.2331586182
2.3443574905 0.0000000000 0.0000000000 0.2337167114 16.2363414764 0.0000000000 -0.2331464589
2.3442616463 0.0000000000 0.0000000000 0.2330431938 16.2286605835 0.0000000000 -0.2331416905
2.3430111408 0.0000000000 0.0000000000 0.2323648483 16.2219276428 0.0000000000 -0.2331465483
2.3414239883 0.0000000000 0.0000000000 0.2316082865 16.2168807983 0.0000000000 -0.2331562638
2.3405845165 0.0000000000 0.0000000000 0.2309149951 16.2126235962 0.0000000000 -0.2331682146
2.3407948017 0.0000000000 0.0000000000 0.2302056700 16.2075595856 0.0000000000 -0.2331810594
2.3400001526 0.0000000000 0.0000000000 0.2295728177 16.2013263702 0.0000000000 -0.2332006693
2.3373999596 0.0000000000 0.0000000000 0.2290673852 16.1941490173 0.0000000000 -0.2332245409
2.3347151279 0.0000000000 0.0000000000 0.2286697477 16.1865692139 0.0000000000 -0.2332543135
2.3336412907 0.0000000000 0.0000000000 0.2283213586 16.1794300079 0.0000000000 -0.2332809567
2.3343968391 0.0000000000 0.0000000000 0.2280013859 16.1727504730 0.0000000000 -0.2333071232
2.3351256847 0.0000000000 0.0000000000 0.2274868637 16.1664485931 0.0000000000 -0.2333368659
2.3341178894 0.0000000000 0.0000000000 0.2268249989 16.1603336334 0.0000000000 -0.2333694100
2.3318891525 0.0000000000 0.0000000000 0.2261777669 16.1544570923 0.0000000000 -0.2334004343
2.3298776150 0.0000000000 0.0000000000 0.2256487906 16.1489315033 0.0000000000 -0.2334286571
2.3286018372 0.0000000000 0.0000000000 0.2252703458 16.1434917450 0.0000000000 -0.2334498763
2.3271381855 0.0000000000 0.0000000000 0.2250032127 16.1388721466 0.0000000000 -0.2334657311
2.3261137009 0.0000000000 0.0000000000 0.2247128189 16.1349792480 0.0000000000 -0.2334768176
2.3257169724 0.0000000000 0.0000000000 0.2243417799 16.1297950745 0.0000000000 -0.2335547209
2.3250784874 0.0000000000 0.0000000000 0.2238432318 16.1235275269 0.0000000000 -0.2335026860
2.3242466450 0.0000000000 0.0000000000 0.2233342975 16.1174049377 0.0000000000 -0.2335159779
2.3232817650 0.0000000000 0.0000000000 0.2226538807 16.1110820770 0.0000000000 -0.2335376740
2.3228087425 0.0000000000 0.0000000000 0.2218650579 16.1046218872 0.0000000000 -0.2335611880
2.3232231140 0.0000000000 0.0000000000 0.2211212069 16.0997257233 0.0000000000 -0.2335834503
2.3238689899 0.0000000000 0.0000000000 0.2205256820 16.0949649811 0.0000000000 -0.2335985303
2.3239521980 0.0000000000 0.0000000000 0.2201348841 16.0887279510 0.0000000000 -0.2336097062
2.3226718903 0.0000000000 0.0000000000 0.2199321985 16.0832843781 0.0000000000 -0.2336695194
2.3203389645 0.0000000000 0.0000000000 0.2198513150 16.0785903931 0.0000000000 -0.2336471677
2.3184015751 0.0000000000 0.0000000000 0.2198342085 16.0747871399 0.0000000000 -0.2336578965
2.3184735775 0.0000000000 0.0000000000 0.2197459042 16.0715293884 0.0000000000 -0.2336607575
2.3186981678 0.0000000000 0.0000000000 0.2195843905 16.0688571930 0.0000000000 -0.2336714864
2.3174552917 0.0000000000 0.0000000000 0.2193489224 16.0660152435 0.0000000000 -0.2336778045
2.3151917458 0.0000000000 0.0000000000 0.2190515250 16.0626678467 0.0000000000 -0.2336868644
2.3136973381 0.0000000000 0.0000000000 0.2186602503 16.0587825775 0.0000000000 -0.2336893678
2.3136799335 0.0000000000 0.0000000000 0.2181263566 16.0536727905 0.0000000000 -0.2336870730
2.3144843578 0.0000000000 0.0000000000 0.2175491154 16.0479488373 0.0000000000 -0.2336803079
2.3151347637 0.0000000000 0.0000000000 0.2169737816 16.0421352386 0.0000000000 -0.2336766124
2.3154428005 0.0000000000 0.0000000000 0.2164178938 16.0368576050 0.0000000000 -0.2336759567
2.3154788017 0.0000000000 0.0000000000 0.2159334272 16.0312366486 0.0000000000 -0.2336843908
2.3156383038 0.0000000000 0.0000000000 0.2154035121 16.0252418518 0.0000000000 -0.2336961627
2.3154304028 0.0000000000 0.0000000000 0.2148890495 16.0184001923 0.0000000000 -0.2337187827
2.3139910698 0.0000000000 0.0000000000 0.2144302130 16.0112533569 0.0000000000 -0.2337141037
2.3118193150 0.0000000000 0.0000000000 0.2140964121 16.0047454834 0.0000000000 -0.2337193489
2.3106215000 0.0000000000 0.0000000000 0.2138372362 15.9981937408 0.0000000000 -0.2337236702
2.3101506233 0.0000000000 0.0000000000 0.2135777473 15.9918823242 0.0000000000 -0.2337205410
2.3095312119 0.0000000000 0.0000000000 0.2132890671 15.9858922958 0.0000000000 -0.2337172031
2.3072245121 0.0000000000 0.0000000000 0.2130519897 15.9805288315 0.0000000000 -0.2337147593
2.3042492867 0.0000000000 0.0000000000 0.2129388750 15.9742727280 0.0000000000 -0.2337147593
2.3021924496 0.0000000000 0.0000000000 0.2128710598 15.9662809372 0.0000000000 -0.2337165773
2.3015038967 0.0000000000 0.0000000000 0.2126804739 15.9563980103 0.0000000000 -0.2337142527
2.3013744354 0.0000000000 0.0000000000 0.2122836858 15.9464206696 0.0000000000 -0.2337139249
2.3009638786 0.0000000000 0.0000000000 0.2116696388 15.9376630783 0.0000000000 -0.2337225974
2.3002579212 0.0000000000 0.0000000000 0.2109763622 15.9296379089 0.0000000000 -0.2337134480
2.3002598286 0.0000000000 0.0000000000 0.2103662193 15.9219188690 0.0000000000 -0.2337066531
2.3009643555 0.0000000000 0.0000000000 0.2098586857 15.9143686295 0.0000000000 -0.2337003350
2.3009636402 0.0000000000 0.0000000000 0.2094535083 15.9073266983 0.0000000000 -0.2336812615
2.3001708984 0.0000000000 0.0000000000 0.2089802027 15.9002885818 0.0000000000 -0.2336694300
2.2996551991 0.0000000000 0.0000000000 0.2084814459 15.8929901123 0.0000000000 -0.2336603999
2.3001179695 0.0000000000 0.0000000000 0.2080176920 15.8841781616 0.0000000000 -0.2336495519
2.3008708954 0.0000000000 0.0000000000 0.2077497840 15.8759756088 0.0000000000 -0.2336466610
2.3008303642 0.0000000000 0.0000000000 0.2076852322 15.8684587479 0.0000000000 -0.2336509228
2.3007783890 0.0000000000 0.0000000000 0.2075875700 15.8616342545 0.0000000000 -0.2336544991
2.3005230427 0.0000000000 0.0000000000 0.2074076086 15.8549985886 0.0000000000 -0.2336630821
2.3004298210 0.0000000000 0.0000000000 0.2071693540 15.8466272354 0.0000000000 -0.2336710095
2.3001596928 0.0000000000 0.0000000000 0.2067754716 15.8381509781 0.0000000000 -0.2336664796
2.2993125916 0.0000000000 0.0000000000 0.2063061744 15.8295936584 0.0000000000 -0.2336570919
2.2978177071 0.0000000000 0.0000000000 0.2057904452 15.8217887878 0.0000000000 -0.2336435914
2.2971222401 0.0000000000 0.0000000000 0.2053315341 15.8143901825 0.0000000000 -0.2336320877
2.2974350452 0.0000000000 0.0000000000 0.2048847377 15.8072443008 0.0000000000 -0.2336039543
2.2976369858 0.0000000000 0.0000000000 0.2044083327 15.8008823395 0.0000000000 -0.2335747182
2.2971465588 0.0000000000 0.0000000000 0.2040206790 15.7938919067 0.0000000000 -0.2334064245
2.2974345684 0.0000000000 0.0000000000 0.2038271725 15.7879343033 0.0000000000 -0.2335093021
2.2979836464 0.0000000000 0.0000000000 0.2037340105 15.7825593948 0.0000000000 -0.2334792018
2.2998564243 0.0000000000 0.0000000000 0.2035981417 15.7775821686 0.0000000000 -0.2334526181
2.3023505211 0.0000000000 0.0000000000 0.2034844607 15.7724227905 0.0000000000 -0.2334249020
2.3047883511 0.0000000000 0.0000000000 0.2034727335 15.7660598755 0.0000000000 -0.2334067225
2.3064827919 0.0000000000 0.0000000000 0.2035435289 15.7592830658 0.0000000000 -0.2333945334
2.3065638542 0.0000000000 0.0000000000 0.2036585808 15.7525033951 0.0000000000 -0.2333891392
2.3062071800 0.0000000000 0.0000000000 0.2036393434 15.7457799911 0.0000000000 -0.2333804965
2.3067348003 0.0000000000 0.0000000000 0.2035508305 15.7389545441 0.0000000000 -0.2333576083
2.3082354069 0.0000000000 0.0000000000 0.2033495456 15.7316522598 0.0000000000 -0.2333266139
2.3086085320 0.0000000000 0.0000000000 0.2030826062 15.7247457504 0.0000000000 -0.2332798243
2.3078699112 0.0000000000 0.0000000000 0.2026530206 15.7180557251 0.0000000000 -0.2332259417
2.3069090843 0.0000000000 0.0000000000 0.2021138668 15.7117404938 0.0000000000 -0.2331656814
2.3065564632 0.0000000000 0.0000000000 0.2016059458 15.7057762146 0.0000000000 -0.2330995500
2.3078248501 0.0000000000 0.0000000000 0.2012380660 15.7013740540 0.0000000000 -0.2330342531
2.3096537590 0.0000000000 0.0000000000 0.2008786350 15.6982707977 0.0000000000 -0.2329711616
2.3115177155 0.0000000000 0.0000000000 0.2004738897 15.6952753067 0.0000000000 -0.2329121828
2.3138661385 0.0000000000 0.0000000000 0.2001361251 15.6920938492 0.0000000000 -0.2328617573
2.3166208267 0.0000000000 0.0000000000 0.1999167800 15.6888980865 0.0000000000 -0.2328163981
2.3190908432 0.0000000000 0.0000000000 0.1997520626 15.6846637726 0.0000000000 -0.2327739596
2.3206341267 0.0000000000 0.0000000000 0.1995870173 15.6806964874 0.0000000000 -0.2327302992
2.3211307526 0.0000000000 0.0000000000 0.1995042562 15.6770553589 0.0000000000 -0.2326873243
2.3215882778 0.0000000000 0.0000000000 0.1994726807 15.6731643677 0.0000000000 -0.2326463461
2.3225932121 0.0000000000 0.0000000000 0.1994094849 15.6690845490 0.0000000000 -0.2326016426
2.3233537674 0.0000000000 0.0000000000 0.1992266625 15.6648330688 0.0000000000 -0.2325628698
2.3234674931 0.0000000000 0.0000000000 0.1989617497 15.6607503891 0.0000000000 -0.2325108647
2.3239545822 0.0000000000 0.0000000000 0.1985565126 15.6557760239 0.0000000000 -0.2324545085
2.3257837296 0.0000000000 0.0000000000 0.1981221437 15.6500930786 0.0000000000 -0.2324027717
2.3276426792 0.0000000000 0.0000000000 0.1977119148 15.6450443268 0.0000000000 -0.2323537469
2.3293488026 0.0000000000 0.0000000000 0.1973766088 15.6396093369 0.0000000000 -0.2323046327
2.3315522671 0.0000000000 0.0000000000 0.1971569359 15.6339721680 0.0000000000 -0.2322984338
2.3338181973 0.0000000000 0.0000000000 0.1969734877 15.6276712418 0.0000000000 -0.2322221994
2.3368442059 0.0000000000 0.0000000000 0.1967770308 15.6202821732 0.0000000000 -0.2321868241
2.3396728039 0.0000000000 0.0000000000 0.1965463310 15.6122627258 0.0000000000 -0.2321524024
2.3413927555 0.0000000000 0.0000000000 0.1962731630 15.6041297913 0.0000000000 -0.2321202755
2.3418240547 0.0000000000 0.0000000000 0.1960281730 15.5962438583 0.0000000000 -0.2320856452
2.3415689468 0.0000000000 0.0000000000 0.1958059222 15.5888175964 0.0000000000 -0.2320535779
2.3415777683 0.0000000000 0.0000000000 0.1954676062 15.5811395645 0.0000000000 -0.2320202589
2.3420917988 0.0000000000 0.0000000000 0.1951142550 15.5727872849 0.0000000000 -0.2319868803
2.3421185017 0.0000000000 0.0000000000 0.1947848648 15.5652713776 0.0000000000 -0.2319550812
2.3418111801 0.0000000000 0.0000000000 0.1945742071 15.5589427948 0.0000000000 -0.2319275737
2.3416171074 0.0000000000 0.0000000000 0.1943954378 15.5528898239 0.0000000000 -0.2319005728
2.3413619995 0.0000000000 0.0000000000 0.1942951977 15.5476493835 0.0000000000 -0.2318788767
2.3411865234 0.0000000000 0.0000000000 0.1942809820 15.5442552567 0.0000000000 -0.2318550944
2.3415565491 0.0000000000 0.0000000000 0.1941537559 15.5413980484 0.0000000000 -0.2318264544
2.3430023193 0.0000000000 0.0000000000 0.1939362884 15.5370988846 0.0000000000 -0.2317897081
2.3452730179 0.0000000000 0.0000000000 0.1937519014 15.5306949615 0.0000000000 -0.2317518890
2.3466477394 0.0000000000 0.0000000000 0.1936039776 15.5224819183 0.0000000000 -0.2317141294
2.3469345570 0.0000000000 0.0000000000 0.1934991777 15.5128421783 0.0000000000 -0.2316742241
2.3464505672 0.0000000000 0.0000000000 0.1933692247 15.5027503967 0.0000000000 -0.2316316962
2.3464205265 0.0000000000 0.0000000000 0.1932259202 15.4924602509 0.0000000000 -0.2315768898
2.3470590115 0.0000000000 0.0000000000 0.1930271089 15.4825897217 0.0000000000 -0.2315176427
2.3478248119 0.0000000000 0.0000000000 0.1928617954 15.4716663361 0.0000000000 -0.2314552069
2.3483622074 0.0000000000 0.0000000000 0.1928534061 15.4627485275 0.0000000000 -0.2313986421
2.3490910530 0.0000000000 0.0000000000 0.1930213720 15.4540672302 0.0000000000 -0.2313466370
2.3503015041 0.0000000000 0.0000000000 0.1932080239 15.4470663071 0.0000000000 -0.2312977314
2.3515250683 0.0000000000 0.0000000000 0.1933656037 15.4412384033 0.0000000000 -0.2312482595
2.3527834415 0.0000000000 0.0000000000 0.1934088469 15.4355077744 0.0000000000 -0.2311938405
2.3547828197 0.0000000000 0.0000000000 0.1933117956 15.4286956787 0.0000000000 -0.2311416566
2.3571400642 0.0000000000 0.0000000000 0.1931971163 15.4213018417 0.0000000000 -0.2310929894
2.3588345051 0.0000000000 0.0000000000 0.1930580139 15.4152536392 0.0000000000 -0.2310428917
2.3592793941 0.0000000000 0.0000000000 0.1929270923 15.4085769653 0.0000000000 -0.2309953272
2.3593418598 0.0000000000 0.0000000000 0.1929086000 15.4027175903 0.0000000000 -0.2309511304
2.3603377342 0.0000000000 0.0000000000 0.1929307580 15.3968315125 0.0000000000 -0.2309040427
2.3621511459 0.0000000000 0.0000000000 0.1929463446 15.3907022476 0.0000000000 -0.2308576703
2.3627660275 0.0000000000 0.0000000000 0.1929314882 15.3852281570 0.0000000000 -0.2308127582
2.3613455296 0.0000000000 0.0000000000 0.1928106695 15.3810977936 0.0000000000 -0.2307687402
2.3605830669 0.0000000000 0.0000000000 0.1926348209 15.3769769669 0.0000000000 -0.2307162583
2.3624830246 0.0000000000 0.0000000000 0.1924483478 15.3722162247 0.0000000000 -0.2306652665
2.3655970097 0.0000000000 0.0000000000 0.1923705786 15.3669281006 0.0000000000 -0.2306057215
2.3677821159 0.0000000000 0.0000000000 0.1923527867 15.3625097275 0.0000000000 -0.2305477262
2.3686437607 0.0000000000 0.0000000000 0.1924022436 15.3583898544 0.0000000000 -0.2304944396
2.3694999218 0.0000000000 0.0000000000 0.1924817264 15.3547859192 0.0000000000 -0.2304409146
2.3713219166 0.0000000000 0.0000000000 0.1926568002 15.3512773514 0.0000000000 -0.2303951681
2.3735644817 0.0000000000 0.0000000000 0.1928470433 15.3478012085 0.0000000000 -0.2303497493
2.3754823208 0.0000000000 0.0000000000 0.1930589676 15.3441677094 0.0000000000 -0.2303102911
2.3768472672 0.0000000000 0.0000000000 0.1932236403 15.3399066925 0.0000000000 -0.2302661538
2.3776991367 0.0000000000 0.0000000000 0.1932986230 15.3348417282 0.0000000000 -0.2302181125
2.3779809475 0.0000000000 0.0000000000 0.1934710592 15.3295726776 0.0000000000 -0.2301660180
2.3782856464 0.0000000000 0.0000000000 0.1935042739 15.3246297836 0.0000000000 -0.2301135957
2.3793330193 0.0000000000 0.0000000000 0.1933585703 15.3211231232 0.0000000000 -0.2300608158
2.3812222481 0.0000000000 0.0000000000 0.1931257546 15.3185663223 0.0000000000 -0.2300094366
2.3842601776 0.0000000000 0.0000000000 0.1927844882 15.3157396317 0.0000000000 -0.2299617529
2.3878178596 0.0000000000 0.0000000000 0.1926767677 15.3114414215 0.0000000000 -0.2299199700
2.3908128738 0.0000000000 0.0000000000 0.1928014457 15.3042325974 0.0000000000 -0.2298862934
2.3916473389 0.0000000000 0.0000000000 0.1930147260 15.2956762314 0.0000000000 -0.2298564315
2.3911616802 0.0000000000 0.0000000000 0.1931913644 15.2884998322 0.0000000000 -0.2298236489
2.3908495903 0.0000000000 0.0000000000 0.1934096515 15.2830781937 0.0000000000 -0.2297846675
2.3922371864 0.0000000000 0.0000000000 0.1935195923 15.2795352936 0.0000000000 -0.2297399044
2.3945567608 0.0000000000 0.0000000000 0.1936418265 15.2769260406 0.0000000000 -0.2296929657
2.3966734409 0.0000000000 0.0000000000 0.1935564578 15.2735147476 0.0000000000 -0.2296491861
