#         rmsthk      stdthk       rmsvel       stdvel       rmsdiv       stddiv       rmsusurf       stdusurf
0.0000000000 0.0000000000 44.6378211975 48.0796394348 0.0000000000 0.0000000000 0.0000000000 0.0000000000
-0.1747969240 0.4279480875 24.6058750153 41.4907493591 0.0000000000 0.0000000000 -0.0604008585 0.9581709504
-0.3253904581 0.8188203573 16.8931941986 37.0884284973 0.0000000000 0.0000000000 -0.0884094238 1.7353752851
-0.4606612325 1.1936974525 13.2860975266 35.6596679688 0.0000000000 0.0000000000 -0.0907140151 2.3846657276
-0.5852230191 1.5557878017 10.7389984131 35.5397262573 0.0000000000 0.0000000000 -0.0712871104 2.9117839336
-0.7015246749 1.9082010984 8.3437376022 35.5652236938 0.0000000000 0.0000000000 -0.0358599126 3.3337690830
-0.8105626106 2.2522392273 6.2445793152 35.5199584961 0.0000000000 0.0000000000 0.0099403542 3.6664459705
-0.9127927423 2.5890307426 4.8266901970 35.3897857666 0.0000000000 0.0000000000 0.0621644780 3.9246673584
-1.0089986324 2.9197080135 4.3392882347 35.1880226135 0.0000000000 0.0000000000 0.1176009178 4.1222233772
-1.1001899242 3.2456684113 4.7877087593 34.9731636047 0.0000000000 0.0000000000 0.1727759987 4.2713737488
-1.1876144409 3.5685007572 6.0232372284 34.8273887634 0.0000000000 0.0000000000 0.2253100276 4.3833427429
-1.2727252245 3.8898720741 7.7937483788 34.8203277588 0.0000000000 0.0000000000 0.2734288275 4.4674849510
-1.3571015596 4.2113647461 9.7347364426 34.9330673218 0.0000000000 0.0000000000 0.3152935803 4.5314326286
-1.4422427416 4.5343775749 11.4014101028 35.0198516846 0.0000000000 0.0000000000 0.3496948779 4.5812120438
-1.5291464329 4.8594961166 12.4505748749 34.8966102600 0.0000000000 0.0000000000 0.3759132922 4.6217570305
-1.6183896065 5.1869692802 12.8383388519 34.5116806030 0.0000000000 0.0000000000 0.3941349089 4.6576495171
-1.7099721432 5.5163731575 12.8031148911 33.9767112732 0.0000000000 0.0000000000 0.4047323465 4.6923117638
-1.8036893606 5.8470654488 12.6637411118 33.4514312744 0.0000000000 0.0000000000 0.4085615277 4.7278451920
-1.8990877867 6.1782460213 12.6518011093 33.0116386414 0.0000000000 0.0000000000 0.4069408774 4.7658648491
-1.9960305691 6.5095252991 12.7828035355 32.5858726501 0.0000000000 0.0000000000 0.4008573592 4.8078684807
-2.0944113731 6.8407001495 12.8705539703 32.0230674744 0.0000000000 0.0000000000 0.3915542662 4.8541641235
-2.1939487457 7.1713423729 12.6649789810 31.2762527466 0.0000000000 0.0000000000 0.3800977468 4.9033794403
-2.2944304943 7.5012154579 11.9931097031 30.4453563690 0.0000000000 0.0000000000 0.3674471974 4.9522795677
-2.3953149319 7.8296232224 10.8767480850 29.6908683777 0.0000000000 0.0000000000 0.3547532260 4.9964604378
-2.4957761765 8.1555929184 9.5035285950 29.1283416748 0.0000000000 0.0000000000 0.3432893753 5.0323548317
-2.5951013565 8.4785804749 8.1233425140 28.7539443970 0.0000000000 0.0000000000 0.3341172934 5.0567183495
-2.6925206184 8.7979536057 6.9670114517 28.4573326111 0.0000000000 0.0000000000 0.3277554512 5.0674362183
-2.7875869274 9.1133737564 6.1496124268 28.1073169708 0.0000000000 0.0000000000 0.3245547712 5.0636148453
-2.8801045418 9.4245395660 5.6650943756 27.6672000885 0.0000000000 0.0000000000 0.3243790567 5.0456390381
-2.9701938629 9.7315292358 5.4212331772 27.1756706238 0.0000000000 0.0000000000 0.3268067837 5.0149106979
-3.0580523014 10.0344333649 5.2948117256 26.7187118530 0.0000000000 0.0000000000 0.3311218619 4.9734921455
-3.1439144611 10.3333187103 5.1535925865 26.3562717438 0.0000000000 0.0000000000 0.3363222182 4.9235100746
-3.2279582024 10.6283435822 4.9262685776 26.0975570679 0.0000000000 0.0000000000 0.3414793909 4.8675932884
-3.3102030754 10.9195938110 4.6326403618 25.9104900360 0.0000000000 0.0000000000 0.3458815515 4.8081278801
-3.3906700611 11.2073154449 4.3598542213 25.7339782715 0.0000000000 0.0000000000 0.3488879502 4.7463555336
-3.4694206715 11.4917011261 4.2097330093 25.5118885040 0.0000000000 0.0000000000 0.3498912454 4.6834158897
-3.5466332436 11.7730007172 4.2392048836 25.2288131714 0.0000000000 0.0000000000 0.3485395312 4.6202740669
-3.6224310398 12.0513010025 4.4465718269 24.9196224213 0.0000000000 0.0000000000 0.3446933925 4.5573096275
-3.6971924305 12.3268985748 4.7630968094 24.6525268555 0.0000000000 0.0000000000 0.3384547532 4.4946808815
-3.7712953091 12.6000528336 5.0769944191 24.4749965668 0.0000000000 0.0000000000 0.3300722241 4.4329099655
-3.8450791836 12.8710470200 5.2823152542 24.3796501160 0.0000000000 0.0000000000 0.3196963370 4.3716831207
-3.9189007282 13.1403942108 5.3121404648 24.3098278046 0.0000000000 0.0000000000 0.3077312708 4.3109073639
-3.9927358627 13.4080286026 5.1786837578 24.2225131989 0.0000000000 0.0000000000 0.2946195304 4.2510809898
-4.0666117668 13.6741991043 4.9525351524 24.1062164307 0.0000000000 0.0000000000 0.2808792889 4.1931552887
-4.1404080391 13.9388666153 4.7392048836 23.9805889130 0.0000000000 0.0000000000 0.2670229375 4.1374969482
-4.2140536308 14.2020416260 4.6103644371 23.8805942535 0.0000000000 0.0000000000 0.2534710467 4.0844531059
-4.2874255180 14.4636507034 4.5668931007 23.8070907593 0.0000000000 0.0000000000 0.2405398935 4.0337433815
-4.3605179787 14.7237119675 4.5499057770 23.7331848145 0.0000000000 0.0000000000 0.2285385877 3.9852468967
-4.4333939552 14.9822998047 4.4781112671 23.6264705658 0.0000000000 0.0000000000 0.2177647203 3.9391131401
-4.5060801506 15.2394685745 4.3099975586 23.4685554504 0.0000000000 0.0000000000 0.2084483802 3.8949425220
-4.5786051750 15.4953136444 4.0572495461 23.2761955261 0.0000000000 0.0000000000 0.2008033693 3.8526711464
-4.6507148743 15.7494792938 3.7748048306 23.0816059113 0.0000000000 0.0000000000 0.1949867904 3.8116395473
-4.7223234177 16.0019836426 3.5292253494 22.9073162079 0.0000000000 0.0000000000 0.1910717785 3.7711663246
-4.7933573723 16.2527885437 3.3632991314 22.7398757935 0.0000000000 0.0000000000 0.1890146136 3.7304453850
-4.8636450768 16.5015945435 3.2824144363 22.5415821075 0.0000000000 0.0000000000 0.1885974109 3.6893100739
-4.9333600998 16.7487163544 3.2571086884 22.2832870483 0.0000000000 0.0000000000 0.1895540357 3.6479015350
-5.0025839806 16.9941444397 3.2418572903 21.9800128937 0.0000000000 0.0000000000 0.1915929466 3.6064329147
-5.0713753700 17.2377204895 3.1961333752 21.6691608429 0.0000000000 0.0000000000 0.1943184286 3.5648186207
-5.1396555901 17.4791812897 3.1039123535 21.3919563293 0.0000000000 0.0000000000 0.1974678338 3.5230908394
-5.2074551582 17.7184448242 2.9716899395 21.1644020081 0.0000000000 0.0000000000 0.2007117420 3.4814310074
-5.2748565674 17.9556941986 2.8240118027 20.9767322540 0.0000000000 0.0000000000 0.2037968636 3.4400939941
-5.3418016434 18.1909065247 2.6933665276 20.7965049744 0.0000000000 0.0000000000 0.2064412236 3.3991808891
-5.4082508087 18.4241466522 2.5971434116 20.5970153809 0.0000000000 0.0000000000 0.2085888088 3.3588352203
-5.4741058350 18.6553077698 2.5313351154 20.3772106171 0.0000000000 0.0000000000 0.2101040334 3.3191962242
-5.5394597054 18.8845710754 2.4733998775 20.1639385223 0.0000000000 0.0000000000 0.2110226005 3.2804248333
-5.6043014526 19.1118316650 2.4025695324 19.9870014191 0.0000000000 0.0000000000 0.2113904953 3.2424893379
-5.6686468124 19.3371410370 2.2994148731 19.8594112396 0.0000000000 0.0000000000 0.2112964094 3.2052462101
-5.7325186729 19.5606880188 2.1610329151 19.7702102661 0.0000000000 0.0000000000 0.2107468545 3.1688120365
-5.7958922386 19.7825832367 2.0046575069 19.6889266968 0.0000000000 0.0000000000 0.2098329663 3.1331110001
-5.8587174416 20.0029392242 1.8568478823 19.5959262848 0.0000000000 0.0000000000 0.2085881680 3.0984590054
-5.9209365845 20.2218608856 1.7447558641 19.4869937897 0.0000000000 0.0000000000 0.2070109695 3.0649428368
-5.9825549126 20.4393348694 1.6716779470 19.3668136597 0.0000000000 0.0000000000 0.2051673979 3.0327532291
-6.0435662270 20.6553764343 1.6248036623 19.2518386841 0.0000000000 0.0000000000 0.2031249553 3.0021355152
-6.1041302681 20.8701972961 1.5805729628 19.1503429413 0.0000000000 0.0000000000 0.2010685652 2.9730012417
-6.1642818451 21.0838413239 1.5185668468 19.0565299988 0.0000000000 0.0000000000 0.1991682649 2.9453072548
-6.2240462303 21.2963409424 1.4354871511 18.9582061768 0.0000000000 0.0000000000 0.1974829435 2.9190073013
-6.2834086418 21.5076599121 1.3498568535 18.8447151184 0.0000000000 0.0000000000 0.1960666329 2.8941242695
-6.3424115181 21.7179145813 1.2801613808 18.7220020294 0.0000000000 0.0000000000 0.1949875206 2.8706214428
-6.4010825157 21.9270801544 1.2387737036 18.5964584351 0.0000000000 0.0000000000 0.1942417920 2.8484559059
-6.4593935013 22.1350593567 1.2227325439 18.4706439972 0.0000000000 0.0000000000 0.1938485950 2.8275461197
-6.5174989700 22.3419132233 1.2133616209 18.3460216522 0.0000000000 0.0000000000 0.1937990040 2.8077650070
-6.5753650665 22.5474853516 1.1870161295 18.2151546478 0.0000000000 0.0000000000 0.1940235347 2.7890906334
-6.6330361366 22.7518901825 1.1295804977 18.0850601196 0.0000000000 0.0000000000 0.1945110410 2.7716391087
-6.6904854774 22.9551239014 1.0465189219 17.9637908936 0.0000000000 0.0000000000 0.1950844377 2.7554233074
-6.7478322983 23.1573696136 0.9549644589 17.8537521362 0.0000000000 0.0000000000 0.1956132352 2.7403371334
-6.8049621582 23.3584423065 0.8685302138 17.7524242401 0.0000000000 0.0000000000 0.1960481554 2.7260630131
-6.8618087769 23.5582790375 0.7947832942 17.6522293091 0.0000000000 0.0000000000 0.1962813288 2.7122869492
-6.9184360504 23.7571067810 0.7328535318 17.5417385101 0.0000000000 0.0000000000 0.1962823421 2.6989648342
-6.9748368263 23.9549236298 0.6755831242 17.4254455566 0.0000000000 0.0000000000 0.1959389746 2.6857824326
-7.0309305191 24.1515846252 0.6172618270 17.3077335358 0.0000000000 0.0000000000 0.1952651441 2.6724581718
-7.0867524147 24.3471088409 0.5551951528 17.1990985870 0.0000000000 0.0000000000 0.1941976696 2.6590542793
-7.1422581673 24.5414276123 0.4869560897 17.1076259613 0.0000000000 0.0000000000 0.1928093284 2.6450874805
-7.1975317001 24.7347202301 0.4137337506 17.0301151276 0.0000000000 0.0000000000 0.1912304312 2.6306307316
-7.2525177002 24.9269886017 0.3470569253 16.9500942230 0.0000000000 0.0000000000 0.1895949394 2.6158781052
-7.3071560860 25.1180648804 0.2980399430 16.8548717499 0.0000000000 0.0000000000 0.1879578978 2.6009976864
-7.3615207672 25.3081378937 0.2657219768 16.7470321655 0.0000000000 0.0000000000 0.1863381118 2.5860280991
-7.4156613350 25.4972991943 0.2439841330 16.6383171082 0.0000000000 0.0000000000 0.1848310232 2.5710654259
-7.4696087837 25.6855316162 0.2227810621 16.5404186249 0.0000000000 0.0000000000 0.1835168600 2.5562503338
-7.5234203339 25.8729019165 0.1968743801 16.4529056549 0.0000000000 0.0000000000 0.1825041622 2.5416054726
-7.5771427155 26.0593662262 0.1626929939 16.3716697693 0.0000000000 0.0000000000 0.1818169951 2.5271756649
-7.6307377815 26.2449150085 0.1186712831 16.2899723053 0.0000000000 0.0000000000 0.1814188361 2.5128822327
-7.6841487885 26.4295024872 0.0687848032 16.2024593353 0.0000000000 0.0000000000 0.1812864244 2.4987509251
-7.7374329567 26.6132755280 0.0198471360 16.1128253937 0.0000000000 0.0000000000 0.1813391745 2.4846854210
-7.7905716896 26.7962265015 -0.0212428700 16.0263195038 0.0000000000 0.0000000000 0.1815196872 2.4709692001
-7.8436350822 26.9784069061 -0.0563925095 15.9446783066 0.0000000000 0.0000000000 0.1818559021 2.4578905106
-7.8965721130 27.1597652435 -0.0937158912 15.8656101227 0.0000000000 0.0000000000 0.1822586358 2.4454028606
-7.9493060112 27.3402042389 -0.1419696063 15.7893285751 0.0000000000 0.0000000000 0.1826203167 2.4336850643
-8.0018367767 27.5197448730 -0.2012382597 15.7123594284 0.0000000000 0.0000000000 0.1828751713 2.4226138592
-8.0541391373 27.6984081268 -0.2676513195 15.6325979233 0.0000000000 0.0000000000 0.1829690337 2.4119410515
-8.1062459946 27.8762779236 -0.3304046690 15.5555591583 0.0000000000 0.0000000000 0.1828477532 2.4013557434
-8.1580924988 28.0532512665 -0.3805414736 15.4805746078 0.0000000000 0.0000000000 0.1825612783 2.3904638290
-8.2097177505 28.2294139862 -0.4190211594 15.4083585739 0.0000000000 0.0000000000 0.1821714193 2.3794391155
-8.2610244751 28.4046268463 -0.4535409212 15.3360691071 0.0000000000 0.0000000000 0.1817199886 2.3684353828
-8.3121061325 28.5790557861 -0.4887290001 15.2635164261 0.0000000000 0.0000000000 0.1812514067 2.3577294350
-8.3629550934 28.7526206970 -0.5275124311 15.1908206940 0.0000000000 0.0000000000 0.1806946397 2.3473784924
-8.4136610031 28.9254875183 -0.5678924322 15.1202230453 0.0000000000 0.0000000000 0.1799687594 2.3376109600
-8.4641504288 29.0975894928 -0.6008464694 15.0492715836 0.0000000000 0.0000000000 0.1791296154 2.3282814026
-8.5144777298 29.2688999176 -0.6248316765 14.9771213531 0.0000000000 0.0000000000 0.1781483591 2.3192627430
-8.5646400452 29.4394359589 -0.6440758705 14.9053840637 0.0000000000 0.0000000000 0.1770506948 2.3102381229
-8.6146841049 29.6091938019 -0.6627136469 14.8355665207 0.0000000000 0.0000000000 0.1759600788 2.3009691238
-8.6646137238 29.7781867981 -0.6867972016 14.7668771744 0.0000000000 0.0000000000 0.1749292314 2.2916116714
-8.7143983841 29.9463558197 -0.7189621329 14.6973505020 0.0000000000 0.0000000000 0.1740903407 2.2819535732
-8.7640504837 30.1137695312 -0.7552784681 14.6279191971 0.0000000000 0.0000000000 0.1735391766 2.2720904350
-8.8135881424 30.2804145813 -0.7905187011 14.5603361130 0.0000000000 0.0000000000 0.1733279228 2.2618353367
-8.8630113602 30.4463520050 -0.8216994405 14.4966096878 0.0000000000 0.0000000000 0.1733405292 2.2512485981
-8.9123172760 30.6115512848 -0.8519343734 14.4357318878 0.0000000000 0.0000000000 0.1735060811 2.2404479980
-8.9615192413 30.7760524750 -0.8830083609 14.3747835159 0.0000000000 0.0000000000 0.1736837178 2.2295548916
-9.0105285645 30.9396762848 -0.9191033840 14.3157587051 0.0000000000 0.0000000000 0.1737130731 2.2186172009
-9.0593299866 31.1024837494 -0.9564835429 14.2586946487 0.0000000000 0.0000000000 0.1736012995 2.2076025009
-9.1080036163 31.2645950317 -0.9914233088 14.2034626007 0.0000000000 0.0000000000 0.1732450426 2.1967029572
-9.1564283371 31.4257946014 -1.0190171003 14.1473312378 0.0000000000 0.0000000000 0.1726565808 2.1860320568
-9.2047185898 31.5863151550 -1.0421503782 14.0884160995 0.0000000000 0.0000000000 0.1718720496 2.1756706238
-9.2528963089 31.7461166382 -1.0676611662 14.0309896469 0.0000000000 0.0000000000 0.1710055918 2.1655526161
-9.3009681702 31.9052944183 -1.0975455046 13.9782962799 0.0000000000 0.0000000000 0.1701826453 2.1556510925
-9.3488979340 32.0637855530 -1.1318409443 13.9294900894 0.0000000000 0.0000000000 0.1693398952 2.1457877159
-9.3967208862 32.2216682434 -1.1641343832 13.8789672852 0.0000000000 0.0000000000 0.1684608012 2.1359484196
-9.4443540573 32.3788871765 -1.1977053881 13.8283939362 0.0000000000 0.0000000000 0.1675419658 2.1259443760
-9.4918422699 32.5355377197 -1.2314442396 13.7778806686 0.0000000000 0.0000000000 0.1665401906 2.1158478260
-9.5391721725 32.6916427612 -1.2660560608 13.7283821106 0.0000000000 0.0000000000 0.1655242741 2.1056995392
-9.5863237381 32.8471794128 -1.2993378639 13.6790447235 0.0000000000 0.0000000000 0.1645012647 2.0958447456
-9.6332569122 33.0020790100 -1.3302510977 13.6285953522 0.0000000000 0.0000000000 0.1635902673 2.0863697529
-9.6799230576 33.1562461853 -1.3539029360 13.5742492676 0.0000000000 0.0000000000 0.1628320068 2.0771412849
-9.7264575958 33.3098640442 -1.3793829679 13.5189056396 0.0000000000 0.0000000000 0.1622355729 2.0682592392
-9.7728939056 33.4629898071 -1.4056541920 13.4666309357 0.0000000000 0.0000000000 0.1617887616 2.0594134331
-9.8191976547 33.6155433655 -1.4327533245 13.4208421707 0.0000000000 0.0000000000 0.1614715457 2.0502631664
-9.8654060364 33.7675628662 -1.4555946589 13.3779201508 0.0000000000 0.0000000000 0.1612320095 2.0408647060
-9.9114284515 33.9188995361 -1.4742900133 13.3300046921 0.0000000000 0.0000000000 0.1610169113 2.0315809250
-9.9573154449 34.0696411133 -1.4955539703 13.2771787643 0.0000000000 0.0000000000 0.1606432796 2.0225005150
-10.0030574799 34.2197685242 -1.5224436522 13.2261543274 0.0000000000 0.0000000000 0.1601641327 2.0136644840
-10.0486621857 34.3692817688 -1.5531841516 13.1809892654 0.0000000000 0.0000000000 0.1596223116 2.0051853657
-10.0940790176 34.5182418823 -1.5858741999 13.1420478821 0.0000000000 0.0000000000 0.1590990275 1.9972252846
-10.1392955780 34.6665916443 -1.6227238178 13.1039419174 0.0000000000 0.0000000000 0.1587903202 1.9898012877
-10.1843957901 34.8145179749 -1.6591026783 13.0639371872 0.0000000000 0.0000000000 0.1586976349 1.9829338789
-10.2293529510 34.9619674683 -1.6876615286 13.0192251205 0.0000000000 0.0000000000 0.1587317288 1.9763572216
-10.2741661072 35.1088790894 -1.7051928043 12.9698858261 0.0000000000 0.0000000000 0.1588014364 1.9702379704
-10.3187818527 35.2551994324 -1.7172025442 12.9208259583 0.0000000000 0.0000000000 0.1587930769 1.9643578529
-10.3633270264 35.4011840820 -1.7285943031 12.8731489182 0.0000000000 0.0000000000 0.1586641371 1.9582314491
-10.4077644348 35.5467567444 -1.7449997663 12.8269548416 0.0000000000 0.0000000000 0.1583908796 1.9515498877
-10.4521770477 35.6919555664 -1.7671798468 12.7833261490 0.0000000000 0.0000000000 0.1580491960 1.9442089796
-10.4965372086 35.8367347717 -1.7947341204 12.7435359955 0.0000000000 0.0000000000 0.1576773673 1.9363129139
-10.5407829285 35.9810600281 -1.8195815086 12.7039299011 0.0000000000 0.0000000000 0.1573328674 1.9281340837
-10.5848779678 36.1249275208 -1.8404927254 12.6620712280 0.0000000000 0.0000000000 0.1569386572 1.9196758270
-10.6287622452 36.2683296204 -1.8570566177 12.6163291931 0.0000000000 0.0000000000 0.1564502716 1.9111436605
-10.6725034714 36.4112739563 -1.8677326441 12.5683174133 0.0000000000 0.0000000000 0.1560037434 1.9027440548
-10.7161636353 36.5537681580 -1.8828283548 12.5245733261 0.0000000000 0.0000000000 0.1556455493 1.8947879076
-10.7597417831 36.6957588196 -1.9050145149 12.4869623184 0.0000000000 0.0000000000 0.1554123312 1.8874834776
-10.8031816483 36.8372917175 -1.9344418049 12.4539070129 0.0000000000 0.0000000000 0.1552057862 1.8806149960
-10.8465356827 36.9784317017 -1.9666066170 12.4203128815 0.0000000000 0.0000000000 0.1549461335 1.8739422560
-10.8897790909 37.1191253662 -1.9956027269 12.3831758499 0.0000000000 0.0000000000 0.1545825452 1.8673970699
-10.9328317642 37.2594223022 -2.0192162991 12.3435297012 0.0000000000 0.0000000000 0.1540839374 1.8608676195
-10.9757108688 37.3992691040 -2.0362966061 12.3045330048 0.0000000000 0.0000000000 0.1534432024 1.8544082642
-11.0185041428 37.5387763977 -2.0545761585 12.2684221268 0.0000000000 0.0000000000 0.1527554393 1.8481028080
-11.0612249374 37.6779212952 -2.0771958828 12.2337656021 0.0000000000 0.0000000000 0.1521284282 1.8419027328
-11.1038446426 37.8166732788 -2.1047935486 12.1996755600 0.0000000000 0.0000000000 0.1515288949 1.8360052109
-11.1462802887 37.9549102783 -2.1372675896 12.1644334793 0.0000000000 0.0000000000 0.1509982944 1.8304350376
-11.1885356903 38.0926284790 -2.1652138233 12.1264562607 0.0000000000 0.0000000000 0.1505466253 1.8250918388
-11.2306613922 38.2299270630 -2.1883797646 12.0897941589 0.0000000000 0.0000000000 0.1501976997 1.8195559978
-11.2725534439 38.3666839600 -2.2092709541 12.0535840988 0.0000000000 0.0000000000 0.1500012279 1.8142404556
-11.3141603470 38.5028419495 -2.2296178341 12.0162868500 0.0000000000 0.0000000000 0.1498894542 1.8092869520
-11.3555278778 38.6384925842 -2.2482528687 11.9784412384 0.0000000000 0.0000000000 0.1498562694 1.8044888973
-11.3967361450 38.7737312317 -2.2668366432 11.9409856796 0.0000000000 0.0000000000 0.1498822570 1.7999622822
-11.4377899170 38.9085464478 -2.2835168839 11.9047660828 0.0000000000 0.0000000000 0.1498689353 1.7953605652
-11.4787206650 39.0429611206 -2.2998807430 11.8703804016 0.0000000000 0.0000000000 0.1497899741 1.7904179096
-11.5195636749 39.1769828796 -2.3169696331 11.8371658325 0.0000000000 0.0000000000 0.1496382505 1.7850620747
-11.5603246689 39.3106117249 -2.3376488686 11.8039703369 0.0000000000 0.0000000000 0.1494064778 1.7793509960
-11.6009750366 39.4438018799 -2.3644573689 11.7705965042 0.0000000000 0.0000000000 0.1490288973 1.7736592293
-11.6415615082 39.5765647888 -2.3923361301 11.7367610931 0.0000000000 0.0000000000 0.1484973133 1.7680505514
-11.6820220947 39.7088203430 -2.4188406467 11.7031869888 0.0000000000 0.0000000000 0.1478609592 1.7626107931
-11.7223577499 39.8405189514 -2.4423797131 11.6699542999 0.0000000000 0.0000000000 0.1471947879 1.7571433783
-11.7625865936 39.9717369080 -2.4641301632 11.6351613998 0.0000000000 0.0000000000 0.1466505975 1.7518992424
-11.8027315140 40.1025505066 -2.4854764938 11.5995264053 0.0000000000 0.0000000000 0.1461497098 1.7469735146
-11.8427639008 40.2328910828 -2.5101883411 11.5642652512 0.0000000000 0.0000000000 0.1456270516 1.7422719002
-11.8827257156 40.3628273010 -2.5382487774 11.5302467346 0.0000000000 0.0000000000 0.1450186223 1.7378729582
-11.9225320816 40.4922294617 -2.5664815903 11.4987277985 0.0000000000 0.0000000000 0.1442651451 1.7332595587
-11.9622163773 40.6210479736 -2.5897595882 11.4689359665 0.0000000000 0.0000000000 0.1434271485 1.7287390232
-12.0018014908 40.7493591309 -2.6122248173 11.4399566650 0.0000000000 0.0000000000 0.1426231265 1.7242988348
-12.0411415100 40.8768234253 -2.6331241131 11.4086341858 0.0000000000 0.0000000000 0.1419029385 1.7202910185
-12.0803461075 41.0037307739 -2.6574702263 11.3798713684 0.0000000000 0.0000000000 0.1413350254 1.7166911364
-12.1194419861 41.1301612854 -2.6866910458 11.3540906906 0.0000000000 0.0000000000 0.1408673376 1.7134503126
-12.1583747864 41.2560157776 -2.7161667347 11.3281965256 0.0000000000 0.0000000000 0.1404548734 1.7102013826
-12.1971750259 41.3813285828 -2.7436797619 11.3022985458 0.0000000000 0.0000000000 0.1401541829 1.7065496445
-12.2358512878 41.5061264038 -2.7659635544 11.2754421234 0.0000000000 0.0000000000 0.1398691535 1.7025960684
-12.2744035721 41.6304473877 -2.7896497250 11.2500963211 0.0000000000 0.0000000000 0.1395666450 1.6982699633
-12.3127775192 41.7542114258 -2.8171358109 11.2261600494 0.0000000000 0.0000000000 0.1392260790 1.6938598156
-12.3509435654 41.8774147034 -2.8475563526 11.2035398483 0.0000000000 0.0000000000 0.1388795227 1.6893645525
-12.3889493942 42.0000877380 -2.8805005550 11.1822757721 0.0000000000 0.0000000000 0.1385774016 1.6847777367
-12.4268026352 42.1222991943 -2.9104683399 11.1608963013 0.0000000000 0.0000000000 0.1382671297 1.6803411245
-12.4645204544 42.2440948486 -2.9368073940 11.1384687424 0.0000000000 0.0000000000 0.1380732208 1.6765302420
-12.5020971298 42.3654670715 -2.9584605694 11.1148052216 0.0000000000 0.0000000000 0.1379417479 1.6734000444
-12.5395069122 42.4864349365 -2.9767091274 11.0905895233 0.0000000000 0.0000000000 0.1378260702 1.6710830927
-12.5767536163 42.6069488525 -2.9945011139 11.0665521622 0.0000000000 0.0000000000 0.1376570016 1.6696599722
-12.6137199402 42.7268905640 -3.0146110058 11.0425024033 0.0000000000 0.0000000000 0.1374437064 1.6685367823
-12.6504287720 42.8463096619 -3.0345458984 11.0180149078 0.0000000000 0.0000000000 0.1371257603 1.6673219204
-12.6869125366 42.9652214050 -3.0572495461 10.9952411652 0.0000000000 0.0000000000 0.1367203891 1.6655702591
-12.7231826782 43.0836105347 -3.0809509754 10.9741735458 0.0000000000 0.0000000000 0.1362157017 1.6633802652
-12.7592172623 43.2014236450 -3.0981044769 10.9527664185 0.0000000000 0.0000000000 0.1356452703 1.6609880924
-12.7950420380 43.3186492920 -3.1101119518 10.9308357239 0.0000000000 0.0000000000 0.1351581663 1.6581488848
-12.8307399750 43.4353332520 -3.1244320869 10.9111156464 0.0000000000 0.0000000000 0.1347790956 1.6550676823
-12.8661651611 43.5512123108 -3.1443297863 10.8926239014 0.0000000000 0.0000000000 0.1345267743 1.6518371105
-12.9013566971 43.6664237976 -3.1657042503 10.8739500046 0.0000000000 0.0000000000 0.1342398226 1.6486171484
-12.9363851547 43.7810096741 -3.1828181744 10.8546867371 0.0000000000 0.0000000000 0.1338926107 1.6453781128
-12.9712600708 43.8949928284 -3.1965315342 10.8358306885 0.0000000000 0.0000000000 0.1335112154 1.6417077780
-13.0059585571 44.0083770752 -3.2112905979 10.8171520233 0.0000000000 0.0000000000 0.1332016736 1.6379011869
-13.0405025482 44.1211166382 -3.2288179398 10.7977180481 0.0000000000 0.0000000000 0.1330132782 1.6342492104
-13.0749921799 44.2333450317 -3.2495431900 10.7780532837 0.0000000000 0.0000000000 0.1329279542 1.6310447454
-13.1094226837 44.3450508118 -3.2737770081 10.7594680786 0.0000000000 0.0000000000 0.1329328865 1.6284329891
-13.1437492371 44.4562339783 -3.2974152565 10.7417488098 0.0000000000 0.0000000000 0.1329680681 1.6258525848
-13.1779737473 44.5669403076 -3.3169345856 10.7222213745 0.0000000000 0.0000000000 0.1329918802 1.6231827736
-13.2120809555 44.6771469116 -3.3343889713 10.7023591995 0.0000000000 0.0000000000 0.1329842657 1.6202443838
-13.2460565567 44.7868232727 -3.3501436710 10.6813144684 0.0000000000 0.0000000000 0.1330657601 1.6174871922
-13.2799034119 44.8959465027 -3.3637845516 10.6579437256 0.0000000000 0.0000000000 0.1332519352 1.6150687933
-13.3135356903 45.0043640137 -3.3734216690 10.6330633163 0.0000000000 0.0000000000 0.1334014982 1.6124606133
-13.3469524384 45.1121597290 -3.3806073666 10.6080379486 0.0000000000 0.0000000000 0.1334096789 1.6091030836
-13.3802080154 45.2194290161 -3.3898408413 10.5843019485 0.0000000000 0.0000000000 0.1332577616 1.6046285629
-13.4132909775 45.3261375427 -3.4062516689 10.5633344650 0.0000000000 0.0000000000 0.1329855323 1.5996547937
-13.4462671280 45.4323081970 -3.4294533730 10.5448265076 0.0000000000 0.0000000000 0.1326601356 1.5948779583
-13.4790754318 45.5379295349 -3.4547560215 10.5272665024 0.0000000000 0.0000000000 0.1323874295 1.5905462503
-13.5117101669 45.6430168152 -3.4761211872 10.5092658997 0.0000000000 0.0000000000 0.1321766973 1.5864855051
-13.5440635681 45.7473754883 -3.4886076450 10.4891042709 0.0000000000 0.0000000000 0.1319929361 1.5825062990
-13.5762538910 45.8512115479 -3.4952723980 10.4674987793 0.0000000000 0.0000000000 0.1318084002 1.5782825947
-13.6083421707 45.9545478821 -3.5052204132 10.4479608536 0.0000000000 0.0000000000 0.1316822320 1.5738418102
-13.6403322220 46.0573539734 -3.5222458839 10.4319734573 0.0000000000 0.0000000000 0.1316115856 1.5690709352
-13.6722021103 46.1596527100 -3.5406372547 10.4168910980 0.0000000000 0.0000000000 0.1314600259 1.5642042160
-13.7039270401 46.2614288330 -3.5537605286 10.4005899429 0.0000000000 0.0000000000 0.1310276985 1.5590913296
-13.7355051041 46.3626861572 -3.5597226620 10.3825721741 0.0000000000 0.0000000000 0.1302749366 1.5538970232
-13.7668943405 46.4633789062 -3.5618453026 10.3634557724 0.0000000000 0.0000000000 0.1293614209 1.5481665134
-13.7980947495 46.5635185242 -3.5662503242 10.3443565369 0.0000000000 0.0000000000 0.1285458654 1.5422409773
-13.8290967941 46.6631164551 -3.5797014236 10.3286724091 0.0000000000 0.0000000000 0.1279720664 1.5366513729
-13.8599529266 46.7621536255 -3.5962769985 10.3149709702 0.0000000000 0.0000000000 0.1278158426 1.5317771435
-13.8906927109 46.8606681824 -3.6103913784 10.3011407852 0.0000000000 0.0000000000 0.1279317588 1.5272736549
-13.9212913513 46.9586639404 -3.6219766140 10.2866449356 0.0000000000 0.0000000000 0.1281506717 1.5231496096
-13.9517154694 47.0561141968 -3.6339433193 10.2712898254 0.0000000000 0.0000000000 0.1283634007 1.5192337036
-13.9820194244 47.1530952454 -3.6454739571 10.2549495697 0.0000000000 0.0000000000 0.1285257638 1.5154218674
-14.0121097565 47.2495079041 -3.6556153297 10.2376976013 0.0000000000 0.0000000000 0.1285426468 1.5116467476
-14.0420055389 47.3453521729 -3.6659996510 10.2205181122 0.0000000000 0.0000000000 0.1283641458 1.5082172155
-14.0717744827 47.4406890869 -3.6787776947 10.2044916153 0.0000000000 0.0000000000 0.1280775517 1.5052474737
-14.1013412476 47.5354118347 -3.6942057610 10.1892499924 0.0000000000 0.0000000000 0.1277206540 1.5027823448
-14.1307716370 47.6295661926 -3.7110691071 10.1744861603 0.0000000000 0.0000000000 0.1273559481 1.5006016493
-14.1600856781 47.7231483459 -3.7289011478 10.1601867676 0.0000000000 0.0000000000 0.1270299256 1.4985538721
-14.1892976761 47.8161621094 -3.7481005192 10.1472148895 0.0000000000 0.0000000000 0.1267230213 1.4965118170
-14.2183675766 47.9085578918 -3.7689361572 10.1359491348 0.0000000000 0.0000000000 0.1264458746 1.4941719770
-14.2472648621 48.0003623962 -3.7898039818 10.1261072159 0.0000000000 0.0000000000 0.1261813641 1.4913905859
-14.2760219574 48.0916442871 -3.8085494041 10.1157608032 0.0000000000 0.0000000000 0.1258762032 1.4883126020
-14.3046026230 48.1824569702 -3.8263380527 10.1043462753 0.0000000000 0.0000000000 0.1256158948 1.4860513210
-14.3329954147 48.2727584839 -3.8431982994 10.0920133591 0.0000000000 0.0000000000 0.1253691763 1.4843508005
-14.3611612320 48.3624916077 -3.8580830097 10.0790224075 0.0000000000 0.0000000000 0.1251179874 1.4832054377
-14.3890419006 48.4516296387 -3.8709268570 10.0657987595 0.0000000000 0.0000000000 0.1250011474 1.4822371006
-14.4166460037 48.5401649475 -3.8819503784 10.0534114838 0.0000000000 0.0000000000 0.1249654889 1.4813935757
-14.4440717697 48.6282615662 -3.8926205635 10.0409021378 0.0000000000 0.0000000000 0.1250094324 1.4804604053
-14.4713363647 48.7159423828 -3.9029433727 10.0284090042 0.0000000000 0.0000000000 0.1250345558 1.4790676832
-14.4984674454 48.8032493591 -3.9124734402 10.0160236359 0.0000000000 0.0000000000 0.1249727234 1.4772858620
-14.5254783630 48.8901100159 -3.9217917919 10.0044155121 0.0000000000 0.0000000000 0.1248112768 1.4754354954
-14.5523405075 48.9764862061 -3.9338359833 9.9947357178 0.0000000000 0.0000000000 0.1244652122 1.4732995033
-14.5791616440 49.0625190735 -3.9512057304 9.9874439240 0.0000000000 0.0000000000 0.1239577755 1.4709056616
-14.6059389114 49.1482124329 -3.9703278542 9.9811449051 0.0000000000 0.0000000000 0.1233468577 1.4681839943
-14.6326608658 49.2336235046 -3.9848854542 9.9730529785 0.0000000000 0.0000000000 0.1226851419 1.4655145407
-14.6592750549 49.3186798096 -3.9931471348 9.9624948502 0.0000000000 0.0000000000 0.1220917031 1.4632556438
-14.6858472824 49.4034347534 -3.9970536232 9.9505004883 0.0000000000 0.0000000000 0.1216968223 1.4615492821
-14.7123565674 49.4878311157 -4.0018882751 9.9392442703 0.0000000000 0.0000000000 0.1214883924 1.4602175951
-14.7388000488 49.5718917847 -4.0118269920 9.9304676056 0.0000000000 0.0000000000 0.1214146093 1.4587589502
-14.7650642395 49.6555557251 -4.0238461494 9.9228696823 0.0000000000 0.0000000000 0.1214013174 1.4571162462
-14.7912483215 49.7389373779 -4.0344629288 9.9145059586 0.0000000000 0.0000000000 0.1213058904 1.4555011988
-14.8173341751 49.8220329285 -4.0401515961 9.9036035538 0.0000000000 0.0000000000 0.1211809069 1.4540734291
-14.8433990479 49.9049415588 -4.0427842140 9.8911218643 0.0000000000 0.0000000000 0.1210697144 1.4529861212
-14.8694114685 49.9875068665 -4.0470690727 9.8797454834 0.0000000000 0.0000000000 0.1210447997 1.4519557953
-14.8953285217 50.0696105957 -4.0563039780 9.8714256287 0.0000000000 0.0000000000 0.1210117042 1.4507073164
-14.9212121964 50.1513862610 -4.0704579353 9.8656501770 0.0000000000 0.0000000000 0.1210439578 1.4494199753
-14.9470434189 50.2328338623 -4.0861129761 9.8612308502 0.0000000000 0.0000000000 0.1210965663 1.4478224516
-14.9728002548 50.3139190674 -4.0992321968 9.8565902710 0.0000000000 0.0000000000 0.1211474240 1.4461815357
-14.9985103607 50.3947219849 -4.1055879593 9.8499507904 0.0000000000 0.0000000000 0.1211389378 1.4442154169
-15.0241518021 50.4752044678 -4.1088333130 9.8420324326 0.0000000000 0.0000000000 0.1211196855 1.4422743320
-15.0497865677 50.5554122925 -4.1112861633 9.8335781097 0.0000000000 0.0000000000 0.1211600453 1.4403299093
-15.0753803253 50.6353111267 -4.1164875031 9.8258495331 0.0000000000 0.0000000000 0.1211974919 1.4384359121
-15.1008462906 50.7147636414 -4.1241445541 9.8183183670 0.0000000000 0.0000000000 0.1211401448 1.4366259575
-15.1262969971 50.7939453125 -4.1353483200 9.8115510941 0.0000000000 0.0000000000 0.1210063249 1.4349184036
-15.1516218185 50.8727874756 -4.1479578018 9.8049659729 0.0000000000 0.0000000000 0.1207637489 1.4327615499
-15.1768226624 50.9512634277 -4.1612787247 9.7985763550 0.0000000000 0.0000000000 0.1204082146 1.4300653934
-15.2019815445 51.0295104980 -4.1718444824 9.7909860611 0.0000000000 0.0000000000 0.1199884191 1.4274461269
-15.2269906998 51.1073837280 -4.1802945137 9.7825822830 0.0000000000 0.0000000000 0.1196250170 1.4251226187
-15.2518167496 51.1848373413 -4.1889553070 9.7740564346 0.0000000000 0.0000000000 0.1193450540 1.4228892326
-15.2764616013 51.2618789673 -4.1998977661 9.7664766312 0.0000000000 0.0000000000 0.1192084625 1.4207949638
-15.3009366989 51.3385467529 -4.2136516571 9.7602996826 0.0000000000 0.0000000000 0.1190913692 1.4187841415
-15.3252019882 51.4148483276 -4.2276387215 9.7542085648 0.0000000000 0.0000000000 0.1188567951 1.4170559645
-15.3493757248 51.4908943176 -4.2372555733 9.7464809418 0.0000000000 0.0000000000 0.1185121387 1.4155960083
-15.3734502792 51.5666160583 -4.2410311699 9.7360992432 0.0000000000 0.0000000000 0.1180897951 1.4144939184
-15.3974456787 51.6420211792 -4.2438945770 9.7251844406 0.0000000000 0.0000000000 0.1176848859 1.4134061337
-15.4213352203 51.7170372009 -4.2481637001 9.7149744034 0.0000000000 0.0000000000 0.1173235998 1.4122695923
-15.4450206757 51.7915954590 -4.2546739578 9.7064981461 0.0000000000 0.0000000000 0.1171006560 1.4109179974
-15.4686079025 51.8658447266 -4.2631592751 9.6998138428 0.0000000000 0.0000000000 0.1169131622 1.4091008902
-15.4921026230 51.9397811890 -4.2738642693 9.6947364807 0.0000000000 0.0000000000 0.1166820899 1.4070930481
-15.5154829025 52.0133819580 -4.2864208221 9.6914463043 0.0000000000 0.0000000000 0.1163677201 1.4048496485
-15.5388145447 52.0867156982 -4.2957730293 9.6877918243 0.0000000000 0.0000000000 0.1159773991 1.4026713371
-15.5620698929 52.1597480774 -4.3026809692 9.6835231781 0.0000000000 0.0000000000 0.1156431809 1.4006421566
-15.5852098465 52.2324905396 -4.3092107773 9.6786785126 0.0000000000 0.0000000000 0.1154052168 1.3988897800
-15.6082401276 52.3049697876 -4.3159537315 9.6732463837 0.0000000000 0.0000000000 0.1152856573 1.3977718353
-15.6311101913 52.3771362305 -4.3257503510 9.6682233810 0.0000000000 0.0000000000 0.1152973846 1.3972294331
-15.6538038254 52.4489326477 -4.3381552696 9.6632337570 0.0000000000 0.0000000000 0.1153298840 1.3971930742
-15.6763763428 52.5204353333 -4.3503913879 9.6574840546 0.0000000000 0.0000000000 0.1153708100 1.3974078894
-15.6988649368 52.5917091370 -4.3606142998 9.6508817673 0.0000000000 0.0000000000 0.1154713035 1.3975187540
-15.7212324142 52.6626815796 -4.3688035011 9.6439876556 0.0000000000 0.0000000000 0.1155940443 1.3972080946
-15.7434167862 52.7333717346 -4.3748831749 9.6369829178 0.0000000000 0.0000000000 0.1157297790 1.3961113691
-15.7655296326 52.8039054871 -4.3806524277 9.6306438446 0.0000000000 0.0000000000 0.1158598736 1.3947837353
-15.7874364853 52.8740692139 -4.3895206451 9.6263589859 0.0000000000 0.0000000000 0.1159049049 1.3932714462
-15.8092479706 52.9438934326 -4.4007983208 9.6240558624 0.0000000000 0.0000000000 0.1158270463 1.3914929628
-15.8309688568 53.0134849548 -4.4087305069 9.6211223602 0.0000000000 0.0000000000 0.1155539900 1.3896899223
-15.8526420593 53.0828628540 -4.4126429558 9.6170988083 0.0000000000 0.0000000000 0.1150471121 1.3876467943
-15.8742637634 53.1520462036 -4.4149909019 9.6124773026 0.0000000000 0.0000000000 0.1143731922 1.3855042458
-15.8957405090 53.2208976746 -4.4186725616 9.6078071594 0.0000000000 0.0000000000 0.1137115136 1.3833636045
-15.9171485901 53.2894096375 -4.4209084511 9.6013679504 0.0000000000 0.0000000000 0.1132553369 1.3816682100
-15.9385280609 53.3577499390 -4.4253568649 9.5949201584 0.0000000000 0.0000000000 0.1129933149 1.3801138401
-15.9598665237 53.4258728027 -4.4323406219 9.5888576508 0.0000000000 0.0000000000 0.1128345802 1.3787097931
-15.9811801910 53.4938621521 -4.4418249130 9.5837202072 0.0000000000 0.0000000000 0.1128246412 1.3770174980
-16.0023307800 53.5615501404 -4.4530801773 9.5796184540 0.0000000000 0.0000000000 0.1128477752 1.3751388788
-16.0234241486 53.6289825439 -4.4662303925 9.5769138336 0.0000000000 0.0000000000 0.1128294319 1.3729788065
-16.0444164276 53.6961288452 -4.4808268547 9.5753631592 0.0000000000 0.0000000000 0.1127818674 1.3708021641
-16.0652866364 53.7629928589 -4.4957027435 9.5741539001 0.0000000000 0.0000000000 0.1126303673 1.3687371016
-16.0860900879 53.8296661377 -4.5108408928 9.5732440948 0.0000000000 0.0000000000 0.1124749407 1.3666781187
-16.1067714691 53.8960571289 -4.5252151489 9.5725317001 0.0000000000 0.0000000000 0.1123375222 1.3647166491
-16.1272850037 53.9620742798 -4.5389347076 9.5719823837 0.0000000000 0.0000000000 0.1122806743 1.3627643585
-16.1476497650 54.0277938843 -4.5480899811 9.5695543289 0.0000000000 0.0000000000 0.1123245209 1.3607823849
-16.1678237915 54.0931472778 -4.5536284447 9.5651483536 0.0000000000 0.0000000000 0.1123876050 1.3587816954
-16.1878662109 54.1582679749 -4.5588083267 9.5602302551 0.0000000000 0.0000000000 0.1123676449 1.3565543890
-16.2076969147 54.2231025696 -4.5675153732 9.5564994812 0.0000000000 0.0000000000 0.1123292148 1.3545117378
-16.2273063660 54.2876091003 -4.5790815353 9.5544815063 0.0000000000 0.0000000000 0.1122012362 1.3524259329
-16.2467288971 54.3518028259 -4.5867252350 9.5507717133 0.0000000000 0.0000000000 0.1121188030 1.3505598307
-16.2659873962 54.4156990051 -4.5879111290 9.5440673828 0.0000000000 0.0000000000 0.1121130586 1.3490624428
-16.2850990295 54.4793281555 -4.5894608498 9.5371847153 0.0000000000 0.0000000000 0.1121755019 1.3478777409
-16.3040962219 54.5426940918 -4.5969295502 9.5329332352 0.0000000000 0.0000000000 0.1122221872 1.3468396664
-16.3229885101 54.6057777405 -4.6097168922 9.5318908691 0.0000000000 0.0000000000 0.1122734025 1.3458846807
-16.3417186737 54.6685867310 -4.6205091476 9.5311431885 0.0000000000 0.0000000000 0.1122473702 1.3443568945
-16.3603191376 54.7310867310 -4.6235728264 9.5275640488 0.0000000000 0.0000000000 0.1121438593 1.3423947096
-16.3787994385 54.7933425903 -4.6211066246 9.5219697952 0.0000000000 0.0000000000 0.1119252220 1.3404830694
-16.3972587585 54.8554191589 -4.6196413040 9.5164852142 0.0000000000 0.0000000000 0.1116912961 1.3389232159
-16.4157123566 54.9173011780 -4.6218857765 9.5119152069 0.0000000000 0.0000000000 0.1114245057 1.3378143311
-16.4341506958 54.9790191650 -4.6247739792 9.5069522858 0.0000000000 0.0000000000 0.1111839190 1.3370354176
-16.4525146484 55.0404434204 -4.6302533150 9.5028810501 0.0000000000 0.0000000000 0.1109400466 1.3361866474
-16.4707775116 55.1016387939 -4.6372208595 9.5001401901 0.0000000000 0.0000000000 0.1107565612 1.3350906372
-16.4890213013 55.1626052856 -4.6409578323 9.4972705841 0.0000000000 0.0000000000 0.1106684059 1.3336033821
-16.5071601868 55.2232475281 -4.6432318687 9.4943532944 0.0000000000 0.0000000000 0.1107409447 1.3320701122
-16.5252494812 55.2836570740 -4.6444339752 9.4915504456 0.0000000000 0.0000000000 0.1108986586 1.3300120831
-16.5433559418 55.3438911438 -4.6476798058 9.4894952774 0.0000000000 0.0000000000 0.1111170799 1.3276194334
-16.5614261627 55.4038543701 -4.6548047066 9.4887857437 0.0000000000 0.0000000000 0.1114564911 1.3253479004
-16.5795059204 55.4635772705 -4.6626257896 9.4886426926 0.0000000000 0.0000000000 0.1118161380 1.3235189915
-16.5976161957 55.5231399536 -4.6683068275 9.4875545502 0.0000000000 0.0000000000 0.1121520624 1.3223088980
-16.6156883240 55.5824966431 -4.6691908836 9.4841566086 0.0000000000 0.0000000000 0.1124133095 1.3216733932
-16.6337909698 55.6416549683 -4.6670966148 9.4787130356 0.0000000000 0.0000000000 0.1124787554 1.3214230537
-16.6519680023 55.7006645203 -4.6678795815 9.4736871719 0.0000000000 0.0000000000 0.1124800742 1.3213711977
-16.6701984406 55.7594947815 -4.6770858765 9.4715948105 0.0000000000 0.0000000000 0.1124626771 1.3211053610
-16.6883506775 55.8180809021 -4.6869854927 9.4696836472 0.0000000000 0.0000000000 0.1124212593 1.3206197023
-16.7064781189 55.8764648438 -4.6906256676 9.4657602310 0.0000000000 0.0000000000 0.1123353317 1.3199135065
-16.7246494293 55.9346466064 -4.6900668144 9.4604568481 0.0000000000 0.0000000000 0.1121707335 1.3190261126
-16.7427082062 55.9924201965 -4.6916780472 9.4566307068 0.0000000000 0.0000000000 0.1119424179 1.3178583384
-16.7607898712 56.0500183105 -4.6978206635 9.4555320740 0.0000000000 0.0000000000 0.1117004231 1.3162575960
-16.7788658142 56.1074180603 -4.7065529823 9.4558706284 0.0000000000 0.0000000000 0.1115681529 1.3145133257
-16.7969455719 56.1646499634 -4.7142896652 9.4559040070 0.0000000000 0.0000000000 0.1115314215 1.3127646446
-16.8148860931 56.2215805054 -4.7211050987 9.4550580978 0.0000000000 0.0000000000 0.1115011200 1.3110722303
-16.8327293396 56.2782096863 -4.7273769379 9.4534578323 0.0000000000 0.0000000000 0.1115478948 1.3095893860
-16.8504810333 56.3345565796 -4.7336339951 9.4520225525 0.0000000000 0.0000000000 0.1116784662 1.3079587221
-16.8680915833 56.3905677795 -4.7382712364 9.4501647949 0.0000000000 0.0000000000 0.1118295863 1.3063714504
-16.8855724335 56.4462852478 -4.7395629883 9.4464178085 0.0000000000 0.0000000000 0.1119591296 1.3049546480
-16.9028797150 56.5016517639 -4.7397227287 9.4411439896 0.0000000000 0.0000000000 0.1120661199 1.3039219379
-16.9201450348 56.5567855835 -4.7434768677 9.4370441437 0.0000000000 0.0000000000 0.1120813861 1.3031252623
-16.9373188019 56.6115951538 -4.7493505478 9.4340696335 0.0000000000 0.0000000000 0.1120395958 1.3023321629
-16.9544143677 56.6661148071 -4.7553348541 9.4308891296 0.0000000000 0.0000000000 0.1119666845 1.3014514446
-16.9714775085 56.7203750610 -4.7565155029 9.4249782562 0.0000000000 0.0000000000 0.1119050831 1.3007278442
-16.9884929657 56.7743949890 -4.7556524277 9.4180650711 0.0000000000 0.0000000000 0.1117952839 1.3003894091
-17.0054378510 56.8281440735 -4.7565717697 9.4129409790 0.0000000000 0.0000000000 0.1116977111 1.3001891375
-17.0223274231 56.8815612793 -4.7600860596 9.4104709625 0.0000000000 0.0000000000 0.1116138995 1.2996100187
-17.0391979218 56.9346427917 -4.7648673058 9.4091520309 0.0000000000 0.0000000000 0.1116797701 1.2983825207
-17.0561008453 56.9874801636 -4.7689013481 9.4073181152 0.0000000000 0.0000000000 0.1119440198 1.2964665890
-17.0729007721 57.0398864746 -4.7717614174 9.4049396515 0.0000000000 0.0000000000 0.1123134792 1.2942936420
-17.0896739960 57.0920104980 -4.7773089409 9.4036369324 0.0000000000 0.0000000000 0.1126614362 1.2923765182
-17.1064071655 57.1438064575 -4.7862362862 9.4031248093 0.0000000000 0.0000000000 0.1128088161 1.2907917500
-17.1229724884 57.1951217651 -4.7937769890 9.4012804031 0.0000000000 0.0000000000 0.1127392501 1.2895417213
-17.1394557953 57.2460556030 -4.7986178398 9.3984661102 0.0000000000 0.0000000000 0.1125168428 1.2880921364
-17.1559066772 57.2966957092 -4.8036737442 9.3963890076 0.0000000000 0.0000000000 0.1122454628 1.2865661383
-17.1722469330 57.3469696045 -4.8112401962 9.3963880539 0.0000000000 0.0000000000 0.1119203642 1.2851518393
-17.1884975433 57.3969650269 -4.8198695183 9.3970298767 0.0000000000 0.0000000000 0.1115650982 1.2843487263
-17.2047309875 57.4467391968 -4.8268823624 9.3961334229 0.0000000000 0.0000000000 0.1112481356 1.2841750383
-17.2208137512 57.4961280823 -4.8337211609 9.3949298859 0.0000000000 0.0000000000 0.1109246761 1.2838987112
-17.2368640900 57.5453147888 -4.8387918472 9.3931980133 0.0000000000 0.0000000000 0.1107598320 1.2833522558
-17.2529544830 57.5943336487 -4.8430628777 9.3916912079 0.0000000000 0.0000000000 0.1107545197 1.2826099396
-17.2689781189 57.6430549622 -4.8455085754 9.3904190063 0.0000000000 0.0000000000 0.1108666509 1.2813712358
-17.2850246429 57.6915588379 -4.8450274467 9.3891830444 0.0000000000 0.0000000000 0.1109015122 1.2799023390
-17.3010387421 57.7398033142 -4.8421278000 9.3873243332 0.0000000000 0.0000000000 0.1109034941 1.2782894373
-17.3170299530 57.7877616882 -4.8417663574 9.3869571686 0.0000000000 0.0000000000 0.1109143049 1.2768516541
-17.3330249786 57.8354606628 -4.8439559937 9.3882198334 0.0000000000 0.0000000000 0.1110276729 1.2754414082
-17.3489990234 57.8828201294 -4.8451261520 9.3893690109 0.0000000000 0.0000000000 0.1112767085 1.2739247084
-17.3649978638 57.9299049377 -4.8444600105 9.3894691467 0.0000000000 0.0000000000 0.1116439477 1.2726746798
-17.3809318542 57.9764976501 -4.8480968475 9.3902225494 0.0000000000 0.0000000000 0.1120668873 1.2720291615
-17.3969669342 58.0229454041 -4.8544421196 9.3911695480 0.0000000000 0.0000000000 0.1124172881 1.2717052698
-17.4130115509 58.0691070557 -4.8663721085 9.3940334320 0.0000000000 0.0000000000 0.1127178296 1.2712512016
-17.4290828705 58.1149139404 -4.8804101944 9.3979244232 0.0000000000 0.0000000000 0.1129497066 1.2708729506
-17.4451313019 58.1603317261 -4.8935928345 9.4015579224 0.0000000000 0.0000000000 0.1130053923 1.2708311081
-17.4610252380 58.2052307129 -4.9029722214 9.4040603638 0.0000000000 0.0000000000 0.1128928363 1.2710638046
-17.4768943787 58.2497024536 -4.9060325623 9.4040937424 0.0000000000 0.0000000000 0.1127689481 1.2714369297
-17.4927730560 58.2936248779 -4.9073290825 9.4034395218 0.0000000000 0.0000000000 0.1126625910 1.2713857889
-17.5086784363 58.3370094299 -4.9126729965 9.4038352966 0.0000000000 0.0000000000 0.1125268936 1.2711192369
-17.5245857239 58.3798904419 -4.9221811295 9.4057102203 0.0000000000 0.0000000000 0.1123391166 1.2705023289
-17.5404109955 58.4221534729 -4.9284610748 9.4058084488 0.0000000000 0.0000000000 0.1122140437 1.2696727514
-17.5561790466 58.4639091492 -4.9314002991 9.4036989212 0.0000000000 0.0000000000 0.1122544780 1.2683150768
-17.5719108582 58.5052032471 -4.9328818321 9.4009466171 0.0000000000 0.0000000000 0.1125393137 1.2665880919
-17.5876598358 58.5461082458 -4.9359960556 9.3989830017 0.0000000000 0.0000000000 0.1131168157 1.2649315596
-17.6033935547 58.5865669250 -4.9448323250 9.3994941711 0.0000000000 0.0000000000 0.1139473394 1.2636930943
-17.6190128326 58.6265411377 -4.9555025101 9.4009790421 0.0000000000 0.0000000000 0.1148016900 1.2624775171
-17.6345710754 58.6661071777 -4.9654736519 9.4033451080 0.0000000000 0.0000000000 0.1153425053 1.2611452341
-17.6500911713 58.7053756714 -4.9756798744 9.4073591232 0.0000000000 0.0000000000 0.1153891161 1.2600691319
-17.6655063629 58.7442474365 -4.9865503311 9.4125471115 0.0000000000 0.0000000000 0.1150079891 1.2594074011
-17.6807765961 58.7827758789 -4.9958190918 9.4174985886 0.0000000000 0.0000000000 0.1144580692 1.2589343786
-17.6959915161 58.8210792542 -5.0027585030 9.4206066132 0.0000000000 0.0000000000 0.1139372811 1.2584570646
-17.7111892700 58.8592033386 -5.0070691109 9.4212388992 0.0000000000 0.0000000000 0.1135225296 1.2582315207
-17.7262897491 58.8970947266 -5.0114398003 9.4213933945 0.0000000000 0.0000000000 0.1132098734 1.2581592798
-17.7412128448 58.9346160889 -5.0175104141 9.4223051071 0.0000000000 0.0000000000 0.1129648089 1.2579803467
-17.7560348511 58.9719467163 -5.0222682953 9.4232425690 0.0000000000 0.0000000000 0.1127912700 1.2574145794
-17.7707614899 59.0090713501 -5.0245394707 9.4235677719 0.0000000000 0.0000000000 0.1127492562 1.2565753460
-17.7853794098 59.0459785461 -5.0273051262 9.4249916077 0.0000000000 0.0000000000 0.1127975807 1.2552802563
-17.7998924255 59.0826988220 -5.0341606140 9.4289617538 0.0000000000 0.0000000000 0.1129588857 1.2538808584
-17.8141860962 59.1192474365 -5.0411725044 9.4331703186 0.0000000000 0.0000000000 0.1132181287 1.2525480986
-17.8283596039 59.1555328369 -5.0480446815 9.4370079041 0.0000000000 0.0000000000 0.1135369241 1.2514480352
-17.8423995972 59.1916313171 -5.0573105812 9.4413280487 0.0000000000 0.0000000000 0.1136939451 1.2507313490
-17.8562812805 59.2275428772 -5.0666909218 9.4457826614 0.0000000000 0.0000000000 0.1136038825 1.2501527071
-17.8700580597 59.2633514404 -5.0787067413 9.4518156052 0.0000000000 0.0000000000 0.1132719368 1.2495541573
-17.8837375641 59.2990455627 -5.0895318985 9.4578227997 0.0000000000 0.0000000000 0.1127210781 1.2488652468
-17.8973255157 59.3344573975 -5.0960788727 9.4622783661 0.0000000000 0.0000000000 0.1121704355 1.2480397224
-17.9108467102 59.3697776794 -5.0984244347 9.4644346237 0.0000000000 0.0000000000 0.1117427871 1.2472923994
-17.9243335724 59.4050407410 -5.0990138054 9.4649448395 0.0000000000 0.0000000000 0.1115497276 1.2465969324
-17.9378089905 59.4402389526 -5.1003289223 9.4656219482 0.0000000000 0.0000000000 0.1115215644 1.2455135584
-17.9511756897 59.4752082825 -5.1032414436 9.4668598175 0.0000000000 0.0000000000 0.1117150858 1.2443608046
-17.9645347595 59.5100288391 -5.1055173874 9.4670982361 0.0000000000 0.0000000000 0.1121340320 1.2432637215
-17.9779453278 59.5447540283 -5.1069693565 9.4665508270 0.0000000000 0.0000000000 0.1127343252 1.2425314188
-17.9913883209 59.5794143677 -5.1080389023 9.4662933350 0.0000000000 0.0000000000 0.1134023368 1.2418950796
-18.0047569275 59.6139678955 -5.1085314751 9.4661006927 0.0000000000 0.0000000000 0.1138592362 1.2415302992
-18.0180053711 59.6482734680 -5.1111092567 9.4657754898 0.0000000000 0.0000000000 0.1141074449 1.2414617538
-18.0311260223 59.6823310852 -5.1164946556 9.4663963318 0.0000000000 0.0000000000 0.1141545698 1.2410473824
-18.0441932678 59.7161674500 -5.1254615784 9.4688796997 0.0000000000 0.0000000000 0.1140715033 1.2403539419
-18.0572242737 59.7498283386 -5.1360654831 9.4726066589 0.0000000000 0.0000000000 0.1138797849 1.2397767305
-18.0701637268 59.7832221985 -5.1425218582 9.4745941162 0.0000000000 0.0000000000 0.1135882214 1.2393262386
-18.0830593109 59.8164215088 -5.1444668770 9.4748535156 0.0000000000 0.0000000000 0.1133354828 1.2390110493
-18.0959930420 59.8494110107 -5.1435532570 9.4739999771 0.0000000000 0.0000000000 0.1131326184 1.2386099100
-18.1090030670 59.8822174072 -5.1446919441 9.4739398956 0.0000000000 0.0000000000 0.1129578501 1.2381629944
-18.1220989227 59.9149589539 -5.1490483284 9.4749050140 0.0000000000 0.0000000000 0.1128184572 1.2375334501
-18.1350631714 59.9474067688 -5.1546382904 9.4761028290 0.0000000000 0.0000000000 0.1126819998 1.2370114326
-18.1480007172 59.9796333313 -5.1595606804 9.4771451950 0.0000000000 0.0000000000 0.1125721484 1.2369941473
-18.1609401703 60.0116271973 -5.1645941734 9.4784946442 0.0000000000 0.0000000000 0.1125636622 1.2375379801
-18.1738548279 60.0432968140 -5.1710782051 9.4806613922 0.0000000000 0.0000000000 0.1126151234 1.2381365299
-18.1867713928 60.0748367310 -5.1777849197 9.4829492569 0.0000000000 0.0000000000 0.1126146913 1.2386455536
-18.1996383667 60.1062164307 -5.1842751503 9.4854469299 0.0000000000 0.0000000000 0.1125215441 1.2387936115
-18.2124767303 60.1374435425 -5.1916828156 9.4896097183 0.0000000000 0.0000000000 0.1123497188 1.2384958267
-18.2252826691 60.1685562134 -5.1992645264 9.4946222305 0.0000000000 0.0000000000 0.1121590286 1.2381426096
-18.2379703522 60.1993942261 -5.2044696808 9.4987125397 0.0000000000 0.0000000000 0.1121037677 1.2376980782
-18.2506237030 60.2301788330 -5.2061133385 9.5007057190 0.0000000000 0.0000000000 0.1121169925 1.2372738123
-18.2632617950 60.2608489990 -5.2072820663 9.5018730164 0.0000000000 0.0000000000 0.1122106463 1.2372055054
-18.2759017944 60.2913932800 -5.2111725807 9.5046863556 0.0000000000 0.0000000000 0.1123873815 1.2372610569
-18.2885437012 60.3218536377 -5.2165012360 9.5088663101 0.0000000000 0.0000000000 0.1125338152 1.2372982502
-18.3012123108 60.3523292542 -5.2170529366 9.5115880966 0.0000000000 0.0000000000 0.1125779301 1.2372461557
-18.3139095306 60.3828125000 -5.2117733955 9.5113430023 0.0000000000 0.0000000000 0.1125095636 1.2368618250
-18.3265762329 60.4131813049 -5.2098627090 9.5117635727 0.0000000000 0.0000000000 0.1123794839 1.2363047600
-18.3391857147 60.4434165955 -5.2176823616 9.5157003403 0.0000000000 0.0000000000 0.1123538539 1.2357035875
-18.3517913818 60.4735183716 -5.2302465439 9.5210771561 0.0000000000 0.0000000000 0.1124802083 1.2354402542
-18.3643627167 60.5035057068 -5.2401375771 9.5244417191 0.0000000000 0.0000000000 0.1126170307 1.2353702784
-18.3768501282 60.5334205627 -5.2454080582 9.5254840851 0.0000000000 0.0000000000 0.1126491427 1.2355275154
-18.3892059326 60.5632171631 -5.2500653267 9.5267000198 0.0000000000 0.0000000000 0.1124678478 1.2358012199
-18.4015026093 60.5928535461 -5.2583770752 9.5293846130 0.0000000000 0.0000000000 0.1121272296 1.2363985777
-18.4137115479 60.6223487854 -5.2679729462 9.5330696106 0.0000000000 0.0000000000 0.1116960347 1.2370530367
-18.4258651733 60.6517677307 -5.2766065598 9.5363283157 0.0000000000 0.0000000000 0.1112537235 1.2377779484
-18.4380187988 60.6810913086 -5.2826375961 9.5389728546 0.0000000000 0.0000000000 0.1110031009 1.2383325100
-18.4501342773 60.7103271484 -5.2850027084 9.5411911011 0.0000000000 0.0000000000 0.1111500785 1.2385615110
-18.4621734619 60.7392425537 -5.2848958969 9.5424108505 0.0000000000 0.0000000000 0.1115625948 1.2390811443
-18.4741287231 60.7679519653 -5.2843270302 9.5437707901 0.0000000000 0.0000000000 0.1119545251 1.2391531467
-18.4860763550 60.7965431213 -5.2871475220 9.5461359024 0.0000000000 0.0000000000 0.1120674163 1.2386723757
-18.4980392456 60.8250694275 -5.2945261002 9.5499067307 0.0000000000 0.0000000000 0.1119681820 1.2379294634
-18.5099754333 60.8535156250 -5.3059883118 9.5558462143 0.0000000000 0.0000000000 0.1118308231 1.2368385792
-18.5218372345 60.8817901611 -5.3194155693 9.5624065399 0.0000000000 0.0000000000 0.1117889732 1.2364939451
-18.5335826874 60.9099121094 -5.3302488327 9.5682477951 0.0000000000 0.0000000000 0.1119437963 1.2368832827
-18.5453166962 60.9379539490 -5.3327536583 9.5709161758 0.0000000000 0.0000000000 0.1122900471 1.2375413179
-18.5570068359 60.9658508301 -5.3307518959 9.5712871552 0.0000000000 0.0000000000 0.1126827151 1.2380765676
-18.5686721802 60.9935417175 -5.3304710388 9.5713243484 0.0000000000 0.0000000000 0.1129913405 1.2387534380
-18.5802783966 61.0211257935 -5.3367156982 9.5737562180 0.0000000000 0.0000000000 0.1131306812 1.2390955687
-18.5918006897 61.0485343933 -5.3462958336 9.5771999359 0.0000000000 0.0000000000 0.1130651608 1.2394961119
-18.6032772064 61.0758323669 -5.3540396690 9.5809059143 0.0000000000 0.0000000000 0.1127680764 1.2392475605
