#         COST_U        COST_H      COST_D       COST_S       REGU_H       REGU_S          HPO           COSTGLEN 
3950.0800781250 0.0000000000 0.0000000000 0.0000000000 0.0000000000 0.0000000000 74.0684585571
1878.3525390625 0.0000000000 0.0000000000 0.0000000000 0.0000000000 0.0000000000 45.0010528564
686.0145263672 0.0000000000 0.0000000000 0.0000000000 0.0000000000 0.0000000000 22.4122200012
240.5451812744 0.0000000000 0.0000000000 0.0000000000 0.0000000000 0.0000000000 10.3979501724
169.7210998535 0.0000000000 0.0000000000 0.0000000000 0.0000000000 0.0000000000 7.0645818710
188.9951019287 0.0000000000 0.0000000000 0.0000000000 0.0000000000 0.0000000000 6.8458719254
171.1838378906 0.0000000000 0.0000000000 0.0000000000 0.0000000000 0.0000000000 6.3711872101
133.1902770996 0.0000000000 0.0000000000 0.0000000000 0.0000000000 0.0000000000 5.2666230202
94.7296905518 0.0000000000 0.0000000000 0.0000000000 0.0000000000 0.0000000000 3.7063407898
64.8131790161 0.0000000000 0.0000000000 0.0000000000 0.0000000000 0.0000000000 2.3714265823
44.5121879578 0.0000000000 0.0000000000 0.0000000000 0.0000000000 0.0000000000 1.4110269547
33.1793479919 0.0000000000 0.0000000000 0.0000000000 0.0000000000 0.0000000000 0.8168323040
26.8541870117 0.0000000000 0.0000000000 0.0000000000 0.0000000000 0.0000000000 0.5068346262
22.8104076385 0.0000000000 0.0000000000 0.0000000000 0.0000000000 0.0000000000 0.3236582279
19.9906444550 0.0000000000 0.0000000000 0.0000000000 0.0000000000 0.0000000000 0.1798744202
17.9597930908 0.0000000000 0.0000000000 0.0000000000 0.0000000000 0.0000000000 0.0505571365
16.5739135742 0.0000000000 0.0000000000 0.0000000000 0.0000000000 0.0000000000 -0.0589284897
15.7493152618 0.0000000000 0.0000000000 0.0000000000 0.0000000000 0.0000000000 -0.1418455839
15.3255739212 0.0000000000 0.0000000000 0.0000000000 0.0000000000 0.0000000000 -0.2039220333
15.1423883438 0.0000000000 0.0000000000 0.0000000000 0.0000000000 0.0000000000 -0.2523508072
15.1039571762 0.0000000000 0.0000000000 0.0000000000 0.0000000000 0.0000000000 -0.2917037606
15.1480102539 0.0000000000 0.0000000000 0.0000000000 0.0000000000 0.0000000000 -0.3229851127
15.2427816391 0.0000000000 0.0000000000 0.0000000000 0.0000000000 0.0000000000 -0.3459743261
15.3475112915 0.0000000000 0.0000000000 0.0000000000 0.0000000000 0.0000000000 -0.3627762794
15.4549999237 0.0000000000 0.0000000000 0.0000000000 0.0000000000 0.0000000000 -0.3744142652
15.5635414124 0.0000000000 0.0000000000 0.0000000000 0.0000000000 0.0000000000 -0.3828707933
15.6686763763 0.0000000000 0.0000000000 0.0000000000 0.0000000000 0.0000000000 -0.3898962736
15.7674188614 0.0000000000 0.0000000000 0.0000000000 0.0000000000 0.0000000000 -0.3960593939
15.8607521057 0.0000000000 0.0000000000 0.0000000000 0.0000000000 0.0000000000 -0.4017108977
15.9498729706 0.0000000000 0.0000000000 0.0000000000 0.0000000000 0.0000000000 -0.4068488777
16.0353679657 0.0000000000 0.0000000000 0.0000000000 0.0000000000 0.0000000000 -0.4116182625
16.1178150177 0.0000000000 0.0000000000 0.0000000000 0.0000000000 0.0000000000 -0.4160797000
16.1958694458 0.0000000000 0.0000000000 0.0000000000 0.0000000000 0.0000000000 -0.4204220176
16.2702426910 0.0000000000 0.0000000000 0.0000000000 0.0000000000 0.0000000000 -0.4246400297
16.3413391113 0.0000000000 0.0000000000 0.0000000000 0.0000000000 0.0000000000 -0.4288486242
16.4095172882 0.0000000000 0.0000000000 0.0000000000 0.0000000000 0.0000000000 -0.4331095219
16.4751873016 0.0000000000 0.0000000000 0.0000000000 0.0000000000 0.0000000000 -0.4375141561
16.5387687683 0.0000000000 0.0000000000 0.0000000000 0.0000000000 0.0000000000 -0.4421030879
16.6006889343 0.0000000000 0.0000000000 0.0000000000 0.0000000000 0.0000000000 -0.4469383955
16.6611957550 0.0000000000 0.0000000000 0.0000000000 0.0000000000 0.0000000000 -0.4520899653
16.7208023071 0.0000000000 0.0000000000 0.0000000000 0.0000000000 0.0000000000 -0.4575960040
16.7799453735 0.0000000000 0.0000000000 0.0000000000 0.0000000000 0.0000000000 -0.4635462761
16.8387546539 0.0000000000 0.0000000000 0.0000000000 0.0000000000 0.0000000000 -0.4698894024
16.8972568512 0.0000000000 0.0000000000 0.0000000000 0.0000000000 0.0000000000 -0.4765670300
16.9552593231 0.0000000000 0.0000000000 0.0000000000 0.0000000000 0.0000000000 -0.4836945534
17.0115795135 0.0000000000 0.0000000000 0.0000000000 0.0000000000 0.0000000000 -0.4913604856
17.0646667480 0.0000000000 0.0000000000 0.0000000000 0.0000000000 0.0000000000 -0.4994417429
17.1186637878 0.0000000000 0.0000000000 0.0000000000 0.0000000000 0.0000000000 -0.5077992678
17.1734752655 0.0000000000 0.0000000000 0.0000000000 0.0000000000 0.0000000000 -0.5161300898
17.2260437012 0.0000000000 0.0000000000 0.0000000000 0.0000000000 0.0000000000 -0.5247833729
17.2760753632 0.0000000000 0.0000000000 0.0000000000 0.0000000000 0.0000000000 -0.5334108472
17.3265724182 0.0000000000 0.0000000000 0.0000000000 0.0000000000 0.0000000000 -0.5424321890
17.3793010712 0.0000000000 0.0000000000 0.0000000000 0.0000000000 0.0000000000 -0.5520341396
17.4336223602 0.0000000000 0.0000000000 0.0000000000 0.0000000000 0.0000000000 -0.5617715120
17.4889717102 0.0000000000 0.0000000000 0.0000000000 0.0000000000 0.0000000000 -0.5710519552
17.5481128693 0.0000000000 0.0000000000 0.0000000000 0.0000000000 0.0000000000 -0.5800536871
17.6084461212 0.0000000000 0.0000000000 0.0000000000 0.0000000000 0.0000000000 -0.5885133147
17.6739368439 0.0000000000 0.0000000000 0.0000000000 0.0000000000 0.0000000000 -0.5963739157
17.7465248108 0.0000000000 0.0000000000 0.0000000000 0.0000000000 0.0000000000 -0.6041871309
17.8272705078 0.0000000000 0.0000000000 0.0000000000 0.0000000000 0.0000000000 -0.6118533611
17.9173927307 0.0000000000 0.0000000000 0.0000000000 0.0000000000 0.0000000000 -0.6192823052
18.0190410614 0.0000000000 0.0000000000 0.0000000000 0.0000000000 0.0000000000 -0.6265028715
18.1340465546 0.0000000000 0.0000000000 0.0000000000 0.0000000000 0.0000000000 -0.6336445212
18.2620067596 0.0000000000 0.0000000000 0.0000000000 0.0000000000 0.0000000000 -0.6408737898
18.4015712738 0.0000000000 0.0000000000 0.0000000000 0.0000000000 0.0000000000 -0.6482652426
18.5497837067 0.0000000000 0.0000000000 0.0000000000 0.0000000000 0.0000000000 -0.6558267474
18.7042789459 0.0000000000 0.0000000000 0.0000000000 0.0000000000 0.0000000000 -0.6635768414
18.8630809784 0.0000000000 0.0000000000 0.0000000000 0.0000000000 0.0000000000 -0.6715095043
19.0249996185 0.0000000000 0.0000000000 0.0000000000 0.0000000000 0.0000000000 -0.6796530485
19.1905803680 0.0000000000 0.0000000000 0.0000000000 0.0000000000 0.0000000000 -0.6878432035
19.3537807465 0.0000000000 0.0000000000 0.0000000000 0.0000000000 0.0000000000 -0.6957547665
19.5081539154 0.0000000000 0.0000000000 0.0000000000 0.0000000000 0.0000000000 -0.7035531998
19.6561107635 0.0000000000 0.0000000000 0.0000000000 0.0000000000 0.0000000000 -0.7115100622
19.7975654602 0.0000000000 0.0000000000 0.0000000000 0.0000000000 0.0000000000 -0.7195429802
19.9309043884 0.0000000000 0.0000000000 0.0000000000 0.0000000000 0.0000000000 -0.7276599407
20.0556049347 0.0000000000 0.0000000000 0.0000000000 0.0000000000 0.0000000000 -0.7359201908
20.1720504761 0.0000000000 0.0000000000 0.0000000000 0.0000000000 0.0000000000 -0.7443969250
20.2811870575 0.0000000000 0.0000000000 0.0000000000 0.0000000000 0.0000000000 -0.7530672550
20.3834896088 0.0000000000 0.0000000000 0.0000000000 0.0000000000 0.0000000000 -0.7619334459
20.4804592133 0.0000000000 0.0000000000 0.0000000000 0.0000000000 0.0000000000 -0.7709958553
20.5732116699 0.0000000000 0.0000000000 0.0000000000 0.0000000000 0.0000000000 -0.7802107334
20.6638412476 0.0000000000 0.0000000000 0.0000000000 0.0000000000 0.0000000000 -0.7895265818
20.7526988983 0.0000000000 0.0000000000 0.0000000000 0.0000000000 0.0000000000 -0.7989622355
20.8416252136 0.0000000000 0.0000000000 0.0000000000 0.0000000000 0.0000000000 -0.8084728718
20.9323730469 0.0000000000 0.0000000000 0.0000000000 0.0000000000 0.0000000000 -0.8181110620
21.0251502991 0.0000000000 0.0000000000 0.0000000000 0.0000000000 0.0000000000 -0.8279250860
21.1192836761 0.0000000000 0.0000000000 0.0000000000 0.0000000000 0.0000000000 -0.8379762173
21.2149906158 0.0000000000 0.0000000000 0.0000000000 0.0000000000 0.0000000000 -0.8482184410
21.3149147034 0.0000000000 0.0000000000 0.0000000000 0.0000000000 0.0000000000 -0.8585368395
21.4231796265 0.0000000000 0.0000000000 0.0000000000 0.0000000000 0.0000000000 -0.8689485788
21.5439033508 0.0000000000 0.0000000000 0.0000000000 0.0000000000 0.0000000000 -0.8794927597
21.6785564423 0.0000000000 0.0000000000 0.0000000000 0.0000000000 0.0000000000 -0.8902938366
21.8265724182 0.0000000000 0.0000000000 0.0000000000 0.0000000000 0.0000000000 -0.9012850523
21.9827499390 0.0000000000 0.0000000000 0.0000000000 0.0000000000 0.0000000000 -0.9122765064
22.1425838470 0.0000000000 0.0000000000 0.0000000000 0.0000000000 0.0000000000 -0.9231576920
22.3001346588 0.0000000000 0.0000000000 0.0000000000 0.0000000000 0.0000000000 -0.9339624643
22.4537944794 0.0000000000 0.0000000000 0.0000000000 0.0000000000 0.0000000000 -0.9447493553
22.6010475159 0.0000000000 0.0000000000 0.0000000000 0.0000000000 0.0000000000 -0.9555633068
22.7412586212 0.0000000000 0.0000000000 0.0000000000 0.0000000000 0.0000000000 -0.9664751291
22.8745250702 0.0000000000 0.0000000000 0.0000000000 0.0000000000 0.0000000000 -0.9775004387
23.0017566681 0.0000000000 0.0000000000 0.0000000000 0.0000000000 0.0000000000 -0.9886780977
23.1241455078 0.0000000000 0.0000000000 0.0000000000 0.0000000000 0.0000000000 -1.0000039339
23.2444534302 0.0000000000 0.0000000000 0.0000000000 0.0000000000 0.0000000000 -1.0114846230
23.3652915955 0.0000000000 0.0000000000 0.0000000000 0.0000000000 0.0000000000 -1.0231049061
23.4914321899 0.0000000000 0.0000000000 0.0000000000 0.0000000000 0.0000000000 -1.0348727703
23.6280326843 0.0000000000 0.0000000000 0.0000000000 0.0000000000 0.0000000000 -1.0468510389
23.7786216736 0.0000000000 0.0000000000 0.0000000000 0.0000000000 0.0000000000 -1.0590883493
23.9436531067 0.0000000000 0.0000000000 0.0000000000 0.0000000000 0.0000000000 -1.0715625286
24.1219711304 0.0000000000 0.0000000000 0.0000000000 0.0000000000 0.0000000000 -1.0842320919
24.3126163483 0.0000000000 0.0000000000 0.0000000000 0.0000000000 0.0000000000 -1.0970987082
24.5162067413 0.0000000000 0.0000000000 0.0000000000 0.0000000000 0.0000000000 -1.1102008820
24.7345676422 0.0000000000 0.0000000000 0.0000000000 0.0000000000 0.0000000000 -1.1235656738
24.9673595428 0.0000000000 0.0000000000 0.0000000000 0.0000000000 0.0000000000 -1.1371936798
25.2166271210 0.0000000000 0.0000000000 0.0000000000 0.0000000000 0.0000000000 -1.1511110067
25.4836215973 0.0000000000 0.0000000000 0.0000000000 0.0000000000 0.0000000000 -1.1653575897
25.7689857483 0.0000000000 0.0000000000 0.0000000000 0.0000000000 0.0000000000 -1.1798301935
26.0715065002 0.0000000000 0.0000000000 0.0000000000 0.0000000000 0.0000000000 -1.1945424080
26.3914432526 0.0000000000 0.0000000000 0.0000000000 0.0000000000 0.0000000000 -1.2095060349
26.7272949219 0.0000000000 0.0000000000 0.0000000000 0.0000000000 0.0000000000 -1.2246152163
27.0751800537 0.0000000000 0.0000000000 0.0000000000 0.0000000000 0.0000000000 -1.2397869825
27.4291667938 0.0000000000 0.0000000000 0.0000000000 0.0000000000 0.0000000000 -1.2549645901
27.7809219360 0.0000000000 0.0000000000 0.0000000000 0.0000000000 0.0000000000 -1.2701194286
28.1243972778 0.0000000000 0.0000000000 0.0000000000 0.0000000000 0.0000000000 -1.2853126526
28.4571838379 0.0000000000 0.0000000000 0.0000000000 0.0000000000 0.0000000000 -1.3006014824
28.7783393860 0.0000000000 0.0000000000 0.0000000000 0.0000000000 0.0000000000 -1.3159887791
29.0894775391 0.0000000000 0.0000000000 0.0000000000 0.0000000000 0.0000000000 -1.3315324783
29.3906383514 0.0000000000 0.0000000000 0.0000000000 0.0000000000 0.0000000000 -1.3471724987
29.6787929535 0.0000000000 0.0000000000 0.0000000000 0.0000000000 0.0000000000 -1.3629230261
29.9574165344 0.0000000000 0.0000000000 0.0000000000 0.0000000000 0.0000000000 -1.3788423538
30.2330169678 0.0000000000 0.0000000000 0.0000000000 0.0000000000 0.0000000000 -1.3950273991
30.5129356384 0.0000000000 0.0000000000 0.0000000000 0.0000000000 0.0000000000 -1.4115283489
30.8042297363 0.0000000000 0.0000000000 0.0000000000 0.0000000000 0.0000000000 -1.4284527302
31.1109600067 0.0000000000 0.0000000000 0.0000000000 0.0000000000 0.0000000000 -1.4459569454
31.4467239380 0.0000000000 0.0000000000 0.0000000000 0.0000000000 0.0000000000 -1.4645370245
31.8239803314 0.0000000000 0.0000000000 0.0000000000 0.0000000000 0.0000000000 -1.4844901562
32.2047004700 0.0000000000 0.0000000000 0.0000000000 0.0000000000 0.0000000000 -1.5039205551
32.5631027222 0.0000000000 0.0000000000 0.0000000000 0.0000000000 0.0000000000 -1.5225043297
32.9493408203 0.0000000000 0.0000000000 0.0000000000 0.0000000000 0.0000000000 -1.5408451557
33.3731536865 0.0000000000 0.0000000000 0.0000000000 0.0000000000 0.0000000000 -1.5599043369
33.8288803101 0.0000000000 0.0000000000 0.0000000000 0.0000000000 0.0000000000 -1.5803360939
34.3008155823 0.0000000000 0.0000000000 0.0000000000 0.0000000000 0.0000000000 -1.6014347076
34.7649841309 0.0000000000 0.0000000000 0.0000000000 0.0000000000 0.0000000000 -1.6218552589
35.2035560608 0.0000000000 0.0000000000 0.0000000000 0.0000000000 0.0000000000 -1.6413531303
35.6120758057 0.0000000000 0.0000000000 0.0000000000 0.0000000000 0.0000000000 -1.6605572701
36.0019721985 0.0000000000 0.0000000000 0.0000000000 0.0000000000 0.0000000000 -1.6802976131
36.3653984070 0.0000000000 0.0000000000 0.0000000000 0.0000000000 0.0000000000 -1.7006647587
36.6996002197 0.0000000000 0.0000000000 0.0000000000 0.0000000000 0.0000000000 -1.7208096981
37.0066375732 0.0000000000 0.0000000000 0.0000000000 0.0000000000 0.0000000000 -1.7402544022
37.3098678589 0.0000000000 0.0000000000 0.0000000000 0.0000000000 0.0000000000 -1.7600016594
37.6289062500 0.0000000000 0.0000000000 0.0000000000 0.0000000000 0.0000000000 -1.7811379433
37.9726676941 0.0000000000 0.0000000000 0.0000000000 0.0000000000 0.0000000000 -1.8027756214
38.3616180420 0.0000000000 0.0000000000 0.0000000000 0.0000000000 0.0000000000 -1.8242368698
38.8201179504 0.0000000000 0.0000000000 0.0000000000 0.0000000000 0.0000000000 -1.8459410667
39.3835411072 0.0000000000 0.0000000000 0.0000000000 0.0000000000 0.0000000000 -1.8688976765
40.0642852783 0.0000000000 0.0000000000 0.0000000000 0.0000000000 0.0000000000 -1.8934011459
40.8766899109 0.0000000000 0.0000000000 0.0000000000 0.0000000000 0.0000000000 -1.9184210300
41.8381118774 0.0000000000 0.0000000000 0.0000000000 0.0000000000 0.0000000000 -1.9430117607
42.9472160339 0.0000000000 0.0000000000 0.0000000000 0.0000000000 0.0000000000 -1.9686033726
44.1563835144 0.0000000000 0.0000000000 0.0000000000 0.0000000000 0.0000000000 -1.9948787689
45.3652381897 0.0000000000 0.0000000000 0.0000000000 0.0000000000 0.0000000000 -2.0195369720
46.4488372803 0.0000000000 0.0000000000 0.0000000000 0.0000000000 0.0000000000 -2.0422589779
47.3682785034 0.0000000000 0.0000000000 0.0000000000 0.0000000000 0.0000000000 -2.0645184517
48.0676345825 0.0000000000 0.0000000000 0.0000000000 0.0000000000 0.0000000000 -2.0867233276
48.5213356018 0.0000000000 0.0000000000 0.0000000000 0.0000000000 0.0000000000 -2.1083190441
48.7309494019 0.0000000000 0.0000000000 0.0000000000 0.0000000000 0.0000000000 -2.1294560432
48.7748031616 0.0000000000 0.0000000000 0.0000000000 0.0000000000 0.0000000000 -2.1503868103
48.7895011902 0.0000000000 0.0000000000 0.0000000000 0.0000000000 0.0000000000 -2.1705801487
48.9489479065 0.0000000000 0.0000000000 0.0000000000 0.0000000000 0.0000000000 -2.1906301975
49.3662109375 0.0000000000 0.0000000000 0.0000000000 0.0000000000 0.0000000000 -2.2111842632
50.0840911865 0.0000000000 0.0000000000 0.0000000000 0.0000000000 0.0000000000 -2.2321760654
51.0705337524 0.0000000000 0.0000000000 0.0000000000 0.0000000000 0.0000000000 -2.2535293102
52.2531318665 0.0000000000 0.0000000000 0.0000000000 0.0000000000 0.0000000000 -2.2754833698
53.5625000000 0.0000000000 0.0000000000 0.0000000000 0.0000000000 0.0000000000 -2.2973070145
54.9901847839 0.0000000000 0.0000000000 0.0000000000 0.0000000000 0.0000000000 -2.3184232712
56.4904861450 0.0000000000 0.0000000000 0.0000000000 0.0000000000 0.0000000000 -2.3393149376
57.8805580139 0.0000000000 0.0000000000 0.0000000000 0.0000000000 0.0000000000 -2.3591880798
58.9670639038 0.0000000000 0.0000000000 0.0000000000 0.0000000000 0.0000000000 -2.3785672188
59.7095985413 0.0000000000 0.0000000000 0.0000000000 0.0000000000 0.0000000000 -2.3979463577
60.2559318542 0.0000000000 0.0000000000 0.0000000000 0.0000000000 0.0000000000 -2.4169781208
60.7805595398 0.0000000000 0.0000000000 0.0000000000 0.0000000000 0.0000000000 -2.4360785484
61.3417434692 0.0000000000 0.0000000000 0.0000000000 0.0000000000 0.0000000000 -2.4549665451
61.9325027466 0.0000000000 0.0000000000 0.0000000000 0.0000000000 0.0000000000 -2.4735965729
62.6116294861 0.0000000000 0.0000000000 0.0000000000 0.0000000000 0.0000000000 -2.4923319817
63.4653511047 0.0000000000 0.0000000000 0.0000000000 0.0000000000 0.0000000000 -2.5109248161
64.6011352539 0.0000000000 0.0000000000 0.0000000000 0.0000000000 0.0000000000 -2.5295538902
66.0182876587 0.0000000000 0.0000000000 0.0000000000 0.0000000000 0.0000000000 -2.5482439995
67.5721435547 0.0000000000 0.0000000000 0.0000000000 0.0000000000 0.0000000000 -2.5667300224
69.1330871582 0.0000000000 0.0000000000 0.0000000000 0.0000000000 0.0000000000 -2.5852301121
70.6334991455 0.0000000000 0.0000000000 0.0000000000 0.0000000000 0.0000000000 -2.6036634445
72.1104660034 0.0000000000 0.0000000000 0.0000000000 0.0000000000 0.0000000000 -2.6221389771
73.5881805420 0.0000000000 0.0000000000 0.0000000000 0.0000000000 0.0000000000 -2.6410679817
74.9659042358 0.0000000000 0.0000000000 0.0000000000 0.0000000000 0.0000000000 -2.6602659225
76.2008209229 0.0000000000 0.0000000000 0.0000000000 0.0000000000 0.0000000000 -2.6796274185
77.3151016235 0.0000000000 0.0000000000 0.0000000000 0.0000000000 0.0000000000 -2.6989984512
78.4012222290 0.0000000000 0.0000000000 0.0000000000 0.0000000000 0.0000000000 -2.7182886600
79.5471572876 0.0000000000 0.0000000000 0.0000000000 0.0000000000 0.0000000000 -2.7374954224
80.8425521851 0.0000000000 0.0000000000 0.0000000000 0.0000000000 0.0000000000 -2.7567930222
82.2940521240 0.0000000000 0.0000000000 0.0000000000 0.0000000000 0.0000000000 -2.7761745453
83.8429183960 0.0000000000 0.0000000000 0.0000000000 0.0000000000 0.0000000000 -2.7954034805
85.3848876953 0.0000000000 0.0000000000 0.0000000000 0.0000000000 0.0000000000 -2.8143296242
86.9089431763 0.0000000000 0.0000000000 0.0000000000 0.0000000000 0.0000000000 -2.8329241276
88.4423446655 0.0000000000 0.0000000000 0.0000000000 0.0000000000 0.0000000000 -2.8511302471
89.9040222168 0.0000000000 0.0000000000 0.0000000000 0.0000000000 0.0000000000 -2.8689374924
91.1972045898 0.0000000000 0.0000000000 0.0000000000 0.0000000000 0.0000000000 -2.8862648010
92.3178329468 0.0000000000 0.0000000000 0.0000000000 0.0000000000 0.0000000000 -2.9032762051
93.3786468506 0.0000000000 0.0000000000 0.0000000000 0.0000000000 0.0000000000 -2.9198832512
94.5185852051 0.0000000000 0.0000000000 0.0000000000 0.0000000000 0.0000000000 -2.9361901283
95.7526168823 0.0000000000 0.0000000000 0.0000000000 0.0000000000 0.0000000000 -2.9523458481
97.0624923706 0.0000000000 0.0000000000 0.0000000000 0.0000000000 0.0000000000 -2.9684753418
98.4545593262 0.0000000000 0.0000000000 0.0000000000 0.0000000000 0.0000000000 -2.9845664501
99.9359283447 0.0000000000 0.0000000000 0.0000000000 0.0000000000 0.0000000000 -3.0006830692
101.4064254761 0.0000000000 0.0000000000 0.0000000000 0.0000000000 0.0000000000 -3.0168027878
102.7207565308 0.0000000000 0.0000000000 0.0000000000 0.0000000000 0.0000000000 -3.0331192017
103.8236389160 0.0000000000 0.0000000000 0.0000000000 0.0000000000 0.0000000000 -3.0498533249
104.8113174438 0.0000000000 0.0000000000 0.0000000000 0.0000000000 0.0000000000 -3.0670690536
105.8042755127 0.0000000000 0.0000000000 0.0000000000 0.0000000000 0.0000000000 -3.0846602917
106.8147735596 0.0000000000 0.0000000000 0.0000000000 0.0000000000 0.0000000000 -3.1020505428
107.7822875977 0.0000000000 0.0000000000 0.0000000000 0.0000000000 0.0000000000 -3.1187362671
108.8082199097 0.0000000000 0.0000000000 0.0000000000 0.0000000000 0.0000000000 -3.1347293854
109.9842987061 0.0000000000 0.0000000000 0.0000000000 0.0000000000 0.0000000000 -3.1502394676
111.1973953247 0.0000000000 0.0000000000 0.0000000000 0.0000000000 0.0000000000 -3.1651077271
112.4128875732 0.0000000000 0.0000000000 0.0000000000 0.0000000000 0.0000000000 -3.1794939041
113.7250900269 0.0000000000 0.0000000000 0.0000000000 0.0000000000 0.0000000000 -3.1935539246
114.9015502930 0.0000000000 0.0000000000 0.0000000000 0.0000000000 0.0000000000 -3.2073426247
116.0048522949 0.0000000000 0.0000000000 0.0000000000 0.0000000000 0.0000000000 -3.2207474709
117.1619720459 0.0000000000 0.0000000000 0.0000000000 0.0000000000 0.0000000000 -3.2339344025
118.1967163086 0.0000000000 0.0000000000 0.0000000000 0.0000000000 0.0000000000 -3.2470226288
119.3225250244 0.0000000000 0.0000000000 0.0000000000 0.0000000000 0.0000000000 -3.2597255707
120.6877746582 0.0000000000 0.0000000000 0.0000000000 0.0000000000 0.0000000000 -3.2722454071
121.9773025513 0.0000000000 0.0000000000 0.0000000000 0.0000000000 0.0000000000 -3.2845077515
123.3171386719 0.0000000000 0.0000000000 0.0000000000 0.0000000000 0.0000000000 -3.2964458466
124.7760391235 0.0000000000 0.0000000000 0.0000000000 0.0000000000 0.0000000000 -3.3082547188
126.1548767090 0.0000000000 0.0000000000 0.0000000000 0.0000000000 0.0000000000 -3.3198971748
127.4220428467 0.0000000000 0.0000000000 0.0000000000 0.0000000000 0.0000000000 -3.3313388824
128.6050567627 0.0000000000 0.0000000000 0.0000000000 0.0000000000 0.0000000000 -3.3426957130
129.6695556641 0.0000000000 0.0000000000 0.0000000000 0.0000000000 0.0000000000 -3.3539366722
130.6136169434 0.0000000000 0.0000000000 0.0000000000 0.0000000000 0.0000000000 -3.3650226593
131.5778198242 0.0000000000 0.0000000000 0.0000000000 0.0000000000 0.0000000000 -3.3759317398
132.6386260986 0.0000000000 0.0000000000 0.0000000000 0.0000000000 0.0000000000 -3.3866577148
133.7840423584 0.0000000000 0.0000000000 0.0000000000 0.0000000000 0.0000000000 -3.3972244263
135.0395965576 0.0000000000 0.0000000000 0.0000000000 0.0000000000 0.0000000000 -3.4077124596
136.4818115234 0.0000000000 0.0000000000 0.0000000000 0.0000000000 0.0000000000 -3.4182367325
138.0388183594 0.0000000000 0.0000000000 0.0000000000 0.0000000000 0.0000000000 -3.4288501740
139.6138000488 0.0000000000 0.0000000000 0.0000000000 0.0000000000 0.0000000000 -3.4395513535
141.1133880615 0.0000000000 0.0000000000 0.0000000000 0.0000000000 0.0000000000 -3.4502639771
142.5567016602 0.0000000000 0.0000000000 0.0000000000 0.0000000000 0.0000000000 -3.4608716965
143.7489929199 0.0000000000 0.0000000000 0.0000000000 0.0000000000 0.0000000000 -3.4712309837
144.7313232422 0.0000000000 0.0000000000 0.0000000000 0.0000000000 0.0000000000 -3.4813842773
145.6804504395 0.0000000000 0.0000000000 0.0000000000 0.0000000000 0.0000000000 -3.4914178848
146.6521301270 0.0000000000 0.0000000000 0.0000000000 0.0000000000 0.0000000000 -3.5014724731
147.6834259033 0.0000000000 0.0000000000 0.0000000000 0.0000000000 0.0000000000 -3.5115985870
148.9532165527 0.0000000000 0.0000000000 0.0000000000 0.0000000000 0.0000000000 -3.5217051506
150.3908386230 0.0000000000 0.0000000000 0.0000000000 0.0000000000 0.0000000000 -3.5316467285
151.8260345459 0.0000000000 0.0000000000 0.0000000000 0.0000000000 0.0000000000 -3.5413680077
153.2779693604 0.0000000000 0.0000000000 0.0000000000 0.0000000000 0.0000000000 -3.5506644249
154.5752105713 0.0000000000 0.0000000000 0.0000000000 0.0000000000 0.0000000000 -3.5593557358
155.5555114746 0.0000000000 0.0000000000 0.0000000000 0.0000000000 0.0000000000 -3.5675516129
156.3051147461 0.0000000000 0.0000000000 0.0000000000 0.0000000000 0.0000000000 -3.5753812790
156.9222412109 0.0000000000 0.0000000000 0.0000000000 0.0000000000 0.0000000000 -3.5829868317
157.4497833252 0.0000000000 0.0000000000 0.0000000000 0.0000000000 0.0000000000 -3.5904641151
158.0727081299 0.0000000000 0.0000000000 0.0000000000 0.0000000000 0.0000000000 -3.5978488922
158.7612152100 0.0000000000 0.0000000000 0.0000000000 0.0000000000 0.0000000000 -3.6051602364
159.4841613770 0.0000000000 0.0000000000 0.0000000000 0.0000000000 0.0000000000 -3.6123743057
160.1497650146 0.0000000000 0.0000000000 0.0000000000 0.0000000000 0.0000000000 -3.6195116043
160.7379150391 0.0000000000 0.0000000000 0.0000000000 0.0000000000 0.0000000000 -3.6265754700
161.1837921143 0.0000000000 0.0000000000 0.0000000000 0.0000000000 0.0000000000 -3.6335611343
161.4835052490 0.0000000000 0.0000000000 0.0000000000 0.0000000000 0.0000000000 -3.6404695511
161.7617797852 0.0000000000 0.0000000000 0.0000000000 0.0000000000 0.0000000000 -3.6472821236
162.0494689941 0.0000000000 0.0000000000 0.0000000000 0.0000000000 0.0000000000 -3.6540040970
162.3376159668 0.0000000000 0.0000000000 0.0000000000 0.0000000000 0.0000000000 -3.6606531143
162.7556152344 0.0000000000 0.0000000000 0.0000000000 0.0000000000 0.0000000000 -3.6672272682
163.3072967529 0.0000000000 0.0000000000 0.0000000000 0.0000000000 0.0000000000 -3.6737132072
163.8363189697 0.0000000000 0.0000000000 0.0000000000 0.0000000000 0.0000000000 -3.6801238060
164.4124603271 0.0000000000 0.0000000000 0.0000000000 0.0000000000 0.0000000000 -3.6864800453
164.9511566162 0.0000000000 0.0000000000 0.0000000000 0.0000000000 0.0000000000 -3.6927771568
165.4013214111 0.0000000000 0.0000000000 0.0000000000 0.0000000000 0.0000000000 -3.6990380287
165.8529510498 0.0000000000 0.0000000000 0.0000000000 0.0000000000 0.0000000000 -3.7052383423
166.4207611084 0.0000000000 0.0000000000 0.0000000000 0.0000000000 0.0000000000 -3.7114162445
167.0214080811 0.0000000000 0.0000000000 0.0000000000 0.0000000000 0.0000000000 -3.7175879478
167.7217254639 0.0000000000 0.0000000000 0.0000000000 0.0000000000 0.0000000000 -3.7237734795
168.6186828613 0.0000000000 0.0000000000 0.0000000000 0.0000000000 0.0000000000 -3.7299475670
169.4526214600 0.0000000000 0.0000000000 0.0000000000 0.0000000000 0.0000000000 -3.7360534668
170.1051940918 0.0000000000 0.0000000000 0.0000000000 0.0000000000 0.0000000000 -3.7421011925
170.7637329102 0.0000000000 0.0000000000 0.0000000000 0.0000000000 0.0000000000 -3.7481136322
171.3576049805 0.0000000000 0.0000000000 0.0000000000 0.0000000000 0.0000000000 -3.7540779114
171.8681182861 0.0000000000 0.0000000000 0.0000000000 0.0000000000 0.0000000000 -3.7599825859
172.4344177246 0.0000000000 0.0000000000 0.0000000000 0.0000000000 0.0000000000 -3.7658195496
173.1423645020 0.0000000000 0.0000000000 0.0000000000 0.0000000000 0.0000000000 -3.7716116905
173.8193664551 0.0000000000 0.0000000000 0.0000000000 0.0000000000 0.0000000000 -3.7773633003
174.4029693604 0.0000000000 0.0000000000 0.0000000000 0.0000000000 0.0000000000 -3.7830562592
174.9697418213 0.0000000000 0.0000000000 0.0000000000 0.0000000000 0.0000000000 -3.7887001038
175.4065399170 0.0000000000 0.0000000000 0.0000000000 0.0000000000 0.0000000000 -3.7943019867
175.5766601562 0.0000000000 0.0000000000 0.0000000000 0.0000000000 0.0000000000 -3.7998609543
175.9274139404 0.0000000000 0.0000000000 0.0000000000 0.0000000000 0.0000000000 -3.8053808212
176.2675781250 0.0000000000 0.0000000000 0.0000000000 0.0000000000 0.0000000000 -3.8108167648
176.5635528564 0.0000000000 0.0000000000 0.0000000000 0.0000000000 0.0000000000 -3.8162240982
177.0952911377 0.0000000000 0.0000000000 0.0000000000 0.0000000000 0.0000000000 -3.8215818405
177.5550994873 0.0000000000 0.0000000000 0.0000000000 0.0000000000 0.0000000000 -3.8268885612
177.8637542725 0.0000000000 0.0000000000 0.0000000000 0.0000000000 0.0000000000 -3.8321642876
178.2957611084 0.0000000000 0.0000000000 0.0000000000 0.0000000000 0.0000000000 -3.8374252319
178.3546142578 0.0000000000 0.0000000000 0.0000000000 0.0000000000 0.0000000000 -3.8427090645
178.7257843018 0.0000000000 0.0000000000 0.0000000000 0.0000000000 0.0000000000 -3.8480305672
178.9632415771 0.0000000000 0.0000000000 0.0000000000 0.0000000000 0.0000000000 -3.8534617424
179.4491882324 0.0000000000 0.0000000000 0.0000000000 0.0000000000 0.0000000000 -3.8590059280
180.1594085693 0.0000000000 0.0000000000 0.0000000000 0.0000000000 0.0000000000 -3.8647027016
180.7885131836 0.0000000000 0.0000000000 0.0000000000 0.0000000000 0.0000000000 -3.8705577850
181.7192382812 0.0000000000 0.0000000000 0.0000000000 0.0000000000 0.0000000000 -3.8765473366
182.3730163574 0.0000000000 0.0000000000 0.0000000000 0.0000000000 0.0000000000 -3.8825550079
183.0729522705 0.0000000000 0.0000000000 0.0000000000 0.0000000000 0.0000000000 -3.8885126114
183.5917205811 0.0000000000 0.0000000000 0.0000000000 0.0000000000 0.0000000000 -3.8943243027
184.0340881348 0.0000000000 0.0000000000 0.0000000000 0.0000000000 0.0000000000 -3.8999261856
184.5662994385 0.0000000000 0.0000000000 0.0000000000 0.0000000000 0.0000000000 -3.9053821564
184.9485931396 0.0000000000 0.0000000000 0.0000000000 0.0000000000 0.0000000000 -3.9106693268
185.4754791260 0.0000000000 0.0000000000 0.0000000000 0.0000000000 0.0000000000 -3.9157919884
185.8260040283 0.0000000000 0.0000000000 0.0000000000 0.0000000000 0.0000000000 -3.9207420349
186.2710113525 0.0000000000 0.0000000000 0.0000000000 0.0000000000 0.0000000000 -3.9255666733
186.6771545410 0.0000000000 0.0000000000 0.0000000000 0.0000000000 0.0000000000 -3.9302697182
186.9000396729 0.0000000000 0.0000000000 0.0000000000 0.0000000000 0.0000000000 -3.9348387718
187.1876068115 0.0000000000 0.0000000000 0.0000000000 0.0000000000 0.0000000000 -3.9392948151
187.5811157227 0.0000000000 0.0000000000 0.0000000000 0.0000000000 0.0000000000 -3.9436917305
187.8958282471 0.0000000000 0.0000000000 0.0000000000 0.0000000000 0.0000000000 -3.9480280876
188.2220001221 0.0000000000 0.0000000000 0.0000000000 0.0000000000 0.0000000000 -3.9523220062
188.5493164062 0.0000000000 0.0000000000 0.0000000000 0.0000000000 0.0000000000 -3.9565639496
188.8826751709 0.0000000000 0.0000000000 0.0000000000 0.0000000000 0.0000000000 -3.9607815742
189.1846923828 0.0000000000 0.0000000000 0.0000000000 0.0000000000 0.0000000000 -3.9649729729
189.4968414307 0.0000000000 0.0000000000 0.0000000000 0.0000000000 0.0000000000 -3.9691476822
189.7827148438 0.0000000000 0.0000000000 0.0000000000 0.0000000000 0.0000000000 -3.9733047485
190.1421966553 0.0000000000 0.0000000000 0.0000000000 0.0000000000 0.0000000000 -3.9774279594
190.5275878906 0.0000000000 0.0000000000 0.0000000000 0.0000000000 0.0000000000 -3.9815249443
190.9330139160 0.0000000000 0.0000000000 0.0000000000 0.0000000000 0.0000000000 -3.9856061935
191.3331146240 0.0000000000 0.0000000000 0.0000000000 0.0000000000 0.0000000000 -3.9896678925
191.7836456299 0.0000000000 0.0000000000 0.0000000000 0.0000000000 0.0000000000 -3.9937124252
192.0589752197 0.0000000000 0.0000000000 0.0000000000 0.0000000000 0.0000000000 -3.9977607727
192.6021423340 0.0000000000 0.0000000000 0.0000000000 0.0000000000 0.0000000000 -4.0018172264
192.9782409668 0.0000000000 0.0000000000 0.0000000000 0.0000000000 0.0000000000 -4.0058541298
193.4893646240 0.0000000000 0.0000000000 0.0000000000 0.0000000000 0.0000000000 -4.0098729134
193.9734344482 0.0000000000 0.0000000000 0.0000000000 0.0000000000 0.0000000000 -4.0139045715
194.4523925781 0.0000000000 0.0000000000 0.0000000000 0.0000000000 0.0000000000 -4.0179190636
194.9620819092 0.0000000000 0.0000000000 0.0000000000 0.0000000000 0.0000000000 -4.0219120979
195.4137268066 0.0000000000 0.0000000000 0.0000000000 0.0000000000 0.0000000000 -4.0258660316
196.0123291016 0.0000000000 0.0000000000 0.0000000000 0.0000000000 0.0000000000 -4.0298070908
196.5934600830 0.0000000000 0.0000000000 0.0000000000 0.0000000000 0.0000000000 -4.0337162018
197.2157745361 0.0000000000 0.0000000000 0.0000000000 0.0000000000 0.0000000000 -4.0375957489
197.8787231445 0.0000000000 0.0000000000 0.0000000000 0.0000000000 0.0000000000 -4.0414519310
198.4289245605 0.0000000000 0.0000000000 0.0000000000 0.0000000000 0.0000000000 -4.0453166962
198.9886016846 0.0000000000 0.0000000000 0.0000000000 0.0000000000 0.0000000000 -4.0491800308
199.6199645996 0.0000000000 0.0000000000 0.0000000000 0.0000000000 0.0000000000 -4.0530576706
200.2592163086 0.0000000000 0.0000000000 0.0000000000 0.0000000000 0.0000000000 -4.0569453239
200.9274291992 0.0000000000 0.0000000000 0.0000000000 0.0000000000 0.0000000000 -4.0608286858
201.5699920654 0.0000000000 0.0000000000 0.0000000000 0.0000000000 0.0000000000 -4.0647249222
202.1484985352 0.0000000000 0.0000000000 0.0000000000 0.0000000000 0.0000000000 -4.0686578751
202.6714477539 0.0000000000 0.0000000000 0.0000000000 0.0000000000 0.0000000000 -4.0726122856
203.1882171631 0.0000000000 0.0000000000 0.0000000000 0.0000000000 0.0000000000 -4.0765318871
203.7091827393 0.0000000000 0.0000000000 0.0000000000 0.0000000000 0.0000000000 -4.0804133415
204.1978302002 0.0000000000 0.0000000000 0.0000000000 0.0000000000 0.0000000000 -4.0842638016
204.6656646729 0.0000000000 0.0000000000 0.0000000000 0.0000000000 0.0000000000 -4.0880837440
205.1852264404 0.0000000000 0.0000000000 0.0000000000 0.0000000000 0.0000000000 -4.0918579102
205.4988861084 0.0000000000 0.0000000000 0.0000000000 0.0000000000 0.0000000000 -4.0956029892
205.8104705811 0.0000000000 0.0000000000 0.0000000000 0.0000000000 0.0000000000 -4.0993347168
206.1820373535 0.0000000000 0.0000000000 0.0000000000 0.0000000000 0.0000000000 -4.1030378342
206.3994598389 0.0000000000 0.0000000000 0.0000000000 0.0000000000 0.0000000000 -4.1067123413
206.7901000977 0.0000000000 0.0000000000 0.0000000000 0.0000000000 0.0000000000 -4.1103653908
207.0720825195 0.0000000000 0.0000000000 0.0000000000 0.0000000000 0.0000000000 -4.1139945984
207.1513214111 0.0000000000 0.0000000000 0.0000000000 0.0000000000 0.0000000000 -4.1175837517
207.3679504395 0.0000000000 0.0000000000 0.0000000000 0.0000000000 0.0000000000 -4.1211528778
207.6640930176 0.0000000000 0.0000000000 0.0000000000 0.0000000000 0.0000000000 -4.1246862411
207.6914672852 0.0000000000 0.0000000000 0.0000000000 0.0000000000 0.0000000000 -4.1282091141
207.8845520020 0.0000000000 0.0000000000 0.0000000000 0.0000000000 0.0000000000 -4.1316843033
208.2573394775 0.0000000000 0.0000000000 0.0000000000 0.0000000000 0.0000000000 -4.1351232529
208.2627258301 0.0000000000 0.0000000000 0.0000000000 0.0000000000 0.0000000000 -4.1385455132
208.1663208008 0.0000000000 0.0000000000 0.0000000000 0.0000000000 0.0000000000 -4.1419396400
208.2536773682 0.0000000000 0.0000000000 0.0000000000 0.0000000000 0.0000000000 -4.1453142166
208.1934356689 0.0000000000 0.0000000000 0.0000000000 0.0000000000 0.0000000000 -4.1486501694
208.0057830811 0.0000000000 0.0000000000 0.0000000000 0.0000000000 0.0000000000 -4.1519651413
208.0914459229 0.0000000000 0.0000000000 0.0000000000 0.0000000000 0.0000000000 -4.1552610397
208.2542266846 0.0000000000 0.0000000000 0.0000000000 0.0000000000 0.0000000000 -4.1585226059
208.1478729248 0.0000000000 0.0000000000 0.0000000000 0.0000000000 0.0000000000 -4.1617665291
208.3680419922 0.0000000000 0.0000000000 0.0000000000 0.0000000000 0.0000000000 -4.1649951935
208.6617431641 0.0000000000 0.0000000000 0.0000000000 0.0000000000 0.0000000000 -4.1681952477
208.7662048340 0.0000000000 0.0000000000 0.0000000000 0.0000000000 0.0000000000 -4.1713767052
209.0735778809 0.0000000000 0.0000000000 0.0000000000 0.0000000000 0.0000000000 -4.1745462418
209.4003906250 0.0000000000 0.0000000000 0.0000000000 0.0000000000 0.0000000000 -4.1776852608
209.5326690674 0.0000000000 0.0000000000 0.0000000000 0.0000000000 0.0000000000 -4.1808176041
209.7282409668 0.0000000000 0.0000000000 0.0000000000 0.0000000000 0.0000000000 -4.1839237213
209.9543151855 0.0000000000 0.0000000000 0.0000000000 0.0000000000 0.0000000000 -4.1869983673
210.1202087402 0.0000000000 0.0000000000 0.0000000000 0.0000000000 0.0000000000 -4.1900749207
210.4369354248 0.0000000000 0.0000000000 0.0000000000 0.0000000000 0.0000000000 -4.1931247711
210.8215179443 0.0000000000 0.0000000000 0.0000000000 0.0000000000 0.0000000000 -4.1961622238
211.0347595215 0.0000000000 0.0000000000 0.0000000000 0.0000000000 0.0000000000 -4.1991939545
211.3818817139 0.0000000000 0.0000000000 0.0000000000 0.0000000000 0.0000000000 -4.2022056580
211.7075653076 0.0000000000 0.0000000000 0.0000000000 0.0000000000 0.0000000000 -4.2052044868
212.0487365723 0.0000000000 0.0000000000 0.0000000000 0.0000000000 0.0000000000 -4.2081842422
212.3353729248 0.0000000000 0.0000000000 0.0000000000 0.0000000000 0.0000000000 -4.2111458778
212.6450500488 0.0000000000 0.0000000000 0.0000000000 0.0000000000 0.0000000000 -4.2140922546
212.9148864746 0.0000000000 0.0000000000 0.0000000000 0.0000000000 0.0000000000 -4.2170243263
213.2193145752 0.0000000000 0.0000000000 0.0000000000 0.0000000000 0.0000000000 -4.2199397087
213.7250518799 0.0000000000 0.0000000000 0.0000000000 0.0000000000 0.0000000000 -4.2228379250
214.0150451660 0.0000000000 0.0000000000 0.0000000000 0.0000000000 0.0000000000 -4.2257213593
214.6147613525 0.0000000000 0.0000000000 0.0000000000 0.0000000000 0.0000000000 -4.2285928726
214.7881469727 0.0000000000 0.0000000000 0.0000000000 0.0000000000 0.0000000000 -4.2314510345
214.9986267090 0.0000000000 0.0000000000 0.0000000000 0.0000000000 0.0000000000 -4.2342882156
215.1626739502 0.0000000000 0.0000000000 0.0000000000 0.0000000000 0.0000000000 -4.2371068001
215.3649444580 0.0000000000 0.0000000000 0.0000000000 0.0000000000 0.0000000000 -4.2399072647
215.7491912842 0.0000000000 0.0000000000 0.0000000000 0.0000000000 0.0000000000 -4.2427005768
216.0013580322 0.0000000000 0.0000000000 0.0000000000 0.0000000000 0.0000000000 -4.2454695702
216.5181427002 0.0000000000 0.0000000000 0.0000000000 0.0000000000 0.0000000000 -4.2482218742
216.5089874268 0.0000000000 0.0000000000 0.0000000000 0.0000000000 0.0000000000 -4.2509570122
217.0981903076 0.0000000000 0.0000000000 0.0000000000 0.0000000000 0.0000000000 -4.2536821365
216.8711090088 0.0000000000 0.0000000000 0.0000000000 0.0000000000 0.0000000000 -4.2563667297
217.7101593018 0.0000000000 0.0000000000 0.0000000000 0.0000000000 0.0000000000 -4.2590489388
217.1830596924 0.0000000000 0.0000000000 0.0000000000 0.0000000000 0.0000000000 -4.2616891861
218.2077636719 0.0000000000 0.0000000000 0.0000000000 0.0000000000 0.0000000000 -4.2644233704
217.8399047852 0.0000000000 0.0000000000 0.0000000000 0.0000000000 0.0000000000 -4.2671203613
218.5207214355 0.0000000000 0.0000000000 0.0000000000 0.0000000000 0.0000000000 -4.2698202133
218.3931427002 0.0000000000 0.0000000000 0.0000000000 0.0000000000 0.0000000000 -4.2724900246
218.8105316162 0.0000000000 0.0000000000 0.0000000000 0.0000000000 0.0000000000 -4.2751331329
218.6952972412 0.0000000000 0.0000000000 0.0000000000 0.0000000000 0.0000000000 -4.2777557373
219.4216613770 0.0000000000 0.0000000000 0.0000000000 0.0000000000 0.0000000000 -4.2803421021
218.9441833496 0.0000000000 0.0000000000 0.0000000000 0.0000000000 0.0000000000 -4.2828741074
220.2373809814 0.0000000000 0.0000000000 0.0000000000 0.0000000000 0.0000000000 -4.2854890823
219.5083465576 0.0000000000 0.0000000000 0.0000000000 0.0000000000 0.0000000000 -4.2880287170
220.8247528076 0.0000000000 0.0000000000 0.0000000000 0.0000000000 0.0000000000 -4.2907423973
220.3227081299 0.0000000000 0.0000000000 0.0000000000 0.0000000000 0.0000000000 -4.2933750153
221.0575866699 0.0000000000 0.0000000000 0.0000000000 0.0000000000 0.0000000000 -4.2960128784
220.9095764160 0.0000000000 0.0000000000 0.0000000000 0.0000000000 0.0000000000 -4.2986192703
221.2837371826 0.0000000000 0.0000000000 0.0000000000 0.0000000000 0.0000000000 -4.3011875153
221.4907836914 0.0000000000 0.0000000000 0.0000000000 0.0000000000 0.0000000000 -4.3037362099
221.8067321777 0.0000000000 0.0000000000 0.0000000000 0.0000000000 0.0000000000 -4.3062791824
222.1534576416 0.0000000000 0.0000000000 0.0000000000 0.0000000000 0.0000000000 -4.3088150024
222.3393096924 0.0000000000 0.0000000000 0.0000000000 0.0000000000 0.0000000000 -4.3113341331
222.7935943604 0.0000000000 0.0000000000 0.0000000000 0.0000000000 0.0000000000 -4.3138418198
222.6734924316 0.0000000000 0.0000000000 0.0000000000 0.0000000000 0.0000000000 -4.3163175583
223.5525207520 0.0000000000 0.0000000000 0.0000000000 0.0000000000 0.0000000000 -4.3187446594
222.6619262695 0.0000000000 0.0000000000 0.0000000000 0.0000000000 0.0000000000 -4.3210606575
224.3697662354 0.0000000000 0.0000000000 0.0000000000 0.0000000000 0.0000000000 -4.3234691620
223.1953277588 0.0000000000 0.0000000000 0.0000000000 0.0000000000 0.0000000000 -4.3260250092
224.5115661621 0.0000000000 0.0000000000 0.0000000000 0.0000000000 0.0000000000 -4.3286819458
224.4637451172 0.0000000000 0.0000000000 0.0000000000 0.0000000000 0.0000000000 -4.3311901093
224.3905792236 0.0000000000 0.0000000000 0.0000000000 0.0000000000 0.0000000000 -4.3335905075
225.2454223633 0.0000000000 0.0000000000 0.0000000000 0.0000000000 0.0000000000 -4.3359198570
224.2967529297 0.0000000000 0.0000000000 0.0000000000 0.0000000000 0.0000000000 -4.3382148743
225.8016510010 0.0000000000 0.0000000000 0.0000000000 0.0000000000 0.0000000000 -4.3407201767
225.1825714111 0.0000000000 0.0000000000 0.0000000000 0.0000000000 0.0000000000 -4.3431987762
226.0121917725 0.0000000000 0.0000000000 0.0000000000 0.0000000000 0.0000000000 -4.3456664085
226.2144775391 0.0000000000 0.0000000000 0.0000000000 0.0000000000 0.0000000000 -4.3480558395
226.1063232422 0.0000000000 0.0000000000 0.0000000000 0.0000000000 0.0000000000 -4.3503704071
227.0206451416 0.0000000000 0.0000000000 0.0000000000 0.0000000000 0.0000000000 -4.3526620865
226.1828002930 0.0000000000 0.0000000000 0.0000000000 0.0000000000 0.0000000000 -4.3548994064
227.5662994385 0.0000000000 0.0000000000 0.0000000000 0.0000000000 0.0000000000 -4.3573207855
227.0178985596 0.0000000000 0.0000000000 0.0000000000 0.0000000000 0.0000000000 -4.3597068787
227.7295684814 0.0000000000 0.0000000000 0.0000000000 0.0000000000 0.0000000000 -4.3620719910
227.7411499023 0.0000000000 0.0000000000 0.0000000000 0.0000000000 0.0000000000 -4.3643946648
227.7757720947 0.0000000000 0.0000000000 0.0000000000 0.0000000000 0.0000000000 -4.3666772842
228.5015106201 0.0000000000 0.0000000000 0.0000000000 0.0000000000 0.0000000000 -4.3689050674
227.6953277588 0.0000000000 0.0000000000 0.0000000000 0.0000000000 0.0000000000 -4.3710703850
229.0013580322 0.0000000000 0.0000000000 0.0000000000 0.0000000000 0.0000000000 -4.3733930588
228.3609619141 0.0000000000 0.0000000000 0.0000000000 0.0000000000 0.0000000000 -4.3757362366
229.0624847412 0.0000000000 0.0000000000 0.0000000000 0.0000000000 0.0000000000 -4.3780455589
229.1192779541 0.0000000000 0.0000000000 0.0000000000 0.0000000000 0.0000000000 -4.3803143501
229.1466979980 0.0000000000 0.0000000000 0.0000000000 0.0000000000 0.0000000000 -4.3825387955
230.0235443115 0.0000000000 0.0000000000 0.0000000000 0.0000000000 0.0000000000 -4.3847055435
229.2272338867 0.0000000000 0.0000000000 0.0000000000 0.0000000000 0.0000000000 -4.3868389130
230.6524658203 0.0000000000 0.0000000000 0.0000000000 0.0000000000 0.0000000000 -4.3891096115
230.0508728027 0.0000000000 0.0000000000 0.0000000000 0.0000000000 0.0000000000 -4.3914346695
230.5245208740 0.0000000000 0.0000000000 0.0000000000 0.0000000000 0.0000000000 -4.3936891556
230.9519042969 0.0000000000 0.0000000000 0.0000000000 0.0000000000 0.0000000000 -4.3958797455
230.7333526611 0.0000000000 0.0000000000 0.0000000000 0.0000000000 0.0000000000 -4.3980774879
231.3726654053 0.0000000000 0.0000000000 0.0000000000 0.0000000000 0.0000000000 -4.4002866745
231.3682403564 0.0000000000 0.0000000000 0.0000000000 0.0000000000 0.0000000000 -4.4025068283
231.3733367920 0.0000000000 0.0000000000 0.0000000000 0.0000000000 0.0000000000 -4.4047012329
231.9830017090 0.0000000000 0.0000000000 0.0000000000 0.0000000000 0.0000000000 -4.4068870544
231.6479034424 0.0000000000 0.0000000000 0.0000000000 0.0000000000 0.0000000000 -4.4091072083
232.1325225830 0.0000000000 0.0000000000 0.0000000000 0.0000000000 0.0000000000 -4.4113368988
232.1676177979 0.0000000000 0.0000000000 0.0000000000 0.0000000000 0.0000000000 -4.4135580063
232.0529479980 0.0000000000 0.0000000000 0.0000000000 0.0000000000 0.0000000000 -4.4157614708
232.5180206299 0.0000000000 0.0000000000 0.0000000000 0.0000000000 0.0000000000 -4.4179687500
232.2440643311 0.0000000000 0.0000000000 0.0000000000 0.0000000000 0.0000000000 -4.4201874733
232.7240905762 0.0000000000 0.0000000000 0.0000000000 0.0000000000 0.0000000000 -4.4224319458
232.8901977539 0.0000000000 0.0000000000 0.0000000000 0.0000000000 0.0000000000 -4.4246883392
233.0268859863 0.0000000000 0.0000000000 0.0000000000 0.0000000000 0.0000000000 -4.4269423485
233.5291137695 0.0000000000 0.0000000000 0.0000000000 0.0000000000 0.0000000000 -4.4291820526
233.2116851807 0.0000000000 0.0000000000 0.0000000000 0.0000000000 0.0000000000 -4.4314117432
233.7498474121 0.0000000000 0.0000000000 0.0000000000 0.0000000000 0.0000000000 -4.4336299896
233.4019470215 0.0000000000 0.0000000000 0.0000000000 0.0000000000 0.0000000000 -4.4358301163
233.7935791016 0.0000000000 0.0000000000 0.0000000000 0.0000000000 0.0000000000 -4.4379882812
234.0005798340 0.0000000000 0.0000000000 0.0000000000 0.0000000000 0.0000000000 -4.4401102066
234.0958251953 0.0000000000 0.0000000000 0.0000000000 0.0000000000 0.0000000000 -4.4422154427
234.5795288086 0.0000000000 0.0000000000 0.0000000000 0.0000000000 0.0000000000 -4.4443211555
234.5368041992 0.0000000000 0.0000000000 0.0000000000 0.0000000000 0.0000000000 -4.4464340210
234.9877166748 0.0000000000 0.0000000000 0.0000000000 0.0000000000 0.0000000000 -4.4485526085
235.0774841309 0.0000000000 0.0000000000 0.0000000000 0.0000000000 0.0000000000 -4.4506745338
235.2520446777 0.0000000000 0.0000000000 0.0000000000 0.0000000000 0.0000000000 -4.4527969360
235.8435058594 0.0000000000 0.0000000000 0.0000000000 0.0000000000 0.0000000000 -4.4549121857
235.7842254639 0.0000000000 0.0000000000 0.0000000000 0.0000000000 0.0000000000 -4.4570455551
236.2945556641 0.0000000000 0.0000000000 0.0000000000 0.0000000000 0.0000000000 -4.4591774940
236.2388305664 0.0000000000 0.0000000000 0.0000000000 0.0000000000 0.0000000000 -4.4613099098
236.5160217285 0.0000000000 0.0000000000 0.0000000000 0.0000000000 0.0000000000 -4.4634351730
236.4969329834 0.0000000000 0.0000000000 0.0000000000 0.0000000000 0.0000000000 -4.4655637741
236.9356384277 0.0000000000 0.0000000000 0.0000000000 0.0000000000 0.0000000000 -4.4676866531
236.8862762451 0.0000000000 0.0000000000 0.0000000000 0.0000000000 0.0000000000 -4.4698143005
