#         COST_U        COST_H      COST_D       COST_S       REGU_H       REGU_S          HPO           COSTGLEN 
34.0652999878 0.0000000000 0.0000000000 0.0000000000 30.9889297485 0.0000000000 -0.2579591274
25.6604137421 0.0000000000 0.0000000000 0.1098135114 30.4446372986 0.0000000000 -0.2810721993
21.1336765289 0.0000000000 0.0000000000 0.3579574227 30.0293235779 0.0000000000 -0.2951799035
19.3571147919 0.0000000000 0.0000000000 0.6693078876 29.6752700806 0.0000000000 -0.2920225859
18.9289360046 0.0000000000 0.0000000000 0.9797981381 29.3745708466 0.0000000000 -0.2830113769
18.9034576416 0.0000000000 0.0000000000 1.2538551092 29.1182823181 0.0000000000 -0.2753057182
18.9466800690 0.0000000000 0.0000000000 1.4769147635 28.8784160614 0.0000000000 -0.2698790729
18.9457435608 0.0000000000 0.0000000000 1.6479650736 28.6694107056 0.0000000000 -0.2657734156
18.8086452484 0.0000000000 0.0000000000 1.7722747326 28.4784336090 0.0000000000 -0.2628873587
18.5005359650 0.0000000000 0.0000000000 1.8561308384 28.3168754578 0.0000000000 -0.2614561021
18.0644836426 0.0000000000 0.0000000000 1.9054515362 28.1813411713 0.0000000000 -0.2614074945
17.5922832489 0.0000000000 0.0000000000 1.9251800776 28.0757961273 0.0000000000 -0.2621368766
17.1916389465 0.0000000000 0.0000000000 1.9197828770 27.9892997742 0.0000000000 -0.2628633976
16.9140110016 0.0000000000 0.0000000000 1.8928915262 27.9187450409 0.0000000000 -0.2629857957
16.7077350616 0.0000000000 0.0000000000 1.8485382795 27.8551063538 0.0000000000 -0.2623558342
16.4572582245 0.0000000000 0.0000000000 1.7912815809 27.7849330902 0.0000000000 -0.2612170875
16.1078834534 0.0000000000 0.0000000000 1.7265918255 27.7067680359 0.0000000000 -0.2597242594
15.7104415894 0.0000000000 0.0000000000 1.6597652435 27.6261043549 0.0000000000 -0.2577291131
15.3751659393 0.0000000000 0.0000000000 1.5954316854 27.5268402100 0.0000000000 -0.2549091876
15.1361503601 0.0000000000 0.0000000000 1.5371369123 27.4242420197 0.0000000000 -0.2520804405
14.9451112747 0.0000000000 0.0000000000 1.4873372316 27.3044834137 0.0000000000 -0.2497135997
14.7221107483 0.0000000000 0.0000000000 1.4470759630 27.1596031189 0.0000000000 -0.2477032244
14.4103116989 0.0000000000 0.0000000000 1.4159437418 26.9934101105 0.0000000000 -0.2459714115
14.0222816467 0.0000000000 0.0000000000 1.3916739225 26.8213729858 0.0000000000 -0.2442564368
13.6553544998 0.0000000000 0.0000000000 1.3707865477 26.6569404602 0.0000000000 -0.2425702810
13.4098758698 0.0000000000 0.0000000000 1.3500167131 26.4909992218 0.0000000000 -0.2407635450
13.3384695053 0.0000000000 0.0000000000 1.3271574974 26.3321056366 0.0000000000 -0.2390460074
13.4068222046 0.0000000000 0.0000000000 1.3011872768 26.1776790619 0.0000000000 -0.2373833060
13.5150966644 0.0000000000 0.0000000000 1.2722538710 26.0277290344 0.0000000000 -0.2356948256
13.5499143600 0.0000000000 0.0000000000 1.2405922413 25.8835716248 0.0000000000 -0.2342427075
13.4458475113 0.0000000000 0.0000000000 1.2066283226 25.7471160889 0.0000000000 -0.2330059409
13.2081079483 0.0000000000 0.0000000000 1.1713169813 25.6157341003 0.0000000000 -0.2321324348
12.9038219452 0.0000000000 0.0000000000 1.1351082325 25.4996471405 0.0000000000 -0.2313704789
12.6124906540 0.0000000000 0.0000000000 1.0986378193 25.3952121735 0.0000000000 -0.2307630777
12.3880596161 0.0000000000 0.0000000000 1.0624237061 25.2899608612 0.0000000000 -0.2302322984
12.2350177765 0.0000000000 0.0000000000 1.0267847776 25.1847515106 0.0000000000 -0.2297803164
12.1193065643 0.0000000000 0.0000000000 0.9921364188 25.0808963776 0.0000000000 -0.2293818593
11.9945697784 0.0000000000 0.0000000000 0.9589416385 24.9789161682 0.0000000000 -0.2288531661
11.8262634277 0.0000000000 0.0000000000 0.9279049635 24.8769721985 0.0000000000 -0.2281965315
11.6149549484 0.0000000000 0.0000000000 0.8995028734 24.7710647583 0.0000000000 -0.2274061739
11.3929719925 0.0000000000 0.0000000000 0.8741374612 24.6675605774 0.0000000000 -0.2265886664
11.1924524307 0.0000000000 0.0000000000 0.8518018723 24.5584583282 0.0000000000 -0.2257072031
11.0285577774 0.0000000000 0.0000000000 0.8324977160 24.4524955750 0.0000000000 -0.2248098254
10.8934326172 0.0000000000 0.0000000000 0.8161330223 24.3467216492 0.0000000000 -0.2237517238
10.7717533112 0.0000000000 0.0000000000 0.8026815653 24.2397975922 0.0000000000 -0.2228194773
10.6616601944 0.0000000000 0.0000000000 0.7919273376 24.1321582794 0.0000000000 -0.2218594849
10.5727996826 0.0000000000 0.0000000000 0.7833273411 24.0254402161 0.0000000000 -0.2209415436
10.5161409378 0.0000000000 0.0000000000 0.7763794065 23.9232559204 0.0000000000 -0.2200538814
10.4825086594 0.0000000000 0.0000000000 0.7703810930 23.8282012939 0.0000000000 -0.2191768885
10.4467039108 0.0000000000 0.0000000000 0.7647936940 23.7399711609 0.0000000000 -0.2185887992
10.3809862137 0.0000000000 0.0000000000 0.7590413690 23.6558952332 0.0000000000 -0.2180123925
10.2725915909 0.0000000000 0.0000000000 0.7528503537 23.5741672516 0.0000000000 -0.2175041437
10.1330595016 0.0000000000 0.0000000000 0.7460449934 23.4931755066 0.0000000000 -0.2170412540
9.9933614731 0.0000000000 0.0000000000 0.7381927371 23.4121837616 0.0000000000 -0.2167017162
9.8786144257 0.0000000000 0.0000000000 0.7290900946 23.3306198120 0.0000000000 -0.2164593935
9.7943487167 0.0000000000 0.0000000000 0.7187681794 23.2487087250 0.0000000000 -0.2162552774
9.7220420837 0.0000000000 0.0000000000 0.7076879740 23.1672382355 0.0000000000 -0.2160658836
9.6289672852 0.0000000000 0.0000000000 0.6962096095 23.0858879089 0.0000000000 -0.2158960998
9.4957513809 0.0000000000 0.0000000000 0.6846393347 23.0013885498 0.0000000000 -0.2157690823
9.3288879395 0.0000000000 0.0000000000 0.6729332209 22.9161338806 0.0000000000 -0.2156668305
9.1572828293 0.0000000000 0.0000000000 0.6614888310 22.8307552338 0.0000000000 -0.2154729962
9.0063343048 0.0000000000 0.0000000000 0.6506552100 22.7465324402 0.0000000000 -0.2153116465
8.8877925873 0.0000000000 0.0000000000 0.6407030225 22.6616420746 0.0000000000 -0.2151278853
8.7967672348 0.0000000000 0.0000000000 0.6317368746 22.5768737793 0.0000000000 -0.2149028182
8.7164850235 0.0000000000 0.0000000000 0.6237885356 22.4931812286 0.0000000000 -0.2146851122
8.6324176788 0.0000000000 0.0000000000 0.6169097424 22.4110527039 0.0000000000 -0.2144834399
8.5387353897 0.0000000000 0.0000000000 0.6107478142 22.3308658600 0.0000000000 -0.2142378092
8.4415054321 0.0000000000 0.0000000000 0.6047710180 22.2549362183 0.0000000000 -0.2140495181
8.3483343124 0.0000000000 0.0000000000 0.5986374617 22.1814651489 0.0000000000 -0.2138811946
8.2637872696 0.0000000000 0.0000000000 0.5923460722 22.1108150482 0.0000000000 -0.2137480676
8.1844406128 0.0000000000 0.0000000000 0.5856651068 22.0427188873 0.0000000000 -0.2136494219
8.1116437912 0.0000000000 0.0000000000 0.5786222816 21.9748439789 0.0000000000 -0.2135372460
8.0457544327 0.0000000000 0.0000000000 0.5713065267 21.9059753418 0.0000000000 -0.2134643495
7.9832787514 0.0000000000 0.0000000000 0.5636169910 21.8377113342 0.0000000000 -0.2134630382
7.9218807220 0.0000000000 0.0000000000 0.5557255745 21.7707271576 0.0000000000 -0.2134784758
7.8562250137 0.0000000000 0.0000000000 0.5476073623 21.7055759430 0.0000000000 -0.2135277987
7.7822895050 0.0000000000 0.0000000000 0.5395345092 21.6413288116 0.0000000000 -0.2135788798
7.6981272697 0.0000000000 0.0000000000 0.5316712856 21.5781841278 0.0000000000 -0.2137076259
7.6085252762 0.0000000000 0.0000000000 0.5240163207 21.5134048462 0.0000000000 -0.2138169408
7.5197281837 0.0000000000 0.0000000000 0.5166979432 21.4475841522 0.0000000000 -0.2139774263
7.4408736229 0.0000000000 0.0000000000 0.5096623302 21.3830223083 0.0000000000 -0.2140442729
7.3736677170 0.0000000000 0.0000000000 0.5030565858 21.3202075958 0.0000000000 -0.2141692042
7.3133759499 0.0000000000 0.0000000000 0.4967027307 21.2591342926 0.0000000000 -0.2142603099
7.2521939278 0.0000000000 0.0000000000 0.4907996655 21.1986865997 0.0000000000 -0.2143419385
7.1843852997 0.0000000000 0.0000000000 0.4853196740 21.1391334534 0.0000000000 -0.2144337595
7.1086382866 0.0000000000 0.0000000000 0.4802274108 21.0780563354 0.0000000000 -0.2144972682
7.0364480019 0.0000000000 0.0000000000 0.4755447805 21.0175323486 0.0000000000 -0.2145985067
6.9754824638 0.0000000000 0.0000000000 0.4713142514 20.9579315186 0.0000000000 -0.2147240043
6.9249868393 0.0000000000 0.0000000000 0.4676346481 20.8996467590 0.0000000000 -0.2146337032
6.8847870827 0.0000000000 0.0000000000 0.4644230902 20.8432273865 0.0000000000 -0.2146915793
6.8444185257 0.0000000000 0.0000000000 0.4614000618 20.7851696014 0.0000000000 -0.2147231996
6.7968764305 0.0000000000 0.0000000000 0.4584624469 20.7264556885 0.0000000000 -0.2148005962
6.7439918518 0.0000000000 0.0000000000 0.4553100169 20.6683368683 0.0000000000 -0.2148992717
6.6914730072 0.0000000000 0.0000000000 0.4519790709 20.6088657379 0.0000000000 -0.2150103748
6.6437182426 0.0000000000 0.0000000000 0.4484307170 20.5502490997 0.0000000000 -0.2151238322
6.5995435715 0.0000000000 0.0000000000 0.4448034465 20.4952087402 0.0000000000 -0.2152664065
6.5547733307 0.0000000000 0.0000000000 0.4411561191 20.4448146820 0.0000000000 -0.2154207826
6.5056738853 0.0000000000 0.0000000000 0.4376148582 20.3913879395 0.0000000000 -0.2155714631
6.4511165619 0.0000000000 0.0000000000 0.4343844354 20.3329963684 0.0000000000 -0.2157294452
6.3956961632 0.0000000000 0.0000000000 0.4315305948 20.2772636414 0.0000000000 -0.2159040570
6.3441276550 0.0000000000 0.0000000000 0.4291274846 20.2232551575 0.0000000000 -0.2160186768
6.2965030670 0.0000000000 0.0000000000 0.4271044731 20.1703319550 0.0000000000 -0.2161594331
6.2513513565 0.0000000000 0.0000000000 0.4252844751 20.1185913086 0.0000000000 -0.2162938118
6.2063827515 0.0000000000 0.0000000000 0.4234990180 20.0673122406 0.0000000000 -0.2164116800
6.1610684395 0.0000000000 0.0000000000 0.4216058552 20.0159854889 0.0000000000 -0.2165285051
6.1155643463 0.0000000000 0.0000000000 0.4193705916 19.9642963409 0.0000000000 -0.2166648209
6.0718703270 0.0000000000 0.0000000000 0.4167343378 19.9137134552 0.0000000000 -0.2167847753
6.0308547020 0.0000000000 0.0000000000 0.4137537479 19.8661651611 0.0000000000 -0.2168635726
5.9952569008 0.0000000000 0.0000000000 0.4107291400 19.8190727234 0.0000000000 -0.2170050144
5.9620585442 0.0000000000 0.0000000000 0.4078312516 19.7728710175 0.0000000000 -0.2171924114
5.9246387482 0.0000000000 0.0000000000 0.4051285088 19.7256126404 0.0000000000 -0.2172605097
5.8856301308 0.0000000000 0.0000000000 0.4025554955 19.6803512573 0.0000000000 -0.2174130082
5.8463325500 0.0000000000 0.0000000000 0.4001871347 19.6359462738 0.0000000000 -0.2175735831
5.8083562851 0.0000000000 0.0000000000 0.3980257809 19.5926856995 0.0000000000 -0.2177242935
5.7721147537 0.0000000000 0.0000000000 0.3960399628 19.5498161316 0.0000000000 -0.2178938389
5.7356276512 0.0000000000 0.0000000000 0.3941720724 19.5070667267 0.0000000000 -0.2180491686
5.6962947845 0.0000000000 0.0000000000 0.3922166824 19.4641819000 0.0000000000 -0.2182088196
5.6560187340 0.0000000000 0.0000000000 0.3900297284 19.4210605621 0.0000000000 -0.2183640599
5.6165251732 0.0000000000 0.0000000000 0.3875133097 19.3789138794 0.0000000000 -0.2185223997
5.5794587135 0.0000000000 0.0000000000 0.3848735690 19.3382263184 0.0000000000 -0.2186799049
5.5440506935 0.0000000000 0.0000000000 0.3821162283 19.2974758148 0.0000000000 -0.2188411355
5.5069861412 0.0000000000 0.0000000000 0.3793835044 19.2568321228 0.0000000000 -0.2189945579
5.4663300514 0.0000000000 0.0000000000 0.3769300878 19.2160797119 0.0000000000 -0.2191547751
5.4236817360 0.0000000000 0.0000000000 0.3747220337 19.1752147675 0.0000000000 -0.2193658948
5.3799366951 0.0000000000 0.0000000000 0.3728913367 19.1332263947 0.0000000000 -0.2194796205
5.3405942917 0.0000000000 0.0000000000 0.3713164032 19.0904216766 0.0000000000 -0.2196478248
5.3051738739 0.0000000000 0.0000000000 0.3698088825 19.0518875122 0.0000000000 -0.2198013663
5.2713022232 0.0000000000 0.0000000000 0.3683556318 19.0124607086 0.0000000000 -0.2200301886
5.2343602180 0.0000000000 0.0000000000 0.3668213189 18.9735851288 0.0000000000 -0.2201002240
5.1967096329 0.0000000000 0.0000000000 0.3651652336 18.9357757568 0.0000000000 -0.2202391028
5.1594910622 0.0000000000 0.0000000000 0.3634653091 18.8982639313 0.0000000000 -0.2203904986
5.1232466698 0.0000000000 0.0000000000 0.3618641794 18.8603801727 0.0000000000 -0.2205229998
5.0881199837 0.0000000000 0.0000000000 0.3602997363 18.8242034912 0.0000000000 -0.2206854820
5.0541505814 0.0000000000 0.0000000000 0.3587834239 18.7898006439 0.0000000000 -0.2207944989
5.0202250481 0.0000000000 0.0000000000 0.3573633432 18.7556152344 0.0000000000 -0.2210288942
4.9851527214 0.0000000000 0.0000000000 0.3558500409 18.7222290039 0.0000000000 -0.2211644948
4.9493031502 0.0000000000 0.0000000000 0.3539673388 18.6860256195 0.0000000000 -0.2213103473
4.9133181572 0.0000000000 0.0000000000 0.3515570462 18.6494255066 0.0000000000 -0.2214657366
4.8800511360 0.0000000000 0.0000000000 0.3486804068 18.6134643555 0.0000000000 -0.2215829194
4.8506488800 0.0000000000 0.0000000000 0.3455142975 18.5781192780 0.0000000000 -0.2217010856
4.8233652115 0.0000000000 0.0000000000 0.3420787156 18.5435066223 0.0000000000 -0.2218103409
4.7971744537 0.0000000000 0.0000000000 0.3384919167 18.5092792511 0.0000000000 -0.2219173610
4.7712945938 0.0000000000 0.0000000000 0.3350468576 18.4790573120 0.0000000000 -0.2221177518
4.7404179573 0.0000000000 0.0000000000 0.3318245113 18.4467868805 0.0000000000 -0.2221387327
4.7120385170 0.0000000000 0.0000000000 0.3289862275 18.4139442444 0.0000000000 -0.2222594321
4.6865010262 0.0000000000 0.0000000000 0.3264058232 18.3828067780 0.0000000000 -0.2223817110
4.6645154953 0.0000000000 0.0000000000 0.3239900768 18.3528404236 0.0000000000 -0.2225053608
4.6431112289 0.0000000000 0.0000000000 0.3219129145 18.3239059448 0.0000000000 -0.2226402760
4.6200966835 0.0000000000 0.0000000000 0.3201251924 18.2957630157 0.0000000000 -0.2227825820
4.5956830978 0.0000000000 0.0000000000 0.3185634911 18.2684345245 0.0000000000 -0.2229353189
4.5692877769 0.0000000000 0.0000000000 0.3171654642 18.2424392700 0.0000000000 -0.2231185436
4.5394887924 0.0000000000 0.0000000000 0.3158861995 18.2169170380 0.0000000000 -0.2232560813
4.5106701851 0.0000000000 0.0000000000 0.3146838546 18.1896514893 0.0000000000 -0.2234219313
4.4845271111 0.0000000000 0.0000000000 0.3137094080 18.1595172882 0.0000000000 -0.2236142755
4.4598503113 0.0000000000 0.0000000000 0.3129093349 18.1312637329 0.0000000000 -0.2237383127
4.4362225533 0.0000000000 0.0000000000 0.3122604191 18.1033325195 0.0000000000 -0.2238991261
4.4114885330 0.0000000000 0.0000000000 0.3114858568 18.0772495270 0.0000000000 -0.2240462601
4.3865637779 0.0000000000 0.0000000000 0.3106528819 18.0498390198 0.0000000000 -0.2241973281
4.3619737625 0.0000000000 0.0000000000 0.3097143471 18.0213661194 0.0000000000 -0.2243490219
4.3396372795 0.0000000000 0.0000000000 0.3087079227 17.9929237366 0.0000000000 -0.2245327830
4.3177962303 0.0000000000 0.0000000000 0.3078239858 17.9648323059 0.0000000000 -0.2246511579
4.2959685326 0.0000000000 0.0000000000 0.3069915473 17.9365863800 0.0000000000 -0.2248098254
4.2759242058 0.0000000000 0.0000000000 0.3064008653 17.9095134735 0.0000000000 -0.2249705493
4.2558102608 0.0000000000 0.0000000000 0.3061042726 17.8831233978 0.0000000000 -0.2251252234
4.2337141037 0.0000000000 0.0000000000 0.3059264719 17.8564891815 0.0000000000 -0.2252732515
4.2101736069 0.0000000000 0.0000000000 0.3057763577 17.8309803009 0.0000000000 -0.2254172266
4.1865158081 0.0000000000 0.0000000000 0.3055531681 17.8073005676 0.0000000000 -0.2255421281
4.1621685028 0.0000000000 0.0000000000 0.3051251769 17.7840099335 0.0000000000 -0.2256881893
4.1362428665 0.0000000000 0.0000000000 0.3044916987 17.7598037720 0.0000000000 -0.2258406579
4.1082100868 0.0000000000 0.0000000000 0.3038382530 17.7356777191 0.0000000000 -0.2259584963
4.0811886787 0.0000000000 0.0000000000 0.3033208251 17.7122497559 0.0000000000 -0.2260898054
4.0563960075 0.0000000000 0.0000000000 0.3031058013 17.6897602081 0.0000000000 -0.2262165546
4.0344800949 0.0000000000 0.0000000000 0.3032988310 17.6692256927 0.0000000000 -0.2263452411
4.0132751465 0.0000000000 0.0000000000 0.3036791384 17.6482219696 0.0000000000 -0.2264798582
3.9907758236 0.0000000000 0.0000000000 0.3043003678 17.6286621094 0.0000000000 -0.2266167998
3.9676966667 0.0000000000 0.0000000000 0.3051476777 17.6091957092 0.0000000000 -0.2267621756
3.9466314316 0.0000000000 0.0000000000 0.3061605990 17.5896091461 0.0000000000 -0.2269025147
3.9265270233 0.0000000000 0.0000000000 0.3072659075 17.5701122284 0.0000000000 -0.2270427048
3.9070906639 0.0000000000 0.0000000000 0.3086023331 17.5513153076 0.0000000000 -0.2271069884
3.8900730610 0.0000000000 0.0000000000 0.3099095821 17.5332984924 0.0000000000 -0.2272142172
3.8745877743 0.0000000000 0.0000000000 0.3109356463 17.5166587830 0.0000000000 -0.2273241282
3.8556692600 0.0000000000 0.0000000000 0.3117391765 17.5003681183 0.0000000000 -0.2274400294
3.8328299522 0.0000000000 0.0000000000 0.3122881055 17.4839057922 0.0000000000 -0.2275617719
3.8087580204 0.0000000000 0.0000000000 0.3127542138 17.4670314789 0.0000000000 -0.2276861668
3.7874619961 0.0000000000 0.0000000000 0.3132357597 17.4514007568 0.0000000000 -0.2278490365
3.7693116665 0.0000000000 0.0000000000 0.3137640059 17.4362754822 0.0000000000 -0.2279007435
3.7547624111 0.0000000000 0.0000000000 0.3142395914 17.4222831726 0.0000000000 -0.2280050516
3.7401747704 0.0000000000 0.0000000000 0.3144729733 17.4075622559 0.0000000000 -0.2281168699
3.7237036228 0.0000000000 0.0000000000 0.3142576218 17.3908424377 0.0000000000 -0.2282276750
3.7066495419 0.0000000000 0.0000000000 0.3137639463 17.3729267120 0.0000000000 -0.2283453941
3.6921865940 0.0000000000 0.0000000000 0.3128300011 17.3552627563 0.0000000000 -0.2284897566
3.6827726364 0.0000000000 0.0000000000 0.3115954399 17.3384571075 0.0000000000 -0.2285948694
3.6774234772 0.0000000000 0.0000000000 0.3101701438 17.3228950500 0.0000000000 -0.2287347913
3.6737990379 0.0000000000 0.0000000000 0.3087748587 17.3077220917 0.0000000000 -0.2288604081
3.6681175232 0.0000000000 0.0000000000 0.3071474433 17.2919635773 0.0000000000 -0.2290449142
3.6577157974 0.0000000000 0.0000000000 0.3055166304 17.2756881714 0.0000000000 -0.2291523814
3.6447048187 0.0000000000 0.0000000000 0.3038735986 17.2601985931 0.0000000000 -0.2293192744
3.6309330463 0.0000000000 0.0000000000 0.3020975590 17.2459697723 0.0000000000 -0.2294513881
3.6183252335 0.0000000000 0.0000000000 0.2999660373 17.2308216095 0.0000000000 -0.2295444310
3.6087641716 0.0000000000 0.0000000000 0.2977690995 17.2177810669 0.0000000000 -0.2296963632
3.5998332500 0.0000000000 0.0000000000 0.2954958379 17.2047424316 0.0000000000 -0.2298424840
3.5874614716 0.0000000000 0.0000000000 0.2934917212 17.1905136108 0.0000000000 -0.2298372388
3.5753998756 0.0000000000 0.0000000000 0.2917643189 17.1759872437 0.0000000000 -0.2299314141
3.5635423660 0.0000000000 0.0000000000 0.2903323770 17.1611518860 0.0000000000 -0.2300912738
3.5521068573 0.0000000000 0.0000000000 0.2891690433 17.1452007294 0.0000000000 -0.2301472425
3.5421974659 0.0000000000 0.0000000000 0.2880273163 17.1282806396 0.0000000000 -0.2302279770
3.5348641872 0.0000000000 0.0000000000 0.2868241668 17.1122474670 0.0000000000 -0.2303290367
3.5289697647 0.0000000000 0.0000000000 0.2854707241 17.0981884003 0.0000000000 -0.2304166257
3.5228822231 0.0000000000 0.0000000000 0.2839905918 17.0845508575 0.0000000000 -0.2305225134
3.5150461197 0.0000000000 0.0000000000 0.2823213637 17.0708312988 0.0000000000 -0.2306298316
3.5071375370 0.0000000000 0.0000000000 0.2804208994 17.0562915802 0.0000000000 -0.2307449281
3.5012314320 0.0000000000 0.0000000000 0.2784072459 17.0421791077 0.0000000000 -0.2308493853
3.4959588051 0.0000000000 0.0000000000 0.2765536904 17.0279407501 0.0000000000 -0.2309592664
3.4897482395 0.0000000000 0.0000000000 0.2749466896 17.0128841400 0.0000000000 -0.2310741544
3.4826793671 0.0000000000 0.0000000000 0.2736803889 16.9961776733 0.0000000000 -0.2311494052
3.4749712944 0.0000000000 0.0000000000 0.2726070881 16.9778232574 0.0000000000 -0.2312765419
3.4649152756 0.0000000000 0.0000000000 0.2715609074 16.9580001831 0.0000000000 -0.2313631177
3.4536256790 0.0000000000 0.0000000000 0.2705908716 16.9372558594 0.0000000000 -0.2315064073
3.4425244331 0.0000000000 0.0000000000 0.2696788907 16.9172248840 0.0000000000 -0.2315281630
3.4354646206 0.0000000000 0.0000000000 0.2687818706 16.8988342285 0.0000000000 -0.2316049337
3.4301960468 0.0000000000 0.0000000000 0.2677115202 16.8823261261 0.0000000000 -0.2316687405
3.4226901531 0.0000000000 0.0000000000 0.2664630413 16.8652858734 0.0000000000 -0.2317923009
3.4125504494 0.0000000000 0.0000000000 0.2650221884 16.8483810425 0.0000000000 -0.2318376005
3.4028227329 0.0000000000 0.0000000000 0.2634623945 16.8321704865 0.0000000000 -0.2319313884
3.3944423199 0.0000000000 0.0000000000 0.2618850172 16.8157863617 0.0000000000 -0.2320258319
3.3871488571 0.0000000000 0.0000000000 0.2603390217 16.7989654541 0.0000000000 -0.2321195006
3.3787107468 0.0000000000 0.0000000000 0.2589116096 16.7815895081 0.0000000000 -0.2323137522
3.3676190376 0.0000000000 0.0000000000 0.2576915324 16.7643108368 0.0000000000 -0.2323002517
3.3563044071 0.0000000000 0.0000000000 0.2566815317 16.7469730377 0.0000000000 -0.2323781252
3.3461008072 0.0000000000 0.0000000000 0.2558160722 16.7301177979 0.0000000000 -0.2324444950
3.3384203911 0.0000000000 0.0000000000 0.2549687326 16.7147331238 0.0000000000 -0.2325006723
3.3317220211 0.0000000000 0.0000000000 0.2539506853 16.7006053925 0.0000000000 -0.2325552702
3.3250558376 0.0000000000 0.0000000000 0.2528596818 16.6879978180 0.0000000000 -0.2326070070
3.3181397915 0.0000000000 0.0000000000 0.2519274354 16.6759395599 0.0000000000 -0.2326527536
3.3110322952 0.0000000000 0.0000000000 0.2511577904 16.6642761230 0.0000000000 -0.2326926589
3.3035311699 0.0000000000 0.0000000000 0.2506809235 16.6522560120 0.0000000000 -0.2327337265
3.2953219414 0.0000000000 0.0000000000 0.2503474951 16.6396121979 0.0000000000 -0.2327720821
3.2876050472 0.0000000000 0.0000000000 0.2500403821 16.6266384125 0.0000000000 -0.2328056991
3.2814908028 0.0000000000 0.0000000000 0.2497702688 16.6136760712 0.0000000000 -0.2328412533
3.2758870125 0.0000000000 0.0000000000 0.2494779676 16.6012077332 0.0000000000 -0.2328764498
3.2700445652 0.0000000000 0.0000000000 0.2490118295 16.5884838104 0.0000000000 -0.2329095602
3.2624318600 0.0000000000 0.0000000000 0.2486969829 16.5748691559 0.0000000000 -0.2329394519
3.2541630268 0.0000000000 0.0000000000 0.2484615743 16.5608692169 0.0000000000 -0.2329746485
3.2472934723 0.0000000000 0.0000000000 0.2482008636 16.5473461151 0.0000000000 -0.2329808474
3.2434165478 0.0000000000 0.0000000000 0.2478548735 16.5349140167 0.0000000000 -0.2330093086
3.2419378757 0.0000000000 0.0000000000 0.2472915351 16.5230770111 0.0000000000 -0.2330442369
3.2395789623 0.0000000000 0.0000000000 0.2466392964 16.5108985901 0.0000000000 -0.2330819666
3.2346601486 0.0000000000 0.0000000000 0.2461091578 16.4978256226 0.0000000000 -0.2331349552
3.2264561653 0.0000000000 0.0000000000 0.2458343804 16.4835700989 0.0000000000 -0.2331850827
3.2176079750 0.0000000000 0.0000000000 0.2457437515 16.4680366516 0.0000000000 -0.2332378626
3.2107803822 0.0000000000 0.0000000000 0.2456883788 16.4517650604 0.0000000000 -0.2332990170
3.2070143223 0.0000000000 0.0000000000 0.2456996888 16.4362220764 0.0000000000 -0.2333362699
3.2048246861 0.0000000000 0.0000000000 0.2456311584 16.4209117889 0.0000000000 -0.2333925366
3.2019321918 0.0000000000 0.0000000000 0.2453705519 16.4051494598 0.0000000000 -0.2334312201
3.1979248524 0.0000000000 0.0000000000 0.2449786514 16.3873729706 0.0000000000 -0.2334709466
3.1929194927 0.0000000000 0.0000000000 0.2445161045 16.3687114716 0.0000000000 -0.2335147262
3.1878137589 0.0000000000 0.0000000000 0.2440022975 16.3519687653 0.0000000000 -0.2335543036
3.1843791008 0.0000000000 0.0000000000 0.2434640825 16.3381633759 0.0000000000 -0.2335988581
3.1820764542 0.0000000000 0.0000000000 0.2430296838 16.3262825012 0.0000000000 -0.2336300611
3.1794006824 0.0000000000 0.0000000000 0.2426283360 16.3131027222 0.0000000000 -0.2336766720
3.1746475697 0.0000000000 0.0000000000 0.2423557788 16.2989139557 0.0000000000 -0.2337144613
3.1675558090 0.0000000000 0.0000000000 0.2423325032 16.2848434448 0.0000000000 -0.2337648273
3.1587433815 0.0000000000 0.0000000000 0.2423980087 16.2724399567 0.0000000000 -0.2338157296
3.1504206657 0.0000000000 0.0000000000 0.2423416674 16.2608375549 0.0000000000 -0.2338694632
3.1452591419 0.0000000000 0.0000000000 0.2419998944 16.2499027252 0.0000000000 -0.2339139283
3.1418111324 0.0000000000 0.0000000000 0.2414773703 16.2375888824 0.0000000000 -0.2339644134
3.1370995045 0.0000000000 0.0000000000 0.2408730686 16.2240676880 0.0000000000 -0.2340164781
3.1304690838 0.0000000000 0.0000000000 0.2401932925 16.2096862793 0.0000000000 -0.2340783179
3.1243035793 0.0000000000 0.0000000000 0.2394638062 16.1954174042 0.0000000000 -0.2341157794
3.1213424206 0.0000000000 0.0000000000 0.2388339341 16.1819171906 0.0000000000 -0.2341664433
3.1221215725 0.0000000000 0.0000000000 0.2382636666 16.1710567474 0.0000000000 -0.2342014313
3.1237149239 0.0000000000 0.0000000000 0.2377210855 16.1623687744 0.0000000000 -0.2342333794
3.1233124733 0.0000000000 0.0000000000 0.2370693237 16.1532917023 0.0000000000 -0.2342773676
3.1210906506 0.0000000000 0.0000000000 0.2362194061 16.1433944702 0.0000000000 -0.2342908382
3.1193506718 0.0000000000 0.0000000000 0.2354336977 16.1326770782 0.0000000000 -0.2343109548
3.1177985668 0.0000000000 0.0000000000 0.2347261310 16.1215133667 0.0000000000 -0.2343285680
3.1160349846 0.0000000000 0.0000000000 0.2342043668 16.1099452972 0.0000000000 -0.2343435884
3.1134090424 0.0000000000 0.0000000000 0.2338041663 16.0984458923 0.0000000000 -0.2343603969
3.1103742123 0.0000000000 0.0000000000 0.2334676981 16.0877170563 0.0000000000 -0.2343791127
3.1061482430 0.0000000000 0.0000000000 0.2331416160 16.0779876709 0.0000000000 -0.2344017327
3.1005043983 0.0000000000 0.0000000000 0.2328244746 16.0689907074 0.0000000000 -0.2344205379
3.0940208435 0.0000000000 0.0000000000 0.2324183434 16.0606994629 0.0000000000 -0.2344511151
3.0871710777 0.0000000000 0.0000000000 0.2319858223 16.0546092987 0.0000000000 -0.2344916463
3.0808830261 0.0000000000 0.0000000000 0.2316034585 16.0510292053 0.0000000000 -0.2345290780
3.0753135681 0.0000000000 0.0000000000 0.2311830819 16.0495452881 0.0000000000 -0.2345649004
3.0716271400 0.0000000000 0.0000000000 0.2307517827 16.0480594635 0.0000000000 -0.2346049845
3.0686752796 0.0000000000 0.0000000000 0.2304271609 16.0457801819 0.0000000000 -0.2346426845
3.0658948421 0.0000000000 0.0000000000 0.2303329408 16.0433120728 0.0000000000 -0.2346785665
3.0634756088 0.0000000000 0.0000000000 0.2302693427 16.0401706696 0.0000000000 -0.2347089648
3.0616965294 0.0000000000 0.0000000000 0.2301783264 16.0363712311 0.0000000000 -0.2347390056
3.0604007244 0.0000000000 0.0000000000 0.2300079912 16.0326519012 0.0000000000 -0.2347721457
3.0596070290 0.0000000000 0.0000000000 0.2296282202 16.0295906067 0.0000000000 -0.2347936034
3.0588762760 0.0000000000 0.0000000000 0.2291786969 16.0256729126 0.0000000000 -0.2348245978
3.0574617386 0.0000000000 0.0000000000 0.2286299020 16.0210647583 0.0000000000 -0.2348562181
3.0546059608 0.0000000000 0.0000000000 0.2280835211 16.0160083771 0.0000000000 -0.2348887622
3.0514271259 0.0000000000 0.0000000000 0.2275002003 16.0111122131 0.0000000000 -0.2349280715
3.0472142696 0.0000000000 0.0000000000 0.2270170748 16.0057125092 0.0000000000 -0.2349743843
3.0429410934 0.0000000000 0.0000000000 0.2265972495 16.0001564026 0.0000000000 -0.2350199819
3.0389208794 0.0000000000 0.0000000000 0.2260434330 15.9938268661 0.0000000000 -0.2350654304
3.0340695381 0.0000000000 0.0000000000 0.2255234867 15.9880132675 0.0000000000 -0.2350971103
3.0286233425 0.0000000000 0.0000000000 0.2251348048 15.9836759567 0.0000000000 -0.2351236045
3.0241994858 0.0000000000 0.0000000000 0.2247969210 15.9808139801 0.0000000000 -0.2351468205
3.0224475861 0.0000000000 0.0000000000 0.2244164795 15.9787654877 0.0000000000 -0.2351740599
3.0226132870 0.0000000000 0.0000000000 0.2239567339 15.9768886566 0.0000000000 -0.2352013886
3.0237157345 0.0000000000 0.0000000000 0.2234514654 15.9751234055 0.0000000000 -0.2352347970
3.0235197544 0.0000000000 0.0000000000 0.2230213732 15.9739618301 0.0000000000 -0.2352745235
3.0211479664 0.0000000000 0.0000000000 0.2225982845 15.9734001160 0.0000000000 -0.2353176475
3.0185737610 0.0000000000 0.0000000000 0.2222795188 15.9730129242 0.0000000000 -0.2353535891
3.0176610947 0.0000000000 0.0000000000 0.2220430672 15.9724922180 0.0000000000 -0.2353858352
3.0162205696 0.0000000000 0.0000000000 0.2220169008 15.9722776413 0.0000000000 -0.2354246378
3.0135855675 0.0000000000 0.0000000000 0.2220952362 15.9727106094 0.0000000000 -0.2354635298
3.0106048584 0.0000000000 0.0000000000 0.2221839577 15.9735736847 0.0000000000 -0.2355060577
3.0087525845 0.0000000000 0.0000000000 0.2223653793 15.9733428955 0.0000000000 -0.2355394959
3.0083417892 0.0000000000 0.0000000000 0.2226795852 15.9718761444 0.0000000000 -0.2355654836
3.0082826614 0.0000000000 0.0000000000 0.2229483873 15.9699211121 0.0000000000 -0.2355779409
3.0079870224 0.0000000000 0.0000000000 0.2232180238 15.9682416916 0.0000000000 -0.2355870306
3.0075900555 0.0000000000 0.0000000000 0.2234191597 15.9657564163 0.0000000000 -0.2355954945
3.0073747635 0.0000000000 0.0000000000 0.2234417051 15.9620656967 0.0000000000 -0.2356032133
3.0074512959 0.0000000000 0.0000000000 0.2233349532 15.9587001801 0.0000000000 -0.2356125712
3.0071890354 0.0000000000 0.0000000000 0.2230623811 15.9575395584 0.0000000000 -0.2356272638
3.0067095757 0.0000000000 0.0000000000 0.2227109969 15.9590969086 0.0000000000 -0.2356428504
3.0054252148 0.0000000000 0.0000000000 0.2222255468 15.9605083466 0.0000000000 -0.2356545627
3.0029354095 0.0000000000 0.0000000000 0.2218052149 15.9600257874 0.0000000000 -0.2356590927
3.0001254082 0.0000000000 0.0000000000 0.2215408385 15.9584197998 0.0000000000 -0.2356508672
2.9978716373 0.0000000000 0.0000000000 0.2212918252 15.9565362930 0.0000000000 -0.2356332839
2.9954836369 0.0000000000 0.0000000000 0.2210647613 15.9548749924 0.0000000000 -0.2356091440
2.9936072826 0.0000000000 0.0000000000 0.2208042145 15.9530601501 0.0000000000 -0.2355856597
2.9926712513 0.0000000000 0.0000000000 0.2205466330 15.9514780045 0.0000000000 -0.2355648577
2.9921293259 0.0000000000 0.0000000000 0.2203992307 15.9504871368 0.0000000000 -0.2355526686
2.9915978909 0.0000000000 0.0000000000 0.2202135772 15.9515419006 0.0000000000 -0.2355551720
2.9914541245 0.0000000000 0.0000000000 0.2200273871 15.9548606873 0.0000000000 -0.2355873585
2.9907195568 0.0000000000 0.0000000000 0.2197925448 15.9570941925 0.0000000000 -0.2355919480
2.9893255234 0.0000000000 0.0000000000 0.2195524871 15.9581699371 0.0000000000 -0.2356230915
2.9858164787 0.0000000000 0.0000000000 0.2193824202 15.9568662643 0.0000000000 -0.2356585562
2.9816250801 0.0000000000 0.0000000000 0.2193552852 15.9539422989 0.0000000000 -0.2356900573
2.9790153503 0.0000000000 0.0000000000 0.2192893475 15.9513969421 0.0000000000 -0.2357149124
2.9779617786 0.0000000000 0.0000000000 0.2191530466 15.9490242004 0.0000000000 -0.2357299030
2.9781494141 0.0000000000 0.0000000000 0.2189206779 15.9466209412 0.0000000000 -0.2357383966
2.9776818752 0.0000000000 0.0000000000 0.2186093181 15.9426279068 0.0000000000 -0.2357461154
2.9755773544 0.0000000000 0.0000000000 0.2182828337 15.9372634888 0.0000000000 -0.2357514203
2.9731435776 0.0000000000 0.0000000000 0.2178881615 15.9321508408 0.0000000000 -0.2357680202
2.9725589752 0.0000000000 0.0000000000 0.2174322009 15.9266128540 0.0000000000 -0.2357851267
2.9750225544 0.0000000000 0.0000000000 0.2170978636 15.9212608337 0.0000000000 -0.2358048260
2.9784712791 0.0000000000 0.0000000000 0.2167966813 15.9169549942 0.0000000000 -0.2358145118
2.9798591137 0.0000000000 0.0000000000 0.2165869027 15.9134778976 0.0000000000 -0.2358348668
2.9783117771 0.0000000000 0.0000000000 0.2166268975 15.9107103348 0.0000000000 -0.2358638942
2.9749145508 0.0000000000 0.0000000000 0.2167452276 15.9088573456 0.0000000000 -0.2359057367
2.9722123146 0.0000000000 0.0000000000 0.2169821411 15.9042167664 0.0000000000 -0.2359440327
2.9710285664 0.0000000000 0.0000000000 0.2172887325 15.8989753723 0.0000000000 -0.2359875441
2.9697916508 0.0000000000 0.0000000000 0.2174616903 15.8967342377 0.0000000000 -0.2360130847
2.9678244591 0.0000000000 0.0000000000 0.2174734771 15.8961162567 0.0000000000 -0.2360408902
2.9655785561 0.0000000000 0.0000000000 0.2174935639 15.8942728043 0.0000000000 -0.2360635102
2.9632732868 0.0000000000 0.0000000000 0.2175220549 15.8909997940 0.0000000000 -0.2360805571
2.9610247612 0.0000000000 0.0000000000 0.2175493538 15.8889408112 0.0000000000 -0.2360981703
2.9593203068 0.0000000000 0.0000000000 0.2174747437 15.8886442184 0.0000000000 -0.2361124754
2.9590604305 0.0000000000 0.0000000000 0.2173638195 15.8881130219 0.0000000000 -0.2361274660
2.9609892368 0.0000000000 0.0000000000 0.2172286063 15.8865776062 0.0000000000 -0.2361386716
2.9620141983 0.0000000000 0.0000000000 0.2169410884 15.8882150650 0.0000000000 -0.2361583710
2.9610378742 0.0000000000 0.0000000000 0.2164499015 15.8891897202 0.0000000000 -0.2361890078
2.9594118595 0.0000000000 0.0000000000 0.2157543451 15.8910617828 0.0000000000 -0.2362234890
2.9596018791 0.0000000000 0.0000000000 0.2150217891 15.8934545517 0.0000000000 -0.2362571657
2.9600071907 0.0000000000 0.0000000000 0.2144489288 15.8972501755 0.0000000000 -0.2362900376
2.9586875439 0.0000000000 0.0000000000 0.2141818702 15.9024600983 0.0000000000 -0.2363216877
2.9563310146 0.0000000000 0.0000000000 0.2141914666 15.9078149796 0.0000000000 -0.2363521755
2.9543170929 0.0000000000 0.0000000000 0.2142439485 15.9104299545 0.0000000000 -0.2363815606
2.9527380466 0.0000000000 0.0000000000 0.2143192440 15.9106502533 0.0000000000 -0.2364036143
2.9523055553 0.0000000000 0.0000000000 0.2143582404 15.9115715027 0.0000000000 -0.2364229262
2.9526281357 0.0000000000 0.0000000000 0.2144490182 15.9133415222 0.0000000000 -0.2364419699
2.9533088207 0.0000000000 0.0000000000 0.2147849351 15.9126996994 0.0000000000 -0.2364611030
2.9532411098 0.0000000000 0.0000000000 0.2153267115 15.9108505249 0.0000000000 -0.2364771962
2.9525766373 0.0000000000 0.0000000000 0.2157572806 15.9105119705 0.0000000000 -0.2365034223
2.9521219730 0.0000000000 0.0000000000 0.2159180641 15.9140138626 0.0000000000 -0.2365309596
2.9526975155 0.0000000000 0.0000000000 0.2157458812 15.9191665649 0.0000000000 -0.2365465760
2.9551918507 0.0000000000 0.0000000000 0.2152171284 15.9229860306 0.0000000000 -0.2365657091
2.9577364922 0.0000000000 0.0000000000 0.2147110403 15.9243030548 0.0000000000 -0.2365883887
2.9596352577 0.0000000000 0.0000000000 0.2141876370 15.9254245758 0.0000000000 -0.2366119027
2.9590010643 0.0000000000 0.0000000000 0.2137255967 15.9257221222 0.0000000000 -0.2366461158
2.9560146332 0.0000000000 0.0000000000 0.2132656127 15.9250812531 0.0000000000 -0.2366954684
2.9527044296 0.0000000000 0.0000000000 0.2128306776 15.9242143631 0.0000000000 -0.2367279530
2.9517891407 0.0000000000 0.0000000000 0.2123916149 15.9210729599 0.0000000000 -0.2367597222
2.9525768757 0.0000000000 0.0000000000 0.2119203359 15.9175510406 0.0000000000 -0.2367841601
2.9528687000 0.0000000000 0.0000000000 0.2113342434 15.9155387878 0.0000000000 -0.2368086278
2.9505271912 0.0000000000 0.0000000000 0.2108419836 15.9131345749 0.0000000000 -0.2368330061
2.9474921227 0.0000000000 0.0000000000 0.2104331404 15.9105186462 0.0000000000 -0.2368403375
2.9456470013 0.0000000000 0.0000000000 0.2102270573 15.9124479294 0.0000000000 -0.2368553877
2.9463269711 0.0000000000 0.0000000000 0.2101285309 15.9182109833 0.0000000000 -0.2368677855
2.9481801987 0.0000000000 0.0000000000 0.2101626843 15.9270334244 0.0000000000 -0.2368851006
2.9489061832 0.0000000000 0.0000000000 0.2103104144 15.9362678528 0.0000000000 -0.2369098961
2.9481208324 0.0000000000 0.0000000000 0.2104729861 15.9418001175 0.0000000000 -0.2369295955
2.9465575218 0.0000000000 0.0000000000 0.2106986046 15.9427175522 0.0000000000 -0.2369551361
2.9460637569 0.0000000000 0.0000000000 0.2108711749 15.9444379807 0.0000000000 -0.2369865775
2.9477787018 0.0000000000 0.0000000000 0.2108529508 15.9471750259 0.0000000000 -0.2370173633
2.9508864880 0.0000000000 0.0000000000 0.2106032372 15.9470491409 0.0000000000 -0.2370498180
2.9536957741 0.0000000000 0.0000000000 0.2101555616 15.9424676895 0.0000000000 -0.2370778322
2.9533407688 0.0000000000 0.0000000000 0.2096951008 15.9359922409 0.0000000000 -0.2371037006
2.9514391422 0.0000000000 0.0000000000 0.2092625052 15.9307565689 0.0000000000 -0.2371351421
2.9510295391 0.0000000000 0.0000000000 0.2089093477 15.9279737473 0.0000000000 -0.2371591032
2.9534103870 0.0000000000 0.0000000000 0.2086340636 15.9252223969 0.0000000000 -0.2371737957
2.9559056759 0.0000000000 0.0000000000 0.2084673643 15.9209470749 0.0000000000 -0.2371896803
2.9540851116 0.0000000000 0.0000000000 0.2083678544 15.9174680710 0.0000000000 -0.2372301221
2.9491994381 0.0000000000 0.0000000000 0.2081831545 15.9162235260 0.0000000000 -0.2372811735
2.9447352886 0.0000000000 0.0000000000 0.2080801576 15.9155921936 0.0000000000 -0.2373404801
2.9438912868 0.0000000000 0.0000000000 0.2078868747 15.9145441055 0.0000000000 -0.2373833954
2.9455487728 0.0000000000 0.0000000000 0.2075950801 15.9140663147 0.0000000000 -0.2374134958
2.9452292919 0.0000000000 0.0000000000 0.2074575424 15.9145278931 0.0000000000 -0.2374313772
2.9420802593 0.0000000000 0.0000000000 0.2073669285 15.9138641357 0.0000000000 -0.2374492586
2.9395668507 0.0000000000 0.0000000000 0.2073555738 15.9098758698 0.0000000000 -0.2374596596
2.9391651154 0.0000000000 0.0000000000 0.2075076103 15.9045124054 0.0000000000 -0.2374670804
2.9398350716 0.0000000000 0.0000000000 0.2076721340 15.9004364014 0.0000000000 -0.2374721169
2.9414870739 0.0000000000 0.0000000000 0.2078070939 15.8976593018 0.0000000000 -0.2374855876
2.9445323944 0.0000000000 0.0000000000 0.2077428997 15.8957967758 0.0000000000 -0.2375023961
2.9467291832 0.0000000000 0.0000000000 0.2075844407 15.8947420120 0.0000000000 -0.2375334501
2.9460337162 0.0000000000 0.0000000000 0.2074242830 15.8938007355 0.0000000000 -0.2375692427
2.9443671703 0.0000000000 0.0000000000 0.2073364854 15.8950157166 0.0000000000 -0.2376181185
2.9443504810 0.0000000000 0.0000000000 0.2071057707 15.9001083374 0.0000000000 -0.2376389802
2.9463472366 0.0000000000 0.0000000000 0.2066756338 15.9076175690 0.0000000000 -0.2376612723
2.9492819309 0.0000000000 0.0000000000 0.2061583102 15.9154958725 0.0000000000 -0.2376794219
2.9499490261 0.0000000000 0.0000000000 0.2057039291 15.9204683304 0.0000000000 -0.2377011776
2.9477548599 0.0000000000 0.0000000000 0.2056463659 15.9231023788 0.0000000000 -0.2377599478
2.9451889992 0.0000000000 0.0000000000 0.2058581263 15.9256715775 0.0000000000 -0.2377609015
2.9439496994 0.0000000000 0.0000000000 0.2061702609 15.9290866852 0.0000000000 -0.2377796471
2.9443802834 0.0000000000 0.0000000000 0.2064639181 15.9334926605 0.0000000000 -0.2377922535
2.9450752735 0.0000000000 0.0000000000 0.2067165971 15.9369945526 0.0000000000 -0.2377975583
2.9457540512 0.0000000000 0.0000000000 0.2068717927 15.9380979538 0.0000000000 -0.2378087342
2.9451332092 0.0000000000 0.0000000000 0.2069670111 15.9390382767 0.0000000000 -0.2378165126
2.9444885254 0.0000000000 0.0000000000 0.2070504576 15.9403390884 0.0000000000 -0.2378277779
2.9471130371 0.0000000000 0.0000000000 0.2069826424 15.9412937164 0.0000000000 -0.2378391325
2.9513034821 0.0000000000 0.0000000000 0.2068949044 15.9408359528 0.0000000000 -0.2378537059
2.9532170296 0.0000000000 0.0000000000 0.2070829421 15.9443693161 0.0000000000 -0.2378762662
2.9513642788 0.0000000000 0.0000000000 0.2073656023 15.9428453445 0.0000000000 -0.2378936112
2.9491224289 0.0000000000 0.0000000000 0.2075699270 15.9424180984 0.0000000000 -0.2379071712
2.9487285614 0.0000000000 0.0000000000 0.2077633440 15.9433774948 0.0000000000 -0.2379152179
2.9501395226 0.0000000000 0.0000000000 0.2077767104 15.9445829391 0.0000000000 -0.2379242182
2.9504930973 0.0000000000 0.0000000000 0.2077012807 15.9448862076 0.0000000000 -0.2379383147
2.9485480785 0.0000000000 0.0000000000 0.2075492144 15.9448699951 0.0000000000 -0.2379513979
2.9465153217 0.0000000000 0.0000000000 0.2072440982 15.9442319870 0.0000000000 -0.2379660308
2.9469156265 0.0000000000 0.0000000000 0.2066948116 15.9443378448 0.0000000000 -0.2379760742
2.9486653805 0.0000000000 0.0000000000 0.2060598731 15.9443187714 0.0000000000 -0.2379842401
2.9494540691 0.0000000000 0.0000000000 0.2056692839 15.9450607300 0.0000000000 -0.2379841208
2.9488024712 0.0000000000 0.0000000000 0.2053840309 15.9464139938 0.0000000000 -0.2379850745
2.9474394321 0.0000000000 0.0000000000 0.2052899450 15.9488716125 0.0000000000 -0.2379859984
2.9471895695 0.0000000000 0.0000000000 0.2052802891 15.9533729553 0.0000000000 -0.2379849851
2.9489145279 0.0000000000 0.0000000000 0.2051882744 15.9589614868 0.0000000000 -0.2379829288
2.9497060776 0.0000000000 0.0000000000 0.2050173730 15.9634819031 0.0000000000 -0.2379862964
2.9490361214 0.0000000000 0.0000000000 0.2048857808 15.9656744003 0.0000000000 -0.2379956841
2.9472761154 0.0000000000 0.0000000000 0.2048448622 15.9660167694 0.0000000000 -0.2380126715
2.9461593628 0.0000000000 0.0000000000 0.2048419863 15.9659385681 0.0000000000 -0.2380359173
2.9467680454 0.0000000000 0.0000000000 0.2048825920 15.9641103745 0.0000000000 -0.2380639017
2.9473083019 0.0000000000 0.0000000000 0.2048730552 15.9602127075 0.0000000000 -0.2380922437
2.9463624954 0.0000000000 0.0000000000 0.2047693431 15.9538202286 0.0000000000 -0.2381193638
2.9442784786 0.0000000000 0.0000000000 0.2046770900 15.9482145309 0.0000000000 -0.2381391525
2.9445579052 0.0000000000 0.0000000000 0.2045234591 15.9431915283 0.0000000000 -0.2381530106
2.9470949173 0.0000000000 0.0000000000 0.2043565214 15.9396343231 0.0000000000 -0.2381672859
2.9487721920 0.0000000000 0.0000000000 0.2041700482 15.9353790283 0.0000000000 -0.2381812930
2.9482710361 0.0000000000 0.0000000000 0.2039530277 15.9305582047 0.0000000000 -0.2382037342
2.9468078613 0.0000000000 0.0000000000 0.2037692070 15.9243507385 0.0000000000 -0.2382239401
2.9470207691 0.0000000000 0.0000000000 0.2036013156 15.9197416306 0.0000000000 -0.2382382751
2.9500575066 0.0000000000 0.0000000000 0.2032483667 15.9157295227 0.0000000000 -0.2382571995
2.9537324905 0.0000000000 0.0000000000 0.2026725411 15.9120426178 0.0000000000 -0.2382787168
2.9541738033 0.0000000000 0.0000000000 0.2022865713 15.9043130875 0.0000000000 -0.2383066118
2.9517586231 0.0000000000 0.0000000000 0.2022732049 15.8972578049 0.0000000000 -0.2383374572
2.9493107796 0.0000000000 0.0000000000 0.2024306357 15.8872966766 0.0000000000 -0.2383593321
2.9492859840 0.0000000000 0.0000000000 0.2026222497 15.8823890686 0.0000000000 -0.2383750975
2.9506373405 0.0000000000 0.0000000000 0.2027285844 15.8751134872 0.0000000000 -0.2383937836
2.9509694576 0.0000000000 0.0000000000 0.2028235048 15.8748426437 0.0000000000 -0.2384120226
2.9482786655 0.0000000000 0.0000000000 0.2031274736 15.8645133972 0.0000000000 -0.2384355664
2.9463303089 0.0000000000 0.0000000000 0.2033727765 15.8631563187 0.0000000000 -0.2384624779
2.9455511570 0.0000000000 0.0000000000 0.2033755034 15.8480978012 0.0000000000 -0.2384867072
2.9471819401 0.0000000000 0.0000000000 0.2032137662 15.8511934280 0.0000000000 -0.2385090590
2.9500544071 0.0000000000 0.0000000000 0.2028759271 15.8352193832 0.0000000000 -0.2385293245
2.9512066841 0.0000000000 0.0000000000 0.2025238574 15.8382530212 0.0000000000 -0.2385494113
2.9500582218 0.0000000000 0.0000000000 0.2022016943 15.8211889267 0.0000000000 -0.2385624051
2.9482362270 0.0000000000 0.0000000000 0.2019299567 15.8232536316 0.0000000000 -0.2385787964
2.9467897415 0.0000000000 0.0000000000 0.2018175125 15.8168897629 0.0000000000 -0.2385847270
2.9488744736 0.0000000000 0.0000000000 0.2017514259 15.8146762848 0.0000000000 -0.2385918796
2.9526617527 0.0000000000 0.0000000000 0.2015144527 15.8160858154 0.0000000000 -0.2386015356
2.9530234337 0.0000000000 0.0000000000 0.2013456076 15.8069515228 0.0000000000 -0.2386194170
2.9507548809 0.0000000000 0.0000000000 0.2014110833 15.8100767136 0.0000000000 -0.2386464477
2.9507470131 0.0000000000 0.0000000000 0.2014175355 15.8003692627 0.0000000000 -0.2386717796
2.9536921978 0.0000000000 0.0000000000 0.2014300227 15.8013753891 0.0000000000 -0.2386967242
2.9567632675 0.0000000000 0.0000000000 0.2016552836 15.7976169586 0.0000000000 -0.2387237847
2.9560978413 0.0000000000 0.0000000000 0.2019128948 15.7930278778 0.0000000000 -0.2387533784
2.9518427849 0.0000000000 0.0000000000 0.2021830380 15.7936105728 0.0000000000 -0.2387838364
2.9491736889 0.0000000000 0.0000000000 0.2023382485 15.7871580124 0.0000000000 -0.2388018966
2.9510993958 0.0000000000 0.0000000000 0.2023304999 15.7938032150 0.0000000000 -0.2388201952
2.9518563747 0.0000000000 0.0000000000 0.2020640224 15.7926950455 0.0000000000 -0.2388386726
2.9487445354 0.0000000000 0.0000000000 0.2018110603 15.7956008911 0.0000000000 -0.2388621867
2.9443314075 0.0000000000 0.0000000000 0.2017259896 15.7931337357 0.0000000000 -0.2388805151
2.9422085285 0.0000000000 0.0000000000 0.2015876472 15.7889633179 0.0000000000 -0.2388923764
2.9446222782 0.0000000000 0.0000000000 0.2013975680 15.7905216217 0.0000000000 -0.2388991117
2.9493141174 0.0000000000 0.0000000000 0.2012618035 15.7841892242 0.0000000000 -0.2389133871
2.9518654346 0.0000000000 0.0000000000 0.2011951506 15.7827539444 0.0000000000 -0.2389345169
2.9510157108 0.0000000000 0.0000000000 0.2011221945 15.7734146118 0.0000000000 -0.2389647365
2.9498898983 0.0000000000 0.0000000000 0.2008859664 15.7678203583 0.0000000000 -0.2389980257
2.9511384964 0.0000000000 0.0000000000 0.2007865608 15.7629776001 0.0000000000 -0.2390157878
2.9543652534 0.0000000000 0.0000000000 0.2009392381 15.7562313080 0.0000000000 -0.2390250862
2.9562759399 0.0000000000 0.0000000000 0.2012619823 15.7557649612 0.0000000000 -0.2390323579
2.9537580013 0.0000000000 0.0000000000 0.2012745738 15.7480669022 0.0000000000 -0.2390435040
2.9502010345 0.0000000000 0.0000000000 0.2010940611 15.7470960617 0.0000000000 -0.2390625477
2.9489407539 0.0000000000 0.0000000000 0.2009081841 15.7431955338 0.0000000000 -0.2390877604
