#         rmsthk      stdthk       rmsvel       stdvel       rmsdiv       stddiv       rmsusurf       stdusurf
0.0000000000 0.0000000000 22.4429607391 38.4923477173 0.0000000000 0.0000000000 0.0000000000 0.0000000000
-0.1343054026 0.4268299043 10.5175476074 36.7899894714 0.0000000000 0.0000000000 -0.0625202954 0.9352000952
-0.2552261055 0.8306365013 5.6026310921 34.5908164978 0.0000000000 0.0000000000 -0.0675472915 1.6908863783
-0.3649780750 1.2234148979 3.0686407089 33.6539459229 0.0000000000 0.0000000000 -0.0323131606 2.3137457371
-0.4661141634 1.6058152914 1.2208306789 33.4841041565 0.0000000000 0.0000000000 0.0279772095 2.7995717525
-0.5607598424 1.9795022011 -0.5552719831 33.5432548523 0.0000000000 0.0000000000 0.0997373164 3.1655793190
-0.6497365236 2.3457181454 -2.2013931274 33.6143531799 0.0000000000 0.0000000000 0.1737357676 3.4329483509
-0.7334458232 2.7050194740 -3.4470787048 33.6127357483 0.0000000000 0.0000000000 0.2442721874 3.6227133274
-0.8123018742 3.0581347942 -4.1152977943 33.4848709106 0.0000000000 0.0000000000 0.3078087866 3.7527928352
-0.8870054483 3.4059760571 -4.1724371910 33.2219047546 0.0000000000 0.0000000000 0.3615970910 3.8364429474
-0.9583285451 3.7496087551 -3.6748495102 32.8626060486 0.0000000000 0.0000000000 0.4039774537 3.8833510876
-1.0270817280 4.0900597572 -2.7329084873 32.4695587158 0.0000000000 0.0000000000 0.4339201450 3.9004039764
-1.0942095518 4.4283270836 -1.5050776005 32.1114997864 0.0000000000 0.0000000000 0.4508659542 3.8929402828
-1.1607528925 4.7653136253 -0.1962570697 31.8181438446 0.0000000000 0.0000000000 0.4552032948 3.8647019863
-1.2277534008 5.1017541885 0.9476690888 31.5495719910 0.0000000000 0.0000000000 0.4479893446 3.8193731308
-1.2960374355 5.4379577637 1.7100154161 31.2299385071 0.0000000000 0.0000000000 0.4307225347 3.7609481812
-1.3659583330 5.7738270760 2.0232744217 30.8287258148 0.0000000000 0.0000000000 0.4055540860 3.6943552494
-1.4373210669 6.1092171669 1.9929556847 30.3849220276 0.0000000000 0.0000000000 0.3751069605 3.6245574951
-1.5098562241 6.4437747002 1.8038058281 30.0031051636 0.0000000000 0.0000000000 0.3421995938 3.5561711788
-1.5832206011 6.7770557404 1.5971165895 29.7358951569 0.0000000000 0.0000000000 0.3093844056 3.4930469990
-1.6573076248 7.1090393066 1.4401721954 29.5471572876 0.0000000000 0.0000000000 0.2789633572 3.4381501675
-1.7319519520 7.4394168854 1.3106465340 29.3483409882 0.0000000000 0.0000000000 0.2527750134 3.3930389881
-1.8072103262 7.7685341835 1.1220645905 29.0661163330 0.0000000000 0.0000000000 0.2318583131 3.3576464653
-1.8829095364 8.0963296890 0.7785249352 28.7017211914 0.0000000000 0.0000000000 0.2167475820 3.3296263218
-1.9586271048 8.4224672318 0.2375371754 28.3490085602 0.0000000000 0.0000000000 0.2071449459 3.3050541878
-2.0338788033 8.7465896606 -0.4745689929 28.1102886200 0.0000000000 0.0000000000 0.2026971579 3.2800986767
-2.1083135605 9.0684566498 -1.2765382528 28.0412788391 0.0000000000 0.0000000000 0.2029955387 3.2520842552
-2.1815152168 9.3879337311 -2.0543193817 28.1030960083 0.0000000000 0.0000000000 0.2076630443 3.2196853161
-2.2531332970 9.7048730850 -2.7062199116 28.1911258698 0.0000000000 0.0000000000 0.2159216255 3.1829874516
-2.3229737282 10.0192070007 -3.1706647873 28.1935138702 0.0000000000 0.0000000000 0.2268219590 3.1421790123
-2.3910145760 10.3309183121 -3.4296889305 28.0495529175 0.0000000000 0.0000000000 0.2390473336 3.0977220535
-2.4573249817 10.6400108337 -3.4949541092 27.7673435211 0.0000000000 0.0000000000 0.2511852980 3.0508100986
-2.5220835209 10.9465999603 -3.4060366154 27.4158515930 0.0000000000 0.0000000000 0.2617171109 3.0020606518
-2.5855522156 11.2508955002 -3.2263090611 27.0789108276 0.0000000000 0.0000000000 0.2693919241 2.9523770809
-2.6480650902 11.5530452728 -3.0333318710 26.8146934509 0.0000000000 0.0000000000 0.2734501958 2.9025185108
-2.7098643780 11.8530817032 -2.8825104237 26.6272258759 0.0000000000 0.0000000000 0.2737559676 2.8529522419
-2.7710373402 12.1508321762 -2.7994458675 26.4765033722 0.0000000000 0.0000000000 0.2705317438 2.8042652607
-2.8318920135 12.4467220306 -2.7782921791 26.3093147278 0.0000000000 0.0000000000 0.2642925382 2.7571146488
-2.8925063610 12.7407159805 -2.7842206955 26.0876617432 0.0000000000 0.0000000000 0.2560082078 2.7125079632
-2.9530234337 13.0329561234 -2.7675201893 25.8170032501 0.0000000000 0.0000000000 0.2465477735 2.6711862087
-3.0134558678 13.3234109879 -2.6969606876 25.5410156250 0.0000000000 0.0000000000 0.2367124557 2.6338312626
-3.0738887787 13.6121139526 -2.5823836327 25.3005752563 0.0000000000 0.0000000000 0.2272175848 2.6005358696
-3.1343684196 13.8990812302 -2.4729804993 25.1099243164 0.0000000000 0.0000000000 0.2185034752 2.5714271069
-3.1950528622 14.1845779419 -2.4348695278 24.9526329041 0.0000000000 0.0000000000 0.2109608203 2.5464799404
-3.2558872700 14.4685630798 -2.5178382397 24.8046855927 0.0000000000 0.0000000000 0.2049673349 2.5257554054
-3.3166975975 14.7509775162 -2.7242362499 24.6611537933 0.0000000000 0.0000000000 0.2005952299 2.5090196133
-3.3772997856 15.0318126678 -3.0093336105 24.5342483521 0.0000000000 0.0000000000 0.1979894042 2.4954795837
-3.4375092983 15.3110866547 -3.3060755730 24.4425430298 0.0000000000 0.0000000000 0.1972391754 2.4843773842
-3.4971175194 15.5887517929 -3.5525186062 24.3815765381 0.0000000000 0.0000000000 0.1982716769 2.4746184349
-3.5559194088 15.8647289276 -3.7178733349 24.3238887787 0.0000000000 0.0000000000 0.2008453608 2.4653620720
-3.6139023304 16.1391868591 -3.8080825806 24.2330131531 0.0000000000 0.0000000000 0.2045841515 2.4557027817
-3.6711187363 16.4122066498 -3.8529970646 24.0878181458 0.0000000000 0.0000000000 0.2089513093 2.4452283382
-3.7276484966 16.6838436127 -3.8872349262 23.8984813690 0.0000000000 0.0000000000 0.2133069634 2.4336926937
-3.7835426331 16.9540576935 -3.9354379177 23.7028789520 0.0000000000 0.0000000000 0.2170029134 2.4204237461
-3.8388841152 17.2227973938 -4.0009388924 23.5354404449 0.0000000000 0.0000000000 0.2196284831 2.4050953388
-3.8936905861 17.4899463654 -4.0720119476 23.4067325592 0.0000000000 0.0000000000 0.2210690081 2.3877339363
-3.9479503632 17.7554683685 -4.1294107437 23.2952060699 0.0000000000 0.0000000000 0.2213912904 2.3690693378
-4.0017428398 18.0194950104 -4.1547999382 23.1590652466 0.0000000000 0.0000000000 0.2209410518 2.3496513367
-4.0551252365 18.2820262909 -4.1412301064 22.9733428955 0.0000000000 0.0000000000 0.2198913246 2.3299705982
-4.1080875397 18.5429248810 -4.0929532051 22.7458324432 0.0000000000 0.0000000000 0.2185477167 2.3099138737
-4.1606636047 18.8020973206 -4.0294809341 22.5133857727 0.0000000000 0.0000000000 0.2169137895 2.2901656628
-4.2129759789 19.0596084595 -3.9800820351 22.3077049255 0.0000000000 0.0000000000 0.2148351520 2.2713623047
-4.2651443481 19.3156166077 -3.9715867043 22.1428642273 0.0000000000 0.0000000000 0.2123385966 2.2540044785
-4.3171758652 19.5701065063 -4.0114655495 22.0108318329 0.0000000000 0.0000000000 0.2095602155 2.2382981777
-4.3689584732 19.8229656219 -4.0894036293 21.8885574341 0.0000000000 0.0000000000 0.2066707164 2.2243192196
-4.4204134941 20.0741367340 -4.1809282303 21.7580089569 0.0000000000 0.0000000000 0.2040783167 2.2121551037
-4.4715313911 20.3236637115 -4.2618484497 21.6141338348 0.0000000000 0.0000000000 0.2019778937 2.2011783123
-4.5223007202 20.5716228485 -4.3182578087 21.4681606293 0.0000000000 0.0000000000 0.2003621161 2.1904389858
-4.5727629662 20.8182106018 -4.3518171310 21.3313293457 0.0000000000 0.0000000000 0.1991201490 2.1793234348
-4.6229219437 21.0634822845 -4.3789825439 21.2075138092 0.0000000000 0.0000000000 0.1981208771 2.1678366661
-4.6727852821 21.3073616028 -4.4164113998 21.0882663727 0.0000000000 0.0000000000 0.1974100471 2.1555392742
-4.7222886086 21.5496768951 -4.4761443138 20.9735202789 0.0000000000 0.0000000000 0.1969578713 2.1424720287
-4.7714519501 21.7906208038 -4.5536079407 20.8644466400 0.0000000000 0.0000000000 0.1967093349 2.1287925243
-4.8202552795 22.0302143097 -4.6322674751 20.7586650848 0.0000000000 0.0000000000 0.1966514736 2.1142997742
-4.8686981201 22.2685699463 -4.6939420700 20.6562728882 0.0000000000 0.0000000000 0.1968787760 2.0992958546
-4.9167132378 22.5055637360 -4.7250180244 20.5519809723 0.0000000000 0.0000000000 0.1974884719 2.0837123394
-4.9643092155 22.7411575317 -4.7293477058 20.4389114380 0.0000000000 0.0000000000 0.1983757168 2.0680723190
-5.0114264488 22.9752120972 -4.7146592140 20.3121700287 0.0000000000 0.0000000000 0.1992963105 2.0527179241
-5.0580844879 23.2077140808 -4.6991996765 20.1758174896 0.0000000000 0.0000000000 0.1999973804 2.0376780033
-5.1044201851 23.4388103485 -4.6932859421 20.0379428864 0.0000000000 0.0000000000 0.2002169341 2.0232393742
-5.1503758430 23.6683559418 -4.7024292946 19.9123363495 0.0000000000 0.0000000000 0.1997955292 2.0093233585
-5.1959791183 23.8964424133 -4.7210230827 19.8031597137 0.0000000000 0.0000000000 0.1987133771 1.9962377548
-5.2413339615 24.1231536865 -4.7384886742 19.7050476074 0.0000000000 0.0000000000 0.1970702261 1.9836293459
-5.2864537239 24.3485527039 -4.7481875420 19.6069297791 0.0000000000 0.0000000000 0.1950784773 1.9718878269
-5.3313789368 24.5727672577 -4.7498183250 19.4995326996 0.0000000000 0.0000000000 0.1929065436 1.9609549046
-5.3761267662 24.7957916260 -4.7514715195 19.3786201477 0.0000000000 0.0000000000 0.1907909214 1.9507480860
-5.4205770493 25.0174198151 -4.7595181465 19.2615585327 0.0000000000 0.0000000000 0.1888765693 1.9413096905
-5.4646644592 25.2374401093 -4.7764382362 19.1608314514 0.0000000000 0.0000000000 0.1872451305 1.9327319860
-5.5085563660 25.4561824799 -4.8014364243 19.0756263733 0.0000000000 0.0000000000 0.1859535873 1.9252268076
-5.5523056984 25.6737346649 -4.8381438255 19.0048542023 0.0000000000 0.0000000000 0.1849192381 1.9186426401
-5.5959320068 25.8902606964 -4.8797202110 18.9322109222 0.0000000000 0.0000000000 0.1840128750 1.9124171734
-5.6393923759 26.1058025360 -4.9201931953 18.8469200134 0.0000000000 0.0000000000 0.1832753271 1.9063341618
-5.6826720238 26.3203315735 -4.9501142502 18.7541713715 0.0000000000 0.0000000000 0.1827209443 1.8997613192
-5.7257432938 26.5338039398 -4.9678735733 18.6641502380 0.0000000000 0.0000000000 0.1824089438 1.8927649260
-5.7686872482 26.7462921143 -4.9799385071 18.5831298828 0.0000000000 0.0000000000 0.1823232770 1.8852595091
-5.8115086555 26.9577312469 -4.9903426170 18.5080375671 0.0000000000 0.0000000000 0.1824402064 1.8775364161
-5.8542685509 27.1681518555 -4.9996910095 18.4314098358 0.0000000000 0.0000000000 0.1826514304 1.8697291613
-5.8969621658 27.3774967194 -5.0070261955 18.3467903137 0.0000000000 0.0000000000 0.1828617454 1.8621171713
-5.9396338463 27.5858383179 -5.0114393234 18.2525539398 0.0000000000 0.0000000000 0.1830594093 1.8551453352
-5.9821448326 27.7930469513 -5.0140933990 18.1569137573 0.0000000000 0.0000000000 0.1830416471 1.8489835262
-6.0244913101 27.9990863800 -5.0162878036 18.0684318542 0.0000000000 0.0000000000 0.1827099472 1.8438103199
-6.0667433739 28.2040462494 -5.0197100639 17.9869823456 0.0000000000 0.0000000000 0.1820703596 1.8394798040
-6.1089739799 28.4080142975 -5.0283102989 17.9091453552 0.0000000000 0.0000000000 0.1812387258 1.8356001377
-6.1511411667 28.6109809875 -5.0414295197 17.8308353424 0.0000000000 0.0000000000 0.1801086068 1.8318169117
-6.1932554245 28.8130607605 -5.0586714745 17.7511329651 0.0000000000 0.0000000000 0.1785282493 1.8278330564
-6.2352929115 29.0141582489 -5.0753593445 17.6711521149 0.0000000000 0.0000000000 0.1765343994 1.8231292963
-6.2772717476 29.2143230438 -5.0881667137 17.5950374603 0.0000000000 0.0000000000 0.1742243320 1.8175588846
-6.3191447258 29.4134540558 -5.0993394852 17.5236339569 0.0000000000 0.0000000000 0.1717221737 1.8112266064
-6.3609137535 29.6116523743 -5.1135816574 17.4608287811 0.0000000000 0.0000000000 0.1693395972 1.8047596216
-6.4025382996 29.8088989258 -5.1299786568 17.4010200500 0.0000000000 0.0000000000 0.1673498303 1.7985116243
-6.4439868927 30.0051479340 -5.1431589127 17.3333892822 0.0000000000 0.0000000000 0.1659312546 1.7926222086
-6.4853458405 30.2006397247 -5.1548690796 17.2624244690 0.0000000000 0.0000000000 0.1650867462 1.7869499922
-6.5266170502 30.3954391479 -5.1645808220 17.1908512115 0.0000000000 0.0000000000 0.1648127735 1.7816660404
-6.5677289963 30.5894660950 -5.1721258163 17.1217613220 0.0000000000 0.0000000000 0.1649919599 1.7767902613
-6.6087064743 30.7827434540 -5.1784186363 17.0557460785 0.0000000000 0.0000000000 0.1655113697 1.7722656727
-6.6495852470 30.9752655029 -5.1840310097 16.9888916016 0.0000000000 0.0000000000 0.1661875546 1.7679812908
-6.6904182434 31.1670093536 -5.1877398491 16.9169063568 0.0000000000 0.0000000000 0.1668992192 1.7634845972
-6.7312030792 31.3579616547 -5.1916098595 16.8429565430 0.0000000000 0.0000000000 0.1675212383 1.7584578991
-6.7719321251 31.5481395721 -5.1975650787 16.7699260712 0.0000000000 0.0000000000 0.1679942608 1.7526792288
-6.8126244545 31.7375583649 -5.2054638863 16.7010536194 0.0000000000 0.0000000000 0.1683546901 1.7466094494
-6.8531870842 31.9260578156 -5.2125253677 16.6357955933 0.0000000000 0.0000000000 0.1686166227 1.7402580976
-6.8937253952 32.1137733459 -5.2164711952 16.5681667328 0.0000000000 0.0000000000 0.1688648611 1.7339414358
-6.9341745377 32.3006172180 -5.2174983025 16.4943294525 0.0000000000 0.0000000000 0.1690940559 1.7282499075
-6.9744763374 32.4865150452 -5.2179417610 16.4164867401 0.0000000000 0.0000000000 0.1690740585 1.7231338024
-7.0145969391 32.6714172363 -5.2159399986 16.3366737366 0.0000000000 0.0000000000 0.1686636657 1.7189192772
-7.0545501709 32.8552474976 -5.2210574150 16.2631053925 0.0000000000 0.0000000000 0.1678458750 1.7153304815
-7.0943717957 33.0380287170 -5.2324109077 16.1949825287 0.0000000000 0.0000000000 0.1667259485 1.7119209766
-7.1340827942 33.2197723389 -5.2452926636 16.1291961670 0.0000000000 0.0000000000 0.1655319184 1.7086381912
-7.1737022400 33.4005317688 -5.2506241798 16.0585536957 0.0000000000 0.0000000000 0.1645600498 1.7051364183
-7.2131443024 33.5801506042 -5.2544369698 15.9860877991 0.0000000000 0.0000000000 0.1637867242 1.7013217211
-7.2524323463 33.7587203979 -5.2567496300 15.9141578674 0.0000000000 0.0000000000 0.1632478535 1.6973723173
-7.2914867401 33.9360923767 -5.2572565079 15.8439741135 0.0000000000 0.0000000000 0.1627497077 1.6936427355
-7.3304328918 34.1124572754 -5.2570691109 15.7759752274 0.0000000000 0.0000000000 0.1621434540 1.6900022030
-7.3692679405 34.2877998352 -5.2589221001 15.7096624374 0.0000000000 0.0000000000 0.1613788754 1.6864827871
-7.4080348015 34.4621086121 -5.2632899284 15.6427927017 0.0000000000 0.0000000000 0.1604823619 1.6831969023
-7.4467177391 34.6353607178 -5.2632112503 15.5749158859 0.0000000000 0.0000000000 0.1596608162 1.6796751022
-7.4853615761 34.8076477051 -5.2564711571 15.5076036453 0.0000000000 0.0000000000 0.1589365751 1.6752544641
-7.5239362717 34.9788780212 -5.2446236610 15.4415988922 0.0000000000 0.0000000000 0.1582897305 1.6695511341
-7.5624470711 35.1490478516 -5.2371921539 15.3799705505 0.0000000000 0.0000000000 0.1576527059 1.6627053022
-7.6009817123 35.3182792664 -5.2392220497 15.3239498138 0.0000000000 0.0000000000 0.1569145024 1.6551411152
-7.6395516396 35.4866027832 -5.2493085861 15.2701950073 0.0000000000 0.0000000000 0.1561905146 1.6468861103
-7.6781158447 35.6540298462 -5.2598848343 15.2187032700 0.0000000000 0.0000000000 0.1556075066 1.6382068396
-7.7165951729 35.8204803467 -5.2661743164 15.1689424515 0.0000000000 0.0000000000 0.1551869959 1.6298134327
-7.7549219131 35.9858627319 -5.2607803345 15.1116437912 0.0000000000 0.0000000000 0.1549820751 1.6219052076
-7.7932491302 36.1504020691 -5.2612075806 15.0576705933 0.0000000000 0.0000000000 0.1549374014 1.6148942709
-7.8315892220 36.3140830994 -5.2705750465 15.0067243576 0.0000000000 0.0000000000 0.1550026089 1.6084841490
-7.8699316978 36.4769630432 -5.2873373032 14.9607267380 0.0000000000 0.0000000000 0.1552939266 1.6024369001
-7.9082727432 36.6391220093 -5.3051056862 14.9153976440 0.0000000000 0.0000000000 0.1556166857 1.5972120762
-7.9465503693 36.8004493713 -5.3169279099 14.8681955338 0.0000000000 0.0000000000 0.1558583081 1.5927051306
-7.9847555161 36.9609756470 -5.3238639832 14.8190250397 0.0000000000 0.0000000000 0.1559733748 1.5887668133
-8.0227766037 37.1205902100 -5.3261847496 14.7666940689 0.0000000000 0.0000000000 0.1559229344 1.5852481127
-8.0606498718 37.2793235779 -5.3236250877 14.7078895569 0.0000000000 0.0000000000 0.1559680402 1.5820124149
-8.0983619690 37.4372253418 -5.3232364655 14.6504001617 0.0000000000 0.0000000000 0.1560650021 1.5789599419
-8.1359748840 37.5943374634 -5.3276948929 14.5969381332 0.0000000000 0.0000000000 0.1560328603 1.5764925480
-8.1733865738 37.7503662109 -5.3337783813 14.5457668304 0.0000000000 0.0000000000 0.1556894779 1.5744953156
-8.2106990814 37.9055862427 -5.3402070999 14.4966697693 0.0000000000 0.0000000000 0.1550385505 1.5729100704
-8.2479257584 38.0600624084 -5.3446068764 14.4454631805 0.0000000000 0.0000000000 0.1542299539 1.5710186958
-8.2850217819 38.2138137817 -5.3481802940 14.3938808441 0.0000000000 0.0000000000 0.1533793956 1.5689798594
-8.3219327927 38.3666534424 -5.3533186913 14.3423948288 0.0000000000 0.0000000000 0.1525059193 1.5666705370
-8.3587379456 38.5187263489 -5.3634977341 14.2941417694 0.0000000000 0.0000000000 0.1516510248 1.5641819239
-8.3952903748 38.6698532104 -5.3739390373 14.2466745377 0.0000000000 0.0000000000 0.1508743316 1.5619950294
-8.4316358566 38.8201103210 -5.3829956055 14.1993341446 0.0000000000 0.0000000000 0.1501558721 1.5599311590
-8.4677486420 38.9695205688 -5.3930945396 14.1558084488 0.0000000000 0.0000000000 0.1494488865 1.5584838390
-8.5036497116 39.1180381775 -5.4030528069 14.1120424271 0.0000000000 0.0000000000 0.1486801654 1.5577960014
-8.5393743515 39.2656478882 -5.4086446762 14.0650205612 0.0000000000 0.0000000000 0.1479752809 1.5574064255
-8.5748939514 39.4123840332 -5.4100475311 14.0158357620 0.0000000000 0.0000000000 0.1474261284 1.5570729971
-8.6102762222 39.5582771301 -5.4076876640 13.9672088623 0.0000000000 0.0000000000 0.1470858157 1.5565317869
-8.6455326080 39.7032546997 -5.4008665085 13.9181852341 0.0000000000 0.0000000000 0.1469662040 1.5554426908
-8.6807174683 39.8474311829 -5.3913826942 13.8662662506 0.0000000000 0.0000000000 0.1469922513 1.5538104773
-8.7157163620 39.9906730652 -5.3794245720 13.8100032806 0.0000000000 0.0000000000 0.1470243484 1.5521242619
-8.7505750656 40.1329536438 -5.3715600967 13.7542772293 0.0000000000 0.0000000000 0.1470622569 1.5507866144
-8.7852878571 40.2742729187 -5.3682284355 13.7021493912 0.0000000000 0.0000000000 0.1470879912 1.5502294302
-8.8199148178 40.4147415161 -5.3716707230 13.6547374725 0.0000000000 0.0000000000 0.1470847577 1.5507278442
-8.8543910980 40.5542831421 -5.3728370667 13.6096553802 0.0000000000 0.0000000000 0.1470828950 1.5517086983
-8.8886814117 40.6929206848 -5.3692398071 13.5631084442 0.0000000000 0.0000000000 0.1470349133 1.5533138514
-8.9228506088 40.8306694031 -5.3650426865 13.5153017044 0.0000000000 0.0000000000 0.1469082534 1.5555062294
-8.9569635391 40.9675140381 -5.3652076721 13.4707107544 0.0000000000 0.0000000000 0.1468636245 1.5581129789
-8.9909591675 41.1032142639 -5.3697986603 13.4266681671 0.0000000000 0.0000000000 0.1469659805 1.5609381199
-9.0248775482 41.2378692627 -5.3781042099 13.3827152252 0.0000000000 0.0000000000 0.1471442878 1.5643423796
-9.0587453842 41.3716697693 -5.3931245804 13.3418769836 0.0000000000 0.0000000000 0.1473649591 1.5676608086
-9.0925388336 41.5046768188 -5.4086441994 13.3040914536 0.0000000000 0.0000000000 0.1476638615 1.5702486038
-9.1262340546 41.6369132996 -5.4139857292 13.2614641190 0.0000000000 0.0000000000 0.1479954422 1.5722627640
-9.1597948074 41.7683067322 -5.4105343819 13.2123775482 0.0000000000 0.0000000000 0.1482928544 1.5736308098
-9.1931581497 41.8988227844 -5.4071245193 13.1603317261 0.0000000000 0.0000000000 0.1485502422 1.5747908354
-9.2263298035 42.0284118652 -5.4087986946 13.1135749817 0.0000000000 0.0000000000 0.1487243623 1.5759971142
-9.2593135834 42.1570472717 -5.4148778915 13.0734977722 0.0000000000 0.0000000000 0.1488682032 1.5773236752
-9.2921047211 42.2847976685 -5.4250903130 13.0415468216 0.0000000000 0.0000000000 0.1489594132 1.5785207748
-9.3247299194 42.4117736816 -5.4319667816 13.0108547211 0.0000000000 0.0000000000 0.1488695443 1.5791203976
-9.3571510315 42.5379676819 -5.4316806793 12.9775972366 0.0000000000 0.0000000000 0.1483900398 1.5786199570
-9.3893747330 42.6634635925 -5.4302577972 12.9423656464 0.0000000000 0.0000000000 0.1476468295 1.5774383545
-9.4213886261 42.7882194519 -5.4332470894 12.9109373093 0.0000000000 0.0000000000 0.1465809345 1.5751678944
-9.4532165527 42.9122009277 -5.4444642067 12.8878479004 0.0000000000 0.0000000000 0.1452259719 1.5721554756
-9.4848918915 43.0354995728 -5.4601664543 12.8724422455 0.0000000000 0.0000000000 0.1437891126 1.5686572790
-9.5162954330 43.1580963135 -5.4783496857 12.8599271774 0.0000000000 0.0000000000 0.1425572783 1.5652079582
-9.5474729538 43.2800140381 -5.4932622910 12.8428382874 0.0000000000 0.0000000000 0.1415261030 1.5611373186
-9.5785570145 43.4013175964 -5.4976782799 12.8177890778 0.0000000000 0.0000000000 0.1405715197 1.5570397377
-9.6095962524 43.5219993591 -5.4933352470 12.7896976471 0.0000000000 0.0000000000 0.1396116316 1.5528995991
-9.6407203674 43.6422309875 -5.4843525887 12.7618970871 0.0000000000 0.0000000000 0.1386165172 1.5484074354
-9.6718893051 43.7618789673 -5.4775290489 12.7363357544 0.0000000000 0.0000000000 0.1376830041 1.5429748297
-9.7030267715 43.8809051514 -5.4818286896 12.7143001556 0.0000000000 0.0000000000 0.1369062960 1.5373383760
-9.7341470718 43.9993247986 -5.4910984039 12.6918029785 0.0000000000 0.0000000000 0.1363702267 1.5314599276
-9.7652168274 44.1171073914 -5.4942002296 12.6628513336 0.0000000000 0.0000000000 0.1362236738 1.5262296200
-9.7962961197 44.2344551086 -5.4971475601 12.6344184875 0.0000000000 0.0000000000 0.1365161389 1.5216693878
-9.8273839951 44.3513793945 -5.5010948181 12.6057481766 0.0000000000 0.0000000000 0.1373935193 1.5178214312
-9.8583993912 44.4678115845 -5.5095109940 12.5758543015 0.0000000000 0.0000000000 0.1386461705 1.5146384239
-9.8893032074 44.5837478638 -5.5241241455 12.5467767715 0.0000000000 0.0000000000 0.1399648935 1.5114985704
-9.9200525284 44.6991844177 -5.5430974960 12.5220375061 0.0000000000 0.0000000000 0.1408818215 1.5082260370
-9.9506177902 44.8141632080 -5.5603780746 12.5013036728 0.0000000000 0.0000000000 0.1412717849 1.5045956373
-9.9810562134 44.9286499023 -5.5713777542 12.4824924469 0.0000000000 0.0000000000 0.1411310136 1.5006687641
-10.0113353729 45.0426063538 -5.5733547211 12.4627447128 0.0000000000 0.0000000000 0.1404538602 1.4962767363
-10.0416030884 45.1560668945 -5.5732774734 12.4437618256 0.0000000000 0.0000000000 0.1394308507 1.4912832975
-10.0717372894 45.2688827515 -5.5748367310 12.4296712875 0.0000000000 0.0000000000 0.1380444765 1.4860018492
-10.1018781662 45.3811683655 -5.5750985146 12.4183712006 0.0000000000 0.0000000000 0.1363770962 1.4811586142
-10.1320390701 45.4929695129 -5.5725946426 12.4062194824 0.0000000000 0.0000000000 0.1345616579 1.4769787788
-10.1621932983 45.6042861938 -5.5730466843 12.3906135559 0.0000000000 0.0000000000 0.1327704489 1.4737077951
-10.1923313141 45.7150688171 -5.5777254105 12.3714542389 0.0000000000 0.0000000000 0.1312849075 1.4709250927
-10.2224359512 45.8251838684 -5.5797910690 12.3470354080 0.0000000000 0.0000000000 0.1303052902 1.4681648016
-10.2525863647 45.9347991943 -5.5786366463 12.3205232620 0.0000000000 0.0000000000 0.1299334615 1.4655525684
-10.2826652527 46.0439071655 -5.5807352066 12.2930812836 0.0000000000 0.0000000000 0.1300243884 1.4630532265
-10.3126869202 46.1525154114 -5.5950274467 12.2713127136 0.0000000000 0.0000000000 0.1305262446 1.4605540037
-10.3425731659 46.2605209351 -5.6143350601 12.2521600723 0.0000000000 0.0000000000 0.1313104928 1.4575490952
-10.3723421097 46.3679733276 -5.6243195534 12.2308654785 0.0000000000 0.0000000000 0.1321517527 1.4540426731
-10.4019212723 46.4747428894 -5.6221718788 12.2076454163 0.0000000000 0.0000000000 0.1329337507 1.4500020742
-10.4313869476 46.5809173584 -5.6190013885 12.1857986450 0.0000000000 0.0000000000 0.1334877610 1.4456417561
-10.4607868195 46.6865806580 -5.6222224236 12.1646499634 0.0000000000 0.0000000000 0.1336728036 1.4412535429
-10.4901590347 46.7918205261 -5.6315574646 12.1436634064 0.0000000000 0.0000000000 0.1336927414 1.4369544983
-10.5195140839 46.8966217041 -5.6376194954 12.1209821701 0.0000000000 0.0000000000 0.1336710304 1.4329775572
-10.5488157272 47.0009498596 -5.6358003616 12.0943603516 0.0000000000 0.0000000000 0.1336888820 1.4295661449
-10.5780563354 47.1046333313 -5.6330618858 12.0675640106 0.0000000000 0.0000000000 0.1336757094 1.4267383814
-10.6073684692 47.2078590393 -5.6325478554 12.0429573059 0.0000000000 0.0000000000 0.1334994435 1.4243265390
-10.6367616653 47.3106040955 -5.6374511719 12.0229434967 0.0000000000 0.0000000000 0.1330792904 1.4219844341
-10.6661844254 47.4128761292 -5.6427121162 12.0050678253 0.0000000000 0.0000000000 0.1324169338 1.4191797972
-10.6956386566 47.5146636963 -5.6453037262 11.9881896973 0.0000000000 0.0000000000 0.1315429509 1.4161827564
-10.7250947952 47.6159553528 -5.6466493607 11.9710645676 0.0000000000 0.0000000000 0.1306806654 1.4136272669
-10.7545261383 47.7166938782 -5.6477904320 11.9536218643 0.0000000000 0.0000000000 0.1299279928 1.4115172625
-10.7838811874 47.8168678284 -5.6496772766 11.9350719452 0.0000000000 0.0000000000 0.1293950826 1.4102141857
-10.8132915497 47.9165992737 -5.6504631042 11.9153518677 0.0000000000 0.0000000000 0.1291845888 1.4092874527
-10.8427171707 48.0158958435 -5.6546444893 11.8955039978 0.0000000000 0.0000000000 0.1292624474 1.4084082842
-10.8721599579 48.1147270203 -5.6635980606 11.8778724670 0.0000000000 0.0000000000 0.1294839680 1.4076206684
-10.9015312195 48.2130851746 -5.6726560593 11.8615407944 0.0000000000 0.0000000000 0.1297246665 1.4067676067
-10.9308309555 48.3109779358 -5.6807584763 11.8447990417 0.0000000000 0.0000000000 0.1299897879 1.4054170847
-10.9600467682 48.4083099365 -5.6842584610 11.8252191544 0.0000000000 0.0000000000 0.1302331835 1.4044981003
-10.9891958237 48.5051879883 -5.6848769188 11.8050832748 0.0000000000 0.0000000000 0.1303555667 1.4038162231
-11.0182218552 48.6015853882 -5.6893005371 11.7869758606 0.0000000000 0.0000000000 0.1303109229 1.4030773640
-11.0470972061 48.6975135803 -5.7041230202 11.7721157074 0.0000000000 0.0000000000 0.1301459670 1.4021059275
-11.0758266449 48.7930984497 -5.7259039879 11.7601604462 0.0000000000 0.0000000000 0.1298448890 1.4005258083
-11.1043500900 48.8882942200 -5.7435822487 11.7467975616 0.0000000000 0.0000000000 0.1293287873 1.3987094164
-11.1326341629 48.9831657410 -5.7514843941 11.7302112579 0.0000000000 0.0000000000 0.1285823286 1.3972615004
-11.1606473923 49.0776176453 -5.7474784851 11.7097063065 0.0000000000 0.0000000000 0.1278781295 1.3965394497
-11.1884946823 49.1716918945 -5.7408928871 11.6888313293 0.0000000000 0.0000000000 0.1273263544 1.3963301182
-11.2162742615 49.2653808594 -5.7397217751 11.6716766357 0.0000000000 0.0000000000 0.1269868016 1.3962024450
-11.2440347672 49.3587265015 -5.7465381622 11.6600522995 0.0000000000 0.0000000000 0.1266337931 1.3962668180
-11.2717351913 49.4516944885 -5.7572994232 11.6515531540 0.0000000000 0.0000000000 0.1262423843 1.3961060047
-11.2993822098 49.5441856384 -5.7652692795 11.6422739029 0.0000000000 0.0000000000 0.1258776039 1.3953920603
-11.3270359039 49.6363792419 -5.7726492882 11.6296844482 0.0000000000 0.0000000000 0.1256382763 1.3942898512
-11.3546981812 49.7283401489 -5.7789378166 11.6141586304 0.0000000000 0.0000000000 0.1255758852 1.3929678202
-11.3822412491 49.8199234009 -5.7845916748 11.5982093811 0.0000000000 0.0000000000 0.1255867034 1.3914906979
-11.4096622467 49.9110984802 -5.7938165665 11.5852499008 0.0000000000 0.0000000000 0.1254150122 1.3899581432
-11.4368572235 50.0017242432 -5.8065071106 11.5741567612 0.0000000000 0.0000000000 0.1249529049 1.3887491226
-11.4638710022 50.0919990540 -5.8207497597 11.5613956451 0.0000000000 0.0000000000 0.1242975965 1.3876514435
-11.4906921387 50.1819000244 -5.8294873238 11.5453834534 0.0000000000 0.0000000000 0.1237701029 1.3869127035
-11.5173444748 50.2714347839 -5.8302564621 11.5266227722 0.0000000000 0.0000000000 0.1235715076 1.3868634701
-11.5438480377 50.3605766296 -5.8236656189 11.5066394806 0.0000000000 0.0000000000 0.1235876009 1.3870508671
-11.5702390671 50.4493904114 -5.8181319237 11.4873723984 0.0000000000 0.0000000000 0.1235545427 1.3868912458
-11.5964345932 50.5376167297 -5.8227982521 11.4718475342 0.0000000000 0.0000000000 0.1234820634 1.3859117031
-11.6225366592 50.6255455017 -5.8331203461 11.4581737518 0.0000000000 0.0000000000 0.1232207641 1.3844259977
-11.6484470367 50.7129898071 -5.8369960785 11.4438114166 0.0000000000 0.0000000000 0.1227990240 1.3827164173
-11.6740856171 50.7999839783 -5.8324837685 11.4280681610 0.0000000000 0.0000000000 0.1223207712 1.3807909489
-11.6994934082 50.8864822388 -5.8284168243 11.4136953354 0.0000000000 0.0000000000 0.1218800917 1.3787151575
-11.7248420715 50.9727363586 -5.8346996307 11.4039840698 0.0000000000 0.0000000000 0.1215585768 1.3769148588
-11.7501544952 51.0587043762 -5.8517303467 11.3999805450 0.0000000000 0.0000000000 0.1214488596 1.3752671480
-11.7753944397 51.1443328857 -5.8689641953 11.3981256485 0.0000000000 0.0000000000 0.1215119734 1.3736823797
-11.8005104065 51.2295684814 -5.8784775734 11.3938360214 0.0000000000 0.0000000000 0.1217161864 1.3717650175
-11.8254470825 51.3142471313 -5.8815050125 11.3867692947 0.0000000000 0.0000000000 0.1219984293 1.3692594767
-11.8502922058 51.3984909058 -5.8875560760 11.3792238235 0.0000000000 0.0000000000 0.1221561432 1.3669481277
-11.8751306534 51.4824485779 -5.8961186409 11.3708858490 0.0000000000 0.0000000000 0.1221566647 1.3648760319
-11.9000225067 51.5662803650 -5.9066724777 11.3611955643 0.0000000000 0.0000000000 0.1220013499 1.3633600473
-11.9249229431 51.6499900818 -5.9154744148 11.3500719070 0.0000000000 0.0000000000 0.1217686906 1.3622061014
-11.9497375488 51.7335357666 -5.9245324135 11.3378572464 0.0000000000 0.0000000000 0.1215327233 1.3612388372
-11.9743881226 51.8167686462 -5.9305272102 11.3239631653 0.0000000000 0.0000000000 0.1213550866 1.3602961302
-11.9988269806 51.8995971680 -5.9323205948 11.3083610535 0.0000000000 0.0000000000 0.1212930530 1.3593689203
-12.0231952667 51.9821739197 -5.9318394661 11.2917881012 0.0000000000 0.0000000000 0.1212008074 1.3581814766
-12.0473976135 52.0644226074 -5.9298477173 11.2748794556 0.0000000000 0.0000000000 0.1209668219 1.3569278717
-12.0714111328 52.1462974548 -5.9294657707 11.2587528229 0.0000000000 0.0000000000 0.1205717847 1.3558355570
-12.0952301025 52.2278633118 -5.9302945137 11.2442283630 0.0000000000 0.0000000000 0.1200588644 1.3546403646
-12.1189193726 52.3092079163 -5.9368615150 11.2322387695 0.0000000000 0.0000000000 0.1196199507 1.3534049988
-12.1425285339 52.3903350830 -5.9453744888 11.2213792801 0.0000000000 0.0000000000 0.1194370091 1.3524614573
-12.1660833359 52.4712104797 -5.9530029297 11.2112379074 0.0000000000 0.0000000000 0.1195232421 1.3521752357
-12.1895647049 52.5518569946 -5.9598779678 11.2018251419 0.0000000000 0.0000000000 0.1196584105 1.3519750834
-12.2129344940 52.6322517395 -5.9670825005 11.1937208176 0.0000000000 0.0000000000 0.1197244152 1.3516999483
-12.2361593246 52.7124252319 -5.9728736877 11.1876640320 0.0000000000 0.0000000000 0.1197105125 1.3511968851
-12.2591724396 52.7922019958 -5.9777331352 11.1836290359 0.0000000000 0.0000000000 0.1196435615 1.3500782251
-12.2820882797 52.8717002869 -5.9823656082 11.1799869537 0.0000000000 0.0000000000 0.1196332425 1.3487465382
-12.3049936295 52.9509925842 -5.9863338470 11.1748361588 0.0000000000 0.0000000000 0.1197392941 1.3471086025
-12.3278474808 53.0301017761 -5.9869246483 11.1672124863 0.0000000000 0.0000000000 0.1200365424 1.3454587460
-12.3506164551 53.1090736389 -5.9874877930 11.1582765579 0.0000000000 0.0000000000 0.1203688458 1.3436936140
-12.3733854294 53.1879234314 -5.9869599342 11.1465511322 0.0000000000 0.0000000000 0.1205982864 1.3422341347
-12.3960371017 53.2664527893 -5.9879059792 11.1337099075 0.0000000000 0.0000000000 0.1206609830 1.3409768343
-12.4186429977 53.3447952271 -5.9922738075 11.1200971603 0.0000000000 0.0000000000 0.1204358861 1.3393440247
-12.4410963058 53.4227180481 -5.9948163033 11.1055631638 0.0000000000 0.0000000000 0.1200757623 1.3378226757
-12.4634923935 53.5003433228 -5.9943475723 11.0915174484 0.0000000000 0.0000000000 0.1195010617 1.3367116451
-12.4858646393 53.5776672363 -5.9954791069 11.0803909302 0.0000000000 0.0000000000 0.1187990755 1.3357627392
-12.5082092285 53.6547431946 -6.0042352676 11.0736541748 0.0000000000 0.0000000000 0.1180535182 1.3346892595
-12.5304937363 53.7314834595 -6.0179228783 11.0696907043 0.0000000000 0.0000000000 0.1175133511 1.3333582878
-12.5527133942 53.8079833984 -6.0332155228 11.0666637421 0.0000000000 0.0000000000 0.1172793731 1.3318623304
-12.5748605728 53.8842353821 -6.0424542427 11.0619974136 0.0000000000 0.0000000000 0.1173230633 1.3305660486
-12.5969095230 53.9603500366 -6.0424098969 11.0549030304 0.0000000000 0.0000000000 0.1174510941 1.3292822838
-12.6187400818 54.0361251831 -6.0416536331 11.0473012924 0.0000000000 0.0000000000 0.1174743250 1.3283207417
-12.6405220032 54.1117172241 -6.0478048325 11.0414323807 0.0000000000 0.0000000000 0.1173735335 1.3276174068
-12.6623306274 54.1871604919 -6.0520343781 11.0355958939 0.0000000000 0.0000000000 0.1170774475 1.3275647163
-12.6841039658 54.2622947693 -6.0511398315 11.0292873383 0.0000000000 0.0000000000 0.1166938096 1.3278344870
-12.7059011459 54.3372573853 -6.0481543541 11.0232114792 0.0000000000 0.0000000000 0.1163670719 1.3281303644
-12.7277746201 54.4119987488 -6.0502028465 11.0179386139 0.0000000000 0.0000000000 0.1163490340 1.3286783695
-12.7496032715 54.4863586426 -6.0587401390 11.0134611130 0.0000000000 0.0000000000 0.1164830625 1.3296121359
-12.7713527679 54.5604362488 -6.0682287216 11.0096721649 0.0000000000 0.0000000000 0.1166264936 1.3304079771
-12.7931232452 54.6342277527 -6.0765337944 11.0060930252 0.0000000000 0.0000000000 0.1167380214 1.3312084675
-12.8148918152 54.7078247070 -6.0848917961 11.0021028519 0.0000000000 0.0000000000 0.1165462658 1.3318295479
-12.8366670609 54.7811889648 -6.0947971344 10.9976863861 0.0000000000 0.0000000000 0.1160998344 1.3319363594
-12.8584852219 54.8544387817 -6.1060128212 10.9932126999 0.0000000000 0.0000000000 0.1156545952 1.3316543102
-12.8802413940 54.9274978638 -6.1158628464 10.9881124496 0.0000000000 0.0000000000 0.1153076813 1.3308657408
-12.9018507004 55.0003089905 -6.1239027977 10.9834928513 0.0000000000 0.0000000000 0.1152276769 1.3298159838
-12.9233903885 55.0729331970 -6.1286740303 10.9783477783 0.0000000000 0.0000000000 0.1152241677 1.3283554316
-12.9448022842 55.1453208923 -6.1299433708 10.9716196060 0.0000000000 0.0000000000 0.1151838154 1.3270925283
-12.9661664963 55.2174758911 -6.1306095123 10.9645748138 0.0000000000 0.0000000000 0.1150322407 1.3263084888
-12.9875717163 55.2894477844 -6.1331486702 10.9584360123 0.0000000000 0.0000000000 0.1148849353 1.3255701065
-13.0088806152 55.3611755371 -6.1355152130 10.9520492554 0.0000000000 0.0000000000 0.1149506345 1.3248789310
-13.0301313400 55.4326744080 -6.1402611732 10.9457874298 0.0000000000 0.0000000000 0.1152162924 1.3240690231
-13.0512981415 55.5039672852 -6.1494069099 10.9400815964 0.0000000000 0.0000000000 0.1153695583 1.3232773542
-13.0723609924 55.5750732422 -6.1614294052 10.9342222214 0.0000000000 0.0000000000 0.1151836514 1.3228478432
-13.0933275223 55.6459617615 -6.1726346016 10.9289598465 0.0000000000 0.0000000000 0.1146569848 1.3223320246
-13.1140842438 55.7165565491 -6.1840834618 10.9248905182 0.0000000000 0.0000000000 0.1140567586 1.3218207359
-13.1346464157 55.7868957520 -6.1923589706 10.9203538895 0.0000000000 0.0000000000 0.1135987416 1.3211493492
-13.1549940109 55.8569335938 -6.1986331940 10.9141988754 0.0000000000 0.0000000000 0.1133932248 1.3204400539
-13.1751508713 55.9267196655 -6.1976604462 10.9049520493 0.0000000000 0.0000000000 0.1134727523 1.3199179173
-13.1951665878 55.9962234497 -6.1944732666 10.8946485519 0.0000000000 0.0000000000 0.1136884615 1.3198170662
-13.2149143219 56.0654029846 -6.1967754364 10.8858976364 0.0000000000 0.0000000000 0.1139657125 1.3195933104
-13.2344179153 56.1342658997 -6.2046160698 10.8789815903 0.0000000000 0.0000000000 0.1141672134 1.3191626072
-13.2536811829 56.2027626038 -6.2170243263 10.8735313416 0.0000000000 0.0000000000 0.1142109409 1.3184541464
-13.2727289200 56.2708778381 -6.2266259193 10.8680543900 0.0000000000 0.0000000000 0.1140117049 1.3175264597
-13.2915210724 56.3385314941 -6.2284035683 10.8622283936 0.0000000000 0.0000000000 0.1137769818 1.3165551424
-13.3100833893 56.4057426453 -6.2267446518 10.8578319550 0.0000000000 0.0000000000 0.1135482937 1.3153752089
-13.3284139633 56.4724769592 -6.2306289673 10.8562564850 0.0000000000 0.0000000000 0.1133819222 1.3140022755
-13.3466053009 56.5388717651 -6.2463054657 10.8576803207 0.0000000000 0.0000000000 0.1133340076 1.3129882812
-13.3645362854 56.6047592163 -6.2664270401 10.8595714569 0.0000000000 0.0000000000 0.1134745553 1.3120583296
-13.3822078705 56.6703071594 -6.2802872658 10.8580999374 0.0000000000 0.0000000000 0.1136673763 1.3114018440
-13.3996381760 56.7355728149 -6.2854142189 10.8518486023 0.0000000000 0.0000000000 0.1136339679 1.3115266562
-13.4169235229 56.8005523682 -6.2850027084 10.8426418304 0.0000000000 0.0000000000 0.1133658513 1.3119107485
-13.4339847565 56.8651161194 -6.2864756584 10.8345127106 0.0000000000 0.0000000000 0.1129191741 1.3126714230
-13.4507713318 56.9292984009 -6.2922339439 10.8289108276 0.0000000000 0.0000000000 0.1124792024 1.3136430979
-13.4673461914 56.9930648804 -6.2960958481 10.8242778778 0.0000000000 0.0000000000 0.1122673154 1.3141876459
-13.4838228226 57.0565299988 -6.2959427834 10.8198595047 0.0000000000 0.0000000000 0.1122528687 1.3142248392
-13.5002212524 57.1197319031 -6.2950015068 10.8149890900 0.0000000000 0.0000000000 0.1123133674 1.3142807484
-13.5164737701 57.1825370789 -6.2939858437 10.8099575043 0.0000000000 0.0000000000 0.1123963371 1.3143604994
-13.5325727463 57.2450408936 -6.2929916382 10.8051443100 0.0000000000 0.0000000000 0.1122623608 1.3144549131
-13.5486421585 57.3072509766 -6.2923727036 10.8019323349 0.0000000000 0.0000000000 0.1119358838 1.3142558336
-13.5647649765 57.3692855835 -6.2964768410 10.8002824783 0.0000000000 0.0000000000 0.1114833653 1.3139566183
-13.5808553696 57.4310646057 -6.3086585999 10.8006753922 0.0000000000 0.0000000000 0.1110066995 1.3135851622
-13.5969505310 57.4926071167 -6.3178195953 10.7998647690 0.0000000000 0.0000000000 0.1106662750 1.3127381802
-13.6130037308 57.5537681580 -6.3194470406 10.7970829010 0.0000000000 0.0000000000 0.1104557440 1.3112583160
-13.6289157867 57.6144714355 -6.3187880516 10.7934513092 0.0000000000 0.0000000000 0.1102287322 1.3091539145
-13.6447095871 57.6747093201 -6.3254933357 10.7913513184 0.0000000000 0.0000000000 0.1100369468 1.3069300652
-13.6604099274 57.7346763611 -6.3339977264 10.7891979218 0.0000000000 0.0000000000 0.1099348143 1.3051840067
-13.6759891510 57.7943687439 -6.3376259804 10.7847318649 0.0000000000 0.0000000000 0.1100205109 1.3043581247
-13.6914148331 57.8538055420 -6.3385062218 10.7788677216 0.0000000000 0.0000000000 0.1103320494 1.3043612242
-13.7067184448 57.9129753113 -6.3404493332 10.7734317780 0.0000000000 0.0000000000 0.1107026860 1.3044908047
-13.7219009399 57.9718322754 -6.3424367905 10.7693519592 0.0000000000 0.0000000000 0.1111076623 1.3046872616
-13.7369613647 58.0303306580 -6.3452272415 10.7680931091 0.0000000000 0.0000000000 0.1113786399 1.3047837019
-13.7519407272 58.0886001587 -6.3482747078 10.7688627243 0.0000000000 0.0000000000 0.1114402413 1.3050566912
-13.7668952942 58.1466865540 -6.3527932167 10.7698535919 0.0000000000 0.0000000000 0.1112564206 1.3061015606
-13.7816638947 58.2044258118 -6.3559327126 10.7691211700 0.0000000000 0.0000000000 0.1109032482 1.3077896833
-13.7964200974 58.2619590759 -6.3566765785 10.7680015564 0.0000000000 0.0000000000 0.1105015054 1.3091399670
-13.8111162186 58.3191909790 -6.3580074310 10.7676095963 0.0000000000 0.0000000000 0.1102059856 1.3096560240
-13.8257513046 58.3760910034 -6.3636913300 10.7683353424 0.0000000000 0.0000000000 0.1100853607 1.3091402054
-13.8402910233 58.4326057434 -6.3769507408 10.7706270218 0.0000000000 0.0000000000 0.1099615842 1.3075340986
-13.8547658920 58.4888305664 -6.3924055099 10.7717866898 0.0000000000 0.0000000000 0.1098100990 1.3059977293
-13.8691177368 58.5446968079 -6.4060039520 10.7717561722 0.0000000000 0.0000000000 0.1096290722 1.3044087887
-13.8833341599 58.6003227234 -6.4119305611 10.7681131363 0.0000000000 0.0000000000 0.1092379764 1.3030240536
-13.8973712921 58.6556930542 -6.4102396965 10.7614574432 0.0000000000 0.0000000000 0.1085913703 1.3016653061
-13.9111537933 58.7106704712 -6.4081397057 10.7544145584 0.0000000000 0.0000000000 0.1077766269 1.3003959656
-13.9248619080 58.7654380798 -6.4138078690 10.7505626678 0.0000000000 0.0000000000 0.1070566699 1.2991042137
-13.9385128021 58.8199043274 -6.4245691299 10.7491064072 0.0000000000 0.0000000000 0.1066108197 1.2976889610
-13.9521436691 58.8741455078 -6.4323105812 10.7474412918 0.0000000000 0.0000000000 0.1065788418 1.2958837748
-13.9655933380 58.9280433655 -6.4303689003 10.7425565720 0.0000000000 0.0000000000 0.1069054827 1.2943365574
-13.9789590836 58.9816246033 -6.4262151718 10.7362718582 0.0000000000 0.0000000000 0.1073661894 1.2930341959
-13.9922838211 59.0349769592 -6.4267191887 10.7310075760 0.0000000000 0.0000000000 0.1078027040 1.2923601866
-14.0055646896 59.0881195068 -6.4349818230 10.7294015884 0.0000000000 0.0000000000 0.1081909314 1.2920227051
-14.0187292099 59.1409797668 -6.4467797279 10.7297000885 0.0000000000 0.0000000000 0.1083772629 1.2921129465
-14.0317258835 59.1934967041 -6.4537692070 10.7294797897 0.0000000000 0.0000000000 0.1085009426 1.2925597429
-14.0445718765 59.2457008362 -6.4541330338 10.7279481888 0.0000000000 0.0000000000 0.1086635962 1.2930490971
-14.0573883057 59.2976341248 -6.4503517151 10.7257785797 0.0000000000 0.0000000000 0.1088561416 1.2937306166
-14.0701169968 59.3492660522 -6.4486169815 10.7254638672 0.0000000000 0.0000000000 0.1089252606 1.2942582369
-14.0827817917 59.4005813599 -6.4530277252 10.7283487320 0.0000000000 0.0000000000 0.1088188961 1.2942110300
-14.0953817368 59.4514923096 -6.4623641968 10.7324733734 0.0000000000 0.0000000000 0.1087292880 1.2934464216
-14.1079235077 59.5020599365 -6.4709105492 10.7356309891 0.0000000000 0.0000000000 0.1089104638 1.2920460701
-14.1204051971 59.5523834229 -6.4691023827 10.7347345352 0.0000000000 0.0000000000 0.1091878489 1.2905962467
-14.1328878403 59.6024818420 -6.4629888535 10.7321643829 0.0000000000 0.0000000000 0.1093344167 1.2892423868
-14.1454248428 59.6524162292 -6.4635801315 10.7311506271 0.0000000000 0.0000000000 0.1090564206 1.2881697416
-14.1579551697 59.7020492554 -6.4753775597 10.7326860428 0.0000000000 0.0000000000 0.1084837839 1.2873630524
-14.1703910828 59.7514343262 -6.4893012047 10.7333106995 0.0000000000 0.0000000000 0.1079764292 1.2868876457
-14.1826410294 59.8006286621 -6.4891490936 10.7285299301 0.0000000000 0.0000000000 0.1076778993 1.2866033316
-14.1948165894 59.8496398926 -6.4780840874 10.7202291489 0.0000000000 0.0000000000 0.1074758768 1.2860459089
-14.2069721222 59.8984260559 -6.4684834480 10.7122783661 0.0000000000 0.0000000000 0.1073953137 1.2857322693
-14.2191286087 59.9469718933 -6.4708085060 10.7085952759 0.0000000000 0.0000000000 0.1074147522 1.2851291895
-14.2313327789 59.9953384399 -6.4812426567 10.7083559036 0.0000000000 0.0000000000 0.1075346321 1.2842105627
-14.2435073853 60.0434951782 -6.4845142365 10.7064933777 0.0000000000 0.0000000000 0.1077357754 1.2837651968
-14.2556190491 60.0913810730 -6.4776854515 10.7017269135 0.0000000000 0.0000000000 0.1080580503 1.2834558487
-14.2676954269 60.1389427185 -6.4726161957 10.6974754333 0.0000000000 0.0000000000 0.1084212884 1.2833899260
-14.2798280716 60.1863021851 -6.4745898247 10.6954927444 0.0000000000 0.0000000000 0.1088388860 1.2838281393
-14.2919788361 60.2333984375 -6.4795651436 10.6956005096 0.0000000000 0.0000000000 0.1092755422 1.2843036652
-14.3039655685 60.2801742554 -6.4870209694 10.6977796555 0.0000000000 0.0000000000 0.1095722541 1.2846987247
-14.3158597946 60.3266830444 -6.4981718063 10.7017908096 0.0000000000 0.0000000000 0.1095277369 1.2845026255
-14.3277750015 60.3730125427 -6.5062613487 10.7046728134 0.0000000000 0.0000000000 0.1091967523 1.2840372324
-14.3396396637 60.4191207886 -6.5052084923 10.7037639618 0.0000000000 0.0000000000 0.1087177619 1.2835788727
-14.3515148163 60.4650077820 -6.5019555092 10.7012166977 0.0000000000 0.0000000000 0.1082017198 1.2833487988
-14.3633365631 60.5105552673 -6.5042171478 10.7002096176 0.0000000000 0.0000000000 0.1077062637 1.2826712132
-14.3750524521 60.5559005737 -6.5126543045 10.7016687393 0.0000000000 0.0000000000 0.1075143516 1.2813452482
-14.3866395950 60.6010169983 -6.5231099129 10.7044591904 0.0000000000 0.0000000000 0.1075439900 1.2797267437
-14.3981132507 60.6459388733 -6.5255689621 10.7045192719 0.0000000000 0.0000000000 0.1076364219 1.2782980204
-14.4094705582 60.6906204224 -6.5190911293 10.7009258270 0.0000000000 0.0000000000 0.1076582894 1.2781159878
-14.4207601547 60.7351531982 -6.5119433403 10.6964349747 0.0000000000 0.0000000000 0.1076180711 1.2787818909
-14.4319028854 60.7793807983 -6.5100412369 10.6940069199 0.0000000000 0.0000000000 0.1074721292 1.2797701359
-14.4430999756 60.8234024048 -6.5141792297 10.6939706802 0.0000000000 0.0000000000 0.1073918194 1.2806944847
-14.4543628693 60.8672447205 -6.5188741684 10.6946754456 0.0000000000 0.0000000000 0.1075354442 1.2814713717
-14.4657049179 60.9109535217 -6.5225739479 10.6954030991 0.0000000000 0.0000000000 0.1076160818 1.2819488049
-14.4770555496 60.9543380737 -6.5214519501 10.6944780350 0.0000000000 0.0000000000 0.1076731384 1.2822411060
-14.4884090424 60.9974136353 -6.5204381943 10.6930160522 0.0000000000 0.0000000000 0.1076575145 1.2825027704
-14.4996519089 61.0400772095 -6.5303864479 10.6949100494 0.0000000000 0.0000000000 0.1074897796 1.2823052406
-14.5109310150 61.0825424194 -6.5464978218 10.6980047226 0.0000000000 0.0000000000 0.1073006541 1.2820475101
-14.5222148895 61.1248931885 -6.5566101074 10.6981391907 0.0000000000 0.0000000000 0.1073025987 1.2826339006
-14.5334157944 61.1671638489 -6.5549778938 10.6940879822 0.0000000000 0.0000000000 0.1074421331 1.2835032940
-14.5445976257 61.2093200684 -6.5526418686 10.6896944046 0.0000000000 0.0000000000 0.1076127663 1.2841256857
-14.5558032990 61.2512474060 -6.5566167831 10.6874265671 0.0000000000 0.0000000000 0.1078224853 1.2847105265
-14.5669584274 61.2930603027 -6.5656943321 10.6873407364 0.0000000000 0.0000000000 0.1080291197 1.2847347260
-14.5779991150 61.3347473145 -6.5711460114 10.6862306595 0.0000000000 0.0000000000 0.1082453281 1.2844816446
-14.5887670517 61.3760185242 -6.5691623688 10.6827211380 0.0000000000 0.0000000000 0.1082668528 1.2840061188
-14.5994205475 61.4171104431 -6.5669546127 10.6789922714 0.0000000000 0.0000000000 0.1078665555 1.2830890417
-14.6099557877 61.4580535889 -6.5724773407 10.6781501770 0.0000000000 0.0000000000 0.1070640385 1.2814428806
-14.6203279495 61.4987182617 -6.5818080902 10.6788187027 0.0000000000 0.0000000000 0.1063005626 1.2795230150
-14.6305437088 61.5391769409 -6.5880723000 10.6780948639 0.0000000000 0.0000000000 0.1060138196 1.2783252001
-14.6406450272 61.5794105530 -6.5886273384 10.6755723953 0.0000000000 0.0000000000 0.1059938669 1.2774339914
-14.6506032944 61.6194152832 -6.5862998962 10.6724720001 0.0000000000 0.0000000000 0.1062090993 1.2771214247
-14.6603555679 61.6591186523 -6.5874361992 10.6707162857 0.0000000000 0.0000000000 0.1066499650 1.2770544291
-14.6699838638 61.6985893250 -6.5943984985 10.6716070175 0.0000000000 0.0000000000 0.1071482077 1.2767244577
-14.6795797348 61.7379455566 -6.5986404419 10.6718244553 0.0000000000 0.0000000000 0.1075697541 1.2761533260
-14.6891489029 61.7771873474 -6.5987453461 10.6701488495 0.0000000000 0.0000000000 0.1076887548 1.2757308483
-14.6986675262 61.8163185120 -6.5960860252 10.6670341492 0.0000000000 0.0000000000 0.1074911729 1.2756192684
-14.7081794739 61.8552665710 -6.5961666107 10.6643171310 0.0000000000 0.0000000000 0.1070834920 1.2756445408
-14.7175989151 61.8939590454 -6.6019721031 10.6633443832 0.0000000000 0.0000000000 0.1067112312 1.2758029699
-14.7270450592 61.9325370789 -6.6073265076 10.6619548798 0.0000000000 0.0000000000 0.1064999625 1.2757906914
-14.7364711761 61.9710006714 -6.6070199013 10.6591110229 0.0000000000 0.0000000000 0.1065730676 1.2754595280
-14.7458333969 62.0093345642 -6.6029005051 10.6553907394 0.0000000000 0.0000000000 0.1069850475 1.2751356363
-14.7551269531 62.0474815369 -6.6060762405 10.6546192169 0.0000000000 0.0000000000 0.1075472757 1.2746062279
-14.7643814087 62.0854606628 -6.6161680222 10.6566019058 0.0000000000 0.0000000000 0.1078974381 1.2740526199
-14.7735900879 62.1233139038 -6.6224689484 10.6582202911 0.0000000000 0.0000000000 0.1079158485 1.2734656334
-14.7826900482 62.1609878540 -6.6213226318 10.6575899124 0.0000000000 0.0000000000 0.1075379625 1.2728155851
-14.7917156219 62.1984786987 -6.6175179482 10.6557979584 0.0000000000 0.0000000000 0.1070925221 1.2722754478
-14.8005743027 62.2357177734 -6.6196064949 10.6557140350 0.0000000000 0.0000000000 0.1065934300 1.2717893124
-14.8093643188 62.2727088928 -6.6307387352 10.6588592529 0.0000000000 0.0000000000 0.1061173677 1.2707186937
-14.8180942535 62.3094253540 -6.6427726746 10.6628131866 0.0000000000 0.0000000000 0.1058344692 1.2689284086
-14.8267641068 62.3460197449 -6.6442723274 10.6631689072 0.0000000000 0.0000000000 0.1057529822 1.2677179575
-14.8353967667 62.3825149536 -6.6366829872 10.6604070663 0.0000000000 0.0000000000 0.1058072522 1.2676712275
-14.8439960480 62.4187088013 -6.6303153038 10.6571788788 0.0000000000 0.0000000000 0.1059756279 1.2681539059
-14.8526782990 62.4548225403 -6.6327667236 10.6561374664 0.0000000000 0.0000000000 0.1061256975 1.2687455416
-14.8612785339 62.4906425476 -6.6408872604 10.6560039520 0.0000000000 0.0000000000 0.1064342111 1.2690550089
-14.8698120117 62.5262985229 -6.6446576118 10.6553401947 0.0000000000 0.0000000000 0.1068672165 1.2693176270
-14.8783082962 62.5618858337 -6.6391634941 10.6511154175 0.0000000000 0.0000000000 0.1073027775 1.2702385187
-14.8867273331 62.5972099304 -6.6342158318 10.6489076614 0.0000000000 0.0000000000 0.1074027792 1.2710022926
-14.8951673508 62.6323204041 -6.6325821877 10.6484117508 0.0000000000 0.0000000000 0.1070262715 1.2710425854
-14.9035787582 62.6671257019 -6.6367936134 10.6514558792 0.0000000000 0.0000000000 0.1064805165 1.2705793381
-14.9119892120 62.7017707825 -6.6458458900 10.6548089981 0.0000000000 0.0000000000 0.1061842740 1.2695400715
-14.9203042984 62.7362442017 -6.6478514671 10.6561212540 0.0000000000 0.0000000000 0.1061757058 1.2684310675
-14.9286708832 62.7705917358 -6.6440625191 10.6538763046 0.0000000000 0.0000000000 0.1063963696 1.2673962116
-14.9370441437 62.8047904968 -6.6378030777 10.6514635086 0.0000000000 0.0000000000 0.1067274958 1.2665104866
-14.9454126358 62.8387031555 -6.6349773407 10.6490411758 0.0000000000 0.0000000000 0.1071767062 1.2661174536
-14.9537878036 62.8722991943 -6.6438031197 10.6506443024 0.0000000000 0.0000000000 0.1076927781 1.2658647299
-14.9620857239 62.9055938721 -6.6565475464 10.6547966003 0.0000000000 0.0000000000 0.1082098708 1.2650716305
-14.9702854156 62.9386367798 -6.6575317383 10.6554851532 0.0000000000 0.0000000000 0.1086968780 1.2644958496
-14.9784402847 62.9713783264 -6.6491107941 10.6537828445 0.0000000000 0.0000000000 0.1089274585 1.2646831274
-14.9864683151 63.0037155151 -6.6496124268 10.6541004181 0.0000000000 0.0000000000 0.1089500338 1.2647016048
-14.9945192337 63.0358123779 -6.6601748466 10.6577148438 0.0000000000 0.0000000000 0.1087555885 1.2647576332
-15.0026092529 63.0676383972 -6.6719684601 10.6613130569 0.0000000000 0.0000000000 0.1084421277 1.2654969692
-15.0106668472 63.0991630554 -6.6714410782 10.6605892181 0.0000000000 0.0000000000 0.1083191857 1.2663214207
-15.0186815262 63.1304206848 -6.6589860916 10.6555376053 0.0000000000 0.0000000000 0.1084258705 1.2671653032
-15.0267095566 63.1613960266 -6.6526541710 10.6514539719 0.0000000000 0.0000000000 0.1085508391 1.2676445246
-15.0347824097 63.1920585632 -6.6618218422 10.6519765854 0.0000000000 0.0000000000 0.1087295562 1.2676047087
-15.0429773331 63.2225074768 -6.6677393913 10.6509857178 0.0000000000 0.0000000000 0.1088728905 1.2667512894
-15.0512094498 63.2527656555 -6.6608266830 10.6456737518 0.0000000000 0.0000000000 0.1092219725 1.2659221888
-15.0593881607 63.2827529907 -6.6504144669 10.6388368607 0.0000000000 0.0000000000 0.1096384153 1.2656172514
-15.0675134659 63.3124961853 -6.6477503777 10.6351308823 0.0000000000 0.0000000000 0.1100011021 1.2651485205
-15.0757598877 63.3420410156 -6.6594343185 10.6371412277 0.0000000000 0.0000000000 0.1102103516 1.2645291090
-15.0839147568 63.3713073730 -6.6774487495 10.6418218613 0.0000000000 0.0000000000 0.1102177426 1.2640990019
-15.0919494629 63.4001884460 -6.6849288940 10.6449813843 0.0000000000 0.0000000000 0.1100896075 1.2638992071
-15.0999164581 63.4288978577 -6.6792588234 10.6451072693 0.0000000000 0.0000000000 0.1100945994 1.2636679411
-15.1078681946 63.4573745728 -6.6707029343 10.6459817886 0.0000000000 0.0000000000 0.1100787744 1.2629213333
-15.1158103943 63.4855308533 -6.6705327034 10.6492729187 0.0000000000 0.0000000000 0.1099860445 1.2626144886
-15.1238374710 63.5135917664 -6.6802191734 10.6530170441 0.0000000000 0.0000000000 0.1099418178 1.2631019354
-15.1318454742 63.5414314270 -6.6872897148 10.6543149948 0.0000000000 0.0000000000 0.1098175123 1.2641344070
-15.1398773193 63.5691413879 -6.6808152199 10.6501312256 0.0000000000 0.0000000000 0.1095813140 1.2641948462
-15.1478738785 63.5966262817 -6.6709771156 10.6443109512 0.0000000000 0.0000000000 0.1093859896 1.2636404037
-15.1559286118 63.6240577698 -6.6694002151 10.6405639648 0.0000000000 0.0000000000 0.1092166975 1.2630665302
