#         COST_U        COST_H      COST_D       COST_S       REGU_H       REGU_S          HPO           COSTGLEN 
2530.1196289062 0.0000000000 0.0000000000 0.0000000000 38.2590484619 0.0000000000 18.1771450043
1129.6027832031 0.0000000000 0.0000000000 0.1236184835 38.0559730530 0.0000000000 10.0756025314
385.1983337402 0.0000000000 0.0000000000 0.4375710785 38.6286506653 0.0000000000 4.1975674629
148.1698303223 0.0000000000 0.0000000000 0.8712486625 38.8633460999 0.0000000000 1.0649180412
159.5374298096 0.0000000000 0.0000000000 1.3464229107 38.6189918518 0.0000000000 0.4821453094
181.4115295410 0.0000000000 0.0000000000 1.8158901930 39.5035972595 0.0000000000 0.5190038681
188.6597442627 0.0000000000 0.0000000000 2.2591590881 40.6832656860 0.0000000000 0.6071884632
179.5756530762 0.0000000000 0.0000000000 2.6668655872 41.1355514526 0.0000000000 0.6368517876
160.4124755859 0.0000000000 0.0000000000 3.0354964733 41.2024993896 0.0000000000 0.5936461687
137.9580535889 0.0000000000 0.0000000000 3.3657894135 41.0444602966 0.0000000000 0.4989911318
116.4018325806 0.0000000000 0.0000000000 3.6590597630 40.6326789856 0.0000000000 0.3941917419
97.1325912476 0.0000000000 0.0000000000 3.9164369106 39.9567718506 0.0000000000 0.2951108217
80.9394912720 0.0000000000 0.0000000000 4.1388325691 39.4562568665 0.0000000000 0.2140281200
67.7240066528 0.0000000000 0.0000000000 4.3269786835 39.0642433167 0.0000000000 0.1505469084
56.8704681396 0.0000000000 0.0000000000 4.4820203781 38.6857032776 0.0000000000 0.0945346355
48.0307731628 0.0000000000 0.0000000000 4.6056609154 38.4126243591 0.0000000000 0.0422523022
41.0234413147 0.0000000000 0.0000000000 4.6998744011 38.2794761658 0.0000000000 -0.0056977272
35.7869949341 0.0000000000 0.0000000000 4.7667441368 38.1835594177 0.0000000000 -0.0459576249
32.0620117188 0.0000000000 0.0000000000 4.8081197739 37.9721527100 0.0000000000 -0.0770985484
29.4319076538 0.0000000000 0.0000000000 4.8259077072 37.8421096802 0.0000000000 -0.1010854840
27.6317958832 0.0000000000 0.0000000000 4.8221263885 37.7748756409 0.0000000000 -0.1188573837
26.4446163177 0.0000000000 0.0000000000 4.7988047600 37.7102546692 0.0000000000 -0.1310314536
25.6651268005 0.0000000000 0.0000000000 4.7579488754 37.6476173401 0.0000000000 -0.1391924024
25.1470928192 0.0000000000 0.0000000000 4.7015304565 37.5712738037 0.0000000000 -0.1452018619
24.8263320923 0.0000000000 0.0000000000 4.6314787865 37.4896545410 0.0000000000 -0.1496999264
24.6386756897 0.0000000000 0.0000000000 4.5496926308 37.4051856995 0.0000000000 -0.1531377733
24.5326633453 0.0000000000 0.0000000000 4.4579563141 37.3244628906 0.0000000000 -0.1559703946
24.4853153229 0.0000000000 0.0000000000 4.3579354286 37.2369422913 0.0000000000 -0.1582370102
24.4818630219 0.0000000000 0.0000000000 4.2512049675 37.1593513489 0.0000000000 -0.1600061357
24.5050086975 0.0000000000 0.0000000000 4.1391844749 37.0966491699 0.0000000000 -0.1614121199
24.5414161682 0.0000000000 0.0000000000 4.0231652260 37.0379028320 0.0000000000 -0.1626138687
24.5819664001 0.0000000000 0.0000000000 3.9042954445 36.9794540405 0.0000000000 -0.1637191772
24.6193790436 0.0000000000 0.0000000000 3.7835986614 36.9307670593 0.0000000000 -0.1647730172
24.6467838287 0.0000000000 0.0000000000 3.6619925499 36.8814239502 0.0000000000 -0.1658184230
24.6632614136 0.0000000000 0.0000000000 3.5402634144 36.8283386230 0.0000000000 -0.1668765247
24.6656112671 0.0000000000 0.0000000000 3.4190881252 36.7701568604 0.0000000000 -0.1680044830
24.6527347565 0.0000000000 0.0000000000 3.2990357876 36.7138214111 0.0000000000 -0.1692454219
24.6235942841 0.0000000000 0.0000000000 3.1805834770 36.6543655396 0.0000000000 -0.1706042737
24.5776996613 0.0000000000 0.0000000000 3.0641303062 36.5955314636 0.0000000000 -0.1720941067
24.5144939423 0.0000000000 0.0000000000 2.9500045776 36.5351562500 0.0000000000 -0.1737067550
24.4348239899 0.0000000000 0.0000000000 2.8384718895 36.4729614258 0.0000000000 -0.1754438579
24.3396377563 0.0000000000 0.0000000000 2.7297432423 36.4067382812 0.0000000000 -0.1773204356
24.2296619415 0.0000000000 0.0000000000 2.6239852905 36.3348693848 0.0000000000 -0.1793099940
24.1059875488 0.0000000000 0.0000000000 2.5213334560 36.2655563354 0.0000000000 -0.1814203709
23.9692096710 0.0000000000 0.0000000000 2.4219045639 36.1945915222 0.0000000000 -0.1836361140
23.8200454712 0.0000000000 0.0000000000 2.3257794380 36.1189002991 0.0000000000 -0.1859567165
23.6597805023 0.0000000000 0.0000000000 2.2330021858 36.0533714294 0.0000000000 -0.1883763075
23.4892463684 0.0000000000 0.0000000000 2.1436002254 35.9929504395 0.0000000000 -0.1908928752
23.3092422485 0.0000000000 0.0000000000 2.0575768948 35.9345054626 0.0000000000 -0.1934888512
23.1189346313 0.0000000000 0.0000000000 1.9749038219 35.8770065308 0.0000000000 -0.1961879432
22.9197273254 0.0000000000 0.0000000000 1.8955382109 35.8197517395 0.0000000000 -0.1989622116
22.7120609283 0.0000000000 0.0000000000 1.8194288015 35.7680587769 0.0000000000 -0.2017525434
22.5049953461 0.0000000000 0.0000000000 1.7464865446 35.7190971375 0.0000000000 -0.2044710815
22.3153247833 0.0000000000 0.0000000000 1.6766246557 35.6802825928 0.0000000000 -0.2071046531
22.1384811401 0.0000000000 0.0000000000 1.6097445488 35.6418113708 0.0000000000 -0.2096111476
21.9657077789 0.0000000000 0.0000000000 1.5457552671 35.6060066223 0.0000000000 -0.2120320201
21.7974052429 0.0000000000 0.0000000000 1.4845868349 35.5745239258 0.0000000000 -0.2144587338
21.6344299316 0.0000000000 0.0000000000 1.4261573553 35.5547828674 0.0000000000 -0.2168634832
21.4771499634 0.0000000000 0.0000000000 1.3703724146 35.5279960632 0.0000000000 -0.2192549407
21.3257293701 0.0000000000 0.0000000000 1.3171521425 35.5028305054 0.0000000000 -0.2216516137
21.1810588837 0.0000000000 0.0000000000 1.2663998604 35.4768638611 0.0000000000 -0.2240516245
21.0436859131 0.0000000000 0.0000000000 1.2180297375 35.4546394348 0.0000000000 -0.2264466584
20.9131183624 0.0000000000 0.0000000000 1.1719515324 35.4339942932 0.0000000000 -0.2288647890
20.7895927429 0.0000000000 0.0000000000 1.1280676126 35.4149742126 0.0000000000 -0.2312842309
20.6730995178 0.0000000000 0.0000000000 1.0862751007 35.3971061707 0.0000000000 -0.2338033319
20.5626506805 0.0000000000 0.0000000000 1.0464835167 35.3829269409 0.0000000000 -0.2363207638
20.4589061737 0.0000000000 0.0000000000 1.0086115599 35.3697013855 0.0000000000 -0.2388611436
20.3615646362 0.0000000000 0.0000000000 0.9725928307 35.3604621887 0.0000000000 -0.2414419651
20.2708435059 0.0000000000 0.0000000000 0.9383519888 35.3515968323 0.0000000000 -0.2440222800
20.1863212585 0.0000000000 0.0000000000 0.9058007598 35.3422470093 0.0000000000 -0.2467026114
20.1083698273 0.0000000000 0.0000000000 0.8748676777 35.3349533081 0.0000000000 -0.2493276298
20.0368270874 0.0000000000 0.0000000000 0.8454673290 35.3284263611 0.0000000000 -0.2520087361
19.9718112946 0.0000000000 0.0000000000 0.8175213933 35.3248443604 0.0000000000 -0.2546849549
19.9128952026 0.0000000000 0.0000000000 0.7909658551 35.3228874207 0.0000000000 -0.2573549449
19.8595142365 0.0000000000 0.0000000000 0.7657453418 35.3195037842 0.0000000000 -0.2600329518
19.8114833832 0.0000000000 0.0000000000 0.7417933941 35.3167343140 0.0000000000 -0.2626979649
19.7680702209 0.0000000000 0.0000000000 0.7190393209 35.3119621277 0.0000000000 -0.2653668821
19.7291564941 0.0000000000 0.0000000000 0.6974245310 35.3073272705 0.0000000000 -0.2680286765
19.6938419342 0.0000000000 0.0000000000 0.6768770814 35.3013267517 0.0000000000 -0.2706787288
19.6623077393 0.0000000000 0.0000000000 0.6573329568 35.2932014465 0.0000000000 -0.2733175159
19.6332454681 0.0000000000 0.0000000000 0.6387282610 35.2843322754 0.0000000000 -0.2759263515
19.6061534882 0.0000000000 0.0000000000 0.6210060716 35.2709312439 0.0000000000 -0.2785718739
19.5800132751 0.0000000000 0.0000000000 0.6041184664 35.2543296814 0.0000000000 -0.2812041342
19.5543270111 0.0000000000 0.0000000000 0.5880214572 35.2340507507 0.0000000000 -0.2838393748
19.5286350250 0.0000000000 0.0000000000 0.5726773739 35.2099494934 0.0000000000 -0.2864430547
19.5019779205 0.0000000000 0.0000000000 0.5580595732 35.1820640564 0.0000000000 -0.2891097665
19.4733581543 0.0000000000 0.0000000000 0.5441552997 35.1506958008 0.0000000000 -0.2917950749
19.4418106079 0.0000000000 0.0000000000 0.5309531689 35.1160964966 0.0000000000 -0.2944788337
19.4070072174 0.0000000000 0.0000000000 0.5184393525 35.0790748596 0.0000000000 -0.2971655726
19.3678684235 0.0000000000 0.0000000000 0.5065942407 35.0369071960 0.0000000000 -0.2998594344
19.3241558075 0.0000000000 0.0000000000 0.4954113066 34.9919509888 0.0000000000 -0.3025597930
19.2759780884 0.0000000000 0.0000000000 0.4848769605 34.9456787109 0.0000000000 -0.3053259850
19.2231788635 0.0000000000 0.0000000000 0.4749735594 34.8981971741 0.0000000000 -0.3080991507
19.1648139954 0.0000000000 0.0000000000 0.4656835794 34.8528175354 0.0000000000 -0.3108661771
19.1009368896 0.0000000000 0.0000000000 0.4569849372 34.8060073853 0.0000000000 -0.3136840463
19.0327777863 0.0000000000 0.0000000000 0.4488477409 34.7618560791 0.0000000000 -0.3164818287
18.9603729248 0.0000000000 0.0000000000 0.4412429333 34.7205200195 0.0000000000 -0.3192579746
18.8843345642 0.0000000000 0.0000000000 0.4341423512 34.6805953979 0.0000000000 -0.3220759034
18.8057460785 0.0000000000 0.0000000000 0.4275130630 34.6417312622 0.0000000000 -0.3248386383
18.7255306244 0.0000000000 0.0000000000 0.4213292599 34.6029777527 0.0000000000 -0.3276041746
18.6446819305 0.0000000000 0.0000000000 0.4155608416 34.5667991638 0.0000000000 -0.3303810954
18.5635967255 0.0000000000 0.0000000000 0.4101762176 34.5268287659 0.0000000000 -0.3331380486
18.4829082489 0.0000000000 0.0000000000 0.4051337838 34.4892463684 0.0000000000 -0.3358576894
18.4040412903 0.0000000000 0.0000000000 0.4003877342 34.4518737793 0.0000000000 -0.3385885358
18.3272552490 0.0000000000 0.0000000000 0.3958958387 34.4124488831 0.0000000000 -0.3412611485
18.2544651031 0.0000000000 0.0000000000 0.3916265666 34.3727798462 0.0000000000 -0.3439643979
18.1857528687 0.0000000000 0.0000000000 0.3875646889 34.3319053650 0.0000000000 -0.3466179371
18.1217613220 0.0000000000 0.0000000000 0.3836930692 34.2919387817 0.0000000000 -0.3491909504
18.0626468658 0.0000000000 0.0000000000 0.3799926639 34.2531204224 0.0000000000 -0.3518303037
18.0088920593 0.0000000000 0.0000000000 0.3764530420 34.2151756287 0.0000000000 -0.3542749882
17.9603652954 0.0000000000 0.0000000000 0.3730678856 34.1771392822 0.0000000000 -0.3568559289
17.9171524048 0.0000000000 0.0000000000 0.3698359132 34.1388359070 0.0000000000 -0.3593676388
17.8789043427 0.0000000000 0.0000000000 0.3667505085 34.0988655090 0.0000000000 -0.3617998958
17.8452720642 0.0000000000 0.0000000000 0.3638144135 34.0625877380 0.0000000000 -0.3642275333
17.8153915405 0.0000000000 0.0000000000 0.3610344231 34.0237770081 0.0000000000 -0.3665900230
17.7880134583 0.0000000000 0.0000000000 0.3584203720 33.9883689880 0.0000000000 -0.3689011335
17.7621555328 0.0000000000 0.0000000000 0.3559873104 33.9534950256 0.0000000000 -0.3711852133
17.7370681763 0.0000000000 0.0000000000 0.3537473381 33.9172630310 0.0000000000 -0.3733474016
17.7122669220 0.0000000000 0.0000000000 0.3517114818 33.8843650818 0.0000000000 -0.3755978942
17.6865692139 0.0000000000 0.0000000000 0.3498996198 33.8578033447 0.0000000000 -0.3777596354
17.6590843201 0.0000000000 0.0000000000 0.3483325541 33.8326416016 0.0000000000 -0.3797830939
17.6285629272 0.0000000000 0.0000000000 0.3470315933 33.8078308105 0.0000000000 -0.3819367886
17.5965538025 0.0000000000 0.0000000000 0.3460052907 33.7849884033 0.0000000000 -0.3840837777
17.5633678436 0.0000000000 0.0000000000 0.3452699482 33.7633438110 0.0000000000 -0.3861031532
17.5288333893 0.0000000000 0.0000000000 0.3448415995 33.7397460938 0.0000000000 -0.3880801797
17.4935836792 0.0000000000 0.0000000000 0.3447171748 33.7184486389 0.0000000000 -0.3900214434
17.4582862854 0.0000000000 0.0000000000 0.3448871076 33.6949615479 0.0000000000 -0.3919790983
17.4233512878 0.0000000000 0.0000000000 0.3453470767 33.6728248596 0.0000000000 -0.3937222958
17.3887233734 0.0000000000 0.0000000000 0.3460853398 33.6511764526 0.0000000000 -0.3956629634
17.3536148071 0.0000000000 0.0000000000 0.3471046090 33.6301612854 0.0000000000 -0.3974462748
17.3187313080 0.0000000000 0.0000000000 0.3483938575 33.6110916138 0.0000000000 -0.3990661502
17.2835407257 0.0000000000 0.0000000000 0.3499286175 33.5875854492 0.0000000000 -0.4008871317
17.2485389709 0.0000000000 0.0000000000 0.3516869247 33.5617027283 0.0000000000 -0.4024631381
17.2133789062 0.0000000000 0.0000000000 0.3536624908 33.5364227295 0.0000000000 -0.4039682150
17.1768779755 0.0000000000 0.0000000000 0.3558476865 33.5116958618 0.0000000000 -0.4054936171
17.1394691467 0.0000000000 0.0000000000 0.3582248688 33.4859542847 0.0000000000 -0.4070330262
17.1013813019 0.0000000000 0.0000000000 0.3607780337 33.4621238708 0.0000000000 -0.4083029628
17.0633106232 0.0000000000 0.0000000000 0.3635074496 33.4324226379 0.0000000000 -0.4098567963
17.0242633820 0.0000000000 0.0000000000 0.3663891256 33.4028129578 0.0000000000 -0.4112463593
16.9855537415 0.0000000000 0.0000000000 0.3694234192 33.3732604980 0.0000000000 -0.4125180244
16.9478759766 0.0000000000 0.0000000000 0.3726056218 33.3436355591 0.0000000000 -0.4137797952
16.9119834900 0.0000000000 0.0000000000 0.3759614527 33.3129425049 0.0000000000 -0.4150698781
16.8773384094 0.0000000000 0.0000000000 0.3795023859 33.2843589783 0.0000000000 -0.4161533117
16.8435764313 0.0000000000 0.0000000000 0.3832467198 33.2564620972 0.0000000000 -0.4170499444
16.8105716705 0.0000000000 0.0000000000 0.3872248232 33.2266387939 0.0000000000 -0.4183797240
16.7772731781 0.0000000000 0.0000000000 0.3914997578 33.1962509155 0.0000000000 -0.4193930030
16.7433013916 0.0000000000 0.0000000000 0.3961253464 33.1707687378 0.0000000000 -0.4204658866
16.7098064423 0.0000000000 0.0000000000 0.4011473954 33.1427307129 0.0000000000 -0.4212921858
16.6769065857 0.0000000000 0.0000000000 0.4065829813 33.1152267456 0.0000000000 -0.4222809076
16.6442203522 0.0000000000 0.0000000000 0.4124380052 33.0869140625 0.0000000000 -0.4232783914
16.6117439270 0.0000000000 0.0000000000 0.4187249839 33.0587120056 0.0000000000 -0.4241085052
16.5792140961 0.0000000000 0.0000000000 0.4254227579 33.0288543701 0.0000000000 -0.4248104692
16.5464496613 0.0000000000 0.0000000000 0.4325058758 32.9992256165 0.0000000000 -0.4255865216
16.5141525269 0.0000000000 0.0000000000 0.4399539232 32.9697227478 0.0000000000 -0.4261267781
16.4834556580 0.0000000000 0.0000000000 0.4477624893 32.9401741028 0.0000000000 -0.4266731143
16.4537277222 0.0000000000 0.0000000000 0.4558728635 32.9092483521 0.0000000000 -0.4272967577
16.4254703522 0.0000000000 0.0000000000 0.4642282426 32.8800621033 0.0000000000 -0.4277477860
16.3975982666 0.0000000000 0.0000000000 0.4727565944 32.8531723022 0.0000000000 -0.4281347990
16.3691978455 0.0000000000 0.0000000000 0.4814022481 32.8163108826 0.0000000000 -0.4283722639
16.3407115936 0.0000000000 0.0000000000 0.4901179969 32.7849273682 0.0000000000 -0.4286738038
16.3115425110 0.0000000000 0.0000000000 0.4988818169 32.7596054077 0.0000000000 -0.4286627173
16.2807292938 0.0000000000 0.0000000000 0.5076265931 32.7297286987 0.0000000000 -0.4289599061
16.2483730316 0.0000000000 0.0000000000 0.5163291693 32.7006607056 0.0000000000 -0.4289642572
16.2149124146 0.0000000000 0.0000000000 0.5249691010 32.6730041504 0.0000000000 -0.4288624525
16.1799926758 0.0000000000 0.0000000000 0.5334926844 32.6483650208 0.0000000000 -0.4288755059
16.1440696716 0.0000000000 0.0000000000 0.5419029593 32.6255874634 0.0000000000 -0.4287246466
16.1069107056 0.0000000000 0.0000000000 0.5501999855 32.6027603149 0.0000000000 -0.4284805059
16.0680484772 0.0000000000 0.0000000000 0.5584100485 32.5815200806 0.0000000000 -0.4283486605
16.0260257721 0.0000000000 0.0000000000 0.5665716529 32.5630111694 0.0000000000 -0.4277884960
15.9823293686 0.0000000000 0.0000000000 0.5746803880 32.5445022583 0.0000000000 -0.4276846051
15.9373559952 0.0000000000 0.0000000000 0.5827373266 32.5277748108 0.0000000000 -0.4271627665
15.8924036026 0.0000000000 0.0000000000 0.5907728672 32.5123977661 0.0000000000 -0.4269734025
15.8485708237 0.0000000000 0.0000000000 0.5988060832 32.5003128052 0.0000000000 -0.4265483618
15.8058795929 0.0000000000 0.0000000000 0.6068530679 32.4865837097 0.0000000000 -0.4259254932
15.7650499344 0.0000000000 0.0000000000 0.6149100661 32.4741287231 0.0000000000 -0.4255394936
15.7272253036 0.0000000000 0.0000000000 0.6229757071 32.4612274170 0.0000000000 -0.4250716567
15.6910409927 0.0000000000 0.0000000000 0.6310197115 32.4469947815 0.0000000000 -0.4242839217
15.6563224792 0.0000000000 0.0000000000 0.6390521526 32.4327163696 0.0000000000 -0.4237483144
15.6243171692 0.0000000000 0.0000000000 0.6470510364 32.4208297729 0.0000000000 -0.4233279228
15.5934467316 0.0000000000 0.0000000000 0.6549999118 32.4081611633 0.0000000000 -0.4226198792
15.5636262894 0.0000000000 0.0000000000 0.6628555059 32.3959236145 0.0000000000 -0.4219834805
15.5351648331 0.0000000000 0.0000000000 0.6705831289 32.3854484558 0.0000000000 -0.4213716984
15.5083112717 0.0000000000 0.0000000000 0.6781704426 32.3750572205 0.0000000000 -0.4205848575
15.4819498062 0.0000000000 0.0000000000 0.6856079698 32.3665161133 0.0000000000 -0.4199694395
15.4554080963 0.0000000000 0.0000000000 0.6928203106 32.3571891785 0.0000000000 -0.4192215204
15.4271707535 0.0000000000 0.0000000000 0.6998215914 32.3469161987 0.0000000000 -0.4184450507
15.3974456787 0.0000000000 0.0000000000 0.7065915465 32.3369560242 0.0000000000 -0.4176299572
15.3666467667 0.0000000000 0.0000000000 0.7131522894 32.3272399902 0.0000000000 -0.4166630507
15.3358268738 0.0000000000 0.0000000000 0.7195081711 32.3183479309 0.0000000000 -0.4159054756
15.3044948578 0.0000000000 0.0000000000 0.7257143259 32.3056793213 0.0000000000 -0.4150844812
15.2728366852 0.0000000000 0.0000000000 0.7318138480 32.2981910706 0.0000000000 -0.4142661095
15.2400684357 0.0000000000 0.0000000000 0.7378510237 32.2855834961 0.0000000000 -0.4134016633
15.2052831650 0.0000000000 0.0000000000 0.7438089848 32.2751197815 0.0000000000 -0.4123938084
15.1685819626 0.0000000000 0.0000000000 0.7497065067 32.2659339905 0.0000000000 -0.4116187096
15.1294384003 0.0000000000 0.0000000000 0.7555673122 32.2569427490 0.0000000000 -0.4104779363
15.0877237320 0.0000000000 0.0000000000 0.7613520622 32.2482604980 0.0000000000 -0.4097328186
15.0426540375 0.0000000000 0.0000000000 0.7670314312 32.2392578125 0.0000000000 -0.4087584019
14.9955329895 0.0000000000 0.0000000000 0.7726145983 32.2305488586 0.0000000000 -0.4073328972
14.9459352493 0.0000000000 0.0000000000 0.7781144381 32.2225074768 0.0000000000 -0.4067484140
14.8935508728 0.0000000000 0.0000000000 0.7834489942 32.2133789062 0.0000000000 -0.4057805538
14.8395462036 0.0000000000 0.0000000000 0.7886399031 32.2049903870 0.0000000000 -0.4047182798
14.7843656540 0.0000000000 0.0000000000 0.7937148809 32.1961135864 0.0000000000 -0.4034767747
14.7292432785 0.0000000000 0.0000000000 0.7987086773 32.1864967346 0.0000000000 -0.4024947286
14.6746511459 0.0000000000 0.0000000000 0.8037048578 32.1766586304 0.0000000000 -0.4015778303
14.6178903580 0.0000000000 0.0000000000 0.8087186813 32.1680946350 0.0000000000 -0.4007402658
14.5604410172 0.0000000000 0.0000000000 0.8137555718 32.1540374756 0.0000000000 -0.3994405270
14.5037841797 0.0000000000 0.0000000000 0.8188086748 32.1416816711 0.0000000000 -0.3986072540
14.4478998184 0.0000000000 0.0000000000 0.8238425851 32.1278800964 0.0000000000 -0.3976442814
14.3931264877 0.0000000000 0.0000000000 0.8288437128 32.1163177490 0.0000000000 -0.3966111541
14.3393449783 0.0000000000 0.0000000000 0.8338228464 32.1046066284 0.0000000000 -0.3955752850
14.2881603241 0.0000000000 0.0000000000 0.8387798071 32.0953330994 0.0000000000 -0.3946156502
14.2386960983 0.0000000000 0.0000000000 0.8436930776 32.0842437744 0.0000000000 -0.3936330676
14.1910610199 0.0000000000 0.0000000000 0.8486341238 32.0722274780 0.0000000000 -0.3925089240
14.1454744339 0.0000000000 0.0000000000 0.8536081910 32.0618171692 0.0000000000 -0.3912450671
14.1031513214 0.0000000000 0.0000000000 0.8586019874 32.0521736145 0.0000000000 -0.3906929493
14.0639781952 0.0000000000 0.0000000000 0.8636093140 32.0438003540 0.0000000000 -0.3897926211
14.0280008316 0.0000000000 0.0000000000 0.8686424494 32.0351181030 0.0000000000 -0.3889213800
13.9954051971 0.0000000000 0.0000000000 0.8737364411 32.0262794495 0.0000000000 -0.3880181313
13.9657478333 0.0000000000 0.0000000000 0.8788708448 32.0176315308 0.0000000000 -0.3871052861
13.9377717972 0.0000000000 0.0000000000 0.8840090632 32.0100364685 0.0000000000 -0.3861005902
13.9119405746 0.0000000000 0.0000000000 0.8891200423 32.0008583069 0.0000000000 -0.3852474689
13.8867006302 0.0000000000 0.0000000000 0.8942010999 31.9907321930 0.0000000000 -0.3842843175
13.8624897003 0.0000000000 0.0000000000 0.8992573619 31.9812717438 0.0000000000 -0.3832577467
13.8384332657 0.0000000000 0.0000000000 0.9042881131 31.9720497131 0.0000000000 -0.3823769093
13.8135862350 0.0000000000 0.0000000000 0.9092711806 31.9636783600 0.0000000000 -0.3816007376
13.7884254456 0.0000000000 0.0000000000 0.9142306447 31.9538993835 0.0000000000 -0.3806971908
13.7622680664 0.0000000000 0.0000000000 0.9191570878 31.9434566498 0.0000000000 -0.3794498444
13.7356500626 0.0000000000 0.0000000000 0.9240527153 31.9336624146 0.0000000000 -0.3791152239
13.7076625824 0.0000000000 0.0000000000 0.9289448261 31.9238719940 0.0000000000 -0.3781802058
13.6784524918 0.0000000000 0.0000000000 0.9338331223 31.9135990143 0.0000000000 -0.3773838878
13.6478061676 0.0000000000 0.0000000000 0.9387068748 31.9041976929 0.0000000000 -0.3765912056
13.6166715622 0.0000000000 0.0000000000 0.9435881972 31.8949470520 0.0000000000 -0.3756302595
13.5860843658 0.0000000000 0.0000000000 0.9484801292 31.8851375580 0.0000000000 -0.3748267889
13.5566587448 0.0000000000 0.0000000000 0.9533552527 31.8752918243 0.0000000000 -0.3739240170
13.5284538269 0.0000000000 0.0000000000 0.9581639767 31.8646278381 0.0000000000 -0.3730798960
13.5020694733 0.0000000000 0.0000000000 0.9629102945 31.8530406952 0.0000000000 -0.3719823360
13.4781341553 0.0000000000 0.0000000000 0.9676267505 31.8413658142 0.0000000000 -0.3710831404
13.4561233521 0.0000000000 0.0000000000 0.9723237753 31.8302364349 0.0000000000 -0.3704622984
13.4360704422 0.0000000000 0.0000000000 0.9770178795 31.8184909821 0.0000000000 -0.3695173860
13.4193296432 0.0000000000 0.0000000000 0.9816933274 31.8082847595 0.0000000000 -0.3685436249
13.4048595428 0.0000000000 0.0000000000 0.9863331318 31.7984657288 0.0000000000 -0.3677415252
13.3924236298 0.0000000000 0.0000000000 0.9909362793 31.7897205353 0.0000000000 -0.3665989637
13.3813781738 0.0000000000 0.0000000000 0.9955085516 31.7809715271 0.0000000000 -0.3659737110
13.3711633682 0.0000000000 0.0000000000 1.0000603199 31.7721004486 0.0000000000 -0.3651745915
13.3611536026 0.0000000000 0.0000000000 1.0046013594 31.7634792328 0.0000000000 -0.3643683791
13.3503952026 0.0000000000 0.0000000000 1.0091114044 31.7544975281 0.0000000000 -0.3634933829
13.3383159637 0.0000000000 0.0000000000 1.0135995150 31.7452697754 0.0000000000 -0.3624653816
13.3237724304 0.0000000000 0.0000000000 1.0180865526 31.7359085083 0.0000000000 -0.3617255092
13.3069095612 0.0000000000 0.0000000000 1.0225999355 31.7265567780 0.0000000000 -0.3608574867
13.2882747650 0.0000000000 0.0000000000 1.0271930695 31.7172775269 0.0000000000 -0.3599391580
13.2684946060 0.0000000000 0.0000000000 1.0318669081 31.7082557678 0.0000000000 -0.3590593338
13.2481203079 0.0000000000 0.0000000000 1.0366134644 31.6993713379 0.0000000000 -0.3580815792
13.2278938293 0.0000000000 0.0000000000 1.0413894653 31.6905117035 0.0000000000 -0.3570642471
13.2074899673 0.0000000000 0.0000000000 1.0461800098 31.6822738647 0.0000000000 -0.3563414812
13.1862764359 0.0000000000 0.0000000000 1.0509811640 31.6742324829 0.0000000000 -0.3551527262
13.1648778915 0.0000000000 0.0000000000 1.0557430983 31.6666488647 0.0000000000 -0.3543385863
13.1424064636 0.0000000000 0.0000000000 1.0604734421 31.6592311859 0.0000000000 -0.3532928228
13.1202001572 0.0000000000 0.0000000000 1.0651680231 31.6530742645 0.0000000000 -0.3525453806
13.0969562531 0.0000000000 0.0000000000 1.0698943138 31.6461601257 0.0000000000 -0.3514748812
13.0740604401 0.0000000000 0.0000000000 1.0746901035 31.6444892883 0.0000000000 -0.3504676223
13.0512752533 0.0000000000 0.0000000000 1.0795375109 31.6326713562 0.0000000000 -0.3496029973
13.0303010941 0.0000000000 0.0000000000 1.0843662024 31.6254081726 0.0000000000 -0.3484535217
13.0112161636 0.0000000000 0.0000000000 1.0892037153 31.6179008484 0.0000000000 -0.3475581408
12.9916992188 0.0000000000 0.0000000000 1.0941010714 31.6103286743 0.0000000000 -0.3464857936
12.9737920761 0.0000000000 0.0000000000 1.0990366936 31.6020622253 0.0000000000 -0.3454352021
12.9574518204 0.0000000000 0.0000000000 1.1039859056 31.5929222107 0.0000000000 -0.3444925547
12.9417390823 0.0000000000 0.0000000000 1.1089364290 31.5851612091 0.0000000000 -0.3433009386
12.9257087708 0.0000000000 0.0000000000 1.1139755249 31.5775203705 0.0000000000 -0.3421099186
12.9080305099 0.0000000000 0.0000000000 1.1190941334 31.5694522858 0.0000000000 -0.3410764337
12.8887472153 0.0000000000 0.0000000000 1.1242271662 31.5616378784 0.0000000000 -0.3401862979
12.8667650223 0.0000000000 0.0000000000 1.1294180155 31.5526790619 0.0000000000 -0.3390646577
12.8415203094 0.0000000000 0.0000000000 1.1346229315 31.5430717468 0.0000000000 -0.3378906250
12.8127899170 0.0000000000 0.0000000000 1.1398494244 31.5324230194 0.0000000000 -0.3368044496
12.7789869308 0.0000000000 0.0000000000 1.1450996399 31.5213775635 0.0000000000 -0.3356398940
12.7398366928 0.0000000000 0.0000000000 1.1503272057 31.5099830627 0.0000000000 -0.3342517614
12.6973609924 0.0000000000 0.0000000000 1.1554982662 31.4977912903 0.0000000000 -0.3331997991
12.6503582001 0.0000000000 0.0000000000 1.1605448723 31.4843807220 0.0000000000 -0.3318494558
12.5985202789 0.0000000000 0.0000000000 1.1654928923 31.4707393646 0.0000000000 -0.3309126496
12.5416030884 0.0000000000 0.0000000000 1.1702806950 31.4568481445 0.0000000000 -0.3289761543
12.4808082581 0.0000000000 0.0000000000 1.1749055386 31.4428081512 0.0000000000 -0.3284484744
12.4186639786 0.0000000000 0.0000000000 1.1793221235 31.4298324585 0.0000000000 -0.3271750212
12.3552856445 0.0000000000 0.0000000000 1.1834802628 31.4164028168 0.0000000000 -0.3258518577
12.2915811539 0.0000000000 0.0000000000 1.1873577833 31.4028530121 0.0000000000 -0.3248301148
12.2270498276 0.0000000000 0.0000000000 1.1910140514 31.3902320862 0.0000000000 -0.3237211108
12.1628999710 0.0000000000 0.0000000000 1.1944206953 31.3764743805 0.0000000000 -0.3224118352
12.0994453430 0.0000000000 0.0000000000 1.1974987984 31.3621616364 0.0000000000 -0.3211970925
12.0368299484 0.0000000000 0.0000000000 1.2001581192 31.3473110199 0.0000000000 -0.3201091290
11.9736137390 0.0000000000 0.0000000000 1.2024003267 31.3328571320 0.0000000000 -0.3189877868
11.9089775085 0.0000000000 0.0000000000 1.2042222023 31.3182716370 0.0000000000 -0.3178324699
11.8421087265 0.0000000000 0.0000000000 1.2056609392 31.3031253815 0.0000000000 -0.3166441917
11.7727069855 0.0000000000 0.0000000000 1.2067050934 31.2876358032 0.0000000000 -0.3151722550
11.7004804611 0.0000000000 0.0000000000 1.2073845863 31.2712821960 0.0000000000 -0.3142116070
11.6244049072 0.0000000000 0.0000000000 1.2076544762 31.2544956207 0.0000000000 -0.3131560683
11.5452671051 0.0000000000 0.0000000000 1.2074095011 31.2369918823 0.0000000000 -0.3120829463
11.4631643295 0.0000000000 0.0000000000 1.2066379786 31.2182044983 0.0000000000 -0.3109267354
11.3795490265 0.0000000000 0.0000000000 1.2053748369 31.1985378265 0.0000000000 -0.3097745180
11.2951612473 0.0000000000 0.0000000000 1.2036587000 31.1780242920 0.0000000000 -0.3085525036
11.2105760574 0.0000000000 0.0000000000 1.2015156746 31.1570682526 0.0000000000 -0.3075710535
11.1259269714 0.0000000000 0.0000000000 1.1989496946 31.1371479034 0.0000000000 -0.3064125776
11.0415697098 0.0000000000 0.0000000000 1.1960196495 31.1169624329 0.0000000000 -0.3052793741
10.9568719864 0.0000000000 0.0000000000 1.1926362514 31.0966243744 0.0000000000 -0.3044403791
10.8724956512 0.0000000000 0.0000000000 1.1887742281 31.0759677887 0.0000000000 -0.3033214211
10.7885723114 0.0000000000 0.0000000000 1.1844987869 31.0551300049 0.0000000000 -0.3022749424
10.7043123245 0.0000000000 0.0000000000 1.1798136234 31.0345363617 0.0000000000 -0.3013791442
10.6187400818 0.0000000000 0.0000000000 1.1748042107 31.0141963959 0.0000000000 -0.3003626466
10.5306653976 0.0000000000 0.0000000000 1.1694763899 30.9943122864 0.0000000000 -0.2990795970
10.4407396317 0.0000000000 0.0000000000 1.1638208628 30.9749164581 0.0000000000 -0.2985079885
10.3489236832 0.0000000000 0.0000000000 1.1578576565 30.9556484222 0.0000000000 -0.2975444794
10.2556314468 0.0000000000 0.0000000000 1.1516070366 30.9366302490 0.0000000000 -0.2966576219
10.1617059708 0.0000000000 0.0000000000 1.1451150179 30.9178161621 0.0000000000 -0.2958042622
10.0684671402 0.0000000000 0.0000000000 1.1383817196 30.8986263275 0.0000000000 -0.2948806882
9.9765510559 0.0000000000 0.0000000000 1.1314195395 30.8789157867 0.0000000000 -0.2939636111
9.8859806061 0.0000000000 0.0000000000 1.1241776943 30.8594493866 0.0000000000 -0.2931494117
9.7975502014 0.0000000000 0.0000000000 1.1166869402 30.8400573730 0.0000000000 -0.2923152447
9.7122020721 0.0000000000 0.0000000000 1.1089254618 30.8204250336 0.0000000000 -0.2915234566
9.6305942535 0.0000000000 0.0000000000 1.1009325981 30.8002586365 0.0000000000 -0.2907432914
9.5521764755 0.0000000000 0.0000000000 1.0927258730 30.7796802521 0.0000000000 -0.2899351120
9.4767951965 0.0000000000 0.0000000000 1.0843200684 30.7586021423 0.0000000000 -0.2891463041
9.4037256241 0.0000000000 0.0000000000 1.0757601261 30.7380523682 0.0000000000 -0.2883668542
9.3335762024 0.0000000000 0.0000000000 1.0670393705 30.7173061371 0.0000000000 -0.2874984741
9.2657651901 0.0000000000 0.0000000000 1.0581854582 30.6932964325 0.0000000000 -0.2868725061
9.1984767914 0.0000000000 0.0000000000 1.0492196083 30.6697883606 0.0000000000 -0.2859917879
9.1326465607 0.0000000000 0.0000000000 1.0401722193 30.6465473175 0.0000000000 -0.2853854299
9.0676088333 0.0000000000 0.0000000000 1.0311075449 30.6236324310 0.0000000000 -0.2846161127
9.0029802322 0.0000000000 0.0000000000 1.0220470428 30.6004047394 0.0000000000 -0.2839838266
8.9385194778 0.0000000000 0.0000000000 1.0130046606 30.5780315399 0.0000000000 -0.2832139730
8.8735933304 0.0000000000 0.0000000000 1.0039868355 30.5561313629 0.0000000000 -0.2825760841
8.8087549210 0.0000000000 0.0000000000 0.9949997067 30.5340614319 0.0000000000 -0.2816952467
8.7447690964 0.0000000000 0.0000000000 0.9860493541 30.5127811432 0.0000000000 -0.2807203531
8.6808948517 0.0000000000 0.0000000000 0.9771544933 30.4913520813 0.0000000000 -0.2800633311
8.6169710159 0.0000000000 0.0000000000 0.9683283567 30.4699916840 0.0000000000 -0.2799055576
8.5531291962 0.0000000000 0.0000000000 0.9595407248 30.4494419098 0.0000000000 -0.2792195082
8.4899740219 0.0000000000 0.0000000000 0.9508463740 30.4295520782 0.0000000000 -0.2786411047
8.4274606705 0.0000000000 0.0000000000 0.9422411323 30.4100093842 0.0000000000 -0.2780142426
8.3655061722 0.0000000000 0.0000000000 0.9336993694 30.3912086487 0.0000000000 -0.2773900628
8.3043527603 0.0000000000 0.0000000000 0.9252039790 30.3728122711 0.0000000000 -0.2767425776
8.2435569763 0.0000000000 0.0000000000 0.9167957902 30.3543872833 0.0000000000 -0.2761191726
8.1834325790 0.0000000000 0.0000000000 0.9085015655 30.3362445831 0.0000000000 -0.2755410075
8.1238145828 0.0000000000 0.0000000000 0.9003263116 30.3178405762 0.0000000000 -0.2749291062
8.0648317337 0.0000000000 0.0000000000 0.8922947049 30.2991790771 0.0000000000 -0.2743272185
8.0055885315 0.0000000000 0.0000000000 0.8843896389 30.2803268433 0.0000000000 -0.2736639977
7.9461650848 0.0000000000 0.0000000000 0.8765674233 30.2613124847 0.0000000000 -0.2731382251
7.8863039017 0.0000000000 0.0000000000 0.8688509464 30.2420482635 0.0000000000 -0.2725365162
7.8254947662 0.0000000000 0.0000000000 0.8612346649 30.2228412628 0.0000000000 -0.2718033195
7.7649083138 0.0000000000 0.0000000000 0.8537130952 30.2037525177 0.0000000000 -0.2711929679
7.7052807808 0.0000000000 0.0000000000 0.8462811112 30.1842403412 0.0000000000 -0.2707767487
7.6464133263 0.0000000000 0.0000000000 0.8389272094 30.1642532349 0.0000000000 -0.2702813745
7.5882873535 0.0000000000 0.0000000000 0.8316606283 30.1441249847 0.0000000000 -0.2697096467
7.5302863121 0.0000000000 0.0000000000 0.8244889975 30.1248703003 0.0000000000 -0.2691851258
7.4735994339 0.0000000000 0.0000000000 0.8174261451 30.1056537628 0.0000000000 -0.2686562538
7.4178767204 0.0000000000 0.0000000000 0.8104730844 30.0862827301 0.0000000000 -0.2678957582
7.3637104034 0.0000000000 0.0000000000 0.8036398292 30.0671539307 0.0000000000 -0.2675702572
7.3101639748 0.0000000000 0.0000000000 0.7968973517 30.0481433868 0.0000000000 -0.2670570016
7.2581267357 0.0000000000 0.0000000000 0.7902383804 30.0297737122 0.0000000000 -0.2662500143
7.2081651688 0.0000000000 0.0000000000 0.7836700678 30.0111637115 0.0000000000 -0.2660094500
7.1578888893 0.0000000000 0.0000000000 0.7772045732 29.9925403595 0.0000000000 -0.2654553056
7.1076436043 0.0000000000 0.0000000000 0.7708492279 29.9738903046 0.0000000000 -0.2649820447
7.0579338074 0.0000000000 0.0000000000 0.7645809650 29.9554615021 0.0000000000 -0.2644850612
7.0083217621 0.0000000000 0.0000000000 0.7583564520 29.9368476868 0.0000000000 -0.2639842629
6.9584760666 0.0000000000 0.0000000000 0.7521859407 29.9182205200 0.0000000000 -0.2633480430
6.9099125862 0.0000000000 0.0000000000 0.7460725904 29.8997554779 0.0000000000 -0.2628962994
6.8632721901 0.0000000000 0.0000000000 0.7400134802 29.8802452087 0.0000000000 -0.2625191212
6.8171801567 0.0000000000 0.0000000000 0.7339874506 29.8605747223 0.0000000000 -0.2620217800
6.7716960907 0.0000000000 0.0000000000 0.7279607654 29.8429470062 0.0000000000 -0.2615613341
6.7267522812 0.0000000000 0.0000000000 0.7219278812 29.8254184723 0.0000000000 -0.2609732747
6.6831173897 0.0000000000 0.0000000000 0.7158944607 29.8075237274 0.0000000000 -0.2606130838
6.6399550438 0.0000000000 0.0000000000 0.7098560333 29.7900485992 0.0000000000 -0.2601581216
6.5968871117 0.0000000000 0.0000000000 0.7038169503 29.7725582123 0.0000000000 -0.2594904304
6.5545558929 0.0000000000 0.0000000000 0.6977820396 29.7552642822 0.0000000000 -0.2592312098
6.5127973557 0.0000000000 0.0000000000 0.6917418242 29.7381744385 0.0000000000 -0.2587603331
6.4719295502 0.0000000000 0.0000000000 0.6857085228 29.7227630615 0.0000000000 -0.2583497167
6.4318885803 0.0000000000 0.0000000000 0.6796961427 29.7068805695 0.0000000000 -0.2578951120
6.3919634819 0.0000000000 0.0000000000 0.6737096310 29.6913719177 0.0000000000 -0.2574521303
6.3525810242 0.0000000000 0.0000000000 0.6677592993 29.6762371063 0.0000000000 -0.2569915056
6.3137130737 0.0000000000 0.0000000000 0.6618527770 29.6616153717 0.0000000000 -0.2564840913
6.2756485939 0.0000000000 0.0000000000 0.6560047269 29.6466846466 0.0000000000 -0.2559881806
6.2381677628 0.0000000000 0.0000000000 0.6501992345 29.6312084198 0.0000000000 -0.2557536364
6.2008156776 0.0000000000 0.0000000000 0.6444737315 29.6154842377 0.0000000000 -0.2553409934
6.1635484695 0.0000000000 0.0000000000 0.6388545632 29.5991802216 0.0000000000 -0.2548862100
6.1267385483 0.0000000000 0.0000000000 0.6333327889 29.5821552277 0.0000000000 -0.2544660568
6.0904426575 0.0000000000 0.0000000000 0.6279060245 29.5646171570 0.0000000000 -0.2541295290
6.0550103188 0.0000000000 0.0000000000 0.6225833297 29.5467472076 0.0000000000 -0.2537392974
6.0202469826 0.0000000000 0.0000000000 0.6173650622 29.5286083221 0.0000000000 -0.2531588674
5.9863028526 0.0000000000 0.0000000000 0.6122637391 29.5101032257 0.0000000000 -0.2529302239
5.9528694153 0.0000000000 0.0000000000 0.6072650552 29.4917640686 0.0000000000 -0.2525890470
5.9195222855 0.0000000000 0.0000000000 0.6023599505 29.4731063843 0.0000000000 -0.2521674633
5.8869552612 0.0000000000 0.0000000000 0.5975539684 29.4544925690 0.0000000000 -0.2518101335
5.8545813560 0.0000000000 0.0000000000 0.5928385854 29.4360980988 0.0000000000 -0.2514766455
5.8226056099 0.0000000000 0.0000000000 0.5882329941 29.4178752899 0.0000000000 -0.2510946393
5.7912530899 0.0000000000 0.0000000000 0.5837470293 29.3995342255 0.0000000000 -0.2507567406
5.7598433495 0.0000000000 0.0000000000 0.5793661475 29.3812522888 0.0000000000 -0.2503586411
5.7280602455 0.0000000000 0.0000000000 0.5750733614 29.3631858826 0.0000000000 -0.2500319481
5.6961841583 0.0000000000 0.0000000000 0.5708544254 29.3451232910 0.0000000000 -0.2496759892
5.6646332741 0.0000000000 0.0000000000 0.5667218566 29.3275356293 0.0000000000 -0.2493051291
5.6333045959 0.0000000000 0.0000000000 0.5626708269 29.3099060059 0.0000000000 -0.2489485741
5.6021666527 0.0000000000 0.0000000000 0.5587108135 29.2924194336 0.0000000000 -0.2484207749
5.5711274147 0.0000000000 0.0000000000 0.5548468828 29.2755184174 0.0000000000 -0.2482112646
5.5401206017 0.0000000000 0.0000000000 0.5510724187 29.2583599091 0.0000000000 -0.2478716373
5.5090742111 0.0000000000 0.0000000000 0.5473662019 29.2413101196 0.0000000000 -0.2474610806
5.4783372879 0.0000000000 0.0000000000 0.5437296033 29.2244434357 0.0000000000 -0.2471607327
5.4478850365 0.0000000000 0.0000000000 0.5401493907 29.2076759338 0.0000000000 -0.2467778325
5.4183626175 0.0000000000 0.0000000000 0.5366232395 29.1915378571 0.0000000000 -0.2464737296
5.3894977570 0.0000000000 0.0000000000 0.5331463814 29.1754493713 0.0000000000 -0.2460674644
5.3613634109 0.0000000000 0.0000000000 0.5297245979 29.1598815918 0.0000000000 -0.2458063364
5.3334350586 0.0000000000 0.0000000000 0.5263468623 29.1443557739 0.0000000000 -0.2454627752
5.3060789108 0.0000000000 0.0000000000 0.5230048299 29.1295566559 0.0000000000 -0.2451186180
5.2794470787 0.0000000000 0.0000000000 0.5196878910 29.1147193909 0.0000000000 -0.2448237538
5.2533607483 0.0000000000 0.0000000000 0.5163997412 29.1004028320 0.0000000000 -0.2443566322
5.2275056839 0.0000000000 0.0000000000 0.5131196380 29.0867443085 0.0000000000 -0.2441225052
5.2021045685 0.0000000000 0.0000000000 0.5098602176 29.0723190308 0.0000000000 -0.2438589931
5.1771039963 0.0000000000 0.0000000000 0.5066193342 29.0578670502 0.0000000000 -0.2435629368
5.1522502899 0.0000000000 0.0000000000 0.5033877492 29.0431041718 0.0000000000 -0.2432548404
5.1275248528 0.0000000000 0.0000000000 0.5001943111 29.0280723572 0.0000000000 -0.2429468036
5.1032676697 0.0000000000 0.0000000000 0.4970453978 29.0128040314 0.0000000000 -0.2426391244
5.0793976784 0.0000000000 0.0000000000 0.4939406216 28.9988708496 0.0000000000 -0.2423351407
5.0555047989 0.0000000000 0.0000000000 0.4908865094 28.9847755432 0.0000000000 -0.2419412732
5.0319089890 0.0000000000 0.0000000000 0.4878662825 28.9709796906 0.0000000000 -0.2417352796
5.0082960129 0.0000000000 0.0000000000 0.4848662615 28.9569263458 0.0000000000 -0.2414377928
4.9848861694 0.0000000000 0.0000000000 0.4818920493 28.9429721832 0.0000000000 -0.2411087155
4.9618048668 0.0000000000 0.0000000000 0.4789549410 28.9291553497 0.0000000000 -0.2408075929
4.9389853477 0.0000000000 0.0000000000 0.4760629535 28.9143791199 0.0000000000 -0.2405510545
4.9163489342 0.0000000000 0.0000000000 0.4732058346 28.8988533020 0.0000000000 -0.2402418852
4.8944053650 0.0000000000 0.0000000000 0.4703661203 28.8833236694 0.0000000000 -0.2398855686
4.8729572296 0.0000000000 0.0000000000 0.4675436020 28.8682193756 0.0000000000 -0.2396615744
4.8520669937 0.0000000000 0.0000000000 0.4647473097 28.8529968262 0.0000000000 -0.2393766642
4.8314886093 0.0000000000 0.0000000000 0.4619862139 28.8384056091 0.0000000000 -0.2390300035
4.8111705780 0.0000000000 0.0000000000 0.4592447281 28.8241691589 0.0000000000 -0.2388494015
4.7910070419 0.0000000000 0.0000000000 0.4565369785 28.8097038269 0.0000000000 -0.2384604812
4.7710647583 0.0000000000 0.0000000000 0.4538503587 28.7954311371 0.0000000000 -0.2383015454
4.7514829636 0.0000000000 0.0000000000 0.4511723220 28.7811355591 0.0000000000 -0.2380492687
4.7321705818 0.0000000000 0.0000000000 0.4485145211 28.7665367126 0.0000000000 -0.2377834916
4.7131242752 0.0000000000 0.0000000000 0.4458884299 28.7517719269 0.0000000000 -0.2374351025
4.6944851875 0.0000000000 0.0000000000 0.4432982504 28.7369346619 0.0000000000 -0.2372556031
4.6758618355 0.0000000000 0.0000000000 0.4407458007 28.7219505310 0.0000000000 -0.2369924188
4.6573691368 0.0000000000 0.0000000000 0.4382330477 28.7068939209 0.0000000000 -0.2366887331
4.6391963959 0.0000000000 0.0000000000 0.4357493222 28.6918678284 0.0000000000 -0.2364100218
4.6211166382 0.0000000000 0.0000000000 0.4332788885 28.6769313812 0.0000000000 -0.2359455228
4.6032547951 0.0000000000 0.0000000000 0.4308108687 28.6623840332 0.0000000000 -0.2359395325
4.5854053497 0.0000000000 0.0000000000 0.4283455610 28.6480922699 0.0000000000 -0.2356604934
4.5674204826 0.0000000000 0.0000000000 0.4258893728 28.6336765289 0.0000000000 -0.2354182303
4.5494656563 0.0000000000 0.0000000000 0.4234454036 28.6191978455 0.0000000000 -0.2351616323
4.5315685272 0.0000000000 0.0000000000 0.4210196733 28.6045646667 0.0000000000 -0.2348535359
4.5136337280 0.0000000000 0.0000000000 0.4186240137 28.5898761749 0.0000000000 -0.2346185446
4.4959607124 0.0000000000 0.0000000000 0.4162501991 28.5750141144 0.0000000000 -0.2343370914
4.4785375595 0.0000000000 0.0000000000 0.4139047265 28.5604362488 0.0000000000 -0.2339839339
4.4615421295 0.0000000000 0.0000000000 0.4116012156 28.5454902649 0.0000000000 -0.2338173687
4.4445800781 0.0000000000 0.0000000000 0.4093326628 28.5306015015 0.0000000000 -0.2335507870
4.4279866219 0.0000000000 0.0000000000 0.4071017504 28.5157871246 0.0000000000 -0.2332960367
4.4114856720 0.0000000000 0.0000000000 0.4049033225 28.5011138916 0.0000000000 -0.2330335081
4.3950972557 0.0000000000 0.0000000000 0.4027379155 28.4864807129 0.0000000000 -0.2327297628
4.3791680336 0.0000000000 0.0000000000 0.4006077051 28.4717922211 0.0000000000 -0.2324349880
4.3634853363 0.0000000000 0.0000000000 0.3985063732 28.4572696686 0.0000000000 -0.2322566509
4.3478355408 0.0000000000 0.0000000000 0.3964236677 28.4427375793 0.0000000000 -0.2319408655
4.3321924210 0.0000000000 0.0000000000 0.3943593502 28.4284286499 0.0000000000 -0.2317525744
4.3165059090 0.0000000000 0.0000000000 0.3923156261 28.4143886566 0.0000000000 -0.2313783169
4.3011865616 0.0000000000 0.0000000000 0.3903113008 28.4009990692 0.0000000000 -0.2312505543
4.2858395576 0.0000000000 0.0000000000 0.3883461952 28.3878021240 0.0000000000 -0.2309942842
4.2707662582 0.0000000000 0.0000000000 0.3864250779 28.3746910095 0.0000000000 -0.2307168841
4.2560214996 0.0000000000 0.0000000000 0.3845390975 28.3611869812 0.0000000000 -0.2305033207
4.2414345741 0.0000000000 0.0000000000 0.3826879561 28.3473377228 0.0000000000 -0.2302541137
4.2269930840 0.0000000000 0.0000000000 0.3808707595 28.3333606720 0.0000000000 -0.2300045490
4.2129139900 0.0000000000 0.0000000000 0.3790863752 28.3192825317 0.0000000000 -0.2297539413
4.1991338730 0.0000000000 0.0000000000 0.3773295581 28.3049678802 0.0000000000 -0.2294855714
4.1854805946 0.0000000000 0.0000000000 0.3755894601 28.2907371521 0.0000000000 -0.2292547822
4.1718883514 0.0000000000 0.0000000000 0.3738698363 28.2764148712 0.0000000000 -0.2289907932
4.1583700180 0.0000000000 0.0000000000 0.3721754849 28.2616596222 0.0000000000 -0.2287574410
4.1445851326 0.0000000000 0.0000000000 0.3705072999 28.2470207214 0.0000000000 -0.2284929752
4.1307630539 0.0000000000 0.0000000000 0.3688786924 28.2329120636 0.0000000000 -0.2282045782
4.1169228554 0.0000000000 0.0000000000 0.3672851026 28.2187881470 0.0000000000 -0.2280098796
4.1030254364 0.0000000000 0.0000000000 0.3657223582 28.2047367096 0.0000000000 -0.2277639210
4.0887327194 0.0000000000 0.0000000000 0.3641909957 28.1906738281 0.0000000000 -0.2275136113
4.0742864609 0.0000000000 0.0000000000 0.3626823127 28.1772994995 0.0000000000 -0.2272806466
4.0596852303 0.0000000000 0.0000000000 0.3611896038 28.1637229919 0.0000000000 -0.2270315886
4.0449833870 0.0000000000 0.0000000000 0.3597019315 28.1502780914 0.0000000000 -0.2267813087
4.0303883553 0.0000000000 0.0000000000 0.3582269847 28.1368122101 0.0000000000 -0.2264847755
4.0159034729 0.0000000000 0.0000000000 0.3567759097 28.1234245300 0.0000000000 -0.2262856960
4.0013194084 0.0000000000 0.0000000000 0.3553568125 28.1101455688 0.0000000000 -0.2260432243
3.9866530895 0.0000000000 0.0000000000 0.3539710343 28.0970020294 0.0000000000 -0.2256362140
3.9724233150 0.0000000000 0.0000000000 0.3526069224 28.0846195221 0.0000000000 -0.2255789638
3.9584929943 0.0000000000 0.0000000000 0.3512602448 28.0718727112 0.0000000000 -0.2253348231
3.9448235035 0.0000000000 0.0000000000 0.3499157429 28.0589599609 0.0000000000 -0.2251154184
3.9314355850 0.0000000000 0.0000000000 0.3485730290 28.0460968018 0.0000000000 -0.2248851657
3.9182937145 0.0000000000 0.0000000000 0.3472478390 28.0333404541 0.0000000000 -0.2246170640
3.9054462910 0.0000000000 0.0000000000 0.3459276855 28.0201587677 0.0000000000 -0.2244226933
3.8925342560 0.0000000000 0.0000000000 0.3446120322 28.0072708130 0.0000000000 -0.2241912484
3.8796491623 0.0000000000 0.0000000000 0.3433020413 27.9944667816 0.0000000000 -0.2239593267
3.8666851521 0.0000000000 0.0000000000 0.3419962227 27.9816131592 0.0000000000 -0.2237277031
3.8535807133 0.0000000000 0.0000000000 0.3406846523 27.9687366486 0.0000000000 -0.2234991193
3.8403260708 0.0000000000 0.0000000000 0.3393712938 27.9558200836 0.0000000000 -0.2232697010
3.8270146847 0.0000000000 0.0000000000 0.3380422592 27.9430027008 0.0000000000 -0.2230408788
3.8135955334 0.0000000000 0.0000000000 0.3367013931 27.9302539825 0.0000000000 -0.2228226066
3.7999215126 0.0000000000 0.0000000000 0.3353548646 27.9174766541 0.0000000000 -0.2226028442
3.7862715721 0.0000000000 0.0000000000 0.3339964747 27.9049911499 0.0000000000 -0.2223079503
3.7731230259 0.0000000000 0.0000000000 0.3326354921 27.8922882080 0.0000000000 -0.2221650481
3.7600417137 0.0000000000 0.0000000000 0.3312730193 27.8795890808 0.0000000000 -0.2219410539
3.7469351292 0.0000000000 0.0000000000 0.3299063444 27.8668956757 0.0000000000 -0.2217318118
3.7339675426 0.0000000000 0.0000000000 0.3285355568 27.8537712097 0.0000000000 -0.2215232551
3.7212679386 0.0000000000 0.0000000000 0.3271646500 27.8412799835 0.0000000000 -0.2213367820
3.7087187767 0.0000000000 0.0000000000 0.3258048296 27.8288536072 0.0000000000 -0.2211239338
3.6962840557 0.0000000000 0.0000000000 0.3244584203 27.8166198730 0.0000000000 -0.2209457755
