#         rmsthk      stdthk       rmsvel       stdvel       rmsdiv       stddiv       rmsusurf       stdusurf
0.0000000000 0.0000000000 298.7683105469 212.5644989014 0.0000000000 0.0000000000 0.0000000000 0.0000000000
-0.1017792299 0.4797777236 182.5385894775 156.2255554199 0.0000000000 0.0000000000 -0.0579494014 0.9927688837
-0.2029412687 0.8784993291 98.3057174683 97.5821609497 0.0000000000 0.0000000000 -0.1141816080 1.8674931526
-0.2999926209 1.2363333702 67.7984161377 53.9397468567 0.0000000000 0.0000000000 -0.1719249040 2.6344697475
-0.4045700133 1.5491774082 75.5022277832 50.0129089355 0.0000000000 0.0000000000 -0.2281437665 3.2740395069
-0.5227137804 1.8213316202 80.4651412964 53.1006851196 0.0000000000 0.0000000000 -0.2829416394 3.8009295464
-0.6503505111 2.0689072609 80.8284988403 54.9597167969 0.0000000000 0.0000000000 -0.3342643082 4.2381057739
-0.7839536667 2.3030478954 77.3283767700 53.6839103699 0.0000000000 0.0000000000 -0.3798729777 4.6033277512
-0.9200600386 2.5310666561 71.6183319092 50.2164993286 0.0000000000 0.0000000000 -0.4195926785 4.9099812508
-1.0562878847 2.7564461231 65.0524368286 46.0902290344 0.0000000000 0.0000000000 -0.4531794190 5.1692299843
-1.1909154654 2.9797883034 58.1242904663 42.2868804932 0.0000000000 0.0000000000 -0.4801567495 5.3890562057
-1.3225419521 3.1999800205 51.1458091736 38.9177932739 0.0000000000 0.0000000000 -0.5002816319 5.5750522614
-1.4501209259 3.4155716896 44.4651718140 36.0397682190 0.0000000000 0.0000000000 -0.5134990215 5.7312278748
-1.5728369951 3.6251952648 38.3136672974 33.4963569641 0.0000000000 0.0000000000 -0.5201373696 5.8604850769
-1.6900341511 3.8276908398 32.6063919067 31.3445396423 0.0000000000 0.0000000000 -0.5206670761 5.9653220177
-1.8012050390 4.0220561028 27.3567237854 29.6375522614 0.0000000000 0.0000000000 -0.5157185793 6.0480847359
-1.9061477184 4.2077541351 22.5704689026 28.4454307556 0.0000000000 0.0000000000 -0.5058300495 6.1109027863
-2.0047106743 4.3842024803 18.3360996246 27.7692966461 0.0000000000 0.0000000000 -0.4916085005 6.1556701660
-2.0968687534 4.5510892868 14.6618156433 27.5821037292 0.0000000000 0.0000000000 -0.4736429155 6.1839003563
-2.1827769279 4.7083511353 11.4809818268 27.7806072235 0.0000000000 0.0000000000 -0.4525127113 6.1969747543
-2.2627053261 4.8562517166 8.7415809631 28.2064266205 0.0000000000 0.0000000000 -0.4287317693 6.1962242126
-2.3369588852 4.9951167107 6.3915863037 28.7265872955 0.0000000000 0.0000000000 -0.4027526975 6.1828980446
-2.4058995247 5.1253261566 4.4067902565 29.2238769531 0.0000000000 0.0000000000 -0.3749948144 6.1581630707
-2.4698143005 5.2471604347 2.7204954624 29.6870212555 0.0000000000 0.0000000000 -0.3458500504 6.1231231689
-2.5291190147 5.3613042831 1.2528086901 30.1539745331 0.0000000000 0.0000000000 -0.3156715631 6.0788307190
-2.5841126442 5.4682078362 -0.0512072556 30.6105823517 0.0000000000 0.0000000000 -0.2847395241 6.0263142586
-2.6351270676 5.5683908463 -1.2220330238 31.0377578735 0.0000000000 0.0000000000 -0.2533000410 5.9665307999
-2.6824543476 5.6623182297 -2.2766146660 31.4309291840 0.0000000000 0.0000000000 -0.2215839475 5.9003715515
-2.7263698578 5.7504482269 -3.2243628502 31.7863674164 0.0000000000 0.0000000000 -0.1898210794 5.8286886215
-2.7671303749 5.8332657814 -4.0734257698 32.1027679443 0.0000000000 0.0000000000 -0.1582202166 5.7522554398
-2.8049728870 5.9111809731 -4.8323087692 32.3831939697 0.0000000000 0.0000000000 -0.1269906759 5.6717886925
-2.8401274681 5.9846105576 -5.5070414543 32.6281356812 0.0000000000 0.0000000000 -0.0963197500 5.5879406929
-2.8728315830 6.0539855957 -6.1026253700 32.8404960632 0.0000000000 0.0000000000 -0.0663722679 5.5013079643
-2.9032959938 6.1197075844 -6.6250734329 33.0211372375 0.0000000000 0.0000000000 -0.0372939333 5.4124436378
-2.9316813946 6.1820945740 -7.0806288719 33.1741371155 0.0000000000 0.0000000000 -0.0092177605 5.3218436241
-2.9581780434 6.2414960861 -7.4732623100 33.3021278381 0.0000000000 0.0000000000 0.0177357551 5.2299509048
-2.9829473495 6.2982196808 -7.8081884384 33.4083442688 0.0000000000 0.0000000000 0.0434691943 5.1371583939
-3.0061306953 6.3525366783 -8.0907878876 33.4939994812 0.0000000000 0.0000000000 0.0679134801 5.0438132286
-3.0278546810 6.4046883583 -8.3246965408 33.5604095459 0.0000000000 0.0000000000 0.0910209268 4.9502282143
-3.0482528210 6.4549169540 -8.5141582489 33.6076469421 0.0000000000 0.0000000000 0.1127787530 4.8566775322
-3.0674176216 6.5033860207 -8.6623439789 33.6372375488 0.0000000000 0.0000000000 0.1331883222 4.7634057999
-3.0854573250 6.5503153801 -8.7722101212 33.6508026123 0.0000000000 0.0000000000 0.1522705704 4.6706275940
-3.1024944782 6.5959415436 -8.8465719223 33.6490898132 0.0000000000 0.0000000000 0.1700369865 4.5785331726
-3.1186165810 6.6404271126 -8.8871107101 33.6328887939 0.0000000000 0.0000000000 0.1865003109 4.4873023033
-3.1338987350 6.6839447021 -8.8954973221 33.6022415161 0.0000000000 0.0000000000 0.2016792297 4.3971085548
-3.1484317780 6.7266545296 -8.8730497360 33.5572967529 0.0000000000 0.0000000000 0.2155906409 4.3081035614
-3.1622846127 6.7686815262 -8.8211917877 33.4991874695 0.0000000000 0.0000000000 0.2282654792 4.2204160690
-3.1755256653 6.8101582527 -8.7418251038 33.4277801514 0.0000000000 0.0000000000 0.2397397310 4.1341657639
-3.1882154942 6.8511958122 -8.6364259720 33.3431091309 0.0000000000 0.0000000000 0.2500642836 4.0494542122
-3.2003984451 6.8918929100 -8.5057554245 33.2429161072 0.0000000000 0.0000000000 0.2592879534 3.9663584232
-3.2121193409 6.9323492050 -8.3498792648 33.1269073486 0.0000000000 0.0000000000 0.2674719095 3.8849408627
-3.2234196663 6.9726624489 -8.1719980240 32.9975700378 0.0000000000 0.0000000000 0.2746731639 3.8052575588
-3.2343437672 7.0129199028 -7.9801335335 32.8638038635 0.0000000000 0.0000000000 0.2809526622 3.7273259163
-3.2449276447 7.0532007217 -7.7859086990 32.7417182922 0.0000000000 0.0000000000 0.2863755226 3.6511623859
-3.2552044392 7.0935740471 -7.5914192200 32.6262817383 0.0000000000 0.0000000000 0.2910114825 3.5767676830
-3.2651972771 7.1340718269 -7.3900351524 32.5078315735 0.0000000000 0.0000000000 0.2949253917 3.5041489601
-3.2749328613 7.1747479439 -7.1815700531 32.3871536255 0.0000000000 0.0000000000 0.2981755435 3.4333345890
-3.2844495773 7.2156801224 -6.9662256241 32.2652854919 0.0000000000 0.0000000000 0.3007980883 3.3643393517
-3.2937724590 7.2569332123 -6.7453851700 32.1432189941 0.0000000000 0.0000000000 0.3028354645 3.2971608639
-3.3029224873 7.2985520363 -6.5194692612 32.0211067200 0.0000000000 0.0000000000 0.3043320775 3.2318105698
-3.3119256496 7.3405399323 -6.2912883759 31.8996543884 0.0000000000 0.0000000000 0.3053437769 3.1682746410
-3.3207805157 7.3829231262 -6.0621595383 31.7802257538 0.0000000000 0.0000000000 0.3059428632 3.1065473557
-3.3295693398 7.4258832932 -5.8333187103 31.6632213593 0.0000000000 0.0000000000 0.3061996102 3.0466134548
-3.3383111954 7.4694366455 -5.6046504974 31.5494403839 0.0000000000 0.0000000000 0.3061840534 2.9884431362
-3.3469758034 7.5134272575 -5.3773741722 31.4388237000 0.0000000000 0.0000000000 0.3059687018 2.9319932461
-3.3556306362 7.5581097603 -5.1519608498 31.3304996490 0.0000000000 0.0000000000 0.3056197166 2.8772320747
-3.3642759323 7.6034975052 -4.9290103912 31.2254180908 0.0000000000 0.0000000000 0.3051800132 2.8241386414
-3.3729293346 7.6496562958 -4.7076683044 31.1235351562 0.0000000000 0.0000000000 0.3046877980 2.7727077007
-3.3816211224 7.6966519356 -4.4887971878 31.0255222321 0.0000000000 0.0000000000 0.3041658103 2.7229211330
-3.3903076649 7.7444000244 -4.2718729973 30.9312381744 0.0000000000 0.0000000000 0.3036319911 2.6747360229
-3.3989930153 7.7927951813 -4.0576400757 30.8417549133 0.0000000000 0.0000000000 0.3031039536 2.6281304359
-3.4077222347 7.8420290947 -3.8458635807 30.7571125031 0.0000000000 0.0000000000 0.3025851548 2.5830564499
-3.4165484905 7.8922066689 -3.6361079216 30.6775951385 0.0000000000 0.0000000000 0.3020805717 2.5394721031
-3.4254674911 7.9433207512 -3.4277896881 30.6030864716 0.0000000000 0.0000000000 0.3015947938 2.4973521233
-3.4344995022 7.9954037666 -3.2208521366 30.5332088470 0.0000000000 0.0000000000 0.3011236787 2.4566822052
-3.4436652660 8.0484638214 -3.0150973797 30.4677925110 0.0000000000 0.0000000000 0.3006636202 2.4174261093
-3.4529726505 8.1024837494 -2.8101415634 30.4062461853 0.0000000000 0.0000000000 0.3002114892 2.3795351982
-3.4624257088 8.1574392319 -2.6068279743 30.3488388062 0.0000000000 0.0000000000 0.2997451425 2.3429787159
-3.4720191956 8.2132863998 -2.4053354263 30.2952117920 0.0000000000 0.0000000000 0.2992523313 2.3076968193
-3.4817335606 8.2699689865 -2.2053587437 30.2456436157 0.0000000000 0.0000000000 0.2987055779 2.2736396790
-3.4916007519 8.3275203705 -2.0074176788 30.1994552612 0.0000000000 0.0000000000 0.2980836630 2.2407526970
-3.5016365051 8.3859167099 -1.8116427660 30.1563148499 0.0000000000 0.0000000000 0.2973874509 2.2089836597
-3.5118765831 8.4451847076 -1.6171041727 30.1152572632 0.0000000000 0.0000000000 0.2966226935 2.1782932281
-3.5223348141 8.5053205490 -1.4240069389 30.0761642456 0.0000000000 0.0000000000 0.2957925498 2.1486454010
-3.5330264568 8.5662851334 -1.2319512367 30.0385456085 0.0000000000 0.0000000000 0.2949034274 2.1200120449
-3.5439352989 8.6280231476 -1.0403122902 30.0016288757 0.0000000000 0.0000000000 0.2939552963 2.0923829079
-3.5550570488 8.6905384064 -0.8486438990 29.9642753601 0.0000000000 0.0000000000 0.2929489911 2.0657742023
-3.5663967133 8.7537851334 -0.6568389535 29.9254035950 0.0000000000 0.0000000000 0.2918798327 2.0402038097
-3.5779645443 8.8177824020 -0.4655145705 29.8851642609 0.0000000000 0.0000000000 0.2907573283 2.0156822205
-3.5897588730 8.8824949265 -0.2742832601 29.8423213959 0.0000000000 0.0000000000 0.2895865738 1.9922082424
-3.6017410755 8.9477281570 -0.0821062997 29.7958488464 0.0000000000 0.0000000000 0.2883690894 1.9698054790
-3.6139156818 9.0135660172 0.1102834791 29.7458629608 0.0000000000 0.0000000000 0.2871066034 1.9484828711
-3.6262919903 9.0800228119 0.3036355376 29.6924495697 0.0000000000 0.0000000000 0.2857936621 1.9282401800
-3.6389212608 9.1471729279 0.4991027713 29.6343097687 0.0000000000 0.0000000000 0.2844383419 1.9090739489
-3.6517906189 9.2150030136 0.6967951059 29.5711021423 0.0000000000 0.0000000000 0.2830185890 1.8909733295
-3.6649260521 9.2835111618 0.8959942460 29.5038394928 0.0000000000 0.0000000000 0.2815411091 1.8739041090
-3.6783301830 9.3526496887 1.0967638493 29.4324207306 0.0000000000 0.0000000000 0.2799793184 1.8578361273
-3.6919884682 9.4223270416 1.2998189926 29.3568916321 0.0000000000 0.0000000000 0.2783244252 1.8427355289
-3.7059211731 9.4925622940 1.5050250292 29.2778263092 0.0000000000 0.0000000000 0.2765902877 1.8285520077
-3.7200791836 9.5632247925 1.7116888762 29.1963367462 0.0000000000 0.0000000000 0.2747934163 1.8152472973
-3.7344572544 9.6343345642 1.9196528196 29.1131973267 0.0000000000 0.0000000000 0.2729510367 1.8027714491
-3.7490942478 9.7058982849 2.1283428669 29.0291481018 0.0000000000 0.0000000000 0.2710704207 1.7910696268
-3.7640147209 9.7779111862 2.3370161057 28.9445209503 0.0000000000 0.0000000000 0.2691734135 1.7800606489
-3.7791810036 9.8502416611 2.5440940857 28.8612861633 0.0000000000 0.0000000000 0.2672781646 1.7696506977
-3.7946240902 9.9229125977 2.7501223087 28.7796916962 0.0000000000 0.0000000000 0.2654010057 1.7597526312
-3.8103549480 9.9959611893 2.9552447796 28.7015228271 0.0000000000 0.0000000000 0.2635643482 1.7502989769
-3.8263559341 10.0692834854 3.1585998535 28.6273136139 0.0000000000 0.0000000000 0.2617868185 1.7412596941
-3.8426873684 10.1428756714 3.3604822159 28.5571975708 0.0000000000 0.0000000000 0.2600949407 1.7325977087
-3.8593416214 10.2167015076 3.5604853630 28.4913730621 0.0000000000 0.0000000000 0.2585062981 1.7242726088
-3.8763306141 10.2908134460 3.7583272457 28.4307060242 0.0000000000 0.0000000000 0.2570292950 1.7162635326
-3.8935759068 10.3650331497 3.9538023472 28.3754425049 0.0000000000 0.0000000000 0.2556708753 1.7085593939
-3.9111268520 10.4394474030 4.1479721069 28.3252239227 0.0000000000 0.0000000000 0.2544246316 1.7011629343
-3.9289855957 10.5140361786 4.3418188095 28.2791881561 0.0000000000 0.0000000000 0.2532775104 1.6940643787
-3.9471716881 10.5887517929 4.5333976746 28.2377262115 0.0000000000 0.0000000000 0.2522012293 1.6872787476
-3.9657385349 10.6636829376 4.7242274284 28.1998767853 0.0000000000 0.0000000000 0.2511835396 1.6808278561
-3.9846959114 10.7388677597 4.9130797386 28.1651287079 0.0000000000 0.0000000000 0.2502209246 1.6747393608
-4.0040321350 10.8142881393 5.1006650925 28.1320362091 0.0000000000 0.0000000000 0.2492800206 1.6690590382
-4.0237336159 10.8899393082 5.2887816429 28.0991859436 0.0000000000 0.0000000000 0.2483447641 1.6638220549
-4.0436820984 10.9656095505 5.4789285660 28.0654106140 0.0000000000 0.0000000000 0.2474210858 1.6590583324
-4.0639710426 11.0414152145 5.6714205742 28.0294380188 0.0000000000 0.0000000000 0.2465075999 1.6548205614
-4.0846018791 11.1173458099 5.8655748367 27.9906215668 0.0000000000 0.0000000000 0.2455934137 1.6511645317
-4.1055841446 11.1934843063 6.0613927841 27.9476737976 0.0000000000 0.0000000000 0.2446593344 1.6481487751
-4.1269044876 11.2698678970 6.2585029602 27.9020957947 0.0000000000 0.0000000000 0.2437110841 1.6457967758
-4.1486158371 11.3465003967 6.4575371742 27.8537445068 0.0000000000 0.0000000000 0.2427466065 1.6441513300
-4.1707468033 11.4234590530 6.6580042839 27.8029079437 0.0000000000 0.0000000000 0.2417617142 1.6432540417
-4.1932554245 11.5007286072 6.8611464500 27.7495079041 0.0000000000 0.0000000000 0.2407950014 1.6430932283
-4.2161469460 11.5782670975 7.0649161339 27.6946468353 0.0000000000 0.0000000000 0.2398703098 1.6436419487
-4.2393393517 11.6559171677 7.2686018944 27.6387271881 0.0000000000 0.0000000000 0.2389855683 1.6448897123
-4.2627778053 11.7334794998 7.4729170799 27.5816001892 0.0000000000 0.0000000000 0.2381404787 1.6468064785
-4.2865858078 11.8112621307 7.6766438484 27.5230331421 0.0000000000 0.0000000000 0.2373263538 1.6493978500
-4.3107676506 11.8893289566 7.8784151077 27.4640846252 0.0000000000 0.0000000000 0.2365528345 1.6526323557
-4.3352985382 11.9676933289 8.0765199661 27.4052085876 0.0000000000 0.0000000000 0.2358243465 1.6564466953
-4.3602190018 12.0462388992 8.2696390152 27.3471641541 0.0000000000 0.0000000000 0.2351542413 1.6607822180
-4.3855867386 12.1251764297 8.4577751160 27.2897415161 0.0000000000 0.0000000000 0.2345272899 1.6656219959
-4.4113326073 12.2044477463 8.6414422989 27.2320423126 0.0000000000 0.0000000000 0.2339294255 1.6709454060
-4.4373931885 12.2838516235 8.8221893311 27.1735515594 0.0000000000 0.0000000000 0.2333393395 1.6767085791
-4.4638195038 12.3635683060 9.0010099411 27.1134033203 0.0000000000 0.0000000000 0.2327294946 1.6828728914
-4.4905653000 12.4435205460 9.1769123077 27.0530834198 0.0000000000 0.0000000000 0.2320879847 1.6894363165
-4.5176668167 12.5237884521 9.3507699966 26.9910221100 0.0000000000 0.0000000000 0.2314134538 1.6963375807
-4.5451316833 12.6043567657 9.5239934921 26.9275550842 0.0000000000 0.0000000000 0.2306960672 1.7035745382
-4.5729455948 12.6852235794 9.6962013245 26.8639850616 0.0000000000 0.0000000000 0.2299432158 1.7111315727
-4.6010322571 12.7661924362 9.8688659668 26.8002681732 0.0000000000 0.0000000000 0.2291636765 1.7190623283
-4.6293377876 12.8471059799 10.0436439514 26.7349643707 0.0000000000 0.0000000000 0.2283697426 1.7273871899
-4.6579065323 12.9282207489 10.2210626602 26.6672763824 0.0000000000 0.0000000000 0.2275652140 1.7361415625
-4.6867294312 13.0095071793 10.4017801285 26.5965671539 0.0000000000 0.0000000000 0.2267465144 1.7453894615
-4.7158250809 13.0910491943 10.5852041245 26.5223884583 0.0000000000 0.0000000000 0.2259056717 1.7552675009
-4.7452101707 13.1729679108 10.7721920013 26.4440135956 0.0000000000 0.0000000000 0.2250112146 1.7658913136
-4.7748770714 13.2550907135 10.9634695053 26.3616218567 0.0000000000 0.0000000000 0.2240389436 1.7773535252
-4.8048462868 13.3375339508 11.1581859589 26.2756538391 0.0000000000 0.0000000000 0.2230060399 1.7896735668
-4.8351106644 13.4202318192 11.3538379669 26.1869239807 0.0000000000 0.0000000000 0.2219162285 1.8028467894
-4.8657312393 13.5032348633 11.5509014130 26.0951404572 0.0000000000 0.0000000000 0.2207827717 1.8168804646
-4.8967251778 13.5865077972 11.7488765717 26.0000610352 0.0000000000 0.0000000000 0.2195939720 1.8317096233
-4.9280443192 13.6697778702 11.9466648102 25.9020729065 0.0000000000 0.0000000000 0.2183268368 1.8472628593
-4.9597191811 13.7531909943 12.1438083649 25.8022918701 0.0000000000 0.0000000000 0.2169875801 1.8634772301
-4.9917163849 13.8367233276 12.3388366699 25.7024345398 0.0000000000 0.0000000000 0.2155798823 1.8803256750
-5.0240311623 13.9202575684 12.5302209854 25.6027011871 0.0000000000 0.0000000000 0.2141513973 1.8976622820
-5.0566606522 14.0037097931 12.7149562836 25.5054931641 0.0000000000 0.0000000000 0.2127436250 1.9153501987
-5.0896654129 14.0872917175 12.8912630081 25.4109096527 0.0000000000 0.0000000000 0.2113992870 1.9332259893
-5.1230473518 14.1710472107 13.0588560104 25.3183040619 0.0000000000 0.0000000000 0.2101733834 1.9511649609
-5.1566872597 14.2547140121 13.2172031403 25.2285366058 0.0000000000 0.0000000000 0.2091128081 1.9690645933
-5.1905727386 14.3382282257 13.3660364151 25.1418247223 0.0000000000 0.0000000000 0.2082455456 1.9868789911
-5.2247776985 14.4217138290 13.5050888062 25.0568370819 0.0000000000 0.0000000000 0.2076111585 2.0044724941
-5.2594342232 14.5054912567 13.6348094940 24.9736156464 0.0000000000 0.0000000000 0.2072288245 2.0218036175
-5.2945404053 14.5895690918 13.7561912537 24.8926868439 0.0000000000 0.0000000000 0.2071066648 2.0388379097
-5.3299365044 14.6736526489 13.8715257645 24.8119907379 0.0000000000 0.0000000000 0.2072325051 2.0554795265
-5.3656530380 14.7578229904 13.9820909500 24.7310447693 0.0000000000 0.0000000000 0.2075854242 2.0717458725
-5.4016404152 14.8419952393 14.0894098282 24.6484146118 0.0000000000 0.0000000000 0.2081516236 2.0876476765
-5.4379382133 14.9262628555 14.1935567856 24.5640239716 0.0000000000 0.0000000000 0.2089025378 2.1032450199
-5.4745497704 15.0107631683 14.2919282913 24.4780483246 0.0000000000 0.0000000000 0.2098173946 2.1186196804
-5.5113949776 15.0952148438 14.3864088058 24.3906307220 0.0000000000 0.0000000000 0.2108850479 2.1337690353
-5.5484786034 15.1796693802 14.4780807495 24.3014755249 0.0000000000 0.0000000000 0.2120880485 2.1487011909
-5.5857882500 15.2641887665 14.5669832230 24.2119865417 0.0000000000 0.0000000000 0.2134231776 2.1634771824
-5.6233782768 15.3488302231 14.6553611755 24.1226902008 0.0000000000 0.0000000000 0.2148720920 2.1781365871
-5.6611995697 15.4335250854 14.7428207397 24.0337963104 0.0000000000 0.0000000000 0.2164213210 2.1927120686
-5.6992421150 15.5182342529 14.8275671005 23.9474563599 0.0000000000 0.0000000000 0.2180736810 2.2071981430
-5.7375378609 15.6029911041 14.9115180969 23.8638057709 0.0000000000 0.0000000000 0.2198371738 2.2215933800
-5.7760457993 15.6877031326 14.9919061661 23.7832202911 0.0000000000 0.0000000000 0.2217047065 2.2358453274
-5.8147621155 15.7723550797 15.0688877106 23.7051334381 0.0000000000 0.0000000000 0.2236580104 2.2499763966
-5.8536162376 15.8570470810 15.1448793411 23.6297626495 0.0000000000 0.0000000000 0.2256913632 2.2639503479
-5.8926653862 15.9418277740 15.2174959183 23.5563201904 0.0000000000 0.0000000000 0.2277865261 2.2777428627
-5.9318714142 16.0265026093 15.2882375717 23.4842586517 0.0000000000 0.0000000000 0.2299290299 2.2912826538
-5.9711265564 16.1107635498 15.3574333191 23.4136848450 0.0000000000 0.0000000000 0.2321143001 2.3045146465
-6.0105061531 16.1948242188 15.4264039993 23.3438758850 0.0000000000 0.0000000000 0.2343464047 2.3174219131
-6.0500059128 16.2786674500 15.4938955307 23.2748413086 0.0000000000 0.0000000000 0.2366339564 2.3299930096
-6.0896439552 16.3625316620 15.5581455231 23.2066135406 0.0000000000 0.0000000000 0.2390037924 2.3421015739
-6.1295137405 16.4465923309 15.6188411713 23.1373691559 0.0000000000 0.0000000000 0.2414423972 2.3537795544
-6.1696062088 16.5308361053 15.6763181686 23.0674781799 0.0000000000 0.0000000000 0.2439200282 2.3650019169
-6.2099261284 16.6152706146 15.7312040329 22.9972267151 0.0000000000 0.0000000000 0.2464059740 2.3758161068
-6.2503886223 16.6995449066 15.7840776443 22.9274997711 0.0000000000 0.0000000000 0.2488840520 2.3862359524
-6.2909560204 16.7838230133 15.8351497650 22.8577766418 0.0000000000 0.0000000000 0.2513474226 2.3963594437
-6.3316793442 16.8682365417 15.8840780258 22.7888164520 0.0000000000 0.0000000000 0.2537513971 2.4062669277
-6.3725199699 16.9527320862 15.9294748306 22.7207279205 0.0000000000 0.0000000000 0.2560808957 2.4160363674
-6.4135136604 17.0374431610 15.9699478149 22.6533260345 0.0000000000 0.0000000000 0.2583299577 2.4256415367
-6.4546298981 17.1221942902 16.0040283203 22.5880756378 0.0000000000 0.0000000000 0.2604730725 2.4351191521
-6.4958934784 17.2071189880 16.0319614410 22.5245819092 0.0000000000 0.0000000000 0.2624693215 2.4445137978
-6.5371251106 17.2919254303 16.0551872253 22.4615497589 0.0000000000 0.0000000000 0.2643215060 2.4537625313
-6.5785365105 17.3771247864 16.0712909698 22.3994655609 0.0000000000 0.0000000000 0.2660489976 2.4628174305
-6.6200661659 17.4626197815 16.0821018219 22.3386383057 0.0000000000 0.0000000000 0.2676719725 2.4716935158
-6.6616120338 17.5479469299 16.0881748199 22.2780990601 0.0000000000 0.0000000000 0.2691870332 2.4804141521
-6.7032122612 17.6334400177 16.0895462036 22.2173824310 0.0000000000 0.0000000000 0.2706390917 2.4888443947
-6.7447447777 17.7187061310 16.0876350403 22.1572170258 0.0000000000 0.0000000000 0.2720559835 2.4970190525
-6.7862424850 17.8039855957 16.0827255249 22.0980587006 0.0000000000 0.0000000000 0.2734403014 2.5049848557
-6.8275794983 17.8891677856 16.0763874054 22.0402393341 0.0000000000 0.0000000000 0.2747666240 2.5128018856
-6.8688573837 17.9743843079 16.0671997070 21.9855861664 0.0000000000 0.0000000000 0.2760176063 2.5206058025
-6.9101061821 18.0594978333 16.0538177490 21.9313468933 0.0000000000 0.0000000000 0.2771623433 2.5284242630
-6.9513926506 18.1447696686 16.0376892090 21.8784637451 0.0000000000 0.0000000000 0.2781864703 2.5362682343
-6.9926996231 18.2304153442 16.0197448730 21.8281879425 0.0000000000 0.0000000000 0.2791065276 2.5441246033
-7.0339808464 18.3161449432 16.0014915466 21.7792854309 0.0000000000 0.0000000000 0.2799276114 2.5519366264
-7.0752606392 18.4019947052 15.9830169678 21.7322807312 0.0000000000 0.0000000000 0.2806610167 2.5596833229
-7.1165924072 18.4880123138 15.9639120102 21.6873092651 0.0000000000 0.0000000000 0.2813001573 2.5673825741
-7.1578845978 18.5740070343 15.9460830688 21.6449642181 0.0000000000 0.0000000000 0.2818734944 2.5750310421
-7.1992554665 18.6603260040 15.9281597137 21.6053333282 0.0000000000 0.0000000000 0.2823756337 2.5825972557
-7.2406692505 18.7469253540 15.9104747772 21.5680675507 0.0000000000 0.0000000000 0.2828128040 2.5901911259
-7.2820210457 18.8334369659 15.8937902451 21.5328674316 0.0000000000 0.0000000000 0.2831930816 2.5978195667
-7.3231720924 18.9194602966 15.8793172836 21.5005722046 0.0000000000 0.0000000000 0.2835263014 2.6054613590
-7.3642668724 19.0054912567 15.8668518066 21.4710025787 0.0000000000 0.0000000000 0.2838178873 2.6131057739
-7.4052357674 19.0913238525 15.8580226898 21.4430198669 0.0000000000 0.0000000000 0.2840906978 2.6207692623
-7.4462175369 19.1772594452 15.8514966965 21.4180049896 0.0000000000 0.0000000000 0.2843402028 2.6285054684
-7.4872770309 19.2634201050 15.8477840424 21.3950061798 0.0000000000 0.0000000000 0.2845692933 2.6362826824
-7.5283637047 19.3496246338 15.8455066681 21.3734073639 0.0000000000 0.0000000000 0.2847909927 2.6440434456
-7.5694456100 19.4358577728 15.8441514969 21.3543930054 0.0000000000 0.0000000000 0.2850135863 2.6517403126
-7.6104378700 19.5220928192 15.8432836533 21.3358402252 0.0000000000 0.0000000000 0.2852385044 2.6593697071
-7.6513433456 19.6082515717 15.8429012299 21.3184528351 0.0000000000 0.0000000000 0.2854669392 2.6669394970
-7.6922178268 19.6942577362 15.8415527344 21.3018283844 0.0000000000 0.0000000000 0.2857060432 2.6744489670
-7.7331867218 19.7805690765 15.8384637833 21.2854194641 0.0000000000 0.0000000000 0.2859372199 2.6818666458
-7.7741689682 19.8668575287 15.8342981339 21.2694835663 0.0000000000 0.0000000000 0.2861716449 2.6892287731
-7.8152103424 19.9535045624 15.8283195496 21.2536258698 0.0000000000 0.0000000000 0.2864104509 2.6965208054
-7.8561811447 20.0399494171 15.8208055496 21.2381782532 0.0000000000 0.0000000000 0.2866636217 2.7037465572
-7.8971824646 20.1266632080 15.8117198944 21.2218780518 0.0000000000 0.0000000000 0.2869344950 2.7109458447
-7.9382910728 20.2137012482 15.8006258011 21.2049789429 0.0000000000 0.0000000000 0.2872521579 2.7181153297
-7.9794702530 20.3010215759 15.7882862091 21.1866950989 0.0000000000 0.0000000000 0.2876138091 2.7252402306
-8.0207929611 20.3887023926 15.7743139267 21.1688842773 0.0000000000 0.0000000000 0.2880096436 2.7323534489
-8.0622014999 20.4765968323 15.7593145370 21.1525878906 0.0000000000 0.0000000000 0.2884091437 2.7394635677
-8.1037063599 20.5646743774 15.7441902161 21.1378135681 0.0000000000 0.0000000000 0.2887898088 2.7465326786
-8.1452579498 20.6529064178 15.7287940979 21.1246871948 0.0000000000 0.0000000000 0.2891462743 2.7534897327
-8.1869401932 20.7416286469 15.7137537003 21.1137962341 0.0000000000 0.0000000000 0.2894687057 2.7603423595
-8.2286911011 20.8306331635 15.6994199753 21.1057758331 0.0000000000 0.0000000000 0.2897397578 2.7671401501
-8.2705097198 20.9198303223 15.6842708588 21.1011276245 0.0000000000 0.0000000000 0.2899240255 2.7739024162
-8.3123722076 21.0091876984 15.6700963974 21.0986042023 0.0000000000 0.0000000000 0.2900127769 2.7806537151
-8.3542594910 21.0987339020 15.6584558487 21.0988845825 0.0000000000 0.0000000000 0.2900257111 2.7873699665
-8.3961858749 21.1884555817 15.6500883102 21.0998897552 0.0000000000 0.0000000000 0.2899996638 2.7940230370
-8.4381761551 21.2784290314 15.6442871094 21.1015872955 0.0000000000 0.0000000000 0.2899333537 2.8006122112
-8.4802761078 21.3685951233 15.6392164230 21.1046218872 0.0000000000 0.0000000000 0.2898386419 2.8071446419
-8.5224847794 21.4591560364 15.6351995468 21.1079273224 0.0000000000 0.0000000000 0.2897088826 2.8136363029
-8.5647163391 21.5498561859 15.6324806213 21.1103992462 0.0000000000 0.0000000000 0.2895353436 2.8201029301
-8.6071043015 21.6410102844 15.6289854050 21.1122570038 0.0000000000 0.0000000000 0.2893020511 2.8265163898
-8.6495065689 21.7323169708 15.6245298386 21.1128787994 0.0000000000 0.0000000000 0.2890156507 2.8328900337
-8.6920108795 21.8237934113 15.6178598404 21.1115608215 0.0000000000 0.0000000000 0.2887076735 2.8392498493
-8.7346277237 21.9156246185 15.6095409393 21.1081218719 0.0000000000 0.0000000000 0.2884062529 2.8456318378
-8.7774057388 22.0077228546 15.5991296768 21.1036911011 0.0000000000 0.0000000000 0.2880872786 2.8521132469
-8.8202781677 22.1000556946 15.5868263245 21.0991401672 0.0000000000 0.0000000000 0.2877541780 2.8586940765
-8.8633098602 22.1927337646 15.5730361938 21.0947742462 0.0000000000 0.0000000000 0.2874307334 2.8653604984
-8.9064035416 22.2853908539 15.5575056076 21.0919113159 0.0000000000 0.0000000000 0.2871364653 2.8720495701
-8.9496192932 22.3782119751 15.5408191681 21.0896167755 0.0000000000 0.0000000000 0.2868425548 2.8787431717
-8.9930610657 22.4713153839 15.5219182968 21.0876789093 0.0000000000 0.0000000000 0.2865595818 2.8854343891
-9.0365839005 22.5643768311 15.5017452240 21.0861473083 0.0000000000 0.0000000000 0.2862474024 2.8920593262
-9.0801877975 22.6574649811 15.4793119431 21.0843257904 0.0000000000 0.0000000000 0.2859388292 2.8986248970
-9.1237611771 22.7506542206 15.4567527771 21.0824642181 0.0000000000 0.0000000000 0.2856560647 2.9051239491
-9.1675291061 22.8441638947 15.4318847656 21.0807628632 0.0000000000 0.0000000000 0.2854001224 2.9116494656
-9.2114686966 22.9379806519 15.4061784744 21.0801925659 0.0000000000 0.0000000000 0.2851805985 2.9182515144
-9.2554950714 23.0319328308 15.3801479340 21.0797538757 0.0000000000 0.0000000000 0.2850194275 2.9249041080
-9.2996168137 23.1258792877 15.3569917679 21.0795345306 0.0000000000 0.0000000000 0.2849698365 2.9315049648
-9.3437871933 23.2195854187 15.3369884491 21.0795497894 0.0000000000 0.0000000000 0.2850578427 2.9380898476
-9.3881311417 23.3133945465 15.3173236847 21.0785388947 0.0000000000 0.0000000000 0.2852713764 2.9447288513
-9.4326610565 23.4073200226 15.3005800247 21.0775337219 0.0000000000 0.0000000000 0.2855731845 2.9513964653
-9.4773082733 23.5014343262 15.2853431702 21.0774669647 0.0000000000 0.0000000000 0.2859916091 2.9580559731
-9.5221061707 23.5957813263 15.2708997726 21.0774250031 0.0000000000 0.0000000000 0.2865310609 2.9646909237
-9.5670576096 23.6900310516 15.2565402985 21.0767288208 0.0000000000 0.0000000000 0.2871352732 2.9714231491
-9.6122570038 23.7844982147 15.2407255173 21.0745811462 0.0000000000 0.0000000000 0.2878004313 2.9782414436
-9.6577463150 23.8793754578 15.2237501144 21.0706195831 0.0000000000 0.0000000000 0.2885402441 2.9850564003
-9.7034854889 23.9747428894 15.2052602768 21.0633563995 0.0000000000 0.0000000000 0.2892922163 2.9919314384
-9.7494726181 24.0706233978 15.1846551895 21.0525779724 0.0000000000 0.0000000000 0.2900418639 2.9988093376
-9.7957239151 24.1669464111 15.1615219116 21.0382652283 0.0000000000 0.0000000000 0.2907938063 3.0057005882
-9.8422880173 24.2638359070 15.1343965530 21.0192203522 0.0000000000 0.0000000000 0.2915697396 3.0126042366
-9.8891172409 24.3612213135 15.1027002335 20.9953479767 0.0000000000 0.0000000000 0.2923798561 3.0194590092
-9.9360380173 24.4584941864 15.0677289963 20.9686241150 0.0000000000 0.0000000000 0.2932196259 3.0262200832
-9.9831800461 24.5560626984 15.0288496017 20.9376754761 0.0000000000 0.0000000000 0.2941059172 3.0327975750
-10.0304155350 24.6535358429 14.9847106934 20.9030723572 0.0000000000 0.0000000000 0.2949916422 3.0392305851
-10.0778579712 24.7514991760 14.9352684021 20.8644065857 0.0000000000 0.0000000000 0.2958922088 3.0454380512
-10.1254119873 24.8495483398 14.8798160553 20.8239459991 0.0000000000 0.0000000000 0.2967737913 3.0514206886
-10.1729927063 24.9479026794 14.8218488693 20.7829532623 0.0000000000 0.0000000000 0.2976361811 3.0571208000
-10.2207117081 25.0465984344 14.7606201172 20.7419567108 0.0000000000 0.0000000000 0.2984931171 3.0624735355
-10.2685146332 25.1454906464 14.6965703964 20.7020893097 0.0000000000 0.0000000000 0.2993378639 3.0674514771
-10.3164005280 25.2447185516 14.6298637390 20.6626167297 0.0000000000 0.0000000000 0.3001044095 3.0721409321
-10.3644666672 25.3444709778 14.5616083145 20.6246089935 0.0000000000 0.0000000000 0.3007821441 3.0765068531
-10.4125547409 25.4444580078 14.4919214249 20.5884552002 0.0000000000 0.0000000000 0.3013832271 3.0804479122
-10.4605426788 25.5443954468 14.4222354889 20.5532264709 0.0000000000 0.0000000000 0.3019313216 3.0838453770
-10.5084028244 25.6443729401 14.3531646729 20.5161590576 0.0000000000 0.0000000000 0.3024167120 3.0867047310
-10.5562219620 25.7445163727 14.2826471329 20.4774570465 0.0000000000 0.0000000000 0.3028451204 3.0890228748
-10.6040925980 25.8449535370 14.2109050751 20.4356880188 0.0000000000 0.0000000000 0.3031953275 3.0908510685
-10.6519393921 25.9455204010 14.1386880875 20.3899612427 0.0000000000 0.0000000000 0.3034551740 3.0921764374
-10.6995906830 26.0458641052 14.0642309189 20.3409423828 0.0000000000 0.0000000000 0.3036130667 3.0930397511
-10.7471504211 26.1463336945 13.9872550964 20.2872257233 0.0000000000 0.0000000000 0.3036901951 3.0933811665
-10.7946271896 26.2467613220 13.9087142944 20.2293281555 0.0000000000 0.0000000000 0.3036894500 3.0930645466
-10.8420124054 26.3472347260 13.8276958466 20.1679954529 0.0000000000 0.0000000000 0.3035913706 3.0920763016
-10.8892650604 26.4476337433 13.7453184128 20.1046485901 0.0000000000 0.0000000000 0.3034429848 3.0904567242
-10.9364786148 26.5480976105 13.6604471207 20.0412940979 0.0000000000 0.0000000000 0.3032487333 3.0882532597
-10.9834442139 26.6482582092 13.5736961365 19.9782981873 0.0000000000 0.0000000000 0.3030255437 3.0854985714
-11.0301647186 26.7482318878 13.4848194122 19.9161205292 0.0000000000 0.0000000000 0.3027842045 3.0821938515
-11.0767230988 26.8481655121 13.3930082321 19.8561859131 0.0000000000 0.0000000000 0.3024878800 3.0784180164
-11.1232147217 26.9480342865 13.2979784012 19.7973957062 0.0000000000 0.0000000000 0.3021591902 3.0740511417
-11.1695594788 27.0478229523 13.2015485764 19.7394237518 0.0000000000 0.0000000000 0.3018027842 3.0690567493
-11.2157611847 27.1475830078 13.1049489975 19.6815357208 0.0000000000 0.0000000000 0.3013885319 3.0635197163
-11.2617950439 27.2471580505 13.0079450607 19.6226558685 0.0000000000 0.0000000000 0.3009258211 3.0574419498
-11.3077135086 27.3467578888 12.9096984863 19.5617084503 0.0000000000 0.0000000000 0.3004044592 3.0509326458
-11.3534317017 27.4461040497 12.8089675903 19.4974670410 0.0000000000 0.0000000000 0.2998134792 3.0439980030
-11.3989067078 27.5448684692 12.7068014145 19.4301414490 0.0000000000 0.0000000000 0.2991926670 3.0366182327
-11.4442110062 27.6435031891 12.6030979156 19.3596973419 0.0000000000 0.0000000000 0.2985348403 3.0288181305
-11.4892826080 27.7419757843 12.4980068207 19.2868194580 0.0000000000 0.0000000000 0.2978270352 3.0206217766
-11.5341520309 27.8402729034 12.3912315369 19.2131538391 0.0000000000 0.0000000000 0.2970452607 3.0120897293
-11.5787715912 27.9384059906 12.2849922180 19.1392955780 0.0000000000 0.0000000000 0.2962366343 3.0032141209
-11.6230821609 28.0362415314 12.1801023483 19.0659160614 0.0000000000 0.0000000000 0.2953935862 2.9940104485
-11.6670322418 28.1336708069 12.0763750076 18.9929676056 0.0000000000 0.0000000000 0.2945487201 2.9844031334
-11.7106771469 28.2308406830 11.9751701355 18.9209728241 0.0000000000 0.0000000000 0.2936990857 2.9744305611
-11.7540121078 28.3276004791 11.8784608841 18.8502426147 0.0000000000 0.0000000000 0.2928723395 2.9640560150
-11.7970380783 28.4239273071 11.7858591080 18.7822742462 0.0000000000 0.0000000000 0.2920529544 2.9533312321
-11.8398504257 28.5200271606 11.6971540451 18.7164688110 0.0000000000 0.0000000000 0.2912551761 2.9422743320
-11.8823928833 28.6157722473 11.6125221252 18.6524429321 0.0000000000 0.0000000000 0.2904720306 2.9309020042
-11.9246358871 28.7111301422 11.5310297012 18.5897140503 0.0000000000 0.0000000000 0.2897003591 2.9192728996
-11.9666681290 28.8062667847 11.4528484344 18.5291805267 0.0000000000 0.0000000000 0.2889392376 2.9073750973
-12.0084695816 28.9011325836 11.3773202896 18.4702091217 0.0000000000 0.0000000000 0.2881657481 2.8952450752
-12.0500020981 28.9956455231 11.3032979965 18.4104175568 0.0000000000 0.0000000000 0.2873560488 2.8829121590
-12.0912151337 29.0897502899 11.2316246033 18.3508243561 0.0000000000 0.0000000000 0.2864892483 2.8704183102
-12.1321811676 29.1835823059 11.1616392136 18.2909450531 0.0000000000 0.0000000000 0.2855597436 2.8578515053
-12.1729087830 29.2771244049 11.0924081802 18.2307128906 0.0000000000 0.0000000000 0.2845702171 2.8452410698
-12.2133483887 29.3699836731 11.0243291855 18.1693916321 0.0000000000 0.0000000000 0.2835191786 2.8326056004
-12.2535610199 29.4625301361 10.9562034607 18.1064586639 0.0000000000 0.0000000000 0.2824510336 2.8199496269
-12.2935810089 29.5548839569 10.8883581161 18.0427856445 0.0000000000 0.0000000000 0.2813692689 2.8072814941
-12.3333244324 29.6467781067 10.8215150833 17.9795379639 0.0000000000 0.0000000000 0.2802651227 2.7946102619
-12.3727979660 29.7380542755 10.7534484863 17.9165687561 0.0000000000 0.0000000000 0.2791399062 2.7819626331
-12.4119777679 29.8284893036 10.6839008331 17.8539962769 0.0000000000 0.0000000000 0.2779927552 2.7693583965
-12.4509582520 29.9184131622 10.6134710312 17.7915687561 0.0000000000 0.0000000000 0.2768420279 2.7567524910
-12.4895677567 30.0076045990 10.5424880981 17.7301731110 0.0000000000 0.0000000000 0.2756964266 2.7442235947
-12.5280418396 30.0965232849 10.4703178406 17.6701622009 0.0000000000 0.0000000000 0.2745602429 2.7317659855
-12.5662565231 30.1848526001 10.3980579376 17.6107139587 0.0000000000 0.0000000000 0.2734438181 2.7193422318
-12.6042690277 30.2728176117 10.3265123367 17.5516872406 0.0000000000 0.0000000000 0.2723630071 2.7069263458
-12.6420497894 30.3603630066 10.2555608749 17.4922409058 0.0000000000 0.0000000000 0.2712983489 2.6945803165
-12.6796264648 30.4475822449 10.1849927902 17.4331951141 0.0000000000 0.0000000000 0.2702307701 2.6823472977
-12.7169694901 30.5345058441 10.1148443222 17.3741664886 0.0000000000 0.0000000000 0.2691529095 2.6702370644
-12.7541217804 30.6209659576 10.0449428558 17.3154945374 0.0000000000 0.0000000000 0.2680628300 2.6582889557
-12.7911052704 30.7071056366 9.9745721817 17.2559108734 0.0000000000 0.0000000000 0.2669537365 2.6464793682
-12.8278846741 30.7927551270 9.9039220810 17.1953697205 0.0000000000 0.0000000000 0.2658297718 2.6347434521
-12.8644981384 30.8781032562 9.8326377869 17.1336898804 0.0000000000 0.0000000000 0.2646856606 2.6231181622
-12.9009532928 30.9632682800 9.7596969604 17.0707130432 0.0000000000 0.0000000000 0.2634966075 2.6115984917
-12.9370946884 31.0480556488 9.6866950989 17.0074234009 0.0000000000 0.0000000000 0.2622738481 2.6001760960
-12.9730453491 31.1325092316 9.6140928268 16.9451160431 0.0000000000 0.0000000000 0.2610265315 2.5888440609
-13.0087385178 31.2165241241 9.5421447754 16.8830204010 0.0000000000 0.0000000000 0.2597782612 2.5775828362
-13.0443086624 31.3003406525 9.4713382721 16.8209095001 0.0000000000 0.0000000000 0.2585168183 2.5664086342
-13.0796861649 31.3838405609 9.4013977051 16.7575531006 0.0000000000 0.0000000000 0.2572348416 2.5553359985
-13.1149549484 31.4671497345 9.3327636719 16.6954002380 0.0000000000 0.0000000000 0.2559206188 2.5443887711
-13.1499700546 31.5500774384 9.2652015686 16.6338157654 0.0000000000 0.0000000000 0.2546082139 2.5335664749
-13.1847038269 31.6325817108 9.1995611191 16.5736789703 0.0000000000 0.0000000000 0.2532925010 2.5228874683
-13.2192878723 31.7148456573 9.1350364685 16.5135498047 0.0000000000 0.0000000000 0.2520050704 2.5123040676
-13.2536811829 31.7966842651 9.0725240707 16.4545040131 0.0000000000 0.0000000000 0.2507612705 2.5018043518
-13.2877626419 31.8775367737 9.0119543076 16.3978767395 0.0000000000 0.0000000000 0.2495613098 2.4914009571
-13.3216667175 31.9580631256 8.9511404037 16.3402004242 0.0000000000 0.0000000000 0.2483997494 2.4811153412
-13.3554563522 32.0384254456 8.8899497986 16.2823925018 0.0000000000 0.0000000000 0.2472545505 2.4709630013
-13.3890304565 32.1184463501 8.8286371231 16.2252464294 0.0000000000 0.0000000000 0.2461416870 2.4609067440
-13.4224243164 32.1981353760 8.7673387527 16.1678638458 0.0000000000 0.0000000000 0.2450533509 2.4508774281
-13.4556980133 32.2775650024 8.7057065964 16.1099414825 0.0000000000 0.0000000000 0.2439868301 2.4408929348
-13.4886808395 32.3564682007 8.6454105377 16.0532054901 0.0000000000 0.0000000000 0.2429275662 2.4309599400
-13.5215339661 32.4350204468 8.5863180161 15.9992446899 0.0000000000 0.0000000000 0.2418564707 2.4210767746
-13.5542497635 32.5131797791 8.5270433426 15.9460554123 0.0000000000 0.0000000000 0.2407819629 2.4112079144
-13.5867586136 32.5909538269 8.4674530029 15.8938970566 0.0000000000 0.0000000000 0.2397313565 2.4012944698
-13.6191444397 32.6684074402 8.4075527191 15.8424339294 0.0000000000 0.0000000000 0.2387201190 2.3913252354
-13.6513109207 32.7449989319 8.3484344482 15.7925930023 0.0000000000 0.0000000000 0.2377487868 2.3813087940
-13.6833038330 32.8211860657 8.2890396118 15.7433357239 0.0000000000 0.0000000000 0.2368134409 2.3712377548
-13.7152318954 32.8972434998 8.2292709351 15.6941547394 0.0000000000 0.0000000000 0.2359111458 2.3611185551
-13.7469863892 32.9730072021 8.1692304611 15.6463327408 0.0000000000 0.0000000000 0.2350469381 2.3509590626
-13.7785987854 33.0485496521 8.1090087891 15.5993642807 0.0000000000 0.0000000000 0.2342358381 2.3407409191
-13.8100671768 33.1238327026 8.0502376556 15.5529823303 0.0000000000 0.0000000000 0.2334776372 2.3304839134
-13.8414726257 33.1989479065 7.9925093651 15.5074529648 0.0000000000 0.0000000000 0.2327639014 2.3202135563
-13.8727722168 33.2738494873 7.9351849556 15.4615106583 0.0000000000 0.0000000000 0.2320870906 2.3099377155
-13.9039726257 33.3485298157 7.8781671524 15.4161653519 0.0000000000 0.0000000000 0.2314352542 2.2996764183
-13.9350652695 33.4228744507 7.8212189674 15.3716697693 0.0000000000 0.0000000000 0.2308121622 2.2894425392
-13.9659452438 33.4962806702 7.7649450302 15.3281145096 0.0000000000 0.0000000000 0.2301972061 2.2792644501
-13.9967088699 33.5692443848 7.7080764771 15.2857599258 0.0000000000 0.0000000000 0.2296060771 2.2691133022
-14.0273523331 33.6417922974 7.6509962082 15.2433900833 0.0000000000 0.0000000000 0.2290459722 2.2590546608
-14.0578937531 33.7141304016 7.5944991112 15.2004327774 0.0000000000 0.0000000000 0.2285255939 2.2491359711
-14.0882883072 33.7862129211 7.5389475822 15.1574687958 0.0000000000 0.0000000000 0.2280362844 2.2393441200
-14.1185045242 33.8580055237 7.4842948914 15.1147727966 0.0000000000 0.0000000000 0.2275792211 2.2296760082
-14.1486177444 33.9295349121 7.4316043854 15.0726242065 0.0000000000 0.0000000000 0.2271478623 2.2201509476
-14.1785774231 34.0006866455 7.3805661201 15.0307140350 0.0000000000 0.0000000000 0.2267302871 2.2107722759
-14.2081966400 34.0712127686 7.3317146301 14.9891157150 0.0000000000 0.0000000000 0.2263230532 2.2015647888
-14.2376222610 34.1413574219 7.2841978073 14.9475708008 0.0000000000 0.0000000000 0.2259322405 2.1925041676
-14.2670125961 34.2114334106 7.2376866341 14.9055881500 0.0000000000 0.0000000000 0.2255587131 2.1835756302
-14.2962770462 34.2813453674 7.1921944618 14.8645391464 0.0000000000 0.0000000000 0.2252113074 2.1747899055
-14.3254537582 34.3510322571 7.1477613449 14.8232030869 0.0000000000 0.0000000000 0.2248951942 2.1661324501
-14.3545198441 34.4204978943 7.1038017273 14.7823085785 0.0000000000 0.0000000000 0.2245856971 2.1576433182
-14.3834581375 34.4895515442 7.0604119301 14.7422018051 0.0000000000 0.0000000000 0.2242813408 2.1493425369
-14.4123430252 34.5584945679 7.0166306496 14.7019844055 0.0000000000 0.0000000000 0.2239716649 2.1412067413
-14.4411754608 34.6273384094 6.9710092545 14.6616392136 0.0000000000 0.0000000000 0.2236627936 2.1332046986
-14.4699497223 34.6960983276 6.9244847298 14.6213750839 0.0000000000 0.0000000000 0.2233696878 2.1253097057
-14.4986257553 34.7645912170 6.8775329590 14.5817337036 0.0000000000 0.0000000000 0.2230848074 2.1175475121
-14.5271863937 34.8325729370 6.8300833702 14.5424327850 0.0000000000 0.0000000000 0.2227953225 2.1099121571
-14.5556793213 34.9003028870 6.7823791504 14.5032567978 0.0000000000 0.0000000000 0.2225044966 2.1024217606
-14.5840196609 34.9676170349 6.7348718643 14.4637680054 0.0000000000 0.0000000000 0.2222023159 2.0950899124
-14.6122951508 35.0347328186 6.6873712540 14.4239883423 0.0000000000 0.0000000000 0.2219008058 2.0879030228
-14.6405372620 35.1016578674 6.6395373344 14.3839130402 0.0000000000 0.0000000000 0.2216010243 2.0808224678
-14.6686897278 35.1682891846 6.5915112495 14.3442735672 0.0000000000 0.0000000000 0.2213088125 2.0738513470
-14.6967372894 35.2345581055 6.5436787605 14.3047561646 0.0000000000 0.0000000000 0.2210153490 2.0669658184
-14.7245979309 35.3003654480 6.4963197708 14.2665138245 0.0000000000 0.0000000000 0.2207136750 2.0601630211
-14.7523355484 35.3658523560 6.4504203796 14.2286014557 0.0000000000 0.0000000000 0.2203949243 2.0534353256
-14.7798900604 35.4309120178 6.4060454369 14.1913080215 0.0000000000 0.0000000000 0.2200544626 2.0467956066
-14.8073768616 35.4956703186 6.3618326187 14.1541519165 0.0000000000 0.0000000000 0.2197038233 2.0402219296
-14.8347349167 35.5599441528 6.3186926842 14.1174240112 0.0000000000 0.0000000000 0.2193519324 2.0336968899
-14.8619327545 35.6237907410 6.2764253616 14.0816631317 0.0000000000 0.0000000000 0.2190021127 2.0272004604
-14.8889226913 35.6872520447 6.2352728844 14.0466299057 0.0000000000 0.0000000000 0.2186547518 2.0207393169
-14.9156513214 35.7501792908 6.1940131187 14.0120573044 0.0000000000 0.0000000000 0.2183196098 2.0142724514
-14.9423027039 35.8126831055 6.1528153419 13.9783964157 0.0000000000 0.0000000000 0.2179880887 2.0078253746
-14.9688053131 35.8749961853 6.1117553711 13.9452705383 0.0000000000 0.0000000000 0.2176576853 2.0013945103
-14.9952383041 35.9371910095 6.0708808899 13.9122619629 0.0000000000 0.0000000000 0.2173496634 1.9949588776
-15.0216560364 35.9992866516 6.0299520493 13.8793888092 0.0000000000 0.0000000000 0.2170445621 1.9885787964
-15.0480422974 36.0612716675 5.9903335571 13.8468818665 0.0000000000 0.0000000000 0.2167298496 1.9822691679
-15.0742778778 36.1229972839 5.9526138306 13.8142061234 0.0000000000 0.0000000000 0.2164078653 1.9760295153
-15.1005029678 36.1846580505 5.9156808853 13.7809686661 0.0000000000 0.0000000000 0.2160870582 1.9698728323
-15.1266021729 36.2459526062 5.8794713020 13.7478933334 0.0000000000 0.0000000000 0.2157819420 1.9637638330
-15.1527032852 36.3072013855 5.8432331085 13.7145814896 0.0000000000 0.0000000000 0.2154964358 1.9576750994
-15.1788082123 36.3684272766 5.8072829247 13.6814432144 0.0000000000 0.0000000000 0.2152181119 1.9516191483
-15.2048625946 36.4295234680 5.7711410522 13.6490268707 0.0000000000 0.0000000000 0.2149281800 1.9456219673
-15.2308597565 36.4904594421 5.7354388237 13.6168613434 0.0000000000 0.0000000000 0.2146163136 1.9397019148
-15.2567634583 36.5512695312 5.6996197701 13.5851621628 0.0000000000 0.0000000000 0.2142813057 1.9338380098
-15.2826042175 36.6119041443 5.6641697884 13.5548133850 0.0000000000 0.0000000000 0.2139361799 1.9279937744
-15.3082704544 36.6721191406 5.6293821335 13.5252943039 0.0000000000 0.0000000000 0.2135975659 1.9221665859
-15.3338785172 36.7320060730 5.5950474739 13.4966630936 0.0000000000 0.0000000000 0.2132742405 1.9163746834
-15.3594036102 36.7916107178 5.5613265038 13.4683990479 0.0000000000 0.0000000000 0.2129629552 1.9106376171
-15.3846788406 36.8506355286 5.5284652710 13.4400329590 0.0000000000 0.0000000000 0.2126640379 1.9049229622
-15.4099349976 36.9095458984 5.4965682030 13.4113035202 0.0000000000 0.0000000000 0.2123716474 1.8992614746
-15.4350442886 36.9681892395 5.4655718803 13.3824758530 0.0000000000 0.0000000000 0.2120792717 1.8936275244
-15.4600477219 37.0265769958 5.4358077049 13.3536911011 0.0000000000 0.0000000000 0.2117874175 1.8879948854
-15.4850502014 37.0848541260 5.4070320129 13.3250207901 0.0000000000 0.0000000000 0.2114841193 1.8823895454
-15.5100307465 37.1429824829 5.3791093826 13.2966051102 0.0000000000 0.0000000000 0.2111670077 1.8768366575
-15.5348873138 37.2008132935 5.3519916534 13.2688426971 0.0000000000 0.0000000000 0.2108464837 1.8713444471
-15.5597476959 37.2585411072 5.3246645927 13.2412919998 0.0000000000 0.0000000000 0.2105311304 1.8659161329
-15.5846147537 37.3161773682 5.2977848053 13.2138147354 0.0000000000 0.0000000000 0.2102399468 1.8605546951
-15.6094064713 37.3735809326 5.2712926865 13.1869049072 0.0000000000 0.0000000000 0.2099875212 1.8552358150
-15.6341552734 37.4308052063 5.2443666458 13.1602830887 0.0000000000 0.0000000000 0.2097666115 1.8499267101
-15.6586666107 37.4873161316 5.2172513008 13.1342296600 0.0000000000 0.0000000000 0.2095696479 1.8446049690
-15.6831493378 37.5436630249 5.1901397705 13.1079120636 0.0000000000 0.0000000000 0.2093941867 1.8392711878
-15.7076187134 37.5999946594 5.1621971130 13.0811920166 0.0000000000 0.0000000000 0.2092387974 1.8339394331
-15.7321071625 37.6562957764 5.1337366104 13.0545349121 0.0000000000 0.0000000000 0.2090983391 1.8286172152
-15.7565784454 37.7124557495 5.1047439575 13.0279483795 0.0000000000 0.0000000000 0.2089546174 1.8233196735
-15.7810287476 37.7684555054 5.0756235123 13.0011100769 0.0000000000 0.0000000000 0.2087925673 1.8180752993
-15.8054819107 37.8243865967 5.0468158722 12.9745206833 0.0000000000 0.0000000000 0.2086036950 1.8128666878
-15.8298387527 37.8800277710 5.0179996490 12.9483957291 0.0000000000 0.0000000000 0.2083848864 1.8077094555
-15.8541173935 37.9353027344 4.9892816544 12.9232196808 0.0000000000 0.0000000000 0.2081439048 1.8026330471
-15.8782901764 37.9903602600 4.9599337578 12.8985643387 0.0000000000 0.0000000000 0.2078929842 1.7976212502
-15.9023580551 38.0451240540 4.9304261208 12.8743562698 0.0000000000 0.0000000000 0.2076421529 1.7926791906
-15.9264259338 38.0997924805 4.9003868103 12.8508415222 0.0000000000 0.0000000000 0.2073944509 1.7877957821
-15.9504566193 38.1543922424 4.8702111244 12.8276786804 0.0000000000 0.0000000000 0.2071474046 1.7829731703
-15.9744396210 38.2088737488 4.8409166336 12.8052511215 0.0000000000 0.0000000000 0.2068936080 1.7782171965
-15.9981870651 38.2628326416 4.8119168282 12.7827396393 0.0000000000 0.0000000000 0.2066260129 1.7735154629
-16.0218925476 38.3167152405 4.7836060524 12.7597923279 0.0000000000 0.0000000000 0.2063535303 1.7688435316
-16.0455074310 38.3704719543 4.7559285164 12.7364759445 0.0000000000 0.0000000000 0.2060789913 1.7642012835
-16.0690288544 38.4239845276 4.7292609215 12.7124385834 0.0000000000 0.0000000000 0.2058108598 1.7595926523
-16.0924263000 38.4772796631 4.7037935257 12.6887245178 0.0000000000 0.0000000000 0.2055553645 1.7550605536
-16.1157741547 38.5304069519 4.6785545349 12.6646509171 0.0000000000 0.0000000000 0.2053200752 1.7506035566
-16.1390743256 38.5833129883 4.6543893814 12.6405105591 0.0000000000 0.0000000000 0.2051161826 1.7462325096
-16.1623344421 38.6360054016 4.6309833527 12.6162443161 0.0000000000 0.0000000000 0.2049416006 1.7419275045
-16.1856136322 38.6886138916 4.6080131531 12.5921630859 0.0000000000 0.0000000000 0.2047906965 1.7376892567
-16.2089233398 38.7411956787 4.5854296684 12.5683517456 0.0000000000 0.0000000000 0.2046505958 1.7335178852
-16.2322616577 38.7937202454 4.5635771751 12.5451641083 0.0000000000 0.0000000000 0.2045078725 1.7294125557
-16.2556266785 38.8462028503 4.5420274734 12.5225906372 0.0000000000 0.0000000000 0.2043504864 1.7253628969
-16.2789306641 38.8985862732 4.5204501152 12.5004291534 0.0000000000 0.0000000000 0.2041603774 1.7213464975
-16.3022480011 38.9509162903 4.4984984398 12.4785232544 0.0000000000 0.0000000000 0.2039319426 1.7173731327
-16.3255043030 39.0029983521 4.4763932228 12.4567775726 0.0000000000 0.0000000000 0.2036668956 1.7134536505
-16.3487758636 39.0550651550 4.4534797668 12.4347734451 0.0000000000 0.0000000000 0.2033822238 1.7095888853
-16.3720340729 39.1070899963 4.4306817055 12.4126892090 0.0000000000 0.0000000000 0.2030771077 1.7058104277
-16.3952598572 39.1590766907 4.4073572159 12.3908071518 0.0000000000 0.0000000000 0.2027789205 1.7021049261
-16.4184093475 39.2107543945 4.3836021423 12.3686027527 0.0000000000 0.0000000000 0.2024972439 1.6984621286
-16.4415664673 39.2624473572 4.3587894440 12.3457546234 0.0000000000 0.0000000000 0.2022362202 1.6948829889
-16.4646492004 39.3141098022 4.3336896896 12.3225088120 0.0000000000 0.0000000000 0.2019910812 1.6913479567
-16.4876956940 39.3657150269 4.3078441620 12.2989788055 0.0000000000 0.0000000000 0.2017655820 1.6878409386
-16.5106925964 39.4172019958 4.2814874649 12.2751512527 0.0000000000 0.0000000000 0.2015622258 1.6843360662
-16.5336875916 39.4686889648 4.2549276352 12.2514801025 0.0000000000 0.0000000000 0.2013698667 1.6808526516
-16.5566291809 39.5200500488 4.2284226418 12.2278938293 0.0000000000 0.0000000000 0.2011765391 1.6774191856
-16.5795135498 39.5712966919 4.2020401955 12.2040662766 0.0000000000 0.0000000000 0.2009813935 1.6740552187
-16.6023006439 39.6224555969 4.1751356125 12.1803236008 0.0000000000 0.0000000000 0.2007801831 1.6707649231
-16.6249179840 39.6734504700 4.1489815712 12.1573028564 0.0000000000 0.0000000000 0.2005654275 1.6675218344
-16.6475429535 39.7244720459 4.1236338615 12.1347770691 0.0000000000 0.0000000000 0.2003434002 1.6643149853
-16.6700878143 39.7754096985 4.0995950699 12.1124448776 0.0000000000 0.0000000000 0.2001103014 1.6611087322
-16.6926422119 39.8262977600 4.0758290291 12.0907840729 0.0000000000 0.0000000000 0.1998521239 1.6579033136
-16.7151603699 39.8769989014 4.0522179604 12.0697898865 0.0000000000 0.0000000000 0.1995629966 1.6547378302
-16.7376060486 39.9276580811 4.0284485817 12.0496625900 0.0000000000 0.0000000000 0.1992474347 1.6515816450
-16.7600269318 39.9782829285 4.0037589073 12.0297136307 0.0000000000 0.0000000000 0.1989145726 1.6484322548
-16.7824363708 40.0288925171 3.9785687923 12.0099811554 0.0000000000 0.0000000000 0.1985743791 1.6452915668
-16.8048286438 40.0794296265 3.9529049397 11.9898643494 0.0000000000 0.0000000000 0.1982361525 1.6421545744
-16.8272476196 40.1299629211 3.9263837337 11.9692935944 0.0000000000 0.0000000000 0.1978958398 1.6389980316
-16.8496818542 40.1804771423 3.8990254402 11.9482192993 0.0000000000 0.0000000000 0.1975631118 1.6358298063
-16.8720798492 40.2309036255 3.8708930016 11.9270105362 0.0000000000 0.0000000000 0.1972502172 1.6326146126
-16.8943901062 40.2811164856 3.8418943882 11.9056205750 0.0000000000 0.0000000000 0.1969722062 1.6293597221
-16.9167118073 40.3312683105 3.8115415573 11.8837842941 0.0000000000 0.0000000000 0.1967388839 1.6260789633
-16.9389762878 40.3812561035 3.7803251743 11.8622694016 0.0000000000 0.0000000000 0.1965503097 1.6227568388
-16.9611721039 40.4309349060 3.7488675117 11.8421630859 0.0000000000 0.0000000000 0.1963986903 1.6194170713
-16.9833469391 40.4804840088 3.7168684006 11.8225078583 0.0000000000 0.0000000000 0.1962751895 1.6160629988
-17.0053939819 40.5296821594 3.6852598190 11.8025579453 0.0000000000 0.0000000000 0.1961646974 1.6126903296
-17.0273094177 40.5786514282 3.6536006927 11.7829456329 0.0000000000 0.0000000000 0.1960641593 1.6092989445
-17.0490894318 40.6273880005 3.6223459244 11.7636985779 0.0000000000 0.0000000000 0.1959691048 1.6058995724
-17.0707683563 40.6759223938 3.5910739899 11.7447299957 0.0000000000 0.0000000000 0.1958633214 1.6025217772
-17.0923042297 40.7241401672 3.5597681999 11.7259159088 0.0000000000 0.0000000000 0.1957448125 1.5991721153
