#         COST_U        COST_H      COST_D       COST_S       REGU_H       REGU_S          HPO           COSTGLEN 
1815.8900146484 0.0000000000 0.0000000000 0.0000000000 38.3990020752 0.0000000000 13.4531908035
758.6412353516 0.0000000000 0.0000000000 0.1235672459 37.7159614563 0.0000000000 6.5076494217
254.5161743164 0.0000000000 0.0000000000 0.4358325303 37.5315322876 0.0000000000 1.9462094307
155.8562316895 0.0000000000 0.0000000000 0.8596985936 36.9247474670 0.0000000000 0.3088288307
166.5572662354 0.0000000000 0.0000000000 1.3206218481 37.9692726135 0.0000000000 0.1763114929
177.1791229248 0.0000000000 0.0000000000 1.7772742510 39.6146011353 0.0000000000 0.3068032265
171.0293731689 0.0000000000 0.0000000000 2.2090775967 40.4182929993 0.0000000000 0.3671126366
152.2739562988 0.0000000000 0.0000000000 2.6083927155 41.0017242432 0.0000000000 0.3570551872
129.2603302002 0.0000000000 0.0000000000 2.9741303921 40.7957611084 0.0000000000 0.3020820618
107.7554244995 0.0000000000 0.0000000000 3.3050684929 40.1966438293 0.0000000000 0.2339644432
88.3858642578 0.0000000000 0.0000000000 3.6013858318 39.5470085144 0.0000000000 0.1547516584
71.7103958130 0.0000000000 0.0000000000 3.8626687527 38.4848709106 0.0000000000 0.0750819445
58.3183174133 0.0000000000 0.0000000000 4.0883779526 37.7432556152 0.0000000000 0.0088648796
48.0778884888 0.0000000000 0.0000000000 4.2787532806 37.3534584045 0.0000000000 -0.0435890555
40.5683250427 0.0000000000 0.0000000000 4.4344339371 37.1490974426 0.0000000000 -0.0817189217
35.0691452026 0.0000000000 0.0000000000 4.5567226410 36.8633804321 0.0000000000 -0.1099874377
30.9755229950 0.0000000000 0.0000000000 4.6472444534 36.6899757385 0.0000000000 -0.1328555346
28.0179615021 0.0000000000 0.0000000000 4.7077317238 36.4059143066 0.0000000000 -0.1505454779
25.9665069580 0.0000000000 0.0000000000 4.7401638031 36.1407852173 0.0000000000 -0.1641504765
24.5844955444 0.0000000000 0.0000000000 4.7467656136 35.8752365112 0.0000000000 -0.1746209264
23.6708545685 0.0000000000 0.0000000000 4.7299370766 35.6269531250 0.0000000000 -0.1828130484
23.0724239349 0.0000000000 0.0000000000 4.6921238899 35.4082221985 0.0000000000 -0.1896072626
22.6911621094 0.0000000000 0.0000000000 4.6357693672 35.2652626038 0.0000000000 -0.1953579485
22.4542713165 0.0000000000 0.0000000000 4.5632166862 35.1517105103 0.0000000000 -0.2001943588
22.2998123169 0.0000000000 0.0000000000 4.4766998291 35.0635490417 0.0000000000 -0.2043164074
22.2091674805 0.0000000000 0.0000000000 4.3782711029 34.9723663330 0.0000000000 -0.2077510953
22.1657314301 0.0000000000 0.0000000000 4.2698884010 34.8713912964 0.0000000000 -0.2106665373
22.1453380585 0.0000000000 0.0000000000 4.1534256935 34.7654953003 0.0000000000 -0.2132430077
22.1256675720 0.0000000000 0.0000000000 4.0306100845 34.6434364319 0.0000000000 -0.2155433595
22.0951957703 0.0000000000 0.0000000000 3.9030034542 34.5125846863 0.0000000000 -0.2176807225
22.0468730927 0.0000000000 0.0000000000 3.7720186710 34.3854446411 0.0000000000 -0.2197746187
21.9749259949 0.0000000000 0.0000000000 3.6389026642 34.2614555359 0.0000000000 -0.2219070494
21.8764667511 0.0000000000 0.0000000000 3.5047714710 34.1494712830 0.0000000000 -0.2241313905
21.7490463257 0.0000000000 0.0000000000 3.3706197739 34.0680503845 0.0000000000 -0.2265441716
21.5903816223 0.0000000000 0.0000000000 3.2373220921 34.0212287903 0.0000000000 -0.2291544676
21.4011573792 0.0000000000 0.0000000000 3.1056156158 34.0045356750 0.0000000000 -0.2319930494
21.1821823120 0.0000000000 0.0000000000 2.9761400223 34.0113868713 0.0000000000 -0.2350252569
20.9338855743 0.0000000000 0.0000000000 2.8494300842 34.0179443359 0.0000000000 -0.2382533252
20.6576271057 0.0000000000 0.0000000000 2.7259187698 34.0220718384 0.0000000000 -0.2416875213
20.3571166992 0.0000000000 0.0000000000 2.6059694290 34.0161628723 0.0000000000 -0.2452540100
20.0393466949 0.0000000000 0.0000000000 2.4898917675 33.9947280884 0.0000000000 -0.2489311099
19.7085838318 0.0000000000 0.0000000000 2.3778986931 33.9644584656 0.0000000000 -0.2526786923
19.3699245453 0.0000000000 0.0000000000 2.2701592445 33.9305801392 0.0000000000 -0.2564607263
19.0299644470 0.0000000000 0.0000000000 2.1667776108 33.8964958191 0.0000000000 -0.2602560818
18.6919364929 0.0000000000 0.0000000000 2.0678048134 33.8558807373 0.0000000000 -0.2640435994
18.3609905243 0.0000000000 0.0000000000 1.9732595682 33.8285636902 0.0000000000 -0.2677926421
18.0426483154 0.0000000000 0.0000000000 1.8831248283 33.8210563660 0.0000000000 -0.2715270817
17.7417449951 0.0000000000 0.0000000000 1.7973449230 33.7994232178 0.0000000000 -0.2752032578
17.4602489471 0.0000000000 0.0000000000 1.7158350945 33.7667617798 0.0000000000 -0.2788557410
17.2002220154 0.0000000000 0.0000000000 1.6385103464 33.7257728577 0.0000000000 -0.2824743390
16.9605560303 0.0000000000 0.0000000000 1.5652681589 33.6783485413 0.0000000000 -0.2860420048
16.7435379028 0.0000000000 0.0000000000 1.4959928989 33.6542129517 0.0000000000 -0.2897050679
16.5497531891 0.0000000000 0.0000000000 1.4305454493 33.6315002441 0.0000000000 -0.2933376133
16.3786945343 0.0000000000 0.0000000000 1.3687677383 33.6166191101 0.0000000000 -0.2969853282
16.2299137115 0.0000000000 0.0000000000 1.3104892969 33.6014633179 0.0000000000 -0.3007491827
16.1027889252 0.0000000000 0.0000000000 1.2555267811 33.5902786255 0.0000000000 -0.3045617044
15.9967164993 0.0000000000 0.0000000000 1.2037023306 33.5802993774 0.0000000000 -0.3083985448
15.9113941193 0.0000000000 0.0000000000 1.1548464298 33.5729751587 0.0000000000 -0.3124069870
15.8451433182 0.0000000000 0.0000000000 1.1088088751 33.5722885132 0.0000000000 -0.3164296746
15.7972803116 0.0000000000 0.0000000000 1.0654397011 33.5727348328 0.0000000000 -0.3204936385
15.7669935226 0.0000000000 0.0000000000 1.0246068239 33.5696754456 0.0000000000 -0.3245721459
15.7532997131 0.0000000000 0.0000000000 0.9861792922 33.5671157837 0.0000000000 -0.3286879063
15.7551374435 0.0000000000 0.0000000000 0.9500246644 33.5476264954 0.0000000000 -0.3327722549
15.7709550858 0.0000000000 0.0000000000 0.9160165191 33.5141372681 0.0000000000 -0.3368605673
15.8003787994 0.0000000000 0.0000000000 0.8840338588 33.4589805603 0.0000000000 -0.3408833146
15.8428039551 0.0000000000 0.0000000000 0.8539670110 33.3821029663 0.0000000000 -0.3448933959
15.8963565826 0.0000000000 0.0000000000 0.8257254958 33.3045234680 0.0000000000 -0.3487915397
15.9593963623 0.0000000000 0.0000000000 0.7992170453 33.2372093201 0.0000000000 -0.3527501225
16.0296154022 0.0000000000 0.0000000000 0.7743535042 33.1919746399 0.0000000000 -0.3565357924
16.1054267883 0.0000000000 0.0000000000 0.7510695457 33.1599159241 0.0000000000 -0.3603399992
16.1849212646 0.0000000000 0.0000000000 0.7293143272 33.1414833069 0.0000000000 -0.3640494943
16.2658863068 0.0000000000 0.0000000000 0.7090238929 33.1280822754 0.0000000000 -0.3676956594
16.3465995789 0.0000000000 0.0000000000 0.6901417375 33.1166915894 0.0000000000 -0.3712883294
16.4258556366 0.0000000000 0.0000000000 0.6726067662 33.1082382202 0.0000000000 -0.3748178482
16.5019283295 0.0000000000 0.0000000000 0.6563668251 33.0983047485 0.0000000000 -0.3782427609
16.5733966827 0.0000000000 0.0000000000 0.6413917542 33.0881958008 0.0000000000 -0.3817061782
16.6392478943 0.0000000000 0.0000000000 0.6276402473 33.0698318481 0.0000000000 -0.3850601912
16.6992397308 0.0000000000 0.0000000000 0.6150696278 33.0500450134 0.0000000000 -0.3883423805
16.7522583008 0.0000000000 0.0000000000 0.6036372781 33.0288314819 0.0000000000 -0.3915179074
16.7993011475 0.0000000000 0.0000000000 0.5933200717 33.0087776184 0.0000000000 -0.3946745992
16.8410644531 0.0000000000 0.0000000000 0.5840904117 32.9806213379 0.0000000000 -0.3977766037
16.8767089844 0.0000000000 0.0000000000 0.5759311914 32.9502830505 0.0000000000 -0.4007382393
16.9065437317 0.0000000000 0.0000000000 0.5688145757 32.9216270447 0.0000000000 -0.4035453200
16.9312763214 0.0000000000 0.0000000000 0.5627083778 32.8928604126 0.0000000000 -0.4063730240
16.9511928558 0.0000000000 0.0000000000 0.5576064587 32.8628883362 0.0000000000 -0.4090349674
16.9666385651 0.0000000000 0.0000000000 0.5534700751 32.8342437744 0.0000000000 -0.4116057158
16.9776554108 0.0000000000 0.0000000000 0.5502866507 32.8047370911 0.0000000000 -0.4140191674
16.9829387665 0.0000000000 0.0000000000 0.5480387211 32.7739105225 0.0000000000 -0.4164006710
16.9845314026 0.0000000000 0.0000000000 0.5467196107 32.7420043945 0.0000000000 -0.4184805155
16.9830913544 0.0000000000 0.0000000000 0.5463090539 32.7092971802 0.0000000000 -0.4206509590
16.9786434174 0.0000000000 0.0000000000 0.5468003750 32.6786575317 0.0000000000 -0.4226873517
16.9732360840 0.0000000000 0.0000000000 0.5481681824 32.6475906372 0.0000000000 -0.4245600700
16.9678287506 0.0000000000 0.0000000000 0.5503749251 32.6132125854 0.0000000000 -0.4262506962
16.9610271454 0.0000000000 0.0000000000 0.5533766747 32.5783958435 0.0000000000 -0.4279321432
16.9531250000 0.0000000000 0.0000000000 0.5571506023 32.5423240662 0.0000000000 -0.4291744232
16.9448642731 0.0000000000 0.0000000000 0.5616450310 32.5044326782 0.0000000000 -0.4307086468
16.9370841980 0.0000000000 0.0000000000 0.5668147206 32.4637413025 0.0000000000 -0.4321950078
16.9296741486 0.0000000000 0.0000000000 0.5725992322 32.4200325012 0.0000000000 -0.4333733320
16.9225711823 0.0000000000 0.0000000000 0.5789652467 32.3796386719 0.0000000000 -0.4345085621
16.9151363373 0.0000000000 0.0000000000 0.5858347416 32.3356895447 0.0000000000 -0.4352889061
16.9083271027 0.0000000000 0.0000000000 0.5931562185 32.2893028259 0.0000000000 -0.4363461137
16.9023494720 0.0000000000 0.0000000000 0.6008653045 32.2451820374 0.0000000000 -0.4369632006
16.8971176147 0.0000000000 0.0000000000 0.6089221835 32.2019844055 0.0000000000 -0.4376976490
16.8934879303 0.0000000000 0.0000000000 0.6173121333 32.1571884155 0.0000000000 -0.4381992817
16.8916168213 0.0000000000 0.0000000000 0.6259973645 32.1108856201 0.0000000000 -0.4385206699
16.8903732300 0.0000000000 0.0000000000 0.6349477172 32.0665550232 0.0000000000 -0.4388376474
16.8902339935 0.0000000000 0.0000000000 0.6441477537 32.0255584717 0.0000000000 -0.4390324354
16.8914375305 0.0000000000 0.0000000000 0.6535684466 31.9844036102 0.0000000000 -0.4390948415
16.8957080841 0.0000000000 0.0000000000 0.6632190347 31.9456386566 0.0000000000 -0.4390755296
16.9028263092 0.0000000000 0.0000000000 0.6731317639 31.9105014801 0.0000000000 -0.4391101599
16.9127979279 0.0000000000 0.0000000000 0.6833095551 31.8774662018 0.0000000000 -0.4386712313
16.9275226593 0.0000000000 0.0000000000 0.6937491298 31.8476486206 0.0000000000 -0.4384195805
16.9466896057 0.0000000000 0.0000000000 0.7044627666 31.8125648499 0.0000000000 -0.4381938577
16.9694557190 0.0000000000 0.0000000000 0.7154616714 31.7788925171 0.0000000000 -0.4375789165
16.9954299927 0.0000000000 0.0000000000 0.7267250419 31.7460231781 0.0000000000 -0.4371981025
17.0246829987 0.0000000000 0.0000000000 0.7382946014 31.7132759094 0.0000000000 -0.4364545345
17.0570564270 0.0000000000 0.0000000000 0.7502105236 31.6829605103 0.0000000000 -0.4359242916
17.0923023224 0.0000000000 0.0000000000 0.7624981999 31.6552276611 0.0000000000 -0.4353172183
17.1292285919 0.0000000000 0.0000000000 0.7751801014 31.6291046143 0.0000000000 -0.4345855713
17.1670093536 0.0000000000 0.0000000000 0.7882322073 31.5961513519 0.0000000000 -0.4335095286
17.2047309875 0.0000000000 0.0000000000 0.8016550541 31.5641422272 0.0000000000 -0.4328793287
17.2412338257 0.0000000000 0.0000000000 0.8154857755 31.5356273651 0.0000000000 -0.4317124486
17.2755756378 0.0000000000 0.0000000000 0.8297083974 31.5097293854 0.0000000000 -0.4309187531
17.3063964844 0.0000000000 0.0000000000 0.8443146944 31.4833564758 0.0000000000 -0.4297034740
17.3304080963 0.0000000000 0.0000000000 0.8592903018 31.4577960968 0.0000000000 -0.4288001060
17.3472957611 0.0000000000 0.0000000000 0.8745919466 31.4332427979 0.0000000000 -0.4278049469
17.3580322266 0.0000000000 0.0000000000 0.8902041912 31.4093303680 0.0000000000 -0.4267606735
17.3608055115 0.0000000000 0.0000000000 0.9060834646 31.3858165741 0.0000000000 -0.4255450964
17.3549671173 0.0000000000 0.0000000000 0.9221909046 31.3644123077 0.0000000000 -0.4243955016
17.3400135040 0.0000000000 0.0000000000 0.9384551048 31.3405437469 0.0000000000 -0.4232654572
17.3163242340 0.0000000000 0.0000000000 0.9548525214 31.3163948059 0.0000000000 -0.4221349955
17.2848129272 0.0000000000 0.0000000000 0.9713526964 31.2894077301 0.0000000000 -0.4209511280
17.2453918457 0.0000000000 0.0000000000 0.9878975749 31.2637500763 0.0000000000 -0.4197611809
17.1979503632 0.0000000000 0.0000000000 1.0044628382 31.2402362823 0.0000000000 -0.4186092615
17.1472454071 0.0000000000 0.0000000000 1.0210299492 31.2161502838 0.0000000000 -0.4175027013
17.0917053223 0.0000000000 0.0000000000 1.0375385284 31.1918201447 0.0000000000 -0.4161696434
17.0333862305 0.0000000000 0.0000000000 1.0539301634 31.1646175385 0.0000000000 -0.4151175618
16.9736843109 0.0000000000 0.0000000000 1.0702083111 31.1390190125 0.0000000000 -0.4142121077
16.9138641357 0.0000000000 0.0000000000 1.0863542557 31.1168594360 0.0000000000 -0.4129219055
16.8566246033 0.0000000000 0.0000000000 1.1023126841 31.0912723541 0.0000000000 -0.4117097855
16.8021717072 0.0000000000 0.0000000000 1.1180568933 31.0670967102 0.0000000000 -0.4108855724
16.7494220734 0.0000000000 0.0000000000 1.1335670948 31.0413837433 0.0000000000 -0.4098284841
16.6982994080 0.0000000000 0.0000000000 1.1488142014 31.0159893036 0.0000000000 -0.4087150097
16.6485137939 0.0000000000 0.0000000000 1.1638407707 30.9918098450 0.0000000000 -0.4075005054
16.5989131927 0.0000000000 0.0000000000 1.1786597967 30.9671401978 0.0000000000 -0.4062224627
16.5497913361 0.0000000000 0.0000000000 1.1932374239 30.9433917999 0.0000000000 -0.4050706625
16.5007019043 0.0000000000 0.0000000000 1.2075479031 30.9200954437 0.0000000000 -0.4039887190
16.4507350922 0.0000000000 0.0000000000 1.2215973139 30.8937244415 0.0000000000 -0.4031095505
16.3977127075 0.0000000000 0.0000000000 1.2354055643 30.8643226624 0.0000000000 -0.4020063281
16.3414497375 0.0000000000 0.0000000000 1.2489442825 30.8343772888 0.0000000000 -0.4005687833
16.2820014954 0.0000000000 0.0000000000 1.2622175217 30.8042488098 0.0000000000 -0.3996316195
16.2183132172 0.0000000000 0.0000000000 1.2751711607 30.7735786438 0.0000000000 -0.3980982304
16.1478843689 0.0000000000 0.0000000000 1.2878044844 30.7440280914 0.0000000000 -0.3973272443
16.0707378387 0.0000000000 0.0000000000 1.3000947237 30.7123794556 0.0000000000 -0.3957577944
15.9880533218 0.0000000000 0.0000000000 1.3120630980 30.6796379089 0.0000000000 -0.3945866823
15.9008874893 0.0000000000 0.0000000000 1.3237423897 30.6483516693 0.0000000000 -0.3933259249
15.8095626831 0.0000000000 0.0000000000 1.3350893259 30.6178951263 0.0000000000 -0.3918358088
15.7172145844 0.0000000000 0.0000000000 1.3460804224 30.5874176025 0.0000000000 -0.3905349970
15.6232137680 0.0000000000 0.0000000000 1.3566595316 30.5570583344 0.0000000000 -0.3887678385
15.5279798508 0.0000000000 0.0000000000 1.3668042421 30.5269088745 0.0000000000 -0.3878043890
15.4333457947 0.0000000000 0.0000000000 1.3764609098 30.4973506927 0.0000000000 -0.3863726258
15.3402147293 0.0000000000 0.0000000000 1.3856101036 30.4683876038 0.0000000000 -0.3845695257
15.2498683929 0.0000000000 0.0000000000 1.3942475319 30.4374370575 0.0000000000 -0.3834550381
15.1622066498 0.0000000000 0.0000000000 1.4023619890 30.4072647095 0.0000000000 -0.3818582892
15.0762748718 0.0000000000 0.0000000000 1.4099373817 30.3798751831 0.0000000000 -0.3804400563
14.9916009903 0.0000000000 0.0000000000 1.4170480967 30.3534431458 0.0000000000 -0.3790422678
14.9076862335 0.0000000000 0.0000000000 1.4236922264 30.3281631470 0.0000000000 -0.3776288033
14.8235187531 0.0000000000 0.0000000000 1.4298206568 30.3038330078 0.0000000000 -0.3761351109
14.7379159927 0.0000000000 0.0000000000 1.4354171753 30.2805042267 0.0000000000 -0.3745901585
14.6515350342 0.0000000000 0.0000000000 1.4404708147 30.2582817078 0.0000000000 -0.3729791045
14.5617809296 0.0000000000 0.0000000000 1.4449346066 30.2383155823 0.0000000000 -0.3717936277
14.4679355621 0.0000000000 0.0000000000 1.4488240480 30.2173213959 0.0000000000 -0.3702759147
14.3697223663 0.0000000000 0.0000000000 1.4521445036 30.1981678009 0.0000000000 -0.3688416481
14.2655935287 0.0000000000 0.0000000000 1.4548932314 30.1780967712 0.0000000000 -0.3674193621
14.1547718048 0.0000000000 0.0000000000 1.4570689201 30.1589241028 0.0000000000 -0.3659927249
14.0382108688 0.0000000000 0.0000000000 1.4586732388 30.1408367157 0.0000000000 -0.3645323515
13.9150648117 0.0000000000 0.0000000000 1.4595962763 30.1223201752 0.0000000000 -0.3632358313
13.7868442535 0.0000000000 0.0000000000 1.4598288536 30.1039390564 0.0000000000 -0.3617562056
13.6572523117 0.0000000000 0.0000000000 1.4593088627 30.0844764709 0.0000000000 -0.3603718877
13.5261459351 0.0000000000 0.0000000000 1.4580155611 30.0638313293 0.0000000000 -0.3588267565
13.3946533203 0.0000000000 0.0000000000 1.4559555054 30.0426120758 0.0000000000 -0.3575275540
13.2641878128 0.0000000000 0.0000000000 1.4531393051 30.0219955444 0.0000000000 -0.3560429811
13.1360759735 0.0000000000 0.0000000000 1.4495786428 30.0009441376 0.0000000000 -0.3549298644
13.0110387802 0.0000000000 0.0000000000 1.4453186989 29.9792366028 0.0000000000 -0.3535963893
12.8896646500 0.0000000000 0.0000000000 1.4404186010 29.9577255249 0.0000000000 -0.3520013094
12.7722549438 0.0000000000 0.0000000000 1.4349373579 29.9363842010 0.0000000000 -0.3509978056
12.6588077545 0.0000000000 0.0000000000 1.4289511442 29.9151229858 0.0000000000 -0.3496695757
12.5485305786 0.0000000000 0.0000000000 1.4225339890 29.8950500488 0.0000000000 -0.3480508924
12.4436883926 0.0000000000 0.0000000000 1.4157480001 29.8752593994 0.0000000000 -0.3469795585
12.3439769745 0.0000000000 0.0000000000 1.4086126089 29.8557872772 0.0000000000 -0.3459731340
12.2481899261 0.0000000000 0.0000000000 1.4011636972 29.8359870911 0.0000000000 -0.3447570205
12.1563167572 0.0000000000 0.0000000000 1.3934644461 29.8162708282 0.0000000000 -0.3434636593
12.0673789978 0.0000000000 0.0000000000 1.3855448961 29.7974147797 0.0000000000 -0.3423704505
11.9809436798 0.0000000000 0.0000000000 1.3774247169 29.7782936096 0.0000000000 -0.3410904408
11.8969955444 0.0000000000 0.0000000000 1.3691210747 29.7603225708 0.0000000000 -0.3394460678
11.8146324158 0.0000000000 0.0000000000 1.3606573343 29.7426643372 0.0000000000 -0.3387683034
11.7319936752 0.0000000000 0.0000000000 1.3520617485 29.7250366211 0.0000000000 -0.3374299407
11.6483755112 0.0000000000 0.0000000000 1.3433501720 29.7077960968 0.0000000000 -0.3363909125
11.5630598068 0.0000000000 0.0000000000 1.3345665932 29.6894931793 0.0000000000 -0.3352353573
11.4753122330 0.0000000000 0.0000000000 1.3257569075 29.6711597443 0.0000000000 -0.3340766430
11.3853530884 0.0000000000 0.0000000000 1.3169449568 29.6536884308 0.0000000000 -0.3327805996
11.2942056656 0.0000000000 0.0000000000 1.3080914021 29.6357631683 0.0000000000 -0.3315671086
11.2019519806 0.0000000000 0.0000000000 1.2992341518 29.6174354553 0.0000000000 -0.3306369781
11.1085758209 0.0000000000 0.0000000000 1.2903853655 29.5991592407 0.0000000000 -0.3295266628
11.0135021210 0.0000000000 0.0000000000 1.2815158367 29.5802326202 0.0000000000 -0.3283722401
10.9177122116 0.0000000000 0.0000000000 1.2725988626 29.5611019135 0.0000000000 -0.3272668123
10.8218889236 0.0000000000 0.0000000000 1.2636128664 29.5422763824 0.0000000000 -0.3262411952
10.7261209488 0.0000000000 0.0000000000 1.2545530796 29.5230751038 0.0000000000 -0.3251433969
10.6319513321 0.0000000000 0.0000000000 1.2454134226 29.5034999847 0.0000000000 -0.3237807155
10.5397901535 0.0000000000 0.0000000000 1.2361720800 29.4833774567 0.0000000000 -0.3229492903
10.4494972229 0.0000000000 0.0000000000 1.2268432379 29.4619636536 0.0000000000 -0.3218481541
10.3607521057 0.0000000000 0.0000000000 1.2174404860 29.4396266937 0.0000000000 -0.3207242489
10.2737331390 0.0000000000 0.0000000000 1.2079250813 29.4170150757 0.0000000000 -0.3197972775
10.1872138977 0.0000000000 0.0000000000 1.1983128786 29.3941841125 0.0000000000 -0.3187435865
10.1011152267 0.0000000000 0.0000000000 1.1886022091 29.3707923889 0.0000000000 -0.3176769018
10.0161361694 0.0000000000 0.0000000000 1.1788167953 29.3477535248 0.0000000000 -0.3168251514
9.9321575165 0.0000000000 0.0000000000 1.1689661741 29.3248596191 0.0000000000 -0.3153297305
9.8503370285 0.0000000000 0.0000000000 1.1590907574 29.3018684387 0.0000000000 -0.3147381544
9.7702426910 0.0000000000 0.0000000000 1.1492162943 29.2790317535 0.0000000000 -0.3137789965
9.6919240952 0.0000000000 0.0000000000 1.1393771172 29.2573280334 0.0000000000 -0.3128221035
9.6143550873 0.0000000000 0.0000000000 1.1295876503 29.2341747284 0.0000000000 -0.3117089868
9.5384788513 0.0000000000 0.0000000000 1.1198605299 29.2106513977 0.0000000000 -0.3108491898
9.4640579224 0.0000000000 0.0000000000 1.1102012396 29.1871986389 0.0000000000 -0.3100646734
9.3906602859 0.0000000000 0.0000000000 1.1006045341 29.1637401581 0.0000000000 -0.3091502786
9.3177080154 0.0000000000 0.0000000000 1.0910859108 29.1402931213 0.0000000000 -0.3080601096
9.2452878952 0.0000000000 0.0000000000 1.0816432238 29.1166782379 0.0000000000 -0.3072994947
9.1720714569 0.0000000000 0.0000000000 1.0722441673 29.0940990448 0.0000000000 -0.3061860204
9.0981674194 0.0000000000 0.0000000000 1.0628929138 29.0723972321 0.0000000000 -0.3055046797
9.0239334106 0.0000000000 0.0000000000 1.0535920858 29.0516052246 0.0000000000 -0.3044733405
8.9500684738 0.0000000000 0.0000000000 1.0443474054 29.0318393707 0.0000000000 -0.3036301136
8.8758811951 0.0000000000 0.0000000000 1.0351275206 29.0130119324 0.0000000000 -0.3028708696
8.8019485474 0.0000000000 0.0000000000 1.0259296894 28.9939861298 0.0000000000 -0.3019994497
8.7291812897 0.0000000000 0.0000000000 1.0167268515 28.9751319885 0.0000000000 -0.3011059165
8.6574010849 0.0000000000 0.0000000000 1.0075302124 28.9563846588 0.0000000000 -0.3002536893
8.5873651505 0.0000000000 0.0000000000 0.9983515739 28.9371433258 0.0000000000 -0.2992979884
8.5190382004 0.0000000000 0.0000000000 0.9891842604 28.9176006317 0.0000000000 -0.2985363603
8.4525651932 0.0000000000 0.0000000000 0.9800415039 28.8982753754 0.0000000000 -0.2976794243
8.3877239227 0.0000000000 0.0000000000 0.9709301591 28.8789558411 0.0000000000 -0.2968343496
8.3242120743 0.0000000000 0.0000000000 0.9618707299 28.8603000641 0.0000000000 -0.2958978415
8.2617702484 0.0000000000 0.0000000000 0.9528832436 28.8413753510 0.0000000000 -0.2951679826
8.1999549866 0.0000000000 0.0000000000 0.9439903498 28.8233757019 0.0000000000 -0.2943202257
8.1383762360 0.0000000000 0.0000000000 0.9351923466 28.8050231934 0.0000000000 -0.2931042910
8.0768117905 0.0000000000 0.0000000000 0.9264932275 28.7864723206 0.0000000000 -0.2926796675
8.0155420303 0.0000000000 0.0000000000 0.9179002047 28.7677631378 0.0000000000 -0.2919386029
7.9546327591 0.0000000000 0.0000000000 0.9093898535 28.7488803864 0.0000000000 -0.2911405563
7.8936219215 0.0000000000 0.0000000000 0.9009306431 28.7297286987 0.0000000000 -0.2901539207
7.8329844475 0.0000000000 0.0000000000 0.8925617933 28.7102432251 0.0000000000 -0.2895907164
7.7723383904 0.0000000000 0.0000000000 0.8842784762 28.6903781891 0.0000000000 -0.2888047099
7.7115449905 0.0000000000 0.0000000000 0.8760990500 28.6700286865 0.0000000000 -0.2879072428
7.6515727043 0.0000000000 0.0000000000 0.8680294156 28.6495208740 0.0000000000 -0.2872281075
7.5921311378 0.0000000000 0.0000000000 0.8600609303 28.6302871704 0.0000000000 -0.2863568664
7.5334920883 0.0000000000 0.0000000000 0.8521941900 28.6119403839 0.0000000000 -0.2857617140
7.4760169983 0.0000000000 0.0000000000 0.8444349170 28.5937366486 0.0000000000 -0.2849820852
7.4197392464 0.0000000000 0.0000000000 0.8367812634 28.5763339996 0.0000000000 -0.2842764854
7.3645334244 0.0000000000 0.0000000000 0.8292104006 28.5589618683 0.0000000000 -0.2834576368
7.3101420403 0.0000000000 0.0000000000 0.8217159510 28.5422191620 0.0000000000 -0.2827493548
7.2557349205 0.0000000000 0.0000000000 0.8142652512 28.5250644684 0.0000000000 -0.2819592357
7.2017927170 0.0000000000 0.0000000000 0.8068551421 28.5082054138 0.0000000000 -0.2811129093
7.1491312981 0.0000000000 0.0000000000 0.7995128632 28.4906692505 0.0000000000 -0.2806497812
7.0965275764 0.0000000000 0.0000000000 0.7922471762 28.4729938507 0.0000000000 -0.2799544334
7.0438709259 0.0000000000 0.0000000000 0.7850715518 28.4551658630 0.0000000000 -0.2792598009
6.9910459518 0.0000000000 0.0000000000 0.7779729962 28.4372253418 0.0000000000 -0.2785574794
6.9383673668 0.0000000000 0.0000000000 0.7709372044 28.4197311401 0.0000000000 -0.2777959108
6.8864006996 0.0000000000 0.0000000000 0.7639451623 28.4020805359 0.0000000000 -0.2772289515
6.8341126442 0.0000000000 0.0000000000 0.7569879889 28.3855609894 0.0000000000 -0.2765699625
6.7827858925 0.0000000000 0.0000000000 0.7500759363 28.3689479828 0.0000000000 -0.2757755518
6.7322549820 0.0000000000 0.0000000000 0.7432095408 28.3529167175 0.0000000000 -0.2751470208
6.6834926605 0.0000000000 0.0000000000 0.7363984585 28.3368530273 0.0000000000 -0.2746069431
6.6360416412 0.0000000000 0.0000000000 0.7296310067 28.3207759857 0.0000000000 -0.2738792896
6.5896310806 0.0000000000 0.0000000000 0.7229005098 28.3048763275 0.0000000000 -0.2731137276
6.5446972847 0.0000000000 0.0000000000 0.7162281871 28.2888298035 0.0000000000 -0.2727082968
6.5003938675 0.0000000000 0.0000000000 0.7096179128 28.2730445862 0.0000000000 -0.2718892097
6.4571962357 0.0000000000 0.0000000000 0.7030721307 28.2569046021 0.0000000000 -0.2714467049
6.4144229889 0.0000000000 0.0000000000 0.6966040134 28.2404880524 0.0000000000 -0.2707917094
6.3716645241 0.0000000000 0.0000000000 0.6902174354 28.2246551514 0.0000000000 -0.2702698708
6.3289208412 0.0000000000 0.0000000000 0.6839034557 28.2083930969 0.0000000000 -0.2696678042
6.2870087624 0.0000000000 0.0000000000 0.6776602864 28.1918678284 0.0000000000 -0.2689710855
6.2457876205 0.0000000000 0.0000000000 0.6714843512 28.1750812531 0.0000000000 -0.2684950829
6.2048940659 0.0000000000 0.0000000000 0.6653492451 28.1581459045 0.0000000000 -0.2678742409
6.1645956039 0.0000000000 0.0000000000 0.6592250466 28.1415138245 0.0000000000 -0.2673489451
6.1249361038 0.0000000000 0.0000000000 0.6531226039 28.1244792938 0.0000000000 -0.2667804956
6.0862231255 0.0000000000 0.0000000000 0.6470489502 28.1070003510 0.0000000000 -0.2662214041
6.0485825539 0.0000000000 0.0000000000 0.6410177946 28.0892105103 0.0000000000 -0.2656670809
6.0118455887 0.0000000000 0.0000000000 0.6350423098 28.0714607239 0.0000000000 -0.2650247812
5.9762239456 0.0000000000 0.0000000000 0.6291188002 28.0534610748 0.0000000000 -0.2644810677
5.9418525696 0.0000000000 0.0000000000 0.6232603192 28.0363159180 0.0000000000 -0.2640196085
5.9082765579 0.0000000000 0.0000000000 0.6174891591 28.0195808411 0.0000000000 -0.2634611726
5.8761911392 0.0000000000 0.0000000000 0.6117912531 28.0025959015 0.0000000000 -0.2629643679
5.8449673653 0.0000000000 0.0000000000 0.6061639190 27.9857425690 0.0000000000 -0.2624828815
5.8145790100 0.0000000000 0.0000000000 0.6006309390 27.9686985016 0.0000000000 -0.2619073987
5.7845807076 0.0000000000 0.0000000000 0.5952022672 27.9524154663 0.0000000000 -0.2614744902
5.7540173531 0.0000000000 0.0000000000 0.5898805261 27.9361839294 0.0000000000 -0.2609364390
5.7233233452 0.0000000000 0.0000000000 0.5846571326 27.9199314117 0.0000000000 -0.2603218555
5.6928219795 0.0000000000 0.0000000000 0.5795305967 27.9035739899 0.0000000000 -0.2598108649
5.6626930237 0.0000000000 0.0000000000 0.5745038390 27.8878688812 0.0000000000 -0.2594751120
5.6326088905 0.0000000000 0.0000000000 0.5695779324 27.8723602295 0.0000000000 -0.2589800358
5.6023826599 0.0000000000 0.0000000000 0.5647512674 27.8571472168 0.0000000000 -0.2584574223
5.5718846321 0.0000000000 0.0000000000 0.5600188375 27.8421764374 0.0000000000 -0.2579958439
5.5407290459 0.0000000000 0.0000000000 0.5553806424 27.8273811340 0.0000000000 -0.2575443983
5.5092492104 0.0000000000 0.0000000000 0.5508330464 27.8125495911 0.0000000000 -0.2570408583
5.4777283669 0.0000000000 0.0000000000 0.5463654399 27.7974071503 0.0000000000 -0.2565488815
5.4459867477 0.0000000000 0.0000000000 0.5419643521 27.7827453613 0.0000000000 -0.2560197115
5.4144525528 0.0000000000 0.0000000000 0.5376253128 27.7679939270 0.0000000000 -0.2556481361
5.3828859329 0.0000000000 0.0000000000 0.5333551168 27.7531147003 0.0000000000 -0.2551786900
5.3515434265 0.0000000000 0.0000000000 0.5291517973 27.7382621765 0.0000000000 -0.2547215223
5.3209156990 0.0000000000 0.0000000000 0.5250173807 27.7247714996 0.0000000000 -0.2542558312
5.2912530899 0.0000000000 0.0000000000 0.5209469795 27.7088031769 0.0000000000 -0.2538099289
5.2621226311 0.0000000000 0.0000000000 0.5169394612 27.6935653687 0.0000000000 -0.2533547878
5.2334170341 0.0000000000 0.0000000000 0.5129914880 27.6782207489 0.0000000000 -0.2528950572
5.2052516937 0.0000000000 0.0000000000 0.5091076493 27.6628971100 0.0000000000 -0.2524344921
5.1780853271 0.0000000000 0.0000000000 0.5052880645 27.6473407745 0.0000000000 -0.2519286871
5.1515178680 0.0000000000 0.0000000000 0.5015436411 27.6316661835 0.0000000000 -0.2515217066
5.1254177094 0.0000000000 0.0000000000 0.4978772998 27.6159191132 0.0000000000 -0.2511767149
5.0990576744 0.0000000000 0.0000000000 0.4942927957 27.6004562378 0.0000000000 -0.2507789135
5.0728054047 0.0000000000 0.0000000000 0.4907920361 27.5856990814 0.0000000000 -0.2502341270
5.0465893745 0.0000000000 0.0000000000 0.4873665273 27.5712776184 0.0000000000 -0.2497986555
5.0198402405 0.0000000000 0.0000000000 0.4840237796 27.5575389862 0.0000000000 -0.2494367361
4.9928622246 0.0000000000 0.0000000000 0.4807577431 27.5434894562 0.0000000000 -0.2491350770
4.9662342072 0.0000000000 0.0000000000 0.4775730669 27.5294837952 0.0000000000 -0.2487199306
4.9399261475 0.0000000000 0.0000000000 0.4744574726 27.5158691406 0.0000000000 -0.2482568026
4.9140496254 0.0000000000 0.0000000000 0.4714067280 27.5026073456 0.0000000000 -0.2479293346
4.8879103661 0.0000000000 0.0000000000 0.4684125781 27.4896678925 0.0000000000 -0.2475426793
4.8622808456 0.0000000000 0.0000000000 0.4654737413 27.4765243530 0.0000000000 -0.2471470237
4.8372950554 0.0000000000 0.0000000000 0.4625871480 27.4635086060 0.0000000000 -0.2467656136
4.8123712540 0.0000000000 0.0000000000 0.4597559869 27.4505252838 0.0000000000 -0.2463003397
4.7877354622 0.0000000000 0.0000000000 0.4569770992 27.4375514984 0.0000000000 -0.2459411621
4.7634510994 0.0000000000 0.0000000000 0.4542579949 27.4251842499 0.0000000000 -0.2455767989
4.7393527031 0.0000000000 0.0000000000 0.4515985548 27.4127597809 0.0000000000 -0.2452085018
4.7153797150 0.0000000000 0.0000000000 0.4490093291 27.4003143311 0.0000000000 -0.2447931767
4.6916241646 0.0000000000 0.0000000000 0.4464765191 27.3880786896 0.0000000000 -0.2444785833
4.6685514450 0.0000000000 0.0000000000 0.4439952672 27.3752880096 0.0000000000 -0.2440753579
4.6461486816 0.0000000000 0.0000000000 0.4415521622 27.3629550934 0.0000000000 -0.2437908947
4.6244449615 0.0000000000 0.0000000000 0.4391433001 27.3504714966 0.0000000000 -0.2434311509
4.6029357910 0.0000000000 0.0000000000 0.4367712736 27.3381214142 0.0000000000 -0.2430582941
4.5816864967 0.0000000000 0.0000000000 0.4344280362 27.3257179260 0.0000000000 -0.2427306175
4.5608258247 0.0000000000 0.0000000000 0.4321160316 27.3132514954 0.0000000000 -0.2423459888
4.5400471687 0.0000000000 0.0000000000 0.4298352003 27.3009338379 0.0000000000 -0.2420096397
4.5193157196 0.0000000000 0.0000000000 0.4275923967 27.2891674042 0.0000000000 -0.2416980565
4.4985198975 0.0000000000 0.0000000000 0.4253906608 27.2775115967 0.0000000000 -0.2412731647
4.4783759117 0.0000000000 0.0000000000 0.4232317209 27.2655372620 0.0000000000 -0.2410106659
4.4582171440 0.0000000000 0.0000000000 0.4211122394 27.2532806396 0.0000000000 -0.2406041622
4.4385247231 0.0000000000 0.0000000000 0.4190275967 27.2408161163 0.0000000000 -0.2403736711
4.4192194939 0.0000000000 0.0000000000 0.4169722497 27.2280597687 0.0000000000 -0.2400468886
4.4002857208 0.0000000000 0.0000000000 0.4149481952 27.2151737213 0.0000000000 -0.2396351695
4.3820447922 0.0000000000 0.0000000000 0.4129511118 27.2026195526 0.0000000000 -0.2394068837
4.3641967773 0.0000000000 0.0000000000 0.4109741747 27.1899032593 0.0000000000 -0.2390696406
4.3470158577 0.0000000000 0.0000000000 0.4090142250 27.1769847870 0.0000000000 -0.2387832999
4.3301267624 0.0000000000 0.0000000000 0.4070727527 27.1639080048 0.0000000000 -0.2384755313
4.3134732246 0.0000000000 0.0000000000 0.4051547348 27.1504917145 0.0000000000 -0.2381702065
4.2971687317 0.0000000000 0.0000000000 0.4032666087 27.1367855072 0.0000000000 -0.2378394604
4.2811217308 0.0000000000 0.0000000000 0.4014133811 27.1228065491 0.0000000000 -0.2375380397
4.2655267715 0.0000000000 0.0000000000 0.3995912969 27.1083755493 0.0000000000 -0.2372072935
4.2501397133 0.0000000000 0.0000000000 0.3977909088 27.0939006805 0.0000000000 -0.2369782925
4.2346172333 0.0000000000 0.0000000000 0.3960232139 27.0795021057 0.0000000000 -0.2366890311
4.2191033363 0.0000000000 0.0000000000 0.3942861855 27.0648021698 0.0000000000 -0.2363633215
4.2038283348 0.0000000000 0.0000000000 0.3925901055 27.0505046844 0.0000000000 -0.2360980511
4.1886682510 0.0000000000 0.0000000000 0.3909350038 27.0364608765 0.0000000000 -0.2357518077
4.1737241745 0.0000000000 0.0000000000 0.3893184364 27.0231380463 0.0000000000 -0.2355203629
4.1587181091 0.0000000000 0.0000000000 0.3877411485 27.0100555420 0.0000000000 -0.2352311611
4.1436724663 0.0000000000 0.0000000000 0.3862042129 26.9977493286 0.0000000000 -0.2349275053
4.1285986900 0.0000000000 0.0000000000 0.3846972883 26.9834556580 0.0000000000 -0.2346530557
4.1135311127 0.0000000000 0.0000000000 0.3832208216 26.9699878693 0.0000000000 -0.2342845798
4.0983700752 0.0000000000 0.0000000000 0.3817776740 26.9567852020 0.0000000000 -0.2340670228
4.0834197998 0.0000000000 0.0000000000 0.3803591132 26.9435863495 0.0000000000 -0.2337563038
4.0686159134 0.0000000000 0.0000000000 0.3789554834 26.9305648804 0.0000000000 -0.2334965467
4.0540466309 0.0000000000 0.0000000000 0.3775744140 26.9184551239 0.0000000000 -0.2332428694
4.0397181511 0.0000000000 0.0000000000 0.3762170076 26.9066352844 0.0000000000 -0.2329671383
4.0256528854 0.0000000000 0.0000000000 0.3748773634 26.8945083618 0.0000000000 -0.2326998115
4.0118379593 0.0000000000 0.0000000000 0.3735462427 26.8820838928 0.0000000000 -0.2324255705
3.9981999397 0.0000000000 0.0000000000 0.3722226620 26.8694725037 0.0000000000 -0.2321414948
3.9848470688 0.0000000000 0.0000000000 0.3709089458 26.8566913605 0.0000000000 -0.2318142653
3.9718425274 0.0000000000 0.0000000000 0.3696016073 26.8440093994 0.0000000000 -0.2316287160
3.9590644836 0.0000000000 0.0000000000 0.3682995141 26.8311595917 0.0000000000 -0.2313368917
3.9464428425 0.0000000000 0.0000000000 0.3670023382 26.8181495667 0.0000000000 -0.2311119437
3.9338600636 0.0000000000 0.0000000000 0.3657140434 26.8048496246 0.0000000000 -0.2308546305
3.9214663506 0.0000000000 0.0000000000 0.3644393682 26.7913818359 0.0000000000 -0.2305544913
3.9095139503 0.0000000000 0.0000000000 0.3631705940 26.7776050568 0.0000000000 -0.2303510308
3.8977134228 0.0000000000 0.0000000000 0.3619026542 26.7635421753 0.0000000000 -0.2300472260
3.8861854076 0.0000000000 0.0000000000 0.3606256247 26.7498073578 0.0000000000 -0.2298608422
3.8747868538 0.0000000000 0.0000000000 0.3593407273 26.7356948853 0.0000000000 -0.2296186686
3.8634061813 0.0000000000 0.0000000000 0.3580579758 26.7212486267 0.0000000000 -0.2293784618
3.8520514965 0.0000000000 0.0000000000 0.3567852378 26.7064533234 0.0000000000 -0.2291300595
3.8408474922 0.0000000000 0.0000000000 0.3555230796 26.6924972534 0.0000000000 -0.2288921475
3.8297374249 0.0000000000 0.0000000000 0.3542699516 26.6782569885 0.0000000000 -0.2286387682
3.8187813759 0.0000000000 0.0000000000 0.3530312777 26.6639232635 0.0000000000 -0.2284074426
3.8078472614 0.0000000000 0.0000000000 0.3517999351 26.6494979858 0.0000000000 -0.2281642556
3.7968175411 0.0000000000 0.0000000000 0.3505868614 26.6351871490 0.0000000000 -0.2279203534
3.7856504917 0.0000000000 0.0000000000 0.3493863344 26.6210002899 0.0000000000 -0.2276775837
3.7743549347 0.0000000000 0.0000000000 0.3482081592 26.6069602966 0.0000000000 -0.2274254858
3.7628872395 0.0000000000 0.0000000000 0.3470463753 26.5930843353 0.0000000000 -0.2271824777
3.7513413429 0.0000000000 0.0000000000 0.3459010422 26.5793380737 0.0000000000 -0.2268869281
3.7399525642 0.0000000000 0.0000000000 0.3447678685 26.5658206940 0.0000000000 -0.2266995311
3.7286012173 0.0000000000 0.0000000000 0.3436397314 26.5524482727 0.0000000000 -0.2264433503
3.7172217369 0.0000000000 0.0000000000 0.3425240815 26.5395050049 0.0000000000 -0.2263098657
3.7058351040 0.0000000000 0.0000000000 0.3414157331 26.5270118713 0.0000000000 -0.2259077132
3.6947240829 0.0000000000 0.0000000000 0.3403181732 26.5152912140 0.0000000000 -0.2257466912
3.6836242676 0.0000000000 0.0000000000 0.3392419815 26.5039863586 0.0000000000 -0.2255150080
3.6726624966 0.0000000000 0.0000000000 0.3381951153 26.4927196503 0.0000000000 -0.2251868248
3.6619443893 0.0000000000 0.0000000000 0.3371819258 26.4811553955 0.0000000000 -0.2250584960
3.6512432098 0.0000000000 0.0000000000 0.3361962140 26.4689903259 0.0000000000 -0.2248286009
3.6405456066 0.0000000000 0.0000000000 0.3352241218 26.4565887451 0.0000000000 -0.2246113420
3.6300008297 0.0000000000 0.0000000000 0.3342439532 26.4441242218 0.0000000000 -0.2243810594
3.6196107864 0.0000000000 0.0000000000 0.3332432806 26.4316177368 0.0000000000 -0.2241549492
3.6093890667 0.0000000000 0.0000000000 0.3322241604 26.4189147949 0.0000000000 -0.2239215672
3.5993671417 0.0000000000 0.0000000000 0.3311952651 26.4061183929 0.0000000000 -0.2237124443
3.5894370079 0.0000000000 0.0000000000 0.3301640451 26.3939666748 0.0000000000 -0.2234826386
3.5796604156 0.0000000000 0.0000000000 0.3291447759 26.3817195892 0.0000000000 -0.2232617438
3.5699999332 0.0000000000 0.0000000000 0.3281386793 26.3694076538 0.0000000000 -0.2230221033
3.5603711605 0.0000000000 0.0000000000 0.3271548152 26.3571929932 0.0000000000 -0.2227947712
3.5508754253 0.0000000000 0.0000000000 0.3261984885 26.3456401825 0.0000000000 -0.2224922776
3.5416762829 0.0000000000 0.0000000000 0.3252606392 26.3336887360 0.0000000000 -0.2223296165
3.5324687958 0.0000000000 0.0000000000 0.3243311048 26.3214607239 0.0000000000 -0.2221752405
3.5232791901 0.0000000000 0.0000000000 0.3234007955 26.3094596863 0.0000000000 -0.2219626904
3.5141317844 0.0000000000 0.0000000000 0.3224650025 26.2969474792 0.0000000000 -0.2217500210
3.5051033497 0.0000000000 0.0000000000 0.3215195239 26.2846565247 0.0000000000 -0.2215233445
3.4960753918 0.0000000000 0.0000000000 0.3205749094 26.2727012634 0.0000000000 -0.2213382125
3.4870784283 0.0000000000 0.0000000000 0.3196314275 26.2606506348 0.0000000000 -0.2211165130
3.4780931473 0.0000000000 0.0000000000 0.3186936975 26.2486934662 0.0000000000 -0.2209065557
3.4690954685 0.0000000000 0.0000000000 0.3177650869 26.2367134094 0.0000000000 -0.2206990719
3.4601004124 0.0000000000 0.0000000000 0.3168475926 26.2247810364 0.0000000000 -0.2204921842
3.4510588646 0.0000000000 0.0000000000 0.3159291446 26.2128086090 0.0000000000 -0.2202875018
3.4420945644 0.0000000000 0.0000000000 0.3150072396 26.2006378174 0.0000000000 -0.2200844884
3.4333202839 0.0000000000 0.0000000000 0.3140852451 26.1882476807 0.0000000000 -0.2198852897
3.4246740341 0.0000000000 0.0000000000 0.3131575584 26.1755046844 0.0000000000 -0.2196860313
3.4162106514 0.0000000000 0.0000000000 0.3122256696 26.1625576019 0.0000000000 -0.2194681168
3.4079010487 0.0000000000 0.0000000000 0.3112874627 26.1500396729 0.0000000000 -0.2192925811
3.3996746540 0.0000000000 0.0000000000 0.3103457689 26.1375236511 0.0000000000 -0.2190985084
3.3915271759 0.0000000000 0.0000000000 0.3094125092 26.1258239746 0.0000000000 -0.2189027369
3.3834385872 0.0000000000 0.0000000000 0.3084847033 26.1129951477 0.0000000000 -0.2187086046
3.3754122257 0.0000000000 0.0000000000 0.3075542450 26.0989360809 0.0000000000 -0.2184821963
3.3674275875 0.0000000000 0.0000000000 0.3066198826 26.0866870880 0.0000000000 -0.2183245420
3.3594472408 0.0000000000 0.0000000000 0.3056909144 26.0747299194 0.0000000000 -0.2181327641
3.3515079021 0.0000000000 0.0000000000 0.3047707677 26.0626296997 0.0000000000 -0.2178647816
3.3438448906 0.0000000000 0.0000000000 0.3038655818 26.0501194000 0.0000000000 -0.2177515924
3.3362228870 0.0000000000 0.0000000000 0.3029619753 26.0382137299 0.0000000000 -0.2175678015
3.3285927773 0.0000000000 0.0000000000 0.3020574152 26.0271015167 0.0000000000 -0.2173860669
3.3210546970 0.0000000000 0.0000000000 0.3011648059 26.0165424347 0.0000000000 -0.2172002196
3.3135657310 0.0000000000 0.0000000000 0.3003011048 26.0043907166 0.0000000000 -0.2170173824
3.3060903549 0.0000000000 0.0000000000 0.2994539142 25.9928760529 0.0000000000 -0.2168347836
3.2985844612 0.0000000000 0.0000000000 0.2985987365 25.9814834595 0.0000000000 -0.2166539431
3.2911329269 0.0000000000 0.0000000000 0.2977411151 25.9702148438 0.0000000000 -0.2164697051
3.2836506367 0.0000000000 0.0000000000 0.2969039381 25.9592227936 0.0000000000 -0.2162878513
3.2762141228 0.0000000000 0.0000000000 0.2960941494 25.9498119354 0.0000000000 -0.2161079049
3.2688570023 0.0000000000 0.0000000000 0.2952918708 25.9406967163 0.0000000000 -0.2159284949
3.2615771294 0.0000000000 0.0000000000 0.2944826484 25.9311733246 0.0000000000 -0.2157500386
3.2543580532 0.0000000000 0.0000000000 0.2936687469 25.9208812714 0.0000000000 -0.2155450583
3.2473125458 0.0000000000 0.0000000000 0.2928417325 25.9107246399 0.0000000000 -0.2153912187
3.2404189110 0.0000000000 0.0000000000 0.2920201123 25.9003982544 0.0000000000 -0.2151389718
3.2339034081 0.0000000000 0.0000000000 0.2912072539 25.8895244598 0.0000000000 -0.2150539458
3.2274682522 0.0000000000 0.0000000000 0.2904051542 25.8781471252 0.0000000000 -0.2148854136
3.2211160660 0.0000000000 0.0000000000 0.2896179259 25.8667430878 0.0000000000 -0.2147049308
3.2149307728 0.0000000000 0.0000000000 0.2888311148 25.8553924561 0.0000000000 -0.2145506144
3.2088444233 0.0000000000 0.0000000000 0.2880471945 25.8438568115 0.0000000000 -0.2143229842
3.2028536797 0.0000000000 0.0000000000 0.2872716784 25.8321781158 0.0000000000 -0.2142209113
3.1969022751 0.0000000000 0.0000000000 0.2865041792 25.8203773499 0.0000000000 -0.2140579522
3.1909289360 0.0000000000 0.0000000000 0.2857363224 25.8085422516 0.0000000000 -0.2138926685
3.1850051880 0.0000000000 0.0000000000 0.2849663496 25.7974472046 0.0000000000 -0.2137427628
3.1790502071 0.0000000000 0.0000000000 0.2842047513 25.7864723206 0.0000000000 -0.2135789990
3.1730418205 0.0000000000 0.0000000000 0.2834607363 25.7754497528 0.0000000000 -0.2134221792
3.1670346260 0.0000000000 0.0000000000 0.2827362716 25.7644481659 0.0000000000 -0.2132635117
3.1610174179 0.0000000000 0.0000000000 0.2820172608 25.7536716461 0.0000000000 -0.2131103575
3.1549932957 0.0000000000 0.0000000000 0.2813103497 25.7429180145 0.0000000000 -0.2128988504
3.1490001678 0.0000000000 0.0000000000 0.2806257308 25.7322731018 0.0000000000 -0.2128019333
3.1429705620 0.0000000000 0.0000000000 0.2799691558 25.7221775055 0.0000000000 -0.2126554847
3.1369192600 0.0000000000 0.0000000000 0.2793260813 25.7120456696 0.0000000000 -0.2124763131
3.1309092045 0.0000000000 0.0000000000 0.2786903977 25.7022380829 0.0000000000 -0.2122745514
3.1251742840 0.0000000000 0.0000000000 0.2780577540 25.6922435760 0.0000000000 -0.2121976614
3.1194632053 0.0000000000 0.0000000000 0.2774319053 25.6823558807 0.0000000000 -0.2120440900
3.1138668060 0.0000000000 0.0000000000 0.2768143713 25.6723327637 0.0000000000 -0.2118891478
3.1084854603 0.0000000000 0.0000000000 0.2761990726 25.6621360779 0.0000000000 -0.2116947174
3.1032755375 0.0000000000 0.0000000000 0.2755886316 25.6518115997 0.0000000000 -0.2115785778
3.0981059074 0.0000000000 0.0000000000 0.2749944925 25.6415824890 0.0000000000 -0.2114248872
3.0930166245 0.0000000000 0.0000000000 0.2744201720 25.6312046051 0.0000000000 -0.2112681866
3.0879812241 0.0000000000 0.0000000000 0.2738652825 25.6207656860 0.0000000000 -0.2110582590
3.0831172466 0.0000000000 0.0000000000 0.2733311653 25.6100559235 0.0000000000 -0.2109562159
3.0782659054 0.0000000000 0.0000000000 0.2728079855 25.5996513367 0.0000000000 -0.2107958198
3.0735335350 0.0000000000 0.0000000000 0.2722867131 25.5894145966 0.0000000000 -0.2106375098
3.0688850880 0.0000000000 0.0000000000 0.2717642188 25.5794658661 0.0000000000 -0.2104772329
3.0643165112 0.0000000000 0.0000000000 0.2712482214 25.5684719086 0.0000000000 -0.2102868855
3.0598912239 0.0000000000 0.0000000000 0.2707381546 25.5577983856 0.0000000000 -0.2101013362
3.0557036400 0.0000000000 0.0000000000 0.2702313662 25.5471096039 0.0000000000 -0.2099939883
3.0515928268 0.0000000000 0.0000000000 0.2697283626 25.5365676880 0.0000000000 -0.2098485231
3.0474634171 0.0000000000 0.0000000000 0.2692306340 25.5265178680 0.0000000000 -0.2097029984
3.0432400703 0.0000000000 0.0000000000 0.2687452137 25.5166511536 0.0000000000 -0.2095573545
3.0389747620 0.0000000000 0.0000000000 0.2682608366 25.5068168640 0.0000000000 -0.2094085217
3.0346393585 0.0000000000 0.0000000000 0.2677704394 25.4970436096 0.0000000000 -0.2092598081
3.0302331448 0.0000000000 0.0000000000 0.2672790885 25.4872760773 0.0000000000 -0.2091115117
3.0257203579 0.0000000000 0.0000000000 0.2667972744 25.4776668549 0.0000000000 -0.2089377046
3.0212588310 0.0000000000 0.0000000000 0.2663118541 25.4685935974 0.0000000000 -0.2088143229
3.0167641640 0.0000000000 0.0000000000 0.2658322752 25.4600353241 0.0000000000 -0.2086663842
3.0122544765 0.0000000000 0.0000000000 0.2653627694 25.4516620636 0.0000000000 -0.2085106075
3.0077962875 0.0000000000 0.0000000000 0.2649094462 25.4434127808 0.0000000000 -0.2083227634
3.0034756660 0.0000000000 0.0000000000 0.2644685805 25.4348621368 0.0000000000 -0.2082247436
2.9991714954 0.0000000000 0.0000000000 0.2640400231 25.4263114929 0.0000000000 -0.2080789208
2.9949119091 0.0000000000 0.0000000000 0.2636244297 25.4177513123 0.0000000000 -0.2079364061
2.9907538891 0.0000000000 0.0000000000 0.2632240951 25.4091110229 0.0000000000 -0.2077932358
2.9866595268 0.0000000000 0.0000000000 0.2628352642 25.4008617401 0.0000000000 -0.2076504827
2.9826428890 0.0000000000 0.0000000000 0.2624555528 25.3924636841 0.0000000000 -0.2074856162
2.9787592888 0.0000000000 0.0000000000 0.2620809972 25.3841114044 0.0000000000 -0.2073332667
2.9750442505 0.0000000000 0.0000000000 0.2617056072 25.3758487701 0.0000000000 -0.2072287798
