#         rmsthk      stdthk       rmsvel       stdvel       rmsdiv       stddiv       rmsusurf       stdusurf
0.0000000000 0.0000000000 250.8125152588 180.0381011963 0.0000000000 0.0000000000 0.0000000000 0.0000000000
-0.1185919717 0.4749762714 152.1246948242 124.4441680908 0.0000000000 0.0000000000 -0.0331403688 0.9937002063
-0.2302478701 0.8762715459 88.7089462280 73.9928283691 0.0000000000 0.0000000000 -0.0735867620 1.8658094406
-0.3429378569 1.2332811356 77.7198791504 52.2873420715 0.0000000000 0.0000000000 -0.1151753068 2.6199855804
-0.4662001133 1.5473837852 81.9397354126 49.3216934204 0.0000000000 0.0000000000 -0.1595591754 3.2464618683
-0.5993623734 1.8305637836 83.5210342407 50.0318603516 0.0000000000 0.0000000000 -0.2018225044 3.7652969360
-0.7395448685 2.0951609612 80.8025817871 48.8333015442 0.0000000000 0.0000000000 -0.2395885140 4.1970486641
-0.8834451437 2.3504998684 74.8268661499 45.4826393127 0.0000000000 0.0000000000 -0.2716963589 4.5599699020
-1.0284084082 2.6015446186 67.3765945435 41.4340629578 0.0000000000 0.0000000000 -0.2977688611 4.8687143326
-1.1722540855 2.8494379520 59.8106231689 37.7969055176 0.0000000000 0.0000000000 -0.3177275658 5.1322116852
-1.3133071661 3.0936069489 52.3581771851 34.3793563843 0.0000000000 0.0000000000 -0.3314556777 5.3573527336
-1.4502251148 3.3324444294 45.1951179504 31.3743267059 0.0000000000 0.0000000000 -0.3390946984 5.5485463142
-1.5821013451 3.5645461082 38.5444831848 29.0082092285 0.0000000000 0.0000000000 -0.3409596682 5.7088322639
-1.7081738710 3.7885549068 32.5813941956 27.3161182404 0.0000000000 0.0000000000 -0.3375167847 5.8408994675
-1.8278594017 4.0031270981 27.3798141479 26.2083358765 0.0000000000 0.0000000000 -0.3293890059 5.9470133781
-1.9408311844 4.2074093819 22.7938079834 25.6871604919 0.0000000000 0.0000000000 -0.3172749281 6.0293545723
-2.0470478535 4.4010038376 18.6587409973 25.6421146393 0.0000000000 0.0000000000 -0.3018029630 6.0898990631
-2.1465620995 4.5837759972 14.9664373398 25.9638957977 0.0000000000 0.0000000000 -0.2835235894 6.1303730011
-2.2394754887 4.7557349205 11.7011909485 26.5427112579 0.0000000000 0.0000000000 -0.2629964352 6.1524095535
-2.3259816170 4.9170007706 8.8229818344 27.2531414032 0.0000000000 0.0000000000 -0.2406513840 6.1576142311
-2.4062902927 5.0677914619 6.2774496078 28.0239887238 0.0000000000 0.0000000000 -0.2168352455 6.1475586891
-2.4807057381 5.2085900307 4.0299382210 28.7915687561 0.0000000000 0.0000000000 -0.1918595582 6.1237387657
-2.5495293140 5.3397884369 2.0531299114 29.5158939362 0.0000000000 0.0000000000 -0.1659867167 6.0875778198
-2.6132080555 5.4621343613 0.3302239478 30.1649818420 0.0000000000 0.0000000000 -0.1394736469 6.0403876305
-2.6720399857 5.5760526657 -1.1613202095 30.7215671539 0.0000000000 0.0000000000 -0.1125778407 5.9833869934
-2.7264127731 5.6823000908 -2.4570095539 31.2049674988 0.0000000000 0.0000000000 -0.0855310634 5.9176731110
-2.7766723633 5.7814769745 -3.5855996609 31.6236915588 0.0000000000 0.0000000000 -0.0585687682 5.8442859650
-2.8231325150 5.8741650581 -4.5607094765 31.9726314545 0.0000000000 0.0000000000 -0.0318941474 5.7642335892
-2.8660759926 5.9608650208 -5.3971681595 32.2543334961 0.0000000000 0.0000000000 -0.0056833113 5.6784548759
-2.9058132172 6.0422005653 -6.1066122055 32.4715843201 0.0000000000 0.0000000000 0.0198973659 5.5878109932
-2.9426136017 6.1186814308 -6.7019233704 32.6314239502 0.0000000000 0.0000000000 0.0447033197 5.4931001663
-2.9767272472 6.1907567978 -7.1934814453 32.7407341003 0.0000000000 0.0000000000 0.0686126277 5.3950452805
-3.0083382130 6.2587628365 -7.5905308723 32.8065948486 0.0000000000 0.0000000000 0.0915084630 5.2943177223
-3.0376503468 6.3230748177 -7.9001245499 32.8320884705 0.0000000000 0.0000000000 0.1133021489 5.1915431023
-3.0648493767 6.3840637207 -8.1288623810 32.8186798096 0.0000000000 0.0000000000 0.1339142770 5.0873022079
-3.0901408195 6.4421281815 -8.2830152512 32.7692489624 0.0000000000 0.0000000000 0.1532884091 4.9821109772
-3.1136665344 6.4975433350 -8.3672428131 32.6855125427 0.0000000000 0.0000000000 0.1713886857 4.8764481544
-3.1356098652 6.5506820679 -8.3859300613 32.5688667297 0.0000000000 0.0000000000 0.1881894618 4.7707467079
-3.1560962200 6.6017947197 -8.3426723480 32.4196205139 0.0000000000 0.0000000000 0.2036862075 4.6653895378
-3.1752908230 6.6511921883 -8.2412242889 32.2401542664 0.0000000000 0.0000000000 0.2178792655 4.5607328415
-3.1933073997 6.6990981102 -8.0870828629 32.0352973938 0.0000000000 0.0000000000 0.2307787836 4.4571151733
-3.2102565765 6.7456989288 -7.8841476440 31.8078441620 0.0000000000 0.0000000000 0.2423938513 4.3548173904
-3.2262573242 6.7912273407 -7.6366782188 31.5616340637 0.0000000000 0.0000000000 0.2527392209 4.2541031837
-3.2413904667 6.8358259201 -7.3496160507 31.3025150299 0.0000000000 0.0000000000 0.2618600130 4.1551957130
-3.2557818890 6.8797416687 -7.0268125534 31.0334644318 0.0000000000 0.0000000000 0.2697842419 4.0582823753
-3.2695238590 6.9231452942 -6.6738548279 30.7593345642 0.0000000000 0.0000000000 0.2765512764 3.9635331631
-3.2826762199 6.9661059380 -6.2956318855 30.4846611023 0.0000000000 0.0000000000 0.2822187841 3.8710916042
-3.2953286171 7.0088148117 -5.8973054886 30.2146968842 0.0000000000 0.0000000000 0.2868671417 3.7810671329
-3.3075749874 7.0514531136 -5.4829602242 29.9527873993 0.0000000000 0.0000000000 0.2905719280 3.6935415268
-3.3194899559 7.0941452980 -5.0596632957 29.7022132874 0.0000000000 0.0000000000 0.2934063971 3.6086003780
-3.3311209679 7.1369414330 -4.6311450005 29.4631175995 0.0000000000 0.0000000000 0.2954485714 3.5263090134
-3.3425254822 7.1799635887 -4.2024126053 29.2398414612 0.0000000000 0.0000000000 0.2967593968 3.4467196465
-3.3537549973 7.2232999802 -3.7769618034 29.0337181091 0.0000000000 0.0000000000 0.2974223495 3.3698520660
-3.3648681641 7.2671036720 -3.3586874008 28.8466567993 0.0000000000 0.0000000000 0.2975087464 3.2956986427
-3.3759300709 7.3114409447 -2.9500608444 28.6794624329 0.0000000000 0.0000000000 0.2970968485 3.2242283821
-3.3870105743 7.3564553261 -2.5528347492 28.5326099396 0.0000000000 0.0000000000 0.2962643802 3.1553831100
-3.3981266022 7.4021334648 -2.1678180695 28.4065437317 0.0000000000 0.0000000000 0.2950855792 3.0891008377
-3.4093010426 7.4485120773 -1.7958171368 28.3017616272 0.0000000000 0.0000000000 0.2936324179 3.0253183842
-3.4206202030 7.4957919121 -1.4368973970 28.2175598145 0.0000000000 0.0000000000 0.2919516265 2.9639897346
-3.4321010113 7.5440254211 -1.0898364782 28.1529846191 0.0000000000 0.0000000000 0.2900864482 2.9050588608
-3.4437768459 7.5932192802 -0.7521875501 28.1069946289 0.0000000000 0.0000000000 0.2880835235 2.8484842777
-3.4556734562 7.6433944702 -0.4214607775 28.0782508850 0.0000000000 0.0000000000 0.2859742641 2.7942178249
-3.4678165913 7.6945943832 -0.0953918397 28.0653762817 0.0000000000 0.0000000000 0.2837820351 2.7422006130
-3.4801967144 7.7467465401 0.2289344817 28.0658435822 0.0000000000 0.0000000000 0.2815218866 2.6923739910
-3.4928672314 7.7999577522 0.5538823009 28.0786151886 0.0000000000 0.0000000000 0.2792170942 2.6446754932
-3.5058388710 7.8542046547 0.8834297061 28.1022472382 0.0000000000 0.0000000000 0.2768847346 2.5990519524
-3.5191354752 7.9094963074 1.2198659182 28.1342086792 0.0000000000 0.0000000000 0.2745150030 2.5554735661
-3.5327358246 7.9657883644 1.5647579432 28.1723365784 0.0000000000 0.0000000000 0.2721013129 2.5139009953
-3.5466392040 8.0229291916 1.9201678038 28.2133674622 0.0000000000 0.0000000000 0.2696379423 2.4742925167
-3.5608806610 8.0810976028 2.2876718044 28.2554550171 0.0000000000 0.0000000000 0.2671177089 2.4366381168
-3.5754988194 8.1403121948 2.6678681374 28.2960777283 0.0000000000 0.0000000000 0.2645314038 2.4009451866
-3.5904686451 8.2005462646 3.0627315044 28.3320903778 0.0000000000 0.0000000000 0.2618867755 2.3671936989
-3.6058199406 8.2618303299 3.4706952572 28.3618431091 0.0000000000 0.0000000000 0.2592040896 2.3353686333
-3.6216208935 8.3242988586 3.8913176060 28.3838329315 0.0000000000 0.0000000000 0.2564857304 2.3054432869
-3.6378910542 8.3879718781 4.3236899376 28.3966159821 0.0000000000 0.0000000000 0.2537570596 2.2773978710
-3.6546196938 8.4528455734 4.7655200958 28.3991622925 0.0000000000 0.0000000000 0.2510188818 2.2512493134
-3.6718575954 8.5189924240 5.2148323059 28.3907432556 0.0000000000 0.0000000000 0.2482956648 2.2269871235
-3.6895325184 8.5863780975 5.6709609032 28.3714904785 0.0000000000 0.0000000000 0.2456130236 2.2045931816
-3.7077379227 8.6550264359 6.1312398911 28.3404273987 0.0000000000 0.0000000000 0.2429813445 2.1840462685
-3.7264845371 8.7249412537 6.5937976837 28.2990798950 0.0000000000 0.0000000000 0.2404104769 2.1653552055
-3.7458596230 8.7963438034 7.0563631058 28.2485427856 0.0000000000 0.0000000000 0.2378923744 2.1485180855
-3.7659294605 8.8693933487 7.5161533356 28.1881542206 0.0000000000 0.0000000000 0.2354307026 2.1335468292
-3.7867007256 8.9441213608 7.9701881409 28.1189193726 0.0000000000 0.0000000000 0.2330300808 2.1204276085
-3.8081243038 9.0202293396 8.4165239334 28.0420742035 0.0000000000 0.0000000000 0.2306823730 2.1091353893
-3.8302869797 9.0981111526 8.8522768021 27.9589481354 0.0000000000 0.0000000000 0.2283961922 2.0996873379
-3.8531789780 9.1777477264 9.2759552002 27.8711967468 0.0000000000 0.0000000000 0.2261845469 2.0920329094
-3.8768227100 9.2591705322 9.6870880127 27.7793941498 0.0000000000 0.0000000000 0.2240613699 2.0861661434
-3.9011950493 9.3423328400 10.0836935043 27.6830997467 0.0000000000 0.0000000000 0.2219918370 2.0820734501
-3.9263169765 9.4272975922 10.4644851685 27.5843524933 0.0000000000 0.0000000000 0.2199630439 2.0797531605
-3.9521756172 9.5139551163 10.8283290863 27.4851074219 0.0000000000 0.0000000000 0.2180021256 2.0791699886
-3.9787368774 9.6022758484 11.1760578156 27.3854541779 0.0000000000 0.0000000000 0.2161069810 2.0803127289
-4.0059080124 9.6920003891 11.5083112717 27.2866630554 0.0000000000 0.0000000000 0.2143061012 2.0831270218
-4.0337457657 9.7833032608 11.8251266479 27.1902294159 0.0000000000 0.0000000000 0.2126358449 2.0875308514
-4.0622491837 9.8761157990 12.1262092590 27.0955085754 0.0000000000 0.0000000000 0.2111168802 2.0934286118
-4.0914049149 9.9704656601 12.4117240906 27.0032920837 0.0000000000 0.0000000000 0.2097631693 2.1007628441
-4.1211233139 10.0661563873 12.6821165085 26.9138698578 0.0000000000 0.0000000000 0.2086063921 2.1094179153
-4.1514172554 10.1632108688 12.9406404495 26.8271446228 0.0000000000 0.0000000000 0.2076571435 2.1192913055
-4.1822767258 10.2615737915 13.1875867844 26.7426891327 0.0000000000 0.0000000000 0.2069171518 2.1302533150
-4.2137165070 10.3613224030 13.4251031876 26.6594848633 0.0000000000 0.0000000000 0.2063819170 2.1422250271
-4.2457122803 10.4623498917 13.6534080505 26.5774364471 0.0000000000 0.0000000000 0.2060388029 2.1550464630
-4.2781276703 10.5643272400 13.8760089874 26.4953937531 0.0000000000 0.0000000000 0.2058729976 2.1686091423
-4.3110718727 10.6676034927 14.0943937302 26.4126129150 0.0000000000 0.0000000000 0.2058861405 2.1827809811
-4.3445076942 10.7720327377 14.3098592758 26.3282947540 0.0000000000 0.0000000000 0.2060943991 2.1974763870
-4.3784933090 10.8777256012 14.5241165161 26.2426204681 0.0000000000 0.0000000000 0.2065166980 2.2126564980
-4.4130296707 10.9846181870 14.7381572723 26.1549396515 0.0000000000 0.0000000000 0.2071568668 2.2282426357
-4.4480543137 11.0925655365 14.9527578354 26.0634593964 0.0000000000 0.0000000000 0.2080301046 2.2441713810
-4.4835600853 11.2015371323 15.1696796417 25.9677715302 0.0000000000 0.0000000000 0.2091672719 2.2604050636
-4.5195164680 11.3113889694 15.3876256943 25.8687725067 0.0000000000 0.0000000000 0.2105839103 2.2768843174
-4.5559425354 11.4220218658 15.6066675186 25.7683620453 0.0000000000 0.0000000000 0.2122717351 2.2936201096
-4.5928869247 11.5335168839 15.8254728317 25.6669082642 0.0000000000 0.0000000000 0.2142402530 2.3106610775
-4.6303119659 11.6458902359 16.0434360504 25.5652389526 0.0000000000 0.0000000000 0.2164853662 2.3280055523
-4.6681828499 11.7588834763 16.2587699890 25.4668922424 0.0000000000 0.0000000000 0.2189738750 2.3456432819
-4.7064085007 11.8723020554 16.4712009430 25.3722209930 0.0000000000 0.0000000000 0.2216633111 2.3635921478
-4.7450532913 11.9861049652 16.6792678833 25.2815895081 0.0000000000 0.0000000000 0.2244908512 2.3818683624
-4.7841267586 12.1004047394 16.8815097809 25.1959838867 0.0000000000 0.0000000000 0.2274131030 2.4004340172
-4.8236393929 12.2152900696 17.0771999359 25.1164093018 0.0000000000 0.0000000000 0.2303932458 2.4193542004
-4.8635487556 12.3307352066 17.2656002045 25.0434360504 0.0000000000 0.0000000000 0.2334153652 2.4386882782
-4.9038863182 12.4466428757 17.4475746155 24.9767417908 0.0000000000 0.0000000000 0.2364527136 2.4584703445
-4.9447021484 12.5631332397 17.6221275330 24.9152984619 0.0000000000 0.0000000000 0.2394782752 2.4787278175
-4.9859728813 12.6800508499 17.7900733948 24.8580856323 0.0000000000 0.0000000000 0.2424935102 2.4994108677
-5.0276331902 12.7972249985 17.9501495361 24.8051662445 0.0000000000 0.0000000000 0.2454597503 2.5205137730
-5.0697903633 12.9148941040 18.1023597717 24.7553787231 0.0000000000 0.0000000000 0.2483565509 2.5420868397
-5.1123032570 13.0328378677 18.2473316193 24.7069473267 0.0000000000 0.0000000000 0.2511789799 2.5640938282
-5.1551585197 13.1509380341 18.3848514557 24.6589450836 0.0000000000 0.0000000000 0.2539418638 2.5865092278
-5.1984634399 13.2694673538 18.5113143921 24.6102256775 0.0000000000 0.0000000000 0.2566566169 2.6093003750
-5.2421636581 13.3882789612 18.6269779205 24.5604095459 0.0000000000 0.0000000000 0.2592912912 2.6323950291
-5.2862291336 13.5074005127 18.7339229584 24.5090522766 0.0000000000 0.0000000000 0.2618252039 2.6557636261
-5.3306922913 13.6267318726 18.8307533264 24.4553108215 0.0000000000 0.0000000000 0.2642738819 2.6793332100
-5.3755578995 13.7462959290 18.9174842834 24.3982982635 0.0000000000 0.0000000000 0.2666738927 2.7030375004
-5.4207730293 13.8659734726 18.9945907593 24.3370037079 0.0000000000 0.0000000000 0.2690272927 2.7267682552
-5.4663405418 13.9857196808 19.0628108978 24.2714881897 0.0000000000 0.0000000000 0.2713772058 2.7504861355
-5.5122599602 14.1055393219 19.1237850189 24.2014675140 0.0000000000 0.0000000000 0.2737558484 2.7741446495
-5.5585460663 14.2254323959 19.1774272919 24.1264820099 0.0000000000 0.0000000000 0.2761957645 2.7976589203
-5.6051955223 14.3453464508 19.2231922150 24.0471458435 0.0000000000 0.0000000000 0.2786921263 2.8209984303
-5.6521654129 14.4651203156 19.2642459869 23.9666461945 0.0000000000 0.0000000000 0.2812587023 2.8441400528
-5.6995229721 14.5850896835 19.2976531982 23.8857326508 0.0000000000 0.0000000000 0.2839109898 2.8670022488
-5.7471232414 14.7050275803 19.3246822357 23.8060150146 0.0000000000 0.0000000000 0.2866237164 2.8895132542
-5.7950172424 14.8249168396 19.3454475403 23.7294635773 0.0000000000 0.0000000000 0.2893798053 2.9116876125
-5.8431687355 14.9445905685 19.3608245850 23.6569271088 0.0000000000 0.0000000000 0.2921686769 2.9335081577
-5.8915543556 15.0640611649 19.3714256287 23.5918140411 0.0000000000 0.0000000000 0.2949697375 2.9549102783
-5.9401526451 15.1834249496 19.3767280579 23.5347404480 0.0000000000 0.0000000000 0.2977219224 2.9758725166
-5.9890871048 15.3028364182 19.3752117157 23.4854907990 0.0000000000 0.0000000000 0.3003999591 2.9963805676
-6.0383148193 15.4221744537 19.3698558807 23.4413490295 0.0000000000 0.0000000000 0.3030001521 3.0164060593
-6.0878319740 15.5415096283 19.3599681854 23.4024906158 0.0000000000 0.0000000000 0.3055288494 3.0360136032
-6.1376466751 15.6608343124 19.3463916779 23.3669452667 0.0000000000 0.0000000000 0.3079714775 3.0552301407
-6.1877746582 15.7801761627 19.3291206360 23.3344802856 0.0000000000 0.0000000000 0.3103385270 3.0740182400
-6.2380537987 15.8989934921 19.3099002838 23.3032474518 0.0000000000 0.0000000000 0.3126323819 3.0923523903
-6.2885637283 16.0176982880 19.2894268036 23.2714805603 0.0000000000 0.0000000000 0.3148466647 3.1102492809
-6.3393840790 16.1365032196 19.2662105560 23.2376136780 0.0000000000 0.0000000000 0.3169644773 3.1277432442
-6.3905463219 16.2552986145 19.2393379211 23.2022991180 0.0000000000 0.0000000000 0.3190035820 3.1448037624
-6.4419088364 16.3737087250 19.2080917358 23.1657752991 0.0000000000 0.0000000000 0.3209677637 3.1614425182
-6.4935989380 16.4922924042 19.1690521240 23.1295318604 0.0000000000 0.0000000000 0.3228518665 3.1775991917
-6.5453844070 16.6107425690 19.1179409027 23.0936527252 0.0000000000 0.0000000000 0.3246821463 3.1932768822
-6.5973968506 16.7291221619 19.0549373627 23.0581073761 0.0000000000 0.0000000000 0.3264939785 3.2084512711
-6.6496272087 16.8474922180 18.9802837372 23.0244255066 0.0000000000 0.0000000000 0.3282753229 3.2231569290
-6.7020153999 16.9656429291 18.8966979980 22.9919586182 0.0000000000 0.0000000000 0.3300237656 3.2374408245
-6.7545189857 17.0835742950 18.8065490723 22.9590759277 0.0000000000 0.0000000000 0.3317140639 3.2512583733
-6.8071312904 17.2012329102 18.7133293152 22.9268016815 0.0000000000 0.0000000000 0.3333251476 3.2645885944
-6.8598170280 17.3186016083 18.6193637848 22.8924713135 0.0000000000 0.0000000000 0.3348564804 3.2773690224
-6.9125752449 17.4356632233 18.5253124237 22.8558197021 0.0000000000 0.0000000000 0.3362384140 3.2895860672
-6.9654259682 17.5525169373 18.4343452454 22.8169841766 0.0000000000 0.0000000000 0.3374454379 3.3011841774
-7.0183577538 17.6692276001 18.3481559753 22.7757148743 0.0000000000 0.0000000000 0.3384638429 3.3121478558
-7.0712413788 17.7856178284 18.2688159943 22.7323780060 0.0000000000 0.0000000000 0.3392574191 3.3224818707
-7.1241946220 17.9018344879 18.1962585449 22.6869735718 0.0000000000 0.0000000000 0.3398118913 3.3321800232
-7.1772055626 18.0179004669 18.1292343140 22.6390647888 0.0000000000 0.0000000000 0.3400848508 3.3412337303
-7.2302017212 18.1336727142 18.0661544800 22.5894603729 0.0000000000 0.0000000000 0.3400957882 3.3497343063
-7.2832574844 18.2493286133 18.0052299500 22.5386867523 0.0000000000 0.0000000000 0.3398523331 3.3576834202
-7.3363666534 18.3650150299 17.9444446564 22.4869709015 0.0000000000 0.0000000000 0.3393953741 3.3650224209
-7.3894977570 18.4806232452 17.8821868896 22.4341106415 0.0000000000 0.0000000000 0.3387463391 3.3717336655
-7.4425492287 18.5960350037 17.8173828125 22.3818225861 0.0000000000 0.0000000000 0.3379438221 3.3778042793
-7.4955449104 18.7113590240 17.7468929291 22.3289070129 0.0000000000 0.0000000000 0.3370290101 3.3831770420
-7.5485491753 18.8267211914 17.6691722870 22.2754783630 0.0000000000 0.0000000000 0.3360232413 3.3878724575
-7.6015782356 18.9419994354 17.5838775635 22.2212696075 0.0000000000 0.0000000000 0.3349438608 3.3918974400
-7.6545190811 19.0568981171 17.4908981323 22.1641273499 0.0000000000 0.0000000000 0.3338249922 3.3952476978
-7.7074213028 19.1716156006 17.3883628845 22.1041336060 0.0000000000 0.0000000000 0.3326887190 3.3979213238
-7.7603111267 19.2862911224 17.2763328552 22.0425090790 0.0000000000 0.0000000000 0.3315398097 3.3999214172
-7.8132081032 19.4009704590 17.1547470093 21.9779129028 0.0000000000 0.0000000000 0.3303669691 3.4011213779
-7.8661336899 19.5158748627 17.0248508453 21.9112377167 0.0000000000 0.0000000000 0.3292005658 3.4015078545
-7.9189939499 19.6308956146 16.8900012970 21.8448696136 0.0000000000 0.0000000000 0.3280517459 3.4010076523
-7.9717822075 19.7458705902 16.7514228821 21.7774925232 0.0000000000 0.0000000000 0.3269289434 3.3995945454
-8.0244264603 19.8606643677 16.6104717255 21.7095775604 0.0000000000 0.0000000000 0.3258259594 3.3972754478
-8.0768289566 19.9750480652 16.4706783295 21.6404037476 0.0000000000 0.0000000000 0.3247400224 3.3940622807
-8.1289710999 20.0890598297 16.3331947327 21.5711193085 0.0000000000 0.0000000000 0.3236830831 3.3899643421
-8.1809520721 20.2028923035 16.1985874176 21.5024757385 0.0000000000 0.0000000000 0.3226713538 3.3850307465
-8.2327785492 20.3165225983 16.0676860809 21.4347343445 0.0000000000 0.0000000000 0.3217265904 3.3793256283
-8.2843046188 20.4295406342 15.9405546188 21.3683509827 0.0000000000 0.0000000000 0.3208515346 3.3729147911
-8.3356113434 20.5421047211 15.8184051514 21.3025951385 0.0000000000 0.0000000000 0.3200878203 3.3658807278
-8.3867063522 20.6543617249 15.7003402710 21.2371501923 0.0000000000 0.0000000000 0.3194107115 3.3583102226
-8.4376173019 20.7662487030 15.5874443054 21.1746006012 0.0000000000 0.0000000000 0.3188227713 3.3502740860
-8.4883337021 20.8778190613 15.4806652069 21.1139545441 0.0000000000 0.0000000000 0.3183093369 3.3417928219
-8.5388708115 20.9891624451 15.3795433044 21.0539665222 0.0000000000 0.0000000000 0.3178580105 3.3329079151
-8.5892915726 21.1004676819 15.2836656570 20.9948692322 0.0000000000 0.0000000000 0.3174714744 3.3236918449
-8.6395235062 21.2113914490 15.1929464340 20.9353065491 0.0000000000 0.0000000000 0.3171286583 3.3141798973
-8.6895666122 21.3220462799 15.1056070328 20.8760375977 0.0000000000 0.0000000000 0.3168089688 3.3043954372
-8.7393751144 21.4323482513 15.0207386017 20.8178730011 0.0000000000 0.0000000000 0.3165026903 3.2943580151
-8.7888736725 21.5422039032 14.9358692169 20.7611331940 0.0000000000 0.0000000000 0.3162248731 3.2840919495
-8.8383026123 21.6520538330 14.8488235474 20.7046508789 0.0000000000 0.0000000000 0.3159666359 3.2736308575
-8.8875150681 21.7615623474 14.7598514557 20.6471862793 0.0000000000 0.0000000000 0.3157358468 3.2629911900
-8.9366197586 21.8709335327 14.6682443619 20.5881385803 0.0000000000 0.0000000000 0.3155125678 3.2522277832
-8.9856472015 21.9802436829 14.5732040405 20.5270385742 0.0000000000 0.0000000000 0.3152957559 3.2413954735
-9.0345859528 22.0895137787 14.4750719070 20.4637737274 0.0000000000 0.0000000000 0.3150864542 3.2305231094
-9.0833930969 22.1986446381 14.3751201630 20.3989734650 0.0000000000 0.0000000000 0.3148513436 3.2195651531
-9.1320028305 22.3074035645 14.2739877701 20.3322696686 0.0000000000 0.0000000000 0.3145842850 3.2085683346
-9.1805000305 22.4161109924 14.1707639694 20.2644042969 0.0000000000 0.0000000000 0.3142934740 3.1975462437
-9.2288885117 22.5246887207 14.0644931793 20.1951484680 0.0000000000 0.0000000000 0.3139915466 3.1864614487
-9.2770566940 22.6328811646 13.9561500549 20.1252593994 0.0000000000 0.0000000000 0.3136544824 3.1752812862
-9.3249235153 22.7407131195 13.8470754623 20.0548915863 0.0000000000 0.0000000000 0.3132615685 3.1639800072
-9.3726081848 22.8484382629 13.7371053696 19.9841766357 0.0000000000 0.0000000000 0.3128067851 3.1525506973
-9.4201612473 22.9560356140 13.6280794144 19.9143447876 0.0000000000 0.0000000000 0.3122960627 3.1409838200
-9.4675121307 23.0632743835 13.5207080841 19.8454456329 0.0000000000 0.0000000000 0.3117200136 3.1292502880
-9.5146789551 23.1702690125 13.4164571762 19.7763195038 0.0000000000 0.0000000000 0.3110944927 3.1173653603
-9.5617094040 23.2770595551 13.3152265549 19.7065353394 0.0000000000 0.0000000000 0.3104583323 3.1053404808
-9.6085853577 23.3836688995 13.2172737122 19.6362514496 0.0000000000 0.0000000000 0.3098254502 3.0931227207
-9.6552572250 23.4900989532 13.1216602325 19.5643558502 0.0000000000 0.0000000000 0.3092048764 3.0807297230
-9.7017841339 23.5964241028 13.0288524628 19.4903316498 0.0000000000 0.0000000000 0.3085917532 3.0681574345
-9.7480802536 23.7024822235 12.9400777817 19.4145011902 0.0000000000 0.0000000000 0.3079838753 3.0554344654
-9.7941198349 23.8081760406 12.8542442322 19.3374366760 0.0000000000 0.0000000000 0.3073911965 3.0425710678
-9.8398494720 23.9133758545 12.7711715698 19.2613792419 0.0000000000 0.0000000000 0.3068072498 3.0296196938
-9.8853807449 24.0183486938 12.6908798218 19.1855144501 0.0000000000 0.0000000000 0.3062102497 3.0166149139
-9.9307212830 24.1230487823 12.6125659943 19.1105594635 0.0000000000 0.0000000000 0.3055907190 3.0036029816
-9.9759311676 24.2276573181 12.5345420837 19.0359725952 0.0000000000 0.0000000000 0.3049456477 2.9906034470
-10.0209856033 24.3321189880 12.4568500519 18.9634113312 0.0000000000 0.0000000000 0.3042674065 2.9776344299
-10.0659122467 24.4363765717 12.3791999817 18.8926982880 0.0000000000 0.0000000000 0.3035625517 2.9647021294
-10.1106767654 24.5404911041 12.3013477325 18.8232231140 0.0000000000 0.0000000000 0.3027984798 2.9518043995
-10.1553306580 24.6444721222 12.2228212357 18.7543296814 0.0000000000 0.0000000000 0.3019639552 2.9389634132
-10.1997060776 24.7480125427 12.1439228058 18.6857433319 0.0000000000 0.0000000000 0.3010608256 2.9261763096
-10.2438030243 24.8509731293 12.0638170242 18.6160011292 0.0000000000 0.0000000000 0.3000948727 2.9133994579
-10.2876911163 24.9536075592 11.9817142487 18.5457954407 0.0000000000 0.0000000000 0.2990678549 2.9006381035
-10.3314437866 25.0560207367 11.8988323212 18.4748668671 0.0000000000 0.0000000000 0.2979767919 2.8878965378
-10.3749094009 25.1580028534 11.8164291382 18.4034118652 0.0000000000 0.0000000000 0.2968435585 2.8751804829
-10.4181127548 25.2597122192 11.7345533371 18.3301620483 0.0000000000 0.0000000000 0.2956606746 2.8624472618
-10.4611835480 25.3611602783 11.6530475616 18.2563419342 0.0000000000 0.0000000000 0.2944411039 2.8496916294
-10.5041847229 25.4624214172 11.5728273392 18.1830520630 0.0000000000 0.0000000000 0.2932033241 2.8368728161
-10.5470790863 25.5634040833 11.4937915802 18.1100711823 0.0000000000 0.0000000000 0.2919514775 2.8240051270
-10.5898637772 25.6642227173 11.4171962738 18.0378360748 0.0000000000 0.0000000000 0.2907044888 2.8111035824
-10.6324434280 25.7646789551 11.3424901962 17.9667758942 0.0000000000 0.0000000000 0.2894642055 2.7981574535
-10.6748027802 25.8647613525 11.2695789337 17.8972129822 0.0000000000 0.0000000000 0.2882598042 2.7851817608
-10.7170085907 25.9645385742 11.1974859238 17.8296146393 0.0000000000 0.0000000000 0.2870871425 2.7721872330
-10.7590131760 26.0639228821 11.1259918213 17.7634983063 0.0000000000 0.0000000000 0.2859512568 2.7592022419
-10.8008975983 26.1630134583 11.0540170670 17.6990947723 0.0000000000 0.0000000000 0.2848349214 2.7462580204
-10.8426465988 26.2617702484 10.9827356339 17.6349830627 0.0000000000 0.0000000000 0.2837393284 2.7333889008
-10.8842220306 26.3601150513 10.9106483459 17.5712909698 0.0000000000 0.0000000000 0.2826680541 2.7205951214
-10.9256954193 26.4580268860 10.8376884460 17.5077171326 0.0000000000 0.0000000000 0.2816022933 2.7078859806
-10.9670915604 26.5557651520 10.7650232315 17.4438800812 0.0000000000 0.0000000000 0.2805275619 2.6952748299
-11.0084466934 26.6534576416 10.6930522919 17.3796634674 0.0000000000 0.0000000000 0.2794441581 2.6827278137
-11.0497159958 26.7509155273 10.6208772659 17.3148097992 0.0000000000 0.0000000000 0.2783543169 2.6701991558
-11.0909090042 26.8481121063 10.5485925674 17.2501220703 0.0000000000 0.0000000000 0.2772632539 2.6577467918
-11.1320199966 26.9451313019 10.4769544601 17.1843910217 0.0000000000 0.0000000000 0.2761829197 2.6453640461
-11.1730909348 27.0420875549 10.4046802521 17.1181869507 0.0000000000 0.0000000000 0.2751217782 2.6330780983
-11.2139978409 27.1386833191 10.3325901031 17.0527572632 0.0000000000 0.0000000000 0.2740723789 2.6209003925
-11.2547597885 27.2350196838 10.2598257065 16.9882373810 0.0000000000 0.0000000000 0.2730306089 2.6088199615
-11.2953300476 27.3311252594 10.1870117188 16.9247226715 0.0000000000 0.0000000000 0.2719822526 2.5968403816
-11.3358182907 27.4271259308 10.1139278412 16.8631038666 0.0000000000 0.0000000000 0.2709287703 2.5849714279
-11.3761348724 27.5228290558 10.0410985947 16.8031444550 0.0000000000 0.0000000000 0.2698709369 2.5732119083
-11.4163150787 27.6183395386 9.9684562683 16.7447185516 0.0000000000 0.0000000000 0.2688060701 2.5615282059
-11.4563884735 27.7136039734 9.8960142136 16.6872501373 0.0000000000 0.0000000000 0.2677453756 2.5499095917
-11.4963083267 27.8086566925 9.8229560852 16.6295909882 0.0000000000 0.0000000000 0.2667057514 2.5383043289
-11.5360298157 27.9034576416 9.7500524521 16.5721130371 0.0000000000 0.0000000000 0.2657035291 2.5267059803
-11.5755910873 27.9979648590 9.6774902344 16.5163002014 0.0000000000 0.0000000000 0.2647276521 2.5151584148
-11.6150674820 28.0922298431 9.6041841507 16.4605178833 0.0000000000 0.0000000000 0.2637718618 2.5036778450
-11.6544561386 28.1862335205 9.5303153992 16.4045391083 0.0000000000 0.0000000000 0.2628502548 2.4922842979
-11.6937274933 28.2799835205 9.4557743073 16.3481807709 0.0000000000 0.0000000000 0.2619476914 2.4809610844
-11.7327604294 28.3732261658 9.3811674118 16.2915534973 0.0000000000 0.0000000000 0.2610670924 2.4696846008
-11.7715797424 28.4660339355 9.3069391251 16.2355079651 0.0000000000 0.0000000000 0.2602038085 2.4584255219
-11.8102607727 28.5584640503 9.2326955795 16.1782932281 0.0000000000 0.0000000000 0.2593545318 2.4471697807
-11.8487596512 28.6505489349 9.1597223282 16.1216163635 0.0000000000 0.0000000000 0.2585156262 2.4359345436
-11.8870515823 28.7422084808 9.0872774124 16.0655956268 0.0000000000 0.0000000000 0.2577003241 2.4247198105
-11.9250602722 28.8332786560 9.0165643692 16.0115127563 0.0000000000 0.0000000000 0.2569220662 2.4135406017
-11.9629573822 28.9240703583 8.9470548630 15.9590644836 0.0000000000 0.0000000000 0.2561918795 2.4023766518
-12.0006942749 29.0145244598 8.8784408569 15.9078063965 0.0000000000 0.0000000000 0.2555009127 2.3912179470
-12.0382308960 29.1045589447 8.8109893799 15.8584413528 0.0000000000 0.0000000000 0.2548397481 2.3801012039
-12.0755376816 29.1940002441 8.7443037033 15.8094987869 0.0000000000 0.0000000000 0.2542113364 2.3690333366
-12.1126775742 29.2830638885 8.6783809662 15.7619867325 0.0000000000 0.0000000000 0.2536093593 2.3580200672
-12.1495418549 29.3713893890 8.6127157211 15.7147035599 0.0000000000 0.0000000000 0.2530298531 2.3470849991
-12.1862249374 29.4592208862 8.5472373962 15.6667642593 0.0000000000 0.0000000000 0.2524711490 2.3362357616
-12.2227869034 29.5467453003 8.4817428589 15.6183862686 0.0000000000 0.0000000000 0.2519476712 2.3254568577
-12.2592058182 29.6339073181 8.4169588089 15.5708074570 0.0000000000 0.0000000000 0.2514647543 2.3147456646
-12.2954292297 29.7204456329 8.3523836136 15.5241060257 0.0000000000 0.0000000000 0.2510195076 2.3040974140
-12.3315410614 29.8066616058 8.2877225876 15.4776887894 0.0000000000 0.0000000000 0.2506049573 2.2934668064
-12.3674745560 29.8923397064 8.2237195969 15.4316902161 0.0000000000 0.0000000000 0.2502254248 2.2828025818
-12.4032773972 29.9777145386 8.1605825424 15.3861389160 0.0000000000 0.0000000000 0.2498670518 2.2721238136
-12.4389772415 30.0628013611 8.0990638733 15.3410987854 0.0000000000 0.0000000000 0.2495119423 2.2614452839
-12.4745750427 30.1475906372 8.0392169952 15.2969732285 0.0000000000 0.0000000000 0.2491461039 2.2507927418
-12.5099897385 30.2320022583 7.9808955193 15.2535858154 0.0000000000 0.0000000000 0.2487635016 2.2401909828
-12.5452375412 30.3160705566 7.9242081642 15.2113456726 0.0000000000 0.0000000000 0.2483502775 2.2296350002
-12.5802593231 30.3996410370 7.8699450493 15.1702957153 0.0000000000 0.0000000000 0.2478946745 2.2191507816
-12.6151094437 30.4828243256 7.8173832893 15.1297178268 0.0000000000 0.0000000000 0.2474004030 2.2087793350
-12.6498384476 30.5657424927 7.7669639587 15.0907649994 0.0000000000 0.0000000000 0.2468645424 2.1984968185
-12.6844091415 30.6482315063 7.7186250687 15.0522308350 0.0000000000 0.0000000000 0.2462800145 2.1883001328
-12.7188940048 30.7304935455 7.6711230278 15.0148496628 0.0000000000 0.0000000000 0.2456543446 2.1782336235
-12.7532463074 30.8124351501 7.6240744591 14.9776840210 0.0000000000 0.0000000000 0.2449924797 2.1683163643
-12.7874851227 30.8941764832 7.5763874054 14.9394083023 0.0000000000 0.0000000000 0.2443008274 2.1585552692
-12.8216409683 30.9758033752 7.5281105042 14.9007635117 0.0000000000 0.0000000000 0.2435978800 2.1489338875
-12.8556461334 31.0571670532 7.4791626930 14.8623743057 0.0000000000 0.0000000000 0.2428915054 2.1394503117
-12.8894920349 31.1381130219 7.4282922745 14.8255825043 0.0000000000 0.0000000000 0.2421841919 2.1301119328
-12.9232769012 31.2188167572 7.3762965202 14.7890758514 0.0000000000 0.0000000000 0.2414938509 2.1209206581
-12.9569883347 31.2992782593 7.3233275414 14.7523374557 0.0000000000 0.0000000000 0.2408295572 2.1118738651
-12.9906158447 31.3794784546 7.2696671486 14.7149839401 0.0000000000 0.0000000000 0.2401782423 2.1029658318
-13.0241565704 31.4594497681 7.2142653465 14.6768264771 0.0000000000 0.0000000000 0.2395144552 2.0942010880
-13.0576324463 31.5392036438 7.1573562622 14.6383733749 0.0000000000 0.0000000000 0.2388390452 2.0855743885
-13.0909318924 31.6184463501 7.0993065834 14.5998353958 0.0000000000 0.0000000000 0.2381542027 2.0770666599
-13.1240253448 31.6971874237 7.0401344299 14.5608949661 0.0000000000 0.0000000000 0.2374652922 2.0686528683
-13.1570053101 31.7755336761 6.9803342819 14.5224170685 0.0000000000 0.0000000000 0.2367946953 2.0603230000
-13.1898212433 31.8535518646 6.9204759598 14.4836177826 0.0000000000 0.0000000000 0.2361497879 2.0520901680
-13.2225513458 31.9313659668 6.8610911369 14.4446887970 0.0000000000 0.0000000000 0.2355361134 2.0439510345
-13.2551612854 32.0088882446 6.8033967018 14.4059829712 0.0000000000 0.0000000000 0.2349448353 2.0359125137
-13.2876844406 32.0862350464 6.7482814789 14.3678455353 0.0000000000 0.0000000000 0.2343531251 2.0279679298
-13.3200817108 32.1633033752 6.6948685646 14.3299016953 0.0000000000 0.0000000000 0.2337446511 2.0201187134
-13.3523950577 32.2401657104 6.6434278488 14.2917213440 0.0000000000 0.0000000000 0.2331139594 2.0123591423
-13.3845911026 32.3167724609 6.5942916870 14.2533826828 0.0000000000 0.0000000000 0.2324532866 2.0047011375
-13.4166688919 32.3931045532 6.5472493172 14.2159347534 0.0000000000 0.0000000000 0.2317612916 1.9971457720
-13.4485349655 32.4689979553 6.5008249283 14.1792201996 0.0000000000 0.0000000000 0.2310572714 1.9897139072
-13.4802961349 32.5445480347 6.4546980858 14.1432228088 0.0000000000 0.0000000000 0.2303438187 1.9824128151
-13.5119524002 32.6198692322 6.4080467224 14.1066884995 0.0000000000 0.0000000000 0.2296134830 1.9752517939
-13.5434293747 32.6947059631 6.3607168198 14.0706024170 0.0000000000 0.0000000000 0.2288721651 1.9682362080
-13.5747671127 32.7691001892 6.3133091927 14.0345077515 0.0000000000 0.0000000000 0.2281414568 1.9613474607
-13.6059379578 32.8431930542 6.2654891014 13.9972105026 0.0000000000 0.0000000000 0.2274226397 1.9546020031
-13.6370363235 32.9171600342 6.2165441513 13.9596862793 0.0000000000 0.0000000000 0.2267170548 1.9479889870
-13.6680946350 32.9910049438 6.1675205231 13.9228601456 0.0000000000 0.0000000000 0.2260225117 1.9415194988
-13.6990499496 33.0646781921 6.1186928749 13.8866176605 0.0000000000 0.0000000000 0.2253375947 1.9351699352
-13.7298927307 33.1380729675 6.0701465607 13.8512468338 0.0000000000 0.0000000000 0.2246639282 1.9289323092
-13.7605476379 33.2111434937 6.0218963623 13.8150253296 0.0000000000 0.0000000000 0.2240033746 1.9227904081
-13.7911329269 33.2840423584 5.9743475914 13.7796449661 0.0000000000 0.0000000000 0.2233623117 1.9167418480
-13.8216209412 33.3567810059 5.9273004532 13.7454614639 0.0000000000 0.0000000000 0.2227468491 1.9107801914
-13.8520555496 33.4294204712 5.8805971146 13.7110633850 0.0000000000 0.0000000000 0.2221673876 1.9049118757
-13.8823566437 33.5018463135 5.8343658447 13.6767597198 0.0000000000 0.0000000000 0.2216323763 1.8991303444
-13.9124822617 33.5739631653 5.7891254425 13.6425504684 0.0000000000 0.0000000000 0.2211389989 1.8934522867
-13.9425163269 33.6458282471 5.7438697815 13.6084928513 0.0000000000 0.0000000000 0.2206759453 1.8878798485
-13.9724397659 33.7175407410 5.6987571716 13.5744180679 0.0000000000 0.0000000000 0.2202185541 1.8824394941
-14.0022153854 33.7890586853 5.6533174515 13.5408191681 0.0000000000 0.0000000000 0.2197453976 1.8771052361
-14.0317897797 33.8603935242 5.6080722809 13.5085763931 0.0000000000 0.0000000000 0.2192399353 1.8718696833
-14.0612325668 33.9315299988 5.5638108253 13.4771833420 0.0000000000 0.0000000000 0.2187172472 1.8667029142
-14.0906200409 34.0024795532 5.5203895569 13.4468574524 0.0000000000 0.0000000000 0.2181789428 1.8615971804
-14.1199493408 34.0732498169 5.4769520760 13.4168386459 0.0000000000 0.0000000000 0.2176441550 1.8565561771
-14.1491794586 34.1437950134 5.4339742661 13.3871402740 0.0000000000 0.0000000000 0.2171224505 1.8515620232
-14.1783447266 34.2141342163 5.3908529282 13.3583030701 0.0000000000 0.0000000000 0.2166066617 1.8466212749
-14.2074308395 34.2842674255 5.3469877243 13.3297986984 0.0000000000 0.0000000000 0.2161072940 1.8417326212
-14.2363948822 34.3541336060 5.3027949333 13.3012886047 0.0000000000 0.0000000000 0.2156200260 1.8369123936
-14.2652692795 34.4237632751 5.2577381134 13.2728824615 0.0000000000 0.0000000000 0.2151461393 1.8321673870
-14.2940263748 34.4930076599 5.2132177353 13.2456188202 0.0000000000 0.0000000000 0.2146752477 1.8275034428
-14.3226652145 34.5619583130 5.1683259010 13.2183074951 0.0000000000 0.0000000000 0.2142150104 1.8229124546
-14.3512144089 34.6307106018 5.1237363815 13.1915369034 0.0000000000 0.0000000000 0.2137709111 1.8183847666
-14.3797025681 34.6992988586 5.0796217918 13.1652183533 0.0000000000 0.0000000000 0.2133461535 1.8139077425
-14.4081296921 34.7677001953 5.0364069939 13.1393013000 0.0000000000 0.0000000000 0.2129512280 1.8094853163
-14.4363927841 34.8357887268 4.9946680069 13.1142110825 0.0000000000 0.0000000000 0.2125831097 1.8051086664
-14.4645957947 34.9036598206 4.9542455673 13.0893154144 0.0000000000 0.0000000000 0.2122460753 1.8007622957
-14.4927043915 34.9711723328 4.9158992767 13.0649633408 0.0000000000 0.0000000000 0.2119423449 1.7964392900
-14.5207519531 35.0384712219 4.8794403076 13.0404291153 0.0000000000 0.0000000000 0.2116615623 1.7921442986
-14.5487556458 35.1056022644 4.8451871872 13.0153970718 0.0000000000 0.0000000000 0.2113977075 1.7878894806
-14.5767002106 35.1725044250 4.8130221367 12.9901323318 0.0000000000 0.0000000000 0.2111525387 1.7836893797
-14.6045627594 35.2391052246 4.7824029922 12.9646787643 0.0000000000 0.0000000000 0.2109225392 1.7795556784
-14.6322898865 35.3054161072 4.7530579567 12.9396896362 0.0000000000 0.0000000000 0.2106987685 1.7754820585
-14.6598558426 35.3713760376 4.7239055634 12.9150419235 0.0000000000 0.0000000000 0.2104772776 1.7714475393
-14.6874008179 35.4372024536 4.6937785149 12.8904256821 0.0000000000 0.0000000000 0.2102552503 1.7674778700
-14.7149057388 35.5029602051 4.6624441147 12.8663311005 0.0000000000 0.0000000000 0.2100365311 1.7635684013
-14.7423267365 35.5685615540 4.6303038597 12.8430023193 0.0000000000 0.0000000000 0.2098174393 1.7597434521
-14.7696685791 35.6340446472 4.5975356102 12.8201169968 0.0000000000 0.0000000000 0.2096031010 1.7560029030
-14.7969284058 35.6993331909 4.5642781258 12.7978010178 0.0000000000 0.0000000000 0.2093816400 1.7523430586
-14.8241863251 35.7645378113 4.5297784805 12.7757396698 0.0000000000 0.0000000000 0.2091645449 1.7487651110
-14.8514366150 35.8296508789 4.4945945740 12.7537307739 0.0000000000 0.0000000000 0.2089606971 1.7452703714
-14.8786401749 35.8946113586 4.4591884613 12.7315034866 0.0000000000 0.0000000000 0.2087630630 1.7418370247
-14.9057474136 35.9593467712 4.4233274460 12.7092781067 0.0000000000 0.0000000000 0.2085652053 1.7384668589
-14.9328002930 36.0239219666 4.3867974281 12.6868562698 0.0000000000 0.0000000000 0.2083606869 1.7351677418
-14.9597530365 36.0883026123 4.3501472473 12.6647796631 0.0000000000 0.0000000000 0.2081450969 1.7319203615
-14.9865665436 36.1523704529 4.3134665489 12.6429567337 0.0000000000 0.0000000000 0.2079207599 1.7287026644
-15.0132484436 36.2161331177 4.2776112556 12.6213235855 0.0000000000 0.0000000000 0.2076848447 1.7255324125
-15.0398683548 36.2796859741 4.2423954010 12.5999746323 0.0000000000 0.0000000000 0.2074292749 1.7224136591
-15.0663967133 36.3430137634 4.2077908516 12.5789680481 0.0000000000 0.0000000000 0.2071462423 1.7193340063
-15.0929040909 36.4062080383 4.1742076874 12.5581340790 0.0000000000 0.0000000000 0.2068351358 1.7162718773
-15.1193532944 36.4692955017 4.1409239769 12.5375747681 0.0000000000 0.0000000000 0.2064997256 1.7132247686
-15.1457424164 36.5322189331 4.1081628799 12.5174560547 0.0000000000 0.0000000000 0.2061386257 1.7101982832
-15.1720352173 36.5949134827 4.0757761002 12.4979343414 0.0000000000 0.0000000000 0.2057632208 1.7071831226
-15.1983079910 36.6574745178 4.0435752869 12.4788398743 0.0000000000 0.0000000000 0.2053877115 1.7041747570
-15.2245140076 36.7197151184 4.0112681389 12.4600057602 0.0000000000 0.0000000000 0.2050216198 1.7011716366
-15.2506923676 36.7818374634 3.9786703587 12.4412355423 0.0000000000 0.0000000000 0.2046689987 1.6981822252
-15.2767534256 36.8436660767 3.9458429813 12.4228267670 0.0000000000 0.0000000000 0.2043410987 1.6952166557
-15.3027582169 36.9052581787 3.9132616520 12.4052953720 0.0000000000 0.0000000000 0.2040462941 1.6922558546
-15.3287086487 36.9666328430 3.8809797764 12.3879871368 0.0000000000 0.0000000000 0.2037845999 1.6892877817
-15.3544616699 37.0275802612 3.8496818542 12.3708190918 0.0000000000 0.0000000000 0.2035546303 1.6862889528
-15.3801870346 37.0884170532 3.8189568520 12.3536071777 0.0000000000 0.0000000000 0.2033448219 1.6832636595
-15.4058933258 37.1491661072 3.7885575294 12.3362045288 0.0000000000 0.0000000000 0.2031500190 1.6802361012
-15.4315567017 37.2098808289 3.7584600449 12.3186178207 0.0000000000 0.0000000000 0.2029671669 1.6772257090
-15.4571447372 37.2704925537 3.7292900085 12.3010358810 0.0000000000 0.0000000000 0.2027844489 1.6742349863
-15.4827423096 37.3310585022 3.7004055977 12.2834806442 0.0000000000 0.0000000000 0.2025925964 1.6712616682
-15.5083055496 37.3914833069 3.6718585491 12.2661428452 0.0000000000 0.0000000000 0.2023814619 1.6683200598
-15.5338811874 37.4518585205 3.6432261467 12.2489280701 0.0000000000 0.0000000000 0.2021573484 1.6653923988
-15.5594606400 37.5121841431 3.6137168407 12.2318773270 0.0000000000 0.0000000000 0.2019279301 1.6625041962
-15.5850553513 37.5724830627 3.5834069252 12.2147684097 0.0000000000 0.0000000000 0.2016979903 1.6596411467
-15.6106166840 37.6326751709 3.5518727303 12.1977586746 0.0000000000 0.0000000000 0.2014707625 1.6568267345
-15.6361427307 37.6926841736 3.5193667412 12.1805706024 0.0000000000 0.0000000000 0.2012458593 1.6540468931
-15.6616516113 37.7526435852 3.4861116409 12.1633930206 0.0000000000 0.0000000000 0.2010226250 1.6513019800
-15.6870555878 37.8122863770 3.4529409409 12.1464881897 0.0000000000 0.0000000000 0.2007936537 1.6485825777
-15.7123908997 37.8718414307 3.4199564457 12.1295185089 0.0000000000 0.0000000000 0.2005639076 1.6458710432
-15.7376594543 37.9313011169 3.3867402077 12.1124858856 0.0000000000 0.0000000000 0.2003291994 1.6431862116
-15.7627935410 37.9904060364 3.3533794880 12.0953044891 0.0000000000 0.0000000000 0.2000866681 1.6405154467
-15.7878131866 38.0492248535 3.3205611706 12.0785779953 0.0000000000 0.0000000000 0.1998308897 1.6378685236
-15.8127422333 38.1078300476 3.2878060341 12.0618000031 0.0000000000 0.0000000000 0.1995687634 1.6352699995
-15.8376283646 38.1663551331 3.2550077438 12.0453004837 0.0000000000 0.0000000000 0.1993095279 1.6327390671
-15.8623847961 38.2246780396 3.2219765186 12.0295391083 0.0000000000 0.0000000000 0.1990604252 1.6302853823
-15.8870925903 38.2829284668 3.1886422634 12.0138740540 0.0000000000 0.0000000000 0.1988196820 1.6278944016
-15.9117240906 38.3410835266 3.1550874710 11.9982271194 0.0000000000 0.0000000000 0.1985727102 1.6255342960
-15.9362707138 38.3991661072 3.1219522953 11.9826374054 0.0000000000 0.0000000000 0.1983060241 1.6231532097
-15.9607706070 38.4571685791 3.0890667439 11.9672670364 0.0000000000 0.0000000000 0.1980175227 1.6207206249
-15.9852247238 38.5150871277 3.0566930771 11.9520893097 0.0000000000 0.0000000000 0.1977035105 1.6182419062
-16.0095825195 38.5728607178 3.0248873234 11.9371213913 0.0000000000 0.0000000000 0.1973733753 1.6157368422
-16.0338058472 38.6304244995 2.9933941364 11.9222097397 0.0000000000 0.0000000000 0.1970410943 1.6132224798
-16.0579757690 38.6878776550 2.9626247883 11.9073266983 0.0000000000 0.0000000000 0.1967180222 1.6107327938
-16.0821113586 38.7452354431 2.9323563576 11.8924942017 0.0000000000 0.0000000000 0.1964152604 1.6082694530
-16.1061706543 38.8024482727 2.9025330544 11.8775129318 0.0000000000 0.0000000000 0.1961391419 1.6058542728
-16.1301651001 38.8595657349 2.8731851578 11.8625888824 0.0000000000 0.0000000000 0.1958820373 1.6035017967
-16.1540908813 38.9164276123 2.8450114727 11.8480043411 0.0000000000 0.0000000000 0.1956386864 1.6011902094
-16.1779575348 38.9732017517 2.8164620399 11.8333463669 0.0000000000 0.0000000000 0.1954000592 1.5988956690
-16.2018051147 39.0299301147 2.7877976894 11.8187694550 0.0000000000 0.0000000000 0.1951505542 1.5965971947
-16.2256298065 39.0866050720 2.7589097023 11.8043088913 0.0000000000 0.0000000000 0.1948900521 1.5942828655
-16.2494239807 39.1432075500 2.7301843166 11.7900381088 0.0000000000 0.0000000000 0.1946045309 1.5919437408
-16.2731342316 39.1996726990 2.7008237839 11.7759370804 0.0000000000 0.0000000000 0.1942897439 1.5896071196
-16.2967758179 39.2560234070 2.6709001064 11.7620706558 0.0000000000 0.0000000000 0.1939526796 1.5872722864
-16.3203926086 39.3122978210 2.6405920982 11.7482624054 0.0000000000 0.0000000000 0.1936028302 1.5849502087
-16.3439769745 39.3684654236 2.6096320152 11.7344770432 0.0000000000 0.0000000000 0.1932557821 1.5826474428
-16.3674755096 39.4244842529 2.5783326626 11.7206687927 0.0000000000 0.0000000000 0.1929245293 1.5803673267
-16.3909320831 39.4803848267 2.5464165211 11.7068157196 0.0000000000 0.0000000000 0.1926168948 1.5780785084
-16.4143447876 39.5361595154 2.5152857304 11.6928472519 0.0000000000 0.0000000000 0.1923274845 1.5757753849
-16.4376716614 39.5917892456 2.4856421947 11.6788110733 0.0000000000 0.0000000000 0.1920432895 1.5734678507
-16.4609527588 39.6473083496 2.4571983814 11.6646862030 0.0000000000 0.0000000000 0.1917518377 1.5711433887
-16.4841938019 39.7027282715 2.4299361706 11.6506605148 0.0000000000 0.0000000000 0.1914430112 1.5688067675
-16.5073070526 39.7578620911 2.4036834240 11.6366252899 0.0000000000 0.0000000000 0.1911164373 1.5664526224
-16.5303802490 39.8128662109 2.3777256012 11.6225929260 0.0000000000 0.0000000000 0.1907746047 1.5640878677
-16.5533752441 39.8676948547 2.3521499634 11.6086635590 0.0000000000 0.0000000000 0.1904195249 1.5617427826
-16.5763549805 39.9224357605 2.3265607357 11.5948781967 0.0000000000 0.0000000000 0.1900384426 1.5594110489
-16.5992984772 39.9770736694 2.3011631966 11.5811948776 0.0000000000 0.0000000000 0.1896384805 1.5570713282
-16.6221637726 40.0315246582 2.2757608891 11.5675640106 0.0000000000 0.0000000000 0.1892332435 1.5547184944
-16.6449928284 40.0858573914 2.2503290176 11.5538854599 0.0000000000 0.0000000000 0.1888446212 1.5523740053
-16.6677322388 40.1399421692 2.2246208191 11.5403499603 0.0000000000 0.0000000000 0.1884841323 1.5500451326
-16.6903610229 40.1937294006 2.1989052296 11.5275506973 0.0000000000 0.0000000000 0.1881617010 1.5477466583
-16.7129039764 40.2473373413 2.1730868816 11.5147533417 0.0000000000 0.0000000000 0.1878825128 1.5454436541
-16.7353687286 40.3008308411 2.1472408772 11.5018358231 0.0000000000 0.0000000000 0.1876449138 1.5431295633
-16.7577209473 40.3541641235 2.1216378212 11.4890193939 0.0000000000 0.0000000000 0.1874344200 1.5408396721
-16.7800407410 40.4074134827 2.0955877304 11.4763870239 0.0000000000 0.0000000000 0.1872398853 1.5386195183
-16.8023357391 40.4605751038 2.0693697929 11.4638633728 0.0000000000 0.0000000000 0.1870611459 1.5364372730
-16.8246059418 40.5136375427 2.0429627895 11.4513072968 0.0000000000 0.0000000000 0.1868974566 1.5342290401
-16.8467979431 40.5665283203 2.0168673992 11.4388790131 0.0000000000 0.0000000000 0.1867509335 1.5320094824
-16.8689517975 40.6193122864 1.9907597303 11.4264717102 0.0000000000 0.0000000000 0.1866113693 1.5298390388
-16.8910179138 40.6719398499 1.9649883509 11.4141654968 0.0000000000 0.0000000000 0.1864637285 1.5277384520
-16.9130363464 40.7244300842 1.9397962093 11.4019250870 0.0000000000 0.0000000000 0.1863020808 1.5256558657
-16.9349994659 40.7767791748 1.9149241447 11.3897371292 0.0000000000 0.0000000000 0.1861334890 1.5235534906
-16.9569129944 40.8289680481 1.8903951645 11.3776168823 0.0000000000 0.0000000000 0.1859641969 1.5214359760
-16.9787273407 40.8809432983 1.8664082289 11.3657493591 0.0000000000 0.0000000000 0.1857999265 1.5192800760
-17.0003986359 40.9326972961 1.8431949615 11.3540220261 0.0000000000 0.0000000000 0.1856377125 1.5171352625
-17.0219898224 40.9842605591 1.8209846020 11.3430757523 0.0000000000 0.0000000000 0.1854850650 1.5150092840
-17.0435390472 41.0357170105 1.7990847826 11.3320808411 0.0000000000 0.0000000000 0.1853407472 1.5129076242
-17.0650482178 41.0870742798 1.7776484489 11.3210620880 0.0000000000 0.0000000000 0.1851991266 1.5108424425
-17.0864849091 41.1382522583 1.7566138506 11.3101463318 0.0000000000 0.0000000000 0.1850531697 1.5087755919
-17.1078815460 41.1893157959 1.7358179092 11.2993431091 0.0000000000 0.0000000000 0.1849010587 1.5067147017
-17.1291561127 41.2401313782 1.7148325443 11.2887077332 0.0000000000 0.0000000000 0.1847318560 1.5046751499
-17.1504039764 41.2908515930 1.6938203573 11.2781934738 0.0000000000 0.0000000000 0.1845332831 1.5026578903
-17.1716346741 41.3414993286 1.6727286577 11.2676324844 0.0000000000 0.0000000000 0.1842994243 1.5006413460
-17.1928100586 41.3920364380 1.6518087387 11.2569990158 0.0000000000 0.0000000000 0.1840356737 1.4986199141
-17.2139377594 41.4424896240 1.6311501265 11.2460746765 0.0000000000 0.0000000000 0.1837520748 1.4966205359
-17.2350635529 41.4928970337 1.6101344824 11.2350397110 0.0000000000 0.0000000000 0.1834614426 1.4946663380
-17.2561893463 41.5432510376 1.5892672539 11.2239837646 0.0000000000 0.0000000000 0.1831829995 1.4927605391
-17.2772750854 41.5934333801 1.5683722496 11.2130031586 0.0000000000 0.0000000000 0.1829274148 1.4908640385
-17.2983684540 41.6435699463 1.5474915504 11.2021141052 0.0000000000 0.0000000000 0.1827066839 1.4889932871
-17.3193702698 41.6935462952 1.5270719528 11.1911611557 0.0000000000 0.0000000000 0.1825209707 1.4871758223
-17.3403339386 41.7434425354 1.5070236921 11.1800470352 0.0000000000 0.0000000000 0.1823537201 1.4854292870
-17.3612442017 41.7932243347 1.4870953560 11.1688508987 0.0000000000 0.0000000000 0.1821932346 1.4837163687
-17.3821029663 41.8429107666 1.4674170017 11.1577081680 0.0000000000 0.0000000000 0.1820247769 1.4820222855
-17.4028625488 41.8923187256 1.4486852884 11.1470308304 0.0000000000 0.0000000000 0.1818360537 1.4803369045
-17.4235782623 41.9416275024 1.4303100109 11.1362457275 0.0000000000 0.0000000000 0.1816209853 1.4786713123
-17.4442539215 41.9908027649 1.4133841991 11.1253910065 0.0000000000 0.0000000000 0.1813797951 1.4770295620
-17.4649238586 42.0398979187 1.3978154659 11.1147193909 0.0000000000 0.0000000000 0.1811208576 1.4753940105
-17.4855499268 42.0888023376 1.3827506304 11.1043529510 0.0000000000 0.0000000000 0.1808532625 1.4737709761
-17.5060825348 42.1375846863 1.3674880266 11.0940999985 0.0000000000 0.0000000000 0.1805899888 1.4721897840
-17.5266265869 42.1862945557 1.3516272306 11.0841398239 0.0000000000 0.0000000000 0.1803349555 1.4706599712
-17.5471706390 42.2349243164 1.3347944021 11.0744886398 0.0000000000 0.0000000000 0.1800926030 1.4691796303
-17.5676326752 42.2832489014 1.3170049191 11.0654706955 0.0000000000 0.0000000000 0.1798662543 1.4677524567
-17.5880584717 42.3313980103 1.2978500128 11.0566310883 0.0000000000 0.0000000000 0.1796462536 1.4663529396
-17.6084938049 42.3795013428 1.2779809237 11.0481653214 0.0000000000 0.0000000000 0.1794281751 1.4649569988
-17.6289310455 42.4275169373 1.2576047182 11.0398397446 0.0000000000 0.0000000000 0.1792114079 1.4635562897
-17.6493034363 42.4753875732 1.2369461060 11.0317630768 0.0000000000 0.0000000000 0.1789910346 1.4621723890
-17.6695728302 42.5230216980 1.2163413763 11.0239858627 0.0000000000 0.0000000000 0.1787736863 1.4608029127
-17.6897869110 42.5703849792 1.1962538958 11.0167570114 0.0000000000 0.0000000000 0.1785610765 1.4594405890
-17.7099552155 42.6175498962 1.1765625477 11.0092983246 0.0000000000 0.0000000000 0.1783546805 1.4580864906
-17.7300319672 42.6645889282 1.1576033831 11.0016174316 0.0000000000 0.0000000000 0.1781544685 1.4567451477
-17.7500629425 42.7114524841 1.1389178038 10.9935998917 0.0000000000 0.0000000000 0.1779612899 1.4554351568
-17.7700901031 42.7582511902 1.1210089922 10.9853019714 0.0000000000 0.0000000000 0.1777733862 1.4541263580
-17.7901058197 42.8049850464 1.1035112143 10.9767770767 0.0000000000 0.0000000000 0.1775881946 1.4527993202
-17.8101043701 42.8516540527 1.0864306688 10.9680318832 0.0000000000 0.0000000000 0.1773981452 1.4514690638
-17.8300819397 42.8982543945 1.0693331957 10.9590740204 0.0000000000 0.0000000000 0.1771950424 1.4501655102
-17.8499565125 42.9447059631 1.0525230169 10.9503345490 0.0000000000 0.0000000000 0.1769900769 1.4488509893
-17.8697719574 42.9910354614 1.0359026194 10.9416227341 0.0000000000 0.0000000000 0.1767793596 1.4475522041
-17.8895092010 43.0370864868 1.0192178488 10.9328851700 0.0000000000 0.0000000000 0.1765672863 1.4462801218
-17.9091739655 43.0829505920 1.0020303726 10.9244041443 0.0000000000 0.0000000000 0.1763461679 1.4450527430
-17.9287643433 43.1286582947 0.9844249487 10.9163827896 0.0000000000 0.0000000000 0.1761140376 1.4438601732
-17.9482746124 43.1742706299 0.9660213590 10.9085464478 0.0000000000 0.0000000000 0.1758739054 1.4427016973
-17.9677753448 43.2198066711 0.9467488527 10.9009933472 0.0000000000 0.0000000000 0.1756285727 1.4415789843
-17.9871654510 43.2651481628 0.9270151258 10.8937196732 0.0000000000 0.0000000000 0.1753790826 1.4404979944
-18.0064563751 43.3103103638 0.9072576761 10.8864927292 0.0000000000 0.0000000000 0.1751365513 1.4394475222
-18.0257320404 43.3554000854 0.8876459002 10.8793153763 0.0000000000 0.0000000000 0.1749142110 1.4384191036
-18.0449485779 43.4003334045 0.8687314391 10.8722496033 0.0000000000 0.0000000000 0.1747240871 1.4374002218
-18.0640487671 43.4450492859 0.8505411744 10.8654041290 0.0000000000 0.0000000000 0.1745602489 1.4363750219
