#         COST_U        COST_H      COST_D       COST_S       REGU_H       REGU_S          HPO           COSTGLEN 
294.1456604004 0.0000000000 0.0000000000 0.0000000000 20.5899600983 0.0000000000 1.7718815804
102.8504943848 0.0000000000 0.0000000000 0.1214563623 20.0647735596 0.0000000000 -0.1090284586
74.1327590942 0.0000000000 0.0000000000 0.3888156712 19.1521778107 0.0000000000 -0.3740146160
67.8445892334 0.0000000000 0.0000000000 0.7320989966 18.8034839630 0.0000000000 -0.3899736404
62.2803649902 0.0000000000 0.0000000000 1.1122602224 18.9960803986 0.0000000000 -0.3631188869
55.7483329773 0.0000000000 0.0000000000 1.5064847469 19.5358448029 0.0000000000 -0.3362416029
48.7848320007 0.0000000000 0.0000000000 1.8978594542 19.6058654785 0.0000000000 -0.3202323914
42.0281486511 0.0000000000 0.0000000000 2.2727971077 19.8024311066 0.0000000000 -0.3167078495
35.7653923035 0.0000000000 0.0000000000 2.6205747128 19.7135219574 0.0000000000 -0.3223032951
30.2416725159 0.0000000000 0.0000000000 2.9323372841 19.3688049316 0.0000000000 -0.3335374594
25.7124786377 0.0000000000 0.0000000000 3.2015452385 19.0950870514 0.0000000000 -0.3460478783
22.3102073669 0.0000000000 0.0000000000 3.4236061573 18.8588390350 0.0000000000 -0.3553703427
19.9532604218 0.0000000000 0.0000000000 3.5958082676 18.4427433014 0.0000000000 -0.3598652482
18.4198265076 0.0000000000 0.0000000000 3.7174091339 18.1451454163 0.0000000000 -0.3597657681
17.4590091705 0.0000000000 0.0000000000 3.7898695469 17.9082698822 0.0000000000 -0.3569955826
16.8675212860 0.0000000000 0.0000000000 3.8164219856 17.8267917633 0.0000000000 -0.3532384634
16.4783916473 0.0000000000 0.0000000000 3.8017394543 17.7618789673 0.0000000000 -0.3495115042
16.1809253693 0.0000000000 0.0000000000 3.7512671947 17.6908969879 0.0000000000 -0.3467696309
15.9188184738 0.0000000000 0.0000000000 3.6709878445 17.6326980591 0.0000000000 -0.3451761007
15.6626033783 0.0000000000 0.0000000000 3.5667040348 17.5916576385 0.0000000000 -0.3449187577
15.4072103500 0.0000000000 0.0000000000 3.4439218044 17.5771350861 0.0000000000 -0.3461643457
15.1620998383 0.0000000000 0.0000000000 3.3078081608 17.5907211304 0.0000000000 -0.3486078382
14.9481306076 0.0000000000 0.0000000000 3.1631162167 17.6016616821 0.0000000000 -0.3522526026
14.7926626205 0.0000000000 0.0000000000 3.0139596462 17.6078052521 0.0000000000 -0.3568161130
14.7242765427 0.0000000000 0.0000000000 2.8640584946 17.6133346558 0.0000000000 -0.3622621298
14.7696247101 0.0000000000 0.0000000000 2.7164750099 17.6119899750 0.0000000000 -0.3683766127
14.9564552307 0.0000000000 0.0000000000 2.5736701488 17.5994606018 0.0000000000 -0.3749661446
15.3111801147 0.0000000000 0.0000000000 2.4375259876 17.5796184540 0.0000000000 -0.3818975091
15.8537979126 0.0000000000 0.0000000000 2.3095357418 17.5520973206 0.0000000000 -0.3885207176
16.5963420868 0.0000000000 0.0000000000 2.1907904148 17.5140953064 0.0000000000 -0.3949437737
17.5415382385 0.0000000000 0.0000000000 2.0820357800 17.4804172516 0.0000000000 -0.4007118344
18.6827926636 0.0000000000 0.0000000000 1.9839611053 17.4258384705 0.0000000000 -0.4052513242
19.9982719421 0.0000000000 0.0000000000 1.8972080946 17.3811950684 0.0000000000 -0.4084387422
21.4127845764 0.0000000000 0.0000000000 1.8223453760 17.3593845367 0.0000000000 -0.4099375606
22.8236141205 0.0000000000 0.0000000000 1.7599872351 17.3468322754 0.0000000000 -0.4097870588
24.1042079926 0.0000000000 0.0000000000 1.7106612921 17.3294353485 0.0000000000 -0.4084624052
25.1086273193 0.0000000000 0.0000000000 1.6750884056 17.3085060120 0.0000000000 -0.4068875313
25.7126369476 0.0000000000 0.0000000000 1.6538313627 17.2801933289 0.0000000000 -0.4048031569
25.8433647156 0.0000000000 0.0000000000 1.6471723318 17.2429981232 0.0000000000 -0.4034216404
25.5071811676 0.0000000000 0.0000000000 1.6551088095 17.1998882294 0.0000000000 -0.4020321369
24.7784023285 0.0000000000 0.0000000000 1.6771700382 17.1575813293 0.0000000000 -0.4009593725
23.7772731781 0.0000000000 0.0000000000 1.7120966911 17.1088809967 0.0000000000 -0.3997207880
22.6397628784 0.0000000000 0.0000000000 1.7580287457 17.0631790161 0.0000000000 -0.3983230591
21.4910430908 0.0000000000 0.0000000000 1.8126307726 17.0222263336 0.0000000000 -0.3959170580
20.4166679382 0.0000000000 0.0000000000 1.8730661869 16.9822444916 0.0000000000 -0.3932334185
19.4746761322 0.0000000000 0.0000000000 1.9364181757 16.9440765381 0.0000000000 -0.3895279169
18.6829261780 0.0000000000 0.0000000000 2.0000002384 16.9019241333 0.0000000000 -0.3865026236
18.0490951538 0.0000000000 0.0000000000 2.0613596439 16.8615074158 0.0000000000 -0.3826135993
17.5708332062 0.0000000000 0.0000000000 2.1186766624 16.8230323792 0.0000000000 -0.3792243600
17.2358360291 0.0000000000 0.0000000000 2.1706848145 16.7882385254 0.0000000000 -0.3761036396
17.0199413300 0.0000000000 0.0000000000 2.2166659832 16.7532405853 0.0000000000 -0.3732814193
16.8973960876 0.0000000000 0.0000000000 2.2563815117 16.7190055847 0.0000000000 -0.3705383539
16.8391914368 0.0000000000 0.0000000000 2.2900578976 16.6857738495 0.0000000000 -0.3675456047
16.8143272400 0.0000000000 0.0000000000 2.3181035519 16.6539077759 0.0000000000 -0.3657690287
16.7922306061 0.0000000000 0.0000000000 2.3411364555 16.6208229065 0.0000000000 -0.3633579612
16.7509498596 0.0000000000 0.0000000000 2.3598361015 16.5859546661 0.0000000000 -0.3611775637
16.6718444824 0.0000000000 0.0000000000 2.3748486042 16.5557918549 0.0000000000 -0.3590086699
16.5500526428 0.0000000000 0.0000000000 2.3867282867 16.5265426636 0.0000000000 -0.3563809991
16.3819236755 0.0000000000 0.0000000000 2.3958089352 16.4966869354 0.0000000000 -0.3540017605
16.1695613861 0.0000000000 0.0000000000 2.4023056030 16.4656753540 0.0000000000 -0.3512614965
15.9141902924 0.0000000000 0.0000000000 2.4062297344 16.4333457947 0.0000000000 -0.3482936025
15.6166648865 0.0000000000 0.0000000000 2.4076344967 16.3978939056 0.0000000000 -0.3458567262
15.2794656754 0.0000000000 0.0000000000 2.4064869881 16.3594989777 0.0000000000 -0.3433976173
14.9124164581 0.0000000000 0.0000000000 2.4027235508 16.3188114166 0.0000000000 -0.3409252763
14.5250377655 0.0000000000 0.0000000000 2.3960337639 16.2761726379 0.0000000000 -0.3389338851
14.1302747726 0.0000000000 0.0000000000 2.3862075806 16.2310657501 0.0000000000 -0.3370344639
13.7357263565 0.0000000000 0.0000000000 2.3729615211 16.1876888275 0.0000000000 -0.3344488144
13.3437557220 0.0000000000 0.0000000000 2.3560326099 16.1458454132 0.0000000000 -0.3327973485
12.9594535828 0.0000000000 0.0000000000 2.3352572918 16.1064414978 0.0000000000 -0.3309598565
12.5858240128 0.0000000000 0.0000000000 2.3105597496 16.0686988831 0.0000000000 -0.3289176226
12.2281179428 0.0000000000 0.0000000000 2.2818746567 16.0339527130 0.0000000000 -0.3269915581
11.8943414688 0.0000000000 0.0000000000 2.2493307590 16.0017585754 0.0000000000 -0.3255101442
11.5905847549 0.0000000000 0.0000000000 2.2131171227 15.9715709686 0.0000000000 -0.3238390088
11.3256435394 0.0000000000 0.0000000000 2.1735701561 15.9423294067 0.0000000000 -0.3225681782
11.1010627747 0.0000000000 0.0000000000 2.1311464310 15.9133987427 0.0000000000 -0.3210096359
10.9173307419 0.0000000000 0.0000000000 2.0862936974 15.8843917847 0.0000000000 -0.3197606802
10.7694501877 0.0000000000 0.0000000000 2.0396840572 15.8558044434 0.0000000000 -0.3183326125
10.6492757797 0.0000000000 0.0000000000 1.9919333458 15.8263177872 0.0000000000 -0.3171257973
10.5508508682 0.0000000000 0.0000000000 1.9436498880 15.7959518433 0.0000000000 -0.3161048293
10.4649877548 0.0000000000 0.0000000000 1.8954211473 15.7647075653 0.0000000000 -0.3148521185
10.3811435699 0.0000000000 0.0000000000 1.8478338718 15.7332782745 0.0000000000 -0.3138697147
10.2881669998 0.0000000000 0.0000000000 1.8012669086 15.7025070190 0.0000000000 -0.3125327826
10.1800832748 0.0000000000 0.0000000000 1.7560532093 15.6713743210 0.0000000000 -0.3115397692
10.0544977188 0.0000000000 0.0000000000 1.7123713493 15.6404180527 0.0000000000 -0.3101994991
9.9125127792 0.0000000000 0.0000000000 1.6702871323 15.6105375290 0.0000000000 -0.3092651367
9.7594795227 0.0000000000 0.0000000000 1.6298412085 15.5812644958 0.0000000000 -0.3080736995
9.6033697128 0.0000000000 0.0000000000 1.5909631252 15.5529050827 0.0000000000 -0.3069389462
9.4518032074 0.0000000000 0.0000000000 1.5535842180 15.5253820419 0.0000000000 -0.3056025505
9.3107252121 0.0000000000 0.0000000000 1.5175620317 15.4978351593 0.0000000000 -0.3045792580
9.1849861145 0.0000000000 0.0000000000 1.4827549458 15.4702453613 0.0000000000 -0.3033775091
9.0761871338 0.0000000000 0.0000000000 1.4490535259 15.4427404404 0.0000000000 -0.3023208976
8.9822587967 0.0000000000 0.0000000000 1.4164506197 15.4157505035 0.0000000000 -0.3010857105
8.9004602432 0.0000000000 0.0000000000 1.3850106001 15.3893709183 0.0000000000 -0.2998870611
8.8264045715 0.0000000000 0.0000000000 1.3547804356 15.3642787933 0.0000000000 -0.2990447283
8.7561073303 0.0000000000 0.0000000000 1.3258066177 15.3404541016 0.0000000000 -0.2980358601
8.6860551834 0.0000000000 0.0000000000 1.2981641293 15.3182296753 0.0000000000 -0.2970602512
8.6134653091 0.0000000000 0.0000000000 1.2718918324 15.2967414856 0.0000000000 -0.2959308624
8.5363588333 0.0000000000 0.0000000000 1.2469096184 15.2763757706 0.0000000000 -0.2949568033
8.4543151855 0.0000000000 0.0000000000 1.2231913805 15.2567024231 0.0000000000 -0.2939183116
8.3671026230 0.0000000000 0.0000000000 1.2007160187 15.2376260757 0.0000000000 -0.2929372787
8.2757406235 0.0000000000 0.0000000000 1.1794682741 15.2187004089 0.0000000000 -0.2919418216
8.1823034286 0.0000000000 0.0000000000 1.1593656540 15.1995763779 0.0000000000 -0.2908286452
8.0883722305 0.0000000000 0.0000000000 1.1403175592 15.1801815033 0.0000000000 -0.2897052169
7.9957304001 0.0000000000 0.0000000000 1.1221934557 15.1602907181 0.0000000000 -0.2886663079
7.9057259560 0.0000000000 0.0000000000 1.1049386263 15.1396722794 0.0000000000 -0.2878247499
7.8180603981 0.0000000000 0.0000000000 1.0884428024 15.1180171967 0.0000000000 -0.2868982553
7.7337079048 0.0000000000 0.0000000000 1.0725229979 15.0959949493 0.0000000000 -0.2858765125
7.6522812843 0.0000000000 0.0000000000 1.0571311712 15.0736913681 0.0000000000 -0.2849637866
7.5732417107 0.0000000000 0.0000000000 1.0422000885 15.0511445999 0.0000000000 -0.2842139602
7.4957780838 0.0000000000 0.0000000000 1.0275787115 15.0291194916 0.0000000000 -0.2832716703
7.4187760353 0.0000000000 0.0000000000 1.0132619143 15.0077323914 0.0000000000 -0.2823935151
7.3417310715 0.0000000000 0.0000000000 0.9991976023 14.9865436554 0.0000000000 -0.2815751433
7.2649564743 0.0000000000 0.0000000000 0.9853814840 14.9657058716 0.0000000000 -0.2806289196
7.1895055771 0.0000000000 0.0000000000 0.9718549848 14.9453525543 0.0000000000 -0.2798918486
7.1160945892 0.0000000000 0.0000000000 0.9585757852 14.9250268936 0.0000000000 -0.2789375782
7.0442314148 0.0000000000 0.0000000000 0.9455249906 14.9045372009 0.0000000000 -0.2782442570
6.9747076035 0.0000000000 0.0000000000 0.9326850772 14.8840579987 0.0000000000 -0.2773770094
6.9072017670 0.0000000000 0.0000000000 0.9200171828 14.8636264801 0.0000000000 -0.2767816782
6.8412446976 0.0000000000 0.0000000000 0.9075816274 14.8430776596 0.0000000000 -0.2760334611
6.7758560181 0.0000000000 0.0000000000 0.8953639865 14.8226175308 0.0000000000 -0.2752124071
6.7111253738 0.0000000000 0.0000000000 0.8833876252 14.8026638031 0.0000000000 -0.2743466496
6.6465730667 0.0000000000 0.0000000000 0.8716162443 14.7828464508 0.0000000000 -0.2736818194
6.5812535286 0.0000000000 0.0000000000 0.8600858450 14.7630786896 0.0000000000 -0.2732254267
6.5148868561 0.0000000000 0.0000000000 0.8487893343 14.7438774109 0.0000000000 -0.2725164890
6.4479475021 0.0000000000 0.0000000000 0.8377097249 14.7250232697 0.0000000000 -0.2718127966
6.3814444542 0.0000000000 0.0000000000 0.8268634081 14.7062358856 0.0000000000 -0.2712821364
6.3149857521 0.0000000000 0.0000000000 0.8162525892 14.6878108978 0.0000000000 -0.2706858516
6.2496390343 0.0000000000 0.0000000000 0.8058522344 14.6694965363 0.0000000000 -0.2700769305
6.1853823662 0.0000000000 0.0000000000 0.7956638336 14.6512765884 0.0000000000 -0.2694852352
6.1232323647 0.0000000000 0.0000000000 0.7857079506 14.6326560974 0.0000000000 -0.2688984275
6.0634279251 0.0000000000 0.0000000000 0.7759764791 14.6134538651 0.0000000000 -0.2683447003
6.0053734779 0.0000000000 0.0000000000 0.7664865851 14.5956487656 0.0000000000 -0.2678480148
5.9493598938 0.0000000000 0.0000000000 0.7572180033 14.5780868530 0.0000000000 -0.2672007680
5.8946447372 0.0000000000 0.0000000000 0.7482078075 14.5610065460 0.0000000000 -0.2667773366
5.8409619331 0.0000000000 0.0000000000 0.7394697666 14.5448379517 0.0000000000 -0.2662628293
5.7878446579 0.0000000000 0.0000000000 0.7310033441 14.5296974182 0.0000000000 -0.2657656670
5.7350611687 0.0000000000 0.0000000000 0.7227892876 14.5115547180 0.0000000000 -0.2652010322
5.6827692986 0.0000000000 0.0000000000 0.7148097157 14.4940404892 0.0000000000 -0.2647241354
5.6307239532 0.0000000000 0.0000000000 0.7070764303 14.4763927460 0.0000000000 -0.2642828226
5.5785708427 0.0000000000 0.0000000000 0.6995533109 14.4584741592 0.0000000000 -0.2637878656
5.5265150070 0.0000000000 0.0000000000 0.6922256351 14.4403429031 0.0000000000 -0.2632778883
5.4750323296 0.0000000000 0.0000000000 0.6851015091 14.4225673676 0.0000000000 -0.2626449466
5.4240703583 0.0000000000 0.0000000000 0.6781902313 14.4053840637 0.0000000000 -0.2622610927
5.3742294312 0.0000000000 0.0000000000 0.6714670658 14.3884096146 0.0000000000 -0.2616368532
5.3252358437 0.0000000000 0.0000000000 0.6649157405 14.3718271255 0.0000000000 -0.2613547444
5.2766699791 0.0000000000 0.0000000000 0.6585415602 14.3544759750 0.0000000000 -0.2607792616
5.2281737328 0.0000000000 0.0000000000 0.6523264050 14.3378515244 0.0000000000 -0.2604112625
5.1793518066 0.0000000000 0.0000000000 0.6462233663 14.3216619492 0.0000000000 -0.2599771619
5.1305646896 0.0000000000 0.0000000000 0.6402040124 14.3057594299 0.0000000000 -0.2595891356
5.0821714401 0.0000000000 0.0000000000 0.6342678070 14.2899799347 0.0000000000 -0.2590963840
5.0336461067 0.0000000000 0.0000000000 0.6283963919 14.2745428085 0.0000000000 -0.2586265206
4.9852781296 0.0000000000 0.0000000000 0.6225376129 14.2585973740 0.0000000000 -0.2581859231
4.9376025200 0.0000000000 0.0000000000 0.6166875958 14.2431364059 0.0000000000 -0.2576855421
4.8905797005 0.0000000000 0.0000000000 0.6108596921 14.2278680801 0.0000000000 -0.2573747039
4.8442010880 0.0000000000 0.0000000000 0.6050220132 14.2126493454 0.0000000000 -0.2569901347
4.7986388206 0.0000000000 0.0000000000 0.5991126895 14.1975879669 0.0000000000 -0.2565065026
4.7547125816 0.0000000000 0.0000000000 0.5931264758 14.1827220917 0.0000000000 -0.2562622428
4.7120909691 0.0000000000 0.0000000000 0.5870469213 14.1678581238 0.0000000000 -0.2558451295
4.6707129478 0.0000000000 0.0000000000 0.5808866024 14.1533527374 0.0000000000 -0.2554620504
4.6305146217 0.0000000000 0.0000000000 0.5745894313 14.1385965347 0.0000000000 -0.2550323009
4.5917162895 0.0000000000 0.0000000000 0.5681960583 14.1236743927 0.0000000000 -0.2548089027
4.5538811684 0.0000000000 0.0000000000 0.5617570877 14.1093864441 0.0000000000 -0.2544411421
4.5166091919 0.0000000000 0.0000000000 0.5553084612 14.0952692032 0.0000000000 -0.2540809512
4.4799752235 0.0000000000 0.0000000000 0.5489081144 14.0810346603 0.0000000000 -0.2538919151
4.4441795349 0.0000000000 0.0000000000 0.5425989628 14.0669736862 0.0000000000 -0.2535930872
4.4084997177 0.0000000000 0.0000000000 0.5364211202 14.0530424118 0.0000000000 -0.2532410622
4.3734359741 0.0000000000 0.0000000000 0.5303935409 14.0391273499 0.0000000000 -0.2529194951
4.3391580582 0.0000000000 0.0000000000 0.5245084763 14.0251941681 0.0000000000 -0.2526295781
4.3058171272 0.0000000000 0.0000000000 0.5187631249 14.0113344193 0.0000000000 -0.2524390519
4.2731008530 0.0000000000 0.0000000000 0.5131815672 13.9975509644 0.0000000000 -0.2522923350
4.2413468361 0.0000000000 0.0000000000 0.5077770948 13.9839420319 0.0000000000 -0.2520528734
4.2103452682 0.0000000000 0.0000000000 0.5025469065 13.9704780579 0.0000000000 -0.2518334985
4.1795930862 0.0000000000 0.0000000000 0.4975102544 13.9571113586 0.0000000000 -0.2516034842
4.1489911079 0.0000000000 0.0000000000 0.4926252663 13.9438552856 0.0000000000 -0.2513945699
4.1188807487 0.0000000000 0.0000000000 0.4879034460 13.9314165115 0.0000000000 -0.2511188090
4.0887761116 0.0000000000 0.0000000000 0.4833335578 13.9195137024 0.0000000000 -0.2509057522
4.0590291023 0.0000000000 0.0000000000 0.4789027572 13.9073295593 0.0000000000 -0.2507026196
4.0294485092 0.0000000000 0.0000000000 0.4746168852 13.8965768814 0.0000000000 -0.2505580783
3.9999625683 0.0000000000 0.0000000000 0.4704570770 13.8859920502 0.0000000000 -0.2502942681
3.9710519314 0.0000000000 0.0000000000 0.4664101005 13.8756217957 0.0000000000 -0.2501639128
3.9425351620 0.0000000000 0.0000000000 0.4624579251 13.8652658463 0.0000000000 -0.2499314845
3.9144215584 0.0000000000 0.0000000000 0.4585938454 13.8548707962 0.0000000000 -0.2497749925
3.8867013454 0.0000000000 0.0000000000 0.4548423886 13.8442192078 0.0000000000 -0.2495245934
3.8599393368 0.0000000000 0.0000000000 0.4511973262 13.8334035873 0.0000000000 -0.2493900061
3.8333718777 0.0000000000 0.0000000000 0.4476794899 13.8225793839 0.0000000000 -0.2490485907
3.8070151806 0.0000000000 0.0000000000 0.4442502558 13.8123121262 0.0000000000 -0.2488986850
3.7809505463 0.0000000000 0.0000000000 0.4408927858 13.8019227982 0.0000000000 -0.2488107085
3.7551126480 0.0000000000 0.0000000000 0.4376017749 13.7915525436 0.0000000000 -0.2486136556
3.7295739651 0.0000000000 0.0000000000 0.4343875051 13.7811260223 0.0000000000 -0.2483873963
3.7045524120 0.0000000000 0.0000000000 0.4312172234 13.7707481384 0.0000000000 -0.2482402325
3.6797463894 0.0000000000 0.0000000000 0.4280875623 13.7602081299 0.0000000000 -0.2480568290
3.6553966999 0.0000000000 0.0000000000 0.4250294268 13.7494297028 0.0000000000 -0.2478606999
3.6312696934 0.0000000000 0.0000000000 0.4220317602 13.7388544083 0.0000000000 -0.2477039695
3.6074969769 0.0000000000 0.0000000000 0.4191125333 13.7278404236 0.0000000000 -0.2474497855
3.5841019154 0.0000000000 0.0000000000 0.4162695408 13.7159528732 0.0000000000 -0.2472944856
3.5604300499 0.0000000000 0.0000000000 0.4134672582 13.7045621872 0.0000000000 -0.2471083403
3.5368533134 0.0000000000 0.0000000000 0.4106771946 13.6943845749 0.0000000000 -0.2469061613
3.5133900642 0.0000000000 0.0000000000 0.4078918993 13.6838054657 0.0000000000 -0.2467204332
3.4902110100 0.0000000000 0.0000000000 0.4051021039 13.6736621857 0.0000000000 -0.2465156317
3.4674530029 0.0000000000 0.0000000000 0.4023005068 13.6638593674 0.0000000000 -0.2463398576
3.4458329678 0.0000000000 0.0000000000 0.3994899988 13.6543226242 0.0000000000 -0.2461198568
3.4249727726 0.0000000000 0.0000000000 0.3966588676 13.6448822021 0.0000000000 -0.2459390163
3.4044282436 0.0000000000 0.0000000000 0.3938029408 13.6358366013 0.0000000000 -0.2456874847
3.3846585751 0.0000000000 0.0000000000 0.3909111023 13.6271514893 0.0000000000 -0.2454566360
3.3657701015 0.0000000000 0.0000000000 0.3879993558 13.6187715530 0.0000000000 -0.2453476191
3.3475499153 0.0000000000 0.0000000000 0.3850599825 13.6101379395 0.0000000000 -0.2451377809
3.3298940659 0.0000000000 0.0000000000 0.3821118474 13.6007452011 0.0000000000 -0.2448525131
3.3134191036 0.0000000000 0.0000000000 0.3791828156 13.5920896530 0.0000000000 -0.2447261214
3.2973630428 0.0000000000 0.0000000000 0.3762862384 13.5834932327 0.0000000000 -0.2444534600
3.2821235657 0.0000000000 0.0000000000 0.3734555840 13.5748767853 0.0000000000 -0.2443088889
3.2666995525 0.0000000000 0.0000000000 0.3707043827 13.5660715103 0.0000000000 -0.2441425323
3.2511289120 0.0000000000 0.0000000000 0.3680442572 13.5558176041 0.0000000000 -0.2439453602
3.2354998589 0.0000000000 0.0000000000 0.3654953241 13.5459146500 0.0000000000 -0.2436931729
3.2198603153 0.0000000000 0.0000000000 0.3630762100 13.5364036560 0.0000000000 -0.2435264587
3.2040753365 0.0000000000 0.0000000000 0.3607770205 13.5272979736 0.0000000000 -0.2432166934
3.1884386539 0.0000000000 0.0000000000 0.3585661054 13.5181694031 0.0000000000 -0.2431338429
3.1726984978 0.0000000000 0.0000000000 0.3564457893 13.5094165802 0.0000000000 -0.2429313660
3.1566834450 0.0000000000 0.0000000000 0.3544172645 13.5005607605 0.0000000000 -0.2426494956
3.1406342983 0.0000000000 0.0000000000 0.3524700999 13.4915227890 0.0000000000 -0.2424759865
3.1245956421 0.0000000000 0.0000000000 0.3505949080 13.4822559357 0.0000000000 -0.2423000932
3.1082832813 0.0000000000 0.0000000000 0.3487886786 13.4732942581 0.0000000000 -0.2421030104
3.0918240547 0.0000000000 0.0000000000 0.3470512331 13.4644527435 0.0000000000 -0.2418844700
3.0752441883 0.0000000000 0.0000000000 0.3453800976 13.4557905197 0.0000000000 -0.2416791916
3.0585923195 0.0000000000 0.0000000000 0.3437592983 13.4473257065 0.0000000000 -0.2415112555
3.0419821739 0.0000000000 0.0000000000 0.3422036171 13.4397487640 0.0000000000 -0.2411581874
3.0255250931 0.0000000000 0.0000000000 0.3407245874 13.4307832718 0.0000000000 -0.2410416007
3.0093114376 0.0000000000 0.0000000000 0.3392496407 13.4229192734 0.0000000000 -0.2408370674
2.9932429790 0.0000000000 0.0000000000 0.3378002942 13.4157028198 0.0000000000 -0.2406202853
2.9774165154 0.0000000000 0.0000000000 0.3363683522 13.4082117081 0.0000000000 -0.2404030859
2.9618492126 0.0000000000 0.0000000000 0.3349310160 13.4001436234 0.0000000000 -0.2402051687
2.9465472698 0.0000000000 0.0000000000 0.3335214555 13.3924283981 0.0000000000 -0.2399575114
2.9315216541 0.0000000000 0.0000000000 0.3321070373 13.3854465485 0.0000000000 -0.2396937013
2.9168879986 0.0000000000 0.0000000000 0.3307012320 13.3789949417 0.0000000000 -0.2395501137
2.9026961327 0.0000000000 0.0000000000 0.3293114305 13.3723926544 0.0000000000 -0.2393081188
2.8890810013 0.0000000000 0.0000000000 0.3279191256 13.3655996323 0.0000000000 -0.2391633987
2.8759946823 0.0000000000 0.0000000000 0.3265354335 13.3587198257 0.0000000000 -0.2389836907
2.8636434078 0.0000000000 0.0000000000 0.3251656890 13.3516044617 0.0000000000 -0.2386918962
2.8521344662 0.0000000000 0.0000000000 0.3238042593 13.3442983627 0.0000000000 -0.2385166287
2.8412652016 0.0000000000 0.0000000000 0.3224480450 13.3365039825 0.0000000000 -0.2383171916
2.8308196068 0.0000000000 0.0000000000 0.3211202323 13.3287277222 0.0000000000 -0.2380890250
2.8210520744 0.0000000000 0.0000000000 0.3197788000 13.3210391998 0.0000000000 -0.2379074097
2.8118517399 0.0000000000 0.0000000000 0.3184244931 13.3135309219 0.0000000000 -0.2377657890
2.8028345108 0.0000000000 0.0000000000 0.3170362711 13.3062963486 0.0000000000 -0.2375841737
2.7941644192 0.0000000000 0.0000000000 0.3155965805 13.2992057800 0.0000000000 -0.2373833656
2.7857263088 0.0000000000 0.0000000000 0.3141348362 13.2927303314 0.0000000000 -0.2372293770
2.7775201797 0.0000000000 0.0000000000 0.3126640320 13.2858676910 0.0000000000 -0.2370676696
2.7694723606 0.0000000000 0.0000000000 0.3112125695 13.2788619995 0.0000000000 -0.2368729115
2.7615120411 0.0000000000 0.0000000000 0.3098067641 13.2714242935 0.0000000000 -0.2367408276
2.7533957958 0.0000000000 0.0000000000 0.3084232211 13.2645854950 0.0000000000 -0.2365601659
2.7452836037 0.0000000000 0.0000000000 0.3070766330 13.2578573227 0.0000000000 -0.2364205122
2.7371039391 0.0000000000 0.0000000000 0.3058076203 13.2511568069 0.0000000000 -0.2362546325
2.7288088799 0.0000000000 0.0000000000 0.3046186268 13.2449836731 0.0000000000 -0.2360924482
2.7204229832 0.0000000000 0.0000000000 0.3035120368 13.2379770279 0.0000000000 -0.2359173298
2.7119505405 0.0000000000 0.0000000000 0.3024950624 13.2316179276 0.0000000000 -0.2356140018
2.7035667896 0.0000000000 0.0000000000 0.3015580475 13.2253484726 0.0000000000 -0.2355992198
2.6949906349 0.0000000000 0.0000000000 0.3006805480 13.2191820145 0.0000000000 -0.2354139388
2.6865596771 0.0000000000 0.0000000000 0.2998493016 13.2128286362 0.0000000000 -0.2352193594
2.6782729626 0.0000000000 0.0000000000 0.2990553677 13.2058401108 0.0000000000 -0.2350674570
2.6700627804 0.0000000000 0.0000000000 0.2982932627 13.1989269257 0.0000000000 -0.2349476218
2.6618373394 0.0000000000 0.0000000000 0.2975427806 13.1920948029 0.0000000000 -0.2347721756
2.6536848545 0.0000000000 0.0000000000 0.2967660129 13.1853847504 0.0000000000 -0.2346211672
2.6454362869 0.0000000000 0.0000000000 0.2959585190 13.1789197922 0.0000000000 -0.2344765663
2.6370880604 0.0000000000 0.0000000000 0.2951068580 13.1724643707 0.0000000000 -0.2342939973
2.6287174225 0.0000000000 0.0000000000 0.2941868007 13.1661787033 0.0000000000 -0.2340492606
2.6203880310 0.0000000000 0.0000000000 0.2932015061 13.1606378555 0.0000000000 -0.2339733839
2.6120049953 0.0000000000 0.0000000000 0.2921619415 13.1551332474 0.0000000000 -0.2338033319
2.6035764217 0.0000000000 0.0000000000 0.2910875380 13.1497421265 0.0000000000 -0.2336462140
2.5951306820 0.0000000000 0.0000000000 0.2899920642 13.1442127228 0.0000000000 -0.2334015965
2.5870759487 0.0000000000 0.0000000000 0.2888941765 13.1383428574 0.0000000000 -0.2333207726
2.5790219307 0.0000000000 0.0000000000 0.2878158987 13.1320781708 0.0000000000 -0.2331591845
2.5709393024 0.0000000000 0.0000000000 0.2867586017 13.1255826950 0.0000000000 -0.2330011129
2.5629081726 0.0000000000 0.0000000000 0.2857341766 13.1188058853 0.0000000000 -0.2327741981
2.5549938679 0.0000000000 0.0000000000 0.2847690284 13.1118564606 0.0000000000 -0.2326669991
2.5471332073 0.0000000000 0.0000000000 0.2838947773 13.1044073105 0.0000000000 -0.2325231433
2.5390491486 0.0000000000 0.0000000000 0.2830665410 13.0968828201 0.0000000000 -0.2323748767
2.5309550762 0.0000000000 0.0000000000 0.2822493613 13.0894489288 0.0000000000 -0.2322258353
2.5227997303 0.0000000000 0.0000000000 0.2814470530 13.0819244385 0.0000000000 -0.2320744395
2.5146920681 0.0000000000 0.0000000000 0.2806618214 13.0744190216 0.0000000000 -0.2319231033
2.5067517757 0.0000000000 0.0000000000 0.2799052596 13.0666866302 0.0000000000 -0.2317697406
2.4989109039 0.0000000000 0.0000000000 0.2791673243 13.0581016541 0.0000000000 -0.2316173315
2.4912796021 0.0000000000 0.0000000000 0.2784233689 13.0491580963 0.0000000000 -0.2314495444
2.4839942455 0.0000000000 0.0000000000 0.2776412070 13.0403385162 0.0000000000 -0.2313093543
2.4770119190 0.0000000000 0.0000000000 0.2768239975 13.0314464569 0.0000000000 -0.2311550677
2.4702262878 0.0000000000 0.0000000000 0.2759900391 13.0227279663 0.0000000000 -0.2310058177
2.4637517929 0.0000000000 0.0000000000 0.2751657367 13.0140895844 0.0000000000 -0.2308583558
2.4576911926 0.0000000000 0.0000000000 0.2743297517 13.0054416656 0.0000000000 -0.2306898236
2.4520404339 0.0000000000 0.0000000000 0.2734901607 12.9971933365 0.0000000000 -0.2305732965
2.4467468262 0.0000000000 0.0000000000 0.2726817727 12.9885997772 0.0000000000 -0.2304324508
2.4417428970 0.0000000000 0.0000000000 0.2719197571 12.9798135757 0.0000000000 -0.2302932143
2.4369075298 0.0000000000 0.0000000000 0.2711889446 12.9712381363 0.0000000000 -0.2301001847
2.4322900772 0.0000000000 0.0000000000 0.2704762518 12.9630317688 0.0000000000 -0.2300260365
2.4277918339 0.0000000000 0.0000000000 0.2697751820 12.9546527863 0.0000000000 -0.2298992872
2.4232919216 0.0000000000 0.0000000000 0.2690708339 12.9460697174 0.0000000000 -0.2296614051
2.4188556671 0.0000000000 0.0000000000 0.2682937086 12.9375619888 0.0000000000 -0.2296549976
2.4142975807 0.0000000000 0.0000000000 0.2674158514 12.9295434952 0.0000000000 -0.2295395732
2.4094038010 0.0000000000 0.0000000000 0.2664977014 12.9221935272 0.0000000000 -0.2294182181
2.4040400982 0.0000000000 0.0000000000 0.2655964196 12.9154663086 0.0000000000 -0.2292975187
2.3981320858 0.0000000000 0.0000000000 0.2647345960 12.9093751907 0.0000000000 -0.2291334271
2.3916628361 0.0000000000 0.0000000000 0.2639062703 12.9040946960 0.0000000000 -0.2290223539
2.3848664761 0.0000000000 0.0000000000 0.2631177306 12.8990240097 0.0000000000 -0.2289577723
2.3776502609 0.0000000000 0.0000000000 0.2623859644 12.8944015503 0.0000000000 -0.2288476229
2.3700244427 0.0000000000 0.0000000000 0.2616867721 12.8908729553 0.0000000000 -0.2287265956
2.3621449471 0.0000000000 0.0000000000 0.2610209584 12.8871889114 0.0000000000 -0.2286196053
2.3543124199 0.0000000000 0.0000000000 0.2603619397 12.8833227158 0.0000000000 -0.2285086811
2.3465979099 0.0000000000 0.0000000000 0.2597259581 12.8791608810 0.0000000000 -0.2283928096
2.3391053677 0.0000000000 0.0000000000 0.2591252327 12.8747310638 0.0000000000 -0.2282691002
2.3318786621 0.0000000000 0.0000000000 0.2585760653 12.8699388504 0.0000000000 -0.2281396985
2.3249626160 0.0000000000 0.0000000000 0.2580820024 12.8647899628 0.0000000000 -0.2280159593
2.3183224201 0.0000000000 0.0000000000 0.2576440275 12.8592596054 0.0000000000 -0.2278870940
2.3118884563 0.0000000000 0.0000000000 0.2572935820 12.8533229828 0.0000000000 -0.2276912928
2.3057985306 0.0000000000 0.0000000000 0.2569898367 12.8474884033 0.0000000000 -0.2276519239
2.2999758720 0.0000000000 0.0000000000 0.2566636503 12.8417215347 0.0000000000 -0.2275049686
2.2943987846 0.0000000000 0.0000000000 0.2563132644 12.8359117508 0.0000000000 -0.2273755670
2.2890589237 0.0000000000 0.0000000000 0.2559449375 12.8300209045 0.0000000000 -0.2272472680
2.2840166092 0.0000000000 0.0000000000 0.2555688322 12.8239431381 0.0000000000 -0.2271686792
2.2792472839 0.0000000000 0.0000000000 0.2551924586 12.8176794052 0.0000000000 -0.2269934416
2.2747833729 0.0000000000 0.0000000000 0.2548236847 12.8109884262 0.0000000000 -0.2268890738
2.2706158161 0.0000000000 0.0000000000 0.2544514537 12.8041830063 0.0000000000 -0.2267495394
2.2667353153 0.0000000000 0.0000000000 0.2540362477 12.7969446182 0.0000000000 -0.2266341746
2.2629075050 0.0000000000 0.0000000000 0.2536008656 12.7894124985 0.0000000000 -0.2265560925
2.2591023445 0.0000000000 0.0000000000 0.2531697750 12.7821092606 0.0000000000 -0.2263922691
2.2552924156 0.0000000000 0.0000000000 0.2527442873 12.7747344971 0.0000000000 -0.2262885571
2.2513959408 0.0000000000 0.0000000000 0.2523277700 12.7673120499 0.0000000000 -0.2261697352
2.2474522591 0.0000000000 0.0000000000 0.2519338131 12.7601022720 0.0000000000 -0.2259925306
2.2434647083 0.0000000000 0.0000000000 0.2515541017 12.7534227371 0.0000000000 -0.2259355783
2.2393229008 0.0000000000 0.0000000000 0.2511799932 12.7459669113 0.0000000000 -0.2258204818
2.2350034714 0.0000000000 0.0000000000 0.2507973611 12.7384386063 0.0000000000 -0.2257272601
2.2305181026 0.0000000000 0.0000000000 0.2503774762 12.7315902710 0.0000000000 -0.2255830765
2.2260017395 0.0000000000 0.0000000000 0.2499153167 12.7251796722 0.0000000000 -0.2254732549
2.2216236591 0.0000000000 0.0000000000 0.2494249195 12.7189245224 0.0000000000 -0.2253500819
2.2174332142 0.0000000000 0.0000000000 0.2488795668 12.7129325867 0.0000000000 -0.2253239155
2.2134006023 0.0000000000 0.0000000000 0.2482896745 12.7071495056 0.0000000000 -0.2251234949
2.2095348835 0.0000000000 0.0000000000 0.2476631999 12.7014732361 0.0000000000 -0.2249999642
2.2057147026 0.0000000000 0.0000000000 0.2470261753 12.6956863403 0.0000000000 -0.2248339355
2.2018902302 0.0000000000 0.0000000000 0.2463754416 12.6905994415 0.0000000000 -0.2247430980
2.1980750561 0.0000000000 0.0000000000 0.2457350641 12.6856231689 0.0000000000 -0.2246472836
2.1942303181 0.0000000000 0.0000000000 0.2451276630 12.6807727814 0.0000000000 -0.2245381474
2.1904835701 0.0000000000 0.0000000000 0.2445249110 12.6758346558 0.0000000000 -0.2244094014
2.1868782043 0.0000000000 0.0000000000 0.2439479232 12.6707649231 0.0000000000 -0.2242889404
2.1833667755 0.0000000000 0.0000000000 0.2433906049 12.6655645370 0.0000000000 -0.2241670489
2.1800525188 0.0000000000 0.0000000000 0.2428952903 12.6602382660 0.0000000000 -0.2241041064
2.1768999100 0.0000000000 0.0000000000 0.2424131632 12.6550960541 0.0000000000 -0.2239301801
2.1738038063 0.0000000000 0.0000000000 0.2419551015 12.6499528885 0.0000000000 -0.2238028049
2.1708383560 0.0000000000 0.0000000000 0.2415044457 12.6448478699 0.0000000000 -0.2236839533
2.1680161953 0.0000000000 0.0000000000 0.2410451919 12.6398210526 0.0000000000 -0.2235866785
2.1652507782 0.0000000000 0.0000000000 0.2405799627 12.6353826523 0.0000000000 -0.2234504223
2.1623117924 0.0000000000 0.0000000000 0.2401586473 12.6304826736 0.0000000000 -0.2233278155
2.1591794491 0.0000000000 0.0000000000 0.2397769392 12.6254024506 0.0000000000 -0.2232164741
2.1558067799 0.0000000000 0.0000000000 0.2394331098 12.6202058792 0.0000000000 -0.2231046855
2.1523175240 0.0000000000 0.0000000000 0.2391161472 12.6146640778 0.0000000000 -0.2229910195
2.1487767696 0.0000000000 0.0000000000 0.2387645245 12.6091136932 0.0000000000 -0.2228791714
2.1453156471 0.0000000000 0.0000000000 0.2383882701 12.6037664413 0.0000000000 -0.2227690518
2.1420285702 0.0000000000 0.0000000000 0.2380082011 12.5984907150 0.0000000000 -0.2226463556
2.1390361786 0.0000000000 0.0000000000 0.2376283407 12.5935058594 0.0000000000 -0.2225308716
2.1361553669 0.0000000000 0.0000000000 0.2372940332 12.5884399414 0.0000000000 -0.2224790454
2.1332352161 0.0000000000 0.0000000000 0.2369604111 12.5833950043 0.0000000000 -0.2222992182
2.1304564476 0.0000000000 0.0000000000 0.2365917861 12.5783472061 0.0000000000 -0.2221823335
2.1279025078 0.0000000000 0.0000000000 0.2361656278 12.5734615326 0.0000000000 -0.2221625447
2.1254158020 0.0000000000 0.0000000000 0.2357062697 12.5684156418 0.0000000000 -0.2219527364
2.1230771542 0.0000000000 0.0000000000 0.2352286279 12.5636272430 0.0000000000 -0.2218369544
2.1208927631 0.0000000000 0.0000000000 0.2347383797 12.5586366653 0.0000000000 -0.2217220664
2.1188659668 0.0000000000 0.0000000000 0.2342604399 12.5534772873 0.0000000000 -0.2216089666
2.1168875694 0.0000000000 0.0000000000 0.2338166684 12.5480918884 0.0000000000 -0.2215083539
2.1149728298 0.0000000000 0.0000000000 0.2333856374 12.5424089432 0.0000000000 -0.2213841081
2.1130676270 0.0000000000 0.0000000000 0.2329871804 12.5368242264 0.0000000000 -0.2212765813
2.1113355160 0.0000000000 0.0000000000 0.2325685322 12.5313329697 0.0000000000 -0.2211545706
2.1096677780 0.0000000000 0.0000000000 0.2321463674 12.5258893967 0.0000000000 -0.2210595608
2.1079895496 0.0000000000 0.0000000000 0.2317483574 12.5202808380 0.0000000000 -0.2209516168
2.1063439846 0.0000000000 0.0000000000 0.2314015329 12.5146121979 0.0000000000 -0.2208439708
2.1047959328 0.0000000000 0.0000000000 0.2310701162 12.5090188980 0.0000000000 -0.2207357883
2.1034116745 0.0000000000 0.0000000000 0.2307346463 12.5033912659 0.0000000000 -0.2206272483
2.1020271778 0.0000000000 0.0000000000 0.2303743958 12.4975872040 0.0000000000 -0.2205247283
2.1006186008 0.0000000000 0.0000000000 0.2299801409 12.4926414490 0.0000000000 -0.2204103470
2.0990715027 0.0000000000 0.0000000000 0.2295458466 12.4879589081 0.0000000000 -0.2203009129
2.0975012779 0.0000000000 0.0000000000 0.2290541232 12.4834842682 0.0000000000 -0.2201915681
2.0957446098 0.0000000000 0.0000000000 0.2285398543 12.4792432785 0.0000000000 -0.2200824916
2.0939388275 0.0000000000 0.0000000000 0.2279738933 12.4749698639 0.0000000000 -0.2199755907
2.0920464993 0.0000000000 0.0000000000 0.2273801565 12.4706439972 0.0000000000 -0.2198656499
2.0901887417 0.0000000000 0.0000000000 0.2267858684 12.4662342072 0.0000000000 -0.2197596431
2.0884146690 0.0000000000 0.0000000000 0.2262220830 12.4620685577 0.0000000000 -0.2196539640
2.0867302418 0.0000000000 0.0000000000 0.2257040292 12.4562606812 0.0000000000 -0.2194988728
2.0850684643 0.0000000000 0.0000000000 0.2252262235 12.4510335922 0.0000000000 -0.2194555104
2.0834348202 0.0000000000 0.0000000000 0.2247707844 12.4457168579 0.0000000000 -0.2193571329
2.0818173885 0.0000000000 0.0000000000 0.2243354619 12.4403238297 0.0000000000 -0.2192587256
2.0801441669 0.0000000000 0.0000000000 0.2239306122 12.4350652695 0.0000000000 -0.2191624641
2.0783700943 0.0000000000 0.0000000000 0.2235611081 12.4297904968 0.0000000000 -0.2190640271
2.0765862465 0.0000000000 0.0000000000 0.2232153863 12.4236087799 0.0000000000 -0.2189559937
2.0748426914 0.0000000000 0.0000000000 0.2228829414 12.4176101685 0.0000000000 -0.2188664675
2.0731091499 0.0000000000 0.0000000000 0.2225596607 12.4112930298 0.0000000000 -0.2187688351
2.0713942051 0.0000000000 0.0000000000 0.2222731113 12.4047269821 0.0000000000 -0.2186712623
2.0697381496 0.0000000000 0.0000000000 0.2220131755 12.3979492188 0.0000000000 -0.2185732722
2.0681486130 0.0000000000 0.0000000000 0.2217700779 12.3911352158 0.0000000000 -0.2184782922
2.0666556358 0.0000000000 0.0000000000 0.2215352654 12.3840913773 0.0000000000 -0.2183818817
2.0652692318 0.0000000000 0.0000000000 0.2212739885 12.3768882751 0.0000000000 -0.2182866335
2.0638480186 0.0000000000 0.0000000000 0.2209805846 12.3695106506 0.0000000000 -0.2182941437
2.0623779297 0.0000000000 0.0000000000 0.2206584960 12.3618001938 0.0000000000 -0.2180917263
2.0608284473 0.0000000000 0.0000000000 0.2202957422 12.3539390564 0.0000000000 -0.2180133760
2.0591316223 0.0000000000 0.0000000000 0.2199270725 12.3460884094 0.0000000000 -0.2179284692
2.0574173927 0.0000000000 0.0000000000 0.2195080817 12.3382215500 0.0000000000 -0.2178370357
2.0557379723 0.0000000000 0.0000000000 0.2190673798 12.3304061890 0.0000000000 -0.2177501321
2.0541236401 0.0000000000 0.0000000000 0.2186316103 12.3225631714 0.0000000000 -0.2176425457
2.0525796413 0.0000000000 0.0000000000 0.2182152867 12.3152456284 0.0000000000 -0.2175720930
2.0511283875 0.0000000000 0.0000000000 0.2178348601 12.3082027435 0.0000000000 -0.2174802423
2.0496420860 0.0000000000 0.0000000000 0.2175182104 12.3011407852 0.0000000000 -0.2173889875
2.0480976105 0.0000000000 0.0000000000 0.2172473371 12.2942142487 0.0000000000 -0.2172912359
2.0464301109 0.0000000000 0.0000000000 0.2169972062 12.2874641418 0.0000000000 -0.2173069119
2.0447289944 0.0000000000 0.0000000000 0.2167223096 12.2810983658 0.0000000000 -0.2171135545
2.0429878235 0.0000000000 0.0000000000 0.2164219916 12.2748060226 0.0000000000 -0.2170117497
2.0411148071 0.0000000000 0.0000000000 0.2161182016 12.2686853409 0.0000000000 -0.2169297338
2.0391728878 0.0000000000 0.0000000000 0.2158262730 12.2623271942 0.0000000000 -0.2168441713
2.0372238159 0.0000000000 0.0000000000 0.2154972404 12.2559690475 0.0000000000 -0.2167515457
2.0352146626 0.0000000000 0.0000000000 0.2151794881 12.2496204376 0.0000000000 -0.2166727185
2.0331542492 0.0000000000 0.0000000000 0.2148845196 12.2431421280 0.0000000000 -0.2165890336
2.0310688019 0.0000000000 0.0000000000 0.2145870328 12.2366285324 0.0000000000 -0.2165915370
2.0291070938 0.0000000000 0.0000000000 0.2142788470 12.2300777435 0.0000000000 -0.2164252400
2.0271837711 0.0000000000 0.0000000000 0.2139945030 12.2234239578 0.0000000000 -0.2163434029
2.0253679752 0.0000000000 0.0000000000 0.2137284726 12.2167825699 0.0000000000 -0.2162609994
2.0237081051 0.0000000000 0.0000000000 0.2134572566 12.2101659775 0.0000000000 -0.2161802649
2.0221140385 0.0000000000 0.0000000000 0.2131889611 12.2038850784 0.0000000000 -0.2160992622
2.0205531120 0.0000000000 0.0000000000 0.2129026651 12.1971797943 0.0000000000 -0.2160194814
2.0190029144 0.0000000000 0.0000000000 0.2126120627 12.1906633377 0.0000000000 -0.2159409523
2.0174758434 0.0000000000 0.0000000000 0.2123505622 12.1843385696 0.0000000000 -0.2158669233
2.0158996582 0.0000000000 0.0000000000 0.2121116072 12.1786584854 0.0000000000 -0.2157940865
2.0142788887 0.0000000000 0.0000000000 0.2118926644 12.1734809875 0.0000000000 -0.2157428265
2.0126059055 0.0000000000 0.0000000000 0.2117056847 12.1685428619 0.0000000000 -0.2156427503
2.0109229088 0.0000000000 0.0000000000 0.2115275860 12.1639337540 0.0000000000 -0.2155713439
2.0092427731 0.0000000000 0.0000000000 0.2113182545 12.1597099304 0.0000000000 -0.2154938281
2.0075666904 0.0000000000 0.0000000000 0.2110645473 12.1556272507 0.0000000000 -0.2154185772
2.0058219433 0.0000000000 0.0000000000 0.2108037919 12.1516647339 0.0000000000 -0.2153522074
2.0040194988 0.0000000000 0.0000000000 0.2105613053 12.1477699280 0.0000000000 -0.2152678370
2.0021283627 0.0000000000 0.0000000000 0.2103544623 12.1437911987 0.0000000000 -0.2151941359
2.0002431870 0.0000000000 0.0000000000 0.2101644278 12.1396932602 0.0000000000 -0.2151420116
1.9985195398 0.0000000000 0.0000000000 0.2099795491 12.1360988617 0.0000000000 -0.2150432169
1.9969637394 0.0000000000 0.0000000000 0.2098046988 12.1323709488 0.0000000000 -0.2149689794
1.9955433607 0.0000000000 0.0000000000 0.2096290588 12.1284246445 0.0000000000 -0.2148911655
1.9942669868 0.0000000000 0.0000000000 0.2094549686 12.1240873337 0.0000000000 -0.2148199677
1.9931309223 0.0000000000 0.0000000000 0.2092710435 12.1197271347 0.0000000000 -0.2147459686
1.9920728207 0.0000000000 0.0000000000 0.2091176361 12.1153554916 0.0000000000 -0.2146712542
1.9911550283 0.0000000000 0.0000000000 0.2089816779 12.1108274460 0.0000000000 -0.2144940495
1.9905376434 0.0000000000 0.0000000000 0.2088460028 12.1060686111 0.0000000000 -0.2145654857
1.9900906086 0.0000000000 0.0000000000 0.2087098956 12.1011819839 0.0000000000 -0.2144609392
1.9897992611 0.0000000000 0.0000000000 0.2085442543 12.0963163376 0.0000000000 -0.2143957615
1.9895968437 0.0000000000 0.0000000000 0.2083298415 12.0916242599 0.0000000000 -0.2143267989
1.9892215729 0.0000000000 0.0000000000 0.2081122398 12.0868291855 0.0000000000 -0.2142619491
1.9886066914 0.0000000000 0.0000000000 0.2079291940 12.0818147659 0.0000000000 -0.2141977549
1.9878981113 0.0000000000 0.0000000000 0.2077768892 12.0767450333 0.0000000000 -0.2141337991
1.9871677160 0.0000000000 0.0000000000 0.2076436132 12.0714025497 0.0000000000 -0.2141684294
1.9863992929 0.0000000000 0.0000000000 0.2075428516 12.0661096573 0.0000000000 -0.2140045166
1.9856300354 0.0000000000 0.0000000000 0.2074562311 12.0611534119 0.0000000000 -0.2139452100
1.9848768711 0.0000000000 0.0000000000 0.2074034959 12.0557174683 0.0000000000 -0.2138625085
1.9841812849 0.0000000000 0.0000000000 0.2073785663 12.0505266190 0.0000000000 -0.2138235569
1.9835835695 0.0000000000 0.0000000000 0.2073320746 12.0447473526 0.0000000000 -0.2137618065
1.9830685854 0.0000000000 0.0000000000 0.2072893232 12.0389966965 0.0000000000 -0.2137057781
1.9827706814 0.0000000000 0.0000000000 0.2072368413 12.0331783295 0.0000000000 -0.2137883008
1.9826927185 0.0000000000 0.0000000000 0.2071493417 12.0276479721 0.0000000000 -0.2135795951
1.9826792479 0.0000000000 0.0000000000 0.2070600688 12.0227270126 0.0000000000 -0.2135266364
1.9827316999 0.0000000000 0.0000000000 0.2070137560 12.0174188614 0.0000000000 -0.2134706378
1.9828554392 0.0000000000 0.0000000000 0.2069836557 12.0121564865 0.0000000000 -0.2134158611
1.9829593897 0.0000000000 0.0000000000 0.2069098204 12.0074195862 0.0000000000 -0.2133619785
1.9830820560 0.0000000000 0.0000000000 0.2067819536 12.0030193329 0.0000000000 -0.2133132815
1.9831557274 0.0000000000 0.0000000000 0.2066203058 11.9986028671 0.0000000000 -0.2132558227
1.9832681417 0.0000000000 0.0000000000 0.2064267993 11.9944267273 0.0000000000 -0.2132041752
1.9833474159 0.0000000000 0.0000000000 0.2062247097 11.9911403656 0.0000000000 -0.2131566405
1.9833240509 0.0000000000 0.0000000000 0.2060122937 11.9878807068 0.0000000000 -0.2131071687
1.9832246304 0.0000000000 0.0000000000 0.2057799399 11.9846067429 0.0000000000 -0.2130634487
1.9829859734 0.0000000000 0.0000000000 0.2055251300 11.9815158844 0.0000000000 -0.2130144536
1.9824962616 0.0000000000 0.0000000000 0.2052606344 11.9786605835 0.0000000000 -0.2129766941
1.9817364216 0.0000000000 0.0000000000 0.2049926370 11.9751605988 0.0000000000 -0.2129338384
1.9807825089 0.0000000000 0.0000000000 0.2047451138 11.9713115692 0.0000000000 -0.2128933072
1.9798191786 0.0000000000 0.0000000000 0.2044840604 11.9675426483 0.0000000000 -0.2128488123
1.9789553881 0.0000000000 0.0000000000 0.2041909695 11.9635572433 0.0000000000 -0.2128105462
1.9782031775 0.0000000000 0.0000000000 0.2038867474 11.9596586227 0.0000000000 -0.2127568424
1.9774504900 0.0000000000 0.0000000000 0.2036248296 11.9554758072 0.0000000000 -0.2127074599
1.9767080545 0.0000000000 0.0000000000 0.2034447491 11.9510679245 0.0000000000 -0.2126573920
1.9759464264 0.0000000000 0.0000000000 0.2033141404 11.9464349747 0.0000000000 -0.2126053274
1.9752794504 0.0000000000 0.0000000000 0.2032237351 11.9415416718 0.0000000000 -0.2125524879
1.9747294188 0.0000000000 0.0000000000 0.2031758428 11.9363918304 0.0000000000 -0.2124996483
1.9742273092 0.0000000000 0.0000000000 0.2031584978 11.9311532974 0.0000000000 -0.2124334574
1.9737795591 0.0000000000 0.0000000000 0.2031159699 11.9266595840 0.0000000000 -0.2123983502
1.9732426405 0.0000000000 0.0000000000 0.2030222714 11.9220485687 0.0000000000 -0.2123512030
1.9725910425 0.0000000000 0.0000000000 0.2028635293 11.9177942276 0.0000000000 -0.2123006880
1.9718370438 0.0000000000 0.0000000000 0.2026919872 11.9138669968 0.0000000000 -0.2123329639
1.9709881544 0.0000000000 0.0000000000 0.2025339752 11.9102916718 0.0000000000 -0.2122018933
1.9702947140 0.0000000000 0.0000000000 0.2023307532 11.9071235657 0.0000000000 -0.2121584415
1.9697934389 0.0000000000 0.0000000000 0.2020908594 11.9040517807 0.0000000000 -0.2121149302
1.9695323706 0.0000000000 0.0000000000 0.2018065900 11.9010553360 0.0000000000 -0.2120725214
1.9695430994 0.0000000000 0.0000000000 0.2014847398 11.8977842331 0.0000000000 -0.2120317221
1.9697390795 0.0000000000 0.0000000000 0.2011698484 11.8941221237 0.0000000000 -0.2119872570
1.9700158834 0.0000000000 0.0000000000 0.2008902133 11.8902711868 0.0000000000 -0.2119544148
1.9702711105 0.0000000000 0.0000000000 0.2006358206 11.8865499496 0.0000000000 -0.2119214237
1.9703769684 0.0000000000 0.0000000000 0.2003761530 11.8826684952 0.0000000000 -0.2118927538
1.9703046083 0.0000000000 0.0000000000 0.2001161724 11.8786754608 0.0000000000 -0.2118619680
1.9700374603 0.0000000000 0.0000000000 0.1998303235 11.8746232986 0.0000000000 -0.2118299603
1.9695980549 0.0000000000 0.0000000000 0.1995382160 11.8708753586 0.0000000000 -0.2118034959
1.9689795971 0.0000000000 0.0000000000 0.1992570609 11.8666839600 0.0000000000 -0.2117700577
1.9682691097 0.0000000000 0.0000000000 0.1990050972 11.8624420166 0.0000000000 -0.2117414176
1.9674781561 0.0000000000 0.0000000000 0.1987761408 11.8582868576 0.0000000000 -0.2117128670
1.9666017294 0.0000000000 0.0000000000 0.1985724419 11.8539810181 0.0000000000 -0.2116687298
1.9656538963 0.0000000000 0.0000000000 0.1984066516 11.8501062393 0.0000000000 -0.2116426826
1.9645839930 0.0000000000 0.0000000000 0.1982597411 11.8461198807 0.0000000000 -0.2116070986
