#         rmsthk      stdthk       rmsvel       stdvel       rmsdiv       stddiv       rmsusurf       stdusurf
0.0000000000 0.0000000000 134.3638610840 104.3590164185 0.0000000000 0.0000000000 0.0000000000 0.0000000000
-0.1315940470 0.4656895101 69.6302032471 60.8242263794 0.0000000000 0.0000000000 -0.0802858099 0.9872013330
-0.2669699788 0.8407658339 55.1335983276 45.0716133118 0.0000000000 0.0000000000 -0.1557235271 1.7863268852
-0.4096545577 1.1720538139 55.3303756714 41.5713920593 0.0000000000 0.0000000000 -0.2145647258 2.4504992962
-0.5580267906 1.4802738428 55.3286437988 39.8445129395 0.0000000000 0.0000000000 -0.2604565918 3.0067508221
-0.7106448412 1.7776633501 53.3308258057 38.0652198792 0.0000000000 0.0000000000 -0.2940485477 3.4794535637
-0.8653631806 2.0698826313 49.7081985474 36.1353454590 0.0000000000 0.0000000000 -0.3180848062 3.8841667175
-1.0201194286 2.3587026596 45.0827980042 34.0995864868 0.0000000000 0.0000000000 -0.3331678212 4.2314982414
-1.1729885340 2.6435561180 39.9773216248 32.2556838989 0.0000000000 0.0000000000 -0.3403607011 4.5276708603
-1.3225109577 2.9232614040 34.8163986206 30.8435497284 0.0000000000 0.0000000000 -0.3406182230 4.7770276070
-1.4673478603 3.1963303089 29.7564506531 29.7566127777 0.0000000000 0.0000000000 -0.3346255720 4.9835772514
-1.6064025164 3.4612669945 24.9299201965 28.9660854340 0.0000000000 0.0000000000 -0.3229975700 5.1510429382
-1.7388945818 3.7168080807 20.3932647705 28.4114494324 0.0000000000 0.0000000000 -0.3062724471 5.2825155258
-1.8642114401 3.9619262218 16.1860485077 28.1022739410 0.0000000000 0.0000000000 -0.2848254442 5.3810129166
-1.9819605350 4.1957297325 12.3816890717 28.0262432098 0.0000000000 0.0000000000 -0.2590292394 5.4491748810
-2.0920236111 4.4177565575 9.0315074921 28.1310997009 0.0000000000 0.0000000000 -0.2294795960 5.4893794060
-2.1944351196 4.6279335022 6.1138839722 28.3790225983 0.0000000000 0.0000000000 -0.1969010234 5.5041956902
-2.2894217968 4.8265762329 3.6223292351 28.7129993439 0.0000000000 0.0000000000 -0.1618921012 5.4961299896
-2.3772385120 5.0140962601 1.5405004025 29.0714187622 0.0000000000 0.0000000000 -0.1251680553 5.4675788879
-2.4582164288 5.1910734177 -0.1633834690 29.4169254303 0.0000000000 0.0000000000 -0.0874255300 5.4208950996
-2.5326771736 5.3580522537 -1.5274333954 29.7307891846 0.0000000000 0.0000000000 -0.0493440367 5.3583273888
-2.6010627747 5.5159206390 -2.5877368450 29.9878940582 0.0000000000 0.0000000000 -0.0115805417 5.2819871902
-2.6638076305 5.6654462814 -3.3806786537 30.1766376495 0.0000000000 0.0000000000 0.0253178515 5.1939043999
-2.7213299274 5.8073868752 -3.9349009991 30.2951736450 0.0000000000 0.0000000000 0.0609205030 5.0960464478
-2.7740378380 5.9425964355 -4.2766795158 30.3430843353 0.0000000000 0.0000000000 0.0948462188 4.9902658463
-2.8223280907 6.0717515945 -4.4280490875 30.3246955872 0.0000000000 0.0000000000 0.1267579645 4.8783121109
-2.8666737080 6.1958179474 -4.4054288864 30.2438602448 0.0000000000 0.0000000000 0.1563384533 4.7618303299
-2.9074587822 6.3155293465 -4.2249369621 30.1077671051 0.0000000000 0.0000000000 0.1833878905 4.6423540115
-2.9450402260 6.4315161705 -3.8993909359 29.9235801697 0.0000000000 0.0000000000 0.2077480406 4.5212769508
-2.9797875881 6.5445504189 -3.4398779869 29.7011318207 0.0000000000 0.0000000000 0.2293270230 4.3998570442
-3.0120413303 6.6552438736 -2.8570377827 29.4535884857 0.0000000000 0.0000000000 0.2480810732 4.2792229652
-3.0421774387 6.7642579079 -2.1604881287 29.1890201569 0.0000000000 0.0000000000 0.2640283108 4.1603355408
-3.0705108643 6.8721284866 -1.3620113134 28.9187545776 0.0000000000 0.0000000000 0.2772476077 4.0440340042
-3.0974075794 6.9795069695 -0.4700644612 28.6559467316 0.0000000000 0.0000000000 0.2878698111 3.9310448170
-3.1231870651 7.0868616104 0.5072751641 28.4125671387 0.0000000000 0.0000000000 0.2960301340 3.8218946457
-3.1481528282 7.1946439743 1.5572984219 28.1978054047 0.0000000000 0.0000000000 0.3018683195 3.7170655727
-3.1726179123 7.3032178879 2.6656453609 28.0208072662 0.0000000000 0.0000000000 0.3055866957 3.6168732643
-3.1968801022 7.4130253792 3.8165891171 27.8871326447 0.0000000000 0.0000000000 0.3074111938 3.5215671062
-3.2212176323 7.5243768692 4.9950160980 27.8070487976 0.0000000000 0.0000000000 0.3075334728 3.4313282967
-3.2460427284 7.6378140450 6.1836538315 27.7818298340 0.0000000000 0.0000000000 0.3061189353 3.3463320732
-3.2716538906 7.7537102699 7.3644933701 27.8076286316 0.0000000000 0.0000000000 0.3034067154 3.2667889595
-3.2982726097 7.8722324371 8.5205230713 27.8792209625 0.0000000000 0.0000000000 0.2995980382 3.1928591728
-3.3261229992 7.9935932159 9.6349077225 27.9931526184 0.0000000000 0.0000000000 0.2948556244 3.1247422695
-3.3554766178 8.1181650162 10.6992893219 28.1506519318 0.0000000000 0.0000000000 0.2893022597 3.0627317429
-3.3864326477 8.2458992004 11.7030553818 28.3441982269 0.0000000000 0.0000000000 0.2830323279 3.0072133541
-3.4192254543 8.3770933151 12.6338672638 28.5640926361 0.0000000000 0.0000000000 0.2761539221 2.9586310387
-3.4539184570 8.5117664337 13.4828329086 28.7980556488 0.0000000000 0.0000000000 0.2687431574 2.9174680710
-3.4905912876 8.6499538422 14.2431697845 29.0310077667 0.0000000000 0.0000000000 0.2608732879 2.8842608929
-3.5292799473 8.7917680740 14.9061613083 29.2466201782 0.0000000000 0.0000000000 0.2527254522 2.8594400883
-3.5700962543 8.9372892380 15.4677581787 29.4304294586 0.0000000000 0.0000000000 0.2445458770 2.8433890343
-3.6129541397 9.0862255096 15.9274673462 29.5675506592 0.0000000000 0.0000000000 0.2365084291 2.8363828659
-3.6577928066 9.2383823395 16.2879981995 29.6459445953 0.0000000000 0.0000000000 0.2288758755 2.8384912014
-3.7045950890 9.3937730789 16.5546646118 29.6616325378 0.0000000000 0.0000000000 0.2218860388 2.8496074677
-3.7531938553 9.5519714355 16.7379074097 29.6133708954 0.0000000000 0.0000000000 0.2157729119 2.8693933487
-3.8035118580 9.7129154205 16.8477478027 29.5022792816 0.0000000000 0.0000000000 0.2107202560 2.8972895145
-3.8554542065 9.8763036728 16.8922309875 29.3331489563 0.0000000000 0.0000000000 0.2068499178 2.9324562550
-3.9087915421 10.0418167114 16.8915290833 29.1179046631 0.0000000000 0.0000000000 0.2043796331 2.9738674164
-3.9633979797 10.2091588974 16.8527450562 28.8649921417 0.0000000000 0.0000000000 0.2034794837 3.0201647282
-4.0190472603 10.3778877258 16.7921924591 28.5924015045 0.0000000000 0.0000000000 0.2042672187 3.0700383186
-4.0756702423 10.5477380753 16.7210311890 28.3096256256 0.0000000000 0.0000000000 0.2066586763 3.1223714352
-4.1331176758 10.7183609009 16.6495018005 28.0297069550 0.0000000000 0.0000000000 0.2105623335 3.1760714054
-4.1914730072 10.8897523880 16.5825500488 27.7674179077 0.0000000000 0.0000000000 0.2159119844 3.2301628590
-4.2506051064 11.0615701675 16.5281944275 27.5332298279 0.0000000000 0.0000000000 0.2225167155 3.2837965488
-4.3105015755 11.2337522507 16.4933834076 27.3312339783 0.0000000000 0.0000000000 0.2301196903 3.3362770081
-4.3710026741 11.4058656693 16.4801368713 27.1648445129 0.0000000000 0.0000000000 0.2384175956 3.3871278763
-4.4319519997 11.5776491165 16.4895820618 27.0336341858 0.0000000000 0.0000000000 0.2471588552 3.4360997677
-4.4934062958 11.7491283417 16.5262451172 26.9398288727 0.0000000000 0.0000000000 0.2561196983 3.4829456806
-4.5553245544 11.9202842712 16.5871715546 26.8755092621 0.0000000000 0.0000000000 0.2650587261 3.5276432037
-4.6178059578 12.0915508270 16.6696109772 26.8324775696 0.0000000000 0.0000000000 0.2737020254 3.5701930523
-4.6808676720 12.2630176544 16.7731990814 26.8040981293 0.0000000000 0.0000000000 0.2818711102 3.6106750965
-4.7444996834 12.4346113205 16.8885097504 26.7758464813 0.0000000000 0.0000000000 0.2894104123 3.6492254734
-4.8086791039 12.6064300537 17.0047531128 26.7335205078 0.0000000000 0.0000000000 0.2961655855 3.6859891415
-4.8734483719 12.7784261703 17.1104068756 26.6653404236 0.0000000000 0.0000000000 0.3021267354 3.7210969925
-4.9388198853 12.9507169724 17.1963119507 26.5611782074 0.0000000000 0.0000000000 0.3072717190 3.7548642159
-5.0047831535 13.1232700348 17.2531242371 26.4181022644 0.0000000000 0.0000000000 0.3115735650 3.7873940468
-5.0713653564 13.2961111069 17.2738304138 26.2363681793 0.0000000000 0.0000000000 0.3150730729 3.8186972141
-5.1385669708 13.4692392349 17.2528190613 26.0213928223 0.0000000000 0.0000000000 0.3178077042 3.8487136364
-5.2062788010 13.6424903870 17.1860923767 25.7791385651 0.0000000000 0.0000000000 0.3198049664 3.8773181438
-5.2744240761 13.8157062531 17.0734672546 25.5237445831 0.0000000000 0.0000000000 0.3211761415 3.9043138027
-5.3429789543 13.9888343811 16.9151649475 25.2646446228 0.0000000000 0.0000000000 0.3220474124 3.9295368195
-5.4118556976 14.1614885330 16.7214355469 25.0148487091 0.0000000000 0.0000000000 0.3224931359 3.9526243210
-5.4809870720 14.3337364197 16.4951267242 24.7824821472 0.0000000000 0.0000000000 0.3225916922 3.9733166695
-5.5503334999 14.5055894852 16.2435073853 24.5754852295 0.0000000000 0.0000000000 0.3223861158 3.9912731647
-5.6197929382 14.6768541336 15.9694786072 24.3960704803 0.0000000000 0.0000000000 0.3218647838 4.0062260628
-5.6892995834 14.8475608826 15.6739711761 24.2348556519 0.0000000000 0.0000000000 0.3210497499 4.0180840492
-5.7587957382 15.0175971985 15.3631029129 24.0775337219 0.0000000000 0.0000000000 0.3199789822 4.0268630981
-5.8281807899 15.1868286133 15.0526075363 23.9262027740 0.0000000000 0.0000000000 0.3186109364 4.0325164795
-5.8973855972 15.3550815582 14.7585029602 23.7824573517 0.0000000000 0.0000000000 0.3170271218 4.0351042747
-5.9663109779 15.5222826004 14.4892244339 23.6418418884 0.0000000000 0.0000000000 0.3152196705 4.0348019600
-6.0347967148 15.6880540848 14.2549619675 23.5026798248 0.0000000000 0.0000000000 0.3131582141 4.0318746567
-6.1029181480 15.8527698517 14.0568151474 23.3609809875 0.0000000000 0.0000000000 0.3108051717 4.0265922546
-6.1707010269 16.0165309906 13.8941049576 23.2119808197 0.0000000000 0.0000000000 0.3081721365 4.0192093849
-6.2382464409 16.1795845032 13.7667798996 23.0554122925 0.0000000000 0.0000000000 0.3053185344 4.0099878311
-6.3055658340 16.3419609070 13.6753358841 22.8924770355 0.0000000000 0.0000000000 0.3022592366 3.9991605282
-6.3726429939 16.5035266876 13.6164274216 22.7272701263 0.0000000000 0.0000000000 0.2990055680 3.9869654179
-6.4394092560 16.6640834808 13.5830802917 22.5640144348 0.0000000000 0.0000000000 0.2956166267 3.9736680984
-6.5059204102 16.8238353729 13.5690612793 22.4058094025 0.0000000000 0.0000000000 0.2921126783 3.9594621658
-6.5722260475 16.9827022552 13.5649185181 22.2545833588 0.0000000000 0.0000000000 0.2885871828 3.9445011616
-6.6385521889 17.1411800385 13.5625267029 22.1128406525 0.0000000000 0.0000000000 0.2851194739 3.9289171696
-6.7049379349 17.2993850708 13.5529851913 21.9810314178 0.0000000000 0.0000000000 0.2817534804 3.9128656387
-6.7713379860 17.4570999146 13.5270557404 21.8584766388 0.0000000000 0.0000000000 0.2785412371 3.8964993954
-6.8379225731 17.6146373749 13.4794998169 21.7438583374 0.0000000000 0.0000000000 0.2755721807 3.8798613548
-6.9046487808 17.7718658447 13.4055328369 21.6340274811 0.0000000000 0.0000000000 0.2728889287 3.8630342484
-6.9713888168 17.9284458160 13.3046970367 21.5252208710 0.0000000000 0.0000000000 0.2705264986 3.8460795879
-7.0382118225 18.0846347809 13.1758680344 21.4150676727 0.0000000000 0.0000000000 0.2684988379 3.8290090561
-7.1050400734 18.2403430939 13.0204515457 21.3015041351 0.0000000000 0.0000000000 0.2668124437 3.8117632866
-7.1718239784 18.3956069946 12.8433456421 21.1831150055 0.0000000000 0.0000000000 0.2654410303 3.7942354679
-7.2385296822 18.5503444672 12.6501512527 21.0592460632 0.0000000000 0.0000000000 0.2643236518 3.7763335705
-7.3051257133 18.7045898438 12.4473228455 20.9297828674 0.0000000000 0.0000000000 0.2634349167 3.7579472065
-7.3714733124 18.8581829071 12.2423448563 20.7964954376 0.0000000000 0.0000000000 0.2627089620 3.7389256954
-7.4376063347 19.0112056732 12.0401506424 20.6614665985 0.0000000000 0.0000000000 0.2620877922 3.7191617489
-7.5034523010 19.1636104584 11.8437623978 20.5250091553 0.0000000000 0.0000000000 0.2615649998 3.6985845566
-7.5689082146 19.3151912689 11.6584663391 20.3926544189 0.0000000000 0.0000000000 0.2611495554 3.6771461964
-7.6339626312 19.4659996033 11.4857492447 20.2662696838 0.0000000000 0.0000000000 0.2608284950 3.6548452377
-7.6986508369 19.6160736084 11.3276500702 20.1476097107 0.0000000000 0.0000000000 0.2605849802 3.6316771507
-7.7629432678 19.7653675079 11.1827449799 20.0361824036 0.0000000000 0.0000000000 0.2603795528 3.6076440811
-7.8267655373 19.9137611389 11.0489082336 19.9305725098 0.0000000000 0.0000000000 0.2602123916 3.5827860832
-7.8901653290 20.0614547729 10.9259967804 19.8291149139 0.0000000000 0.0000000000 0.2600346804 3.5571136475
-7.9531149864 20.2083454132 10.8114423752 19.7304744720 0.0000000000 0.0000000000 0.2598426044 3.5306959152
-8.0156335831 20.3545246124 10.7028436661 19.6331253052 0.0000000000 0.0000000000 0.2596417964 3.5035910606
-8.0777645111 20.5000610352 10.5974826813 19.5356121063 0.0000000000 0.0000000000 0.2594325542 3.4758741856
-8.1395006180 20.6449584961 10.4929389954 19.4363059998 0.0000000000 0.0000000000 0.2592303455 3.4476790428
-8.2008113861 20.7891292572 10.3864288330 19.3349933624 0.0000000000 0.0000000000 0.2590392828 3.4190950394
-8.2616767883 20.9325027466 10.2749223709 19.2316379547 0.0000000000 0.0000000000 0.2588532269 3.3901476860
-8.3221626282 21.0752277374 10.1588029861 19.1270885468 0.0000000000 0.0000000000 0.2586668730 3.3609745502
-8.3822717667 21.2174015045 10.0380992889 19.0234527588 0.0000000000 0.0000000000 0.2584709823 3.3316440582
-8.4419326782 21.3587570190 9.9137582779 18.9219093323 0.0000000000 0.0000000000 0.2582575679 3.3022534847
-8.5012006760 21.4994697571 9.7871866226 18.8227386475 0.0000000000 0.0000000000 0.2580144107 3.2728631496
-8.5599985123 21.6394100189 9.6597719193 18.7270908356 0.0000000000 0.0000000000 0.2577342689 3.2435233593
-8.6183519363 21.7785396576 9.5340003967 18.6354312897 0.0000000000 0.0000000000 0.2574247420 3.2143521309
-8.6762914658 21.9169826508 9.4116411209 18.5470809937 0.0000000000 0.0000000000 0.2570873201 3.1853840351
-8.7338151932 22.0547733307 9.2935142517 18.4611759186 0.0000000000 0.0000000000 0.2567201555 3.1566777229
-8.7909622192 22.1919918060 9.1808271408 18.3770942688 0.0000000000 0.0000000000 0.2563526332 3.1282606125
-8.8476686478 22.3285293579 9.0731391907 18.2933673859 0.0000000000 0.0000000000 0.2559928298 3.1001987457
-8.9039793015 22.4645042419 8.9704608917 18.2094898224 0.0000000000 0.0000000000 0.2556625307 3.0725851059
-8.9599227905 22.5998058319 8.8722620010 18.1249828339 0.0000000000 0.0000000000 0.2553694546 3.0454435349
-9.0154809952 22.7345333099 8.7784481049 18.0397968292 0.0000000000 0.0000000000 0.2550717890 3.0188176632
-9.0705928802 22.8686141968 8.6876754761 17.9528903961 0.0000000000 0.0000000000 0.2547740638 2.9927244186
-9.1252813339 23.0019912720 8.5997266769 17.8655815125 0.0000000000 0.0000000000 0.2544600666 2.9671866894
-9.1795816422 23.1347999573 8.5141525269 17.7782936096 0.0000000000 0.0000000000 0.2541363239 2.9422080517
-9.2335853577 23.2671356201 8.4303255081 17.6914386749 0.0000000000 0.0000000000 0.2537970543 2.9177048206
-9.2872924805 23.3989849091 8.3478488922 17.6055793762 0.0000000000 0.0000000000 0.2534188628 2.8936893940
-9.3407068253 23.5303688049 8.2661657333 17.5213680267 0.0000000000 0.0000000000 0.2529965639 2.8701782227
-9.3938503265 23.6613006592 8.1852769852 17.4395675659 0.0000000000 0.0000000000 0.2525287569 2.8471705914
-9.4467201233 23.7917995453 8.1028909683 17.3592987061 0.0000000000 0.0000000000 0.2519949377 2.8246822357
-9.4992084503 23.9217262268 8.0193319321 17.2812671661 0.0000000000 0.0000000000 0.2514109313 2.8026926517
-9.5514392853 24.0512428284 7.9338030815 17.2056102753 0.0000000000 0.0000000000 0.2507619262 2.7811799049
-9.6033525467 24.1801147461 7.8473153114 17.1330242157 0.0000000000 0.0000000000 0.2500238419 2.7601039410
-9.6549682617 24.3084831238 7.7600684166 17.0630187988 0.0000000000 0.0000000000 0.2491742522 2.7393884659
-9.7063808441 24.4364776611 7.6715745926 16.9943103790 0.0000000000 0.0000000000 0.2482204139 2.7190527916
-9.7575149536 24.5640029907 7.5808610916 16.9251899719 0.0000000000 0.0000000000 0.2471804768 2.6991112232
-9.8084182739 24.6911125183 7.4894456863 16.8559474945 0.0000000000 0.0000000000 0.2460769117 2.6795892715
-9.8590412140 24.8177280426 7.3976197243 16.7870941162 0.0000000000 0.0000000000 0.2449621707 2.6604576111
-9.9093008041 24.9436397552 7.3063445091 16.7179679871 0.0000000000 0.0000000000 0.2438520640 2.6417481899
-9.9592943192 25.0691070557 7.2156686783 16.6482830048 0.0000000000 0.0000000000 0.2427496761 2.6234133244
-10.0090322495 25.1941814423 7.1257681847 16.5784759521 0.0000000000 0.0000000000 0.2416800559 2.6054525375
-10.0585117340 25.3188552856 7.0367822647 16.5083904266 0.0000000000 0.0000000000 0.2406650931 2.5878567696
-10.1076831818 25.4430828094 6.9497370720 16.4388942719 0.0000000000 0.0000000000 0.2397159785 2.5705957413
-10.1565561295 25.5668754578 6.8639855385 16.3692493439 0.0000000000 0.0000000000 0.2388565987 2.5536558628
-10.2051105499 25.6901607513 6.7807712555 16.3003215790 0.0000000000 0.0000000000 0.2380774915 2.5370364189
-10.2533960342 25.8130016327 6.6995592117 16.2318019867 0.0000000000 0.0000000000 0.2373700291 2.5207395554
-10.3014316559 25.9354743958 6.6205835342 16.1640720367 0.0000000000 0.0000000000 0.2367026210 2.5047171116
-10.3491563797 26.0574245453 6.5438728333 16.0979366302 0.0000000000 0.0000000000 0.2360679954 2.4889407158
-10.3965682983 26.1788730621 6.4677243233 16.0314693451 0.0000000000 0.0000000000 0.2354661524 2.4734129906
-10.4437217712 26.2998847961 6.3928785324 15.9660720825 0.0000000000 0.0000000000 0.2348920703 2.4581232071
-10.4906072617 26.4204387665 6.3191332817 15.9010953903 0.0000000000 0.0000000000 0.2343594283 2.4430913925
-10.5372238159 26.5404911041 6.2464690208 15.8370380402 0.0000000000 0.0000000000 0.2338725626 2.4283242226
-10.5835514069 26.6600017548 6.1754717827 15.7746429443 0.0000000000 0.0000000000 0.2334361374 2.4137978554
-10.6296539307 26.7790527344 6.1054658890 15.7131252289 0.0000000000 0.0000000000 0.2330233306 2.3995053768
-10.6754837036 26.8975009918 6.0367631912 15.6529417038 0.0000000000 0.0000000000 0.2326155305 2.3854525089
-10.7210931778 27.0154438019 5.9685053825 15.5938272476 0.0000000000 0.0000000000 0.2321873009 2.3716328144
-10.7664136887 27.1327095032 5.9007849693 15.5357017517 0.0000000000 0.0000000000 0.2317510545 2.3580110073
-10.8114948273 27.2494411469 5.8324513435 15.4783773422 0.0000000000 0.0000000000 0.2313115150 2.3446216583
-10.8563184738 27.3656044006 5.7641363144 15.4232044220 0.0000000000 0.0000000000 0.2308504134 2.3314688206
-10.9009017944 27.4812583923 5.6949181557 15.3681964874 0.0000000000 0.0000000000 0.2303799391 2.3185515404
-10.9451837540 27.5962982178 5.6255507469 15.3136081696 0.0000000000 0.0000000000 0.2299086154 2.3058574200
-10.9891767502 27.7107944489 5.5554652214 15.2575874329 0.0000000000 0.0000000000 0.2294276804 2.2934143543
-11.0328969955 27.8247127533 5.4842801094 15.2002410889 0.0000000000 0.0000000000 0.2289474159 2.2811462879
-11.0763845444 27.9381713867 5.4118905067 15.1417121887 0.0000000000 0.0000000000 0.2284515202 2.2690377235
-11.1196508408 28.0511360168 5.3390693665 15.0823230743 0.0000000000 0.0000000000 0.2279247046 2.2570164204
-11.1626033783 28.1634635925 5.2679271698 15.0230960846 0.0000000000 0.0000000000 0.2273406684 2.2450976372
-11.2052640915 28.2752571106 5.1984305382 14.9637308121 0.0000000000 0.0000000000 0.2266880125 2.2333099842
-11.2476797104 28.3865375519 5.1312046051 14.9051818848 0.0000000000 0.0000000000 0.2259757519 2.2216734886
-11.2898254395 28.4973449707 5.0667891502 14.8475275040 0.0000000000 0.0000000000 0.2252005786 2.2101993561
-11.3316602707 28.6075477600 5.0056805611 14.7909307480 0.0000000000 0.0000000000 0.2243637145 2.1989381313
-11.3732767105 28.7173004150 4.9475803375 14.7362203598 0.0000000000 0.0000000000 0.2234836221 2.1878573895
-11.4145393372 28.8262805939 4.8921728134 14.6834526062 0.0000000000 0.0000000000 0.2225977331 2.1769034863
-11.4555263519 28.9346790314 4.8382587433 14.6308307648 0.0000000000 0.0000000000 0.2217071205 2.1661114693
-11.4963169098 29.0425453186 4.7853922844 14.5780649185 0.0000000000 0.0000000000 0.2208165079 2.1554603577
-11.5369691849 29.1500186920 4.7325897217 14.5251674652 0.0000000000 0.0000000000 0.2199203372 2.1449651718
-11.5774593353 29.2570571899 4.6802287102 14.4723958969 0.0000000000 0.0000000000 0.2190406919 2.1346483231
-11.6177635193 29.3636360168 4.6274261475 14.4192829132 0.0000000000 0.0000000000 0.2181788683 2.1245429516
-11.6579017639 29.4697647095 4.5746650696 14.3662557602 0.0000000000 0.0000000000 0.2173652053 2.1146712303
-11.6978321075 29.5753993988 4.5219688416 14.3136730194 0.0000000000 0.0000000000 0.2165922225 2.1050395966
-11.7375783920 29.6805839539 4.4696650505 14.2615699768 0.0000000000 0.0000000000 0.2158667743 2.0956578255
-11.7771549225 29.7852401733 4.4172163010 14.2108983994 0.0000000000 0.0000000000 0.2151750028 2.0864779949
-11.8165454865 29.8894176483 4.3642792702 14.1615180969 0.0000000000 0.0000000000 0.2145097703 2.0774564743
-11.8557710648 29.9931793213 4.3111748695 14.1134700775 0.0000000000 0.0000000000 0.2138430029 2.0686013699
-11.8948526382 30.0965251923 4.2583351135 14.0671930313 0.0000000000 0.0000000000 0.2131438851 2.0599205494
-11.9337215424 30.1993103027 4.2059650421 14.0226793289 0.0000000000 0.0000000000 0.2124234736 2.0514187813
-11.9723443985 30.3015499115 4.1545515060 13.9792518616 0.0000000000 0.0000000000 0.2116919905 2.0430352688
-12.0107879639 30.4033489227 4.1035990715 13.9365625381 0.0000000000 0.0000000000 0.2109539807 2.0347440243
-12.0490579605 30.5047626495 4.0535440445 13.8947391510 0.0000000000 0.0000000000 0.2102141976 2.0265266895
-12.0871057510 30.6057701111 4.0051937103 13.8535499573 0.0000000000 0.0000000000 0.2094761878 2.0183668137
-12.1249647141 30.7062969208 3.9571402073 13.8118000031 0.0000000000 0.0000000000 0.2087437660 2.0102262497
-12.1626605988 30.8062591553 3.9101998806 13.7693891525 0.0000000000 0.0000000000 0.2080356181 2.0021321774
-12.2002325058 30.9059066772 3.8646700382 13.7262754440 0.0000000000 0.0000000000 0.2073431611 1.9940798283
-12.2377204895 31.0052947998 3.8204290867 13.6821117401 0.0000000000 0.0000000000 0.2066890001 1.9860533476
-12.2751455307 31.1044330597 3.7767627239 13.6371498108 0.0000000000 0.0000000000 0.2060757279 1.9780479670
-12.3124065399 31.2031173706 3.7337081432 13.5920343399 0.0000000000 0.0000000000 0.2054549456 1.9700454473
-12.3495502472 31.3014888763 3.6903655529 13.5478353500 0.0000000000 0.0000000000 0.2048121989 1.9620740414
-12.3865547180 31.3995246887 3.6461267471 13.5051546097 0.0000000000 0.0000000000 0.2041490227 1.9541426897
-12.4233846664 31.4971504211 3.6015748978 13.4632482529 0.0000000000 0.0000000000 0.2034653276 1.9462615252
-12.4600477219 31.5943393707 3.5566084385 13.4227466583 0.0000000000 0.0000000000 0.2027710974 1.9384243488
-12.4965085983 31.6909046173 3.5106058121 13.3835372925 0.0000000000 0.0000000000 0.2020850033 1.9306135178
-12.5328416824 31.7871265411 3.4635016918 13.3452396393 0.0000000000 0.0000000000 0.2014202178 1.9227875471
-12.5690679550 31.8830394745 3.4151656628 13.3075828552 0.0000000000 0.0000000000 0.2007907182 1.9149705172
-12.6051454544 31.9786109924 3.3663940430 13.2698650360 0.0000000000 0.0000000000 0.2001884729 1.9071882963
-12.6411046982 32.0738334656 3.3171021938 13.2320079803 0.0000000000 0.0000000000 0.1995938718 1.8994524479
-12.6769056320 32.1686935425 3.2678267956 13.1936922073 0.0000000000 0.0000000000 0.1989780068 1.8918018341
-12.7125148773 32.2630386353 3.2184069157 13.1542234421 0.0000000000 0.0000000000 0.1983345747 1.8842394352
-12.7479000092 32.3569755554 3.1693375111 13.1127834320 0.0000000000 0.0000000000 0.1976775974 1.8767706156
-12.7830781937 32.4504241943 3.1209282875 13.0711908340 0.0000000000 0.0000000000 0.1970380396 1.8693956137
-12.8180694580 32.5433082581 3.0741250515 13.0292901993 0.0000000000 0.0000000000 0.1964441687 1.8621442318
-12.8528995514 32.6357955933 3.0285110474 12.9860191345 0.0000000000 0.0000000000 0.1959565133 1.8550401926
-12.8876142502 32.7280044556 2.9844908714 12.9423980713 0.0000000000 0.0000000000 0.1955512166 1.8481540680
-12.9221725464 32.8198776245 2.9425575733 12.8989076614 0.0000000000 0.0000000000 0.1951440871 1.8414286375
-12.9565639496 32.9113845825 2.9021055698 12.8559017181 0.0000000000 0.0000000000 0.1946722865 1.8347096443
-12.9908332825 33.0026016235 2.8628227711 12.8136358261 0.0000000000 0.0000000000 0.1941165030 1.8280332088
-13.0249700546 33.0935325623 2.8242244720 12.7725439072 0.0000000000 0.0000000000 0.1934701204 1.8214690685
-13.0589818954 33.1841621399 2.7851617336 12.7329063416 0.0000000000 0.0000000000 0.1927724779 1.8150525093
-13.0929031372 33.2745399475 2.7470827103 12.6954689026 0.0000000000 0.0000000000 0.1920468658 1.8088483810
-13.1266927719 33.3644905090 2.7094576359 12.6600914001 0.0000000000 0.0000000000 0.1913306415 1.8028924465
-13.1602869034 33.4540176392 2.6718487740 12.6260948181 0.0000000000 0.0000000000 0.1906454414 1.7971746922
-13.1937217712 33.5431251526 2.6349308491 12.5940113068 0.0000000000 0.0000000000 0.1899683028 1.7916924953
-13.2270812988 33.6319465637 2.5980529785 12.5630226135 0.0000000000 0.0000000000 0.1892731786 1.7864298820
-13.2603549957 33.7204780579 2.5611426830 12.5322294235 0.0000000000 0.0000000000 0.1885344982 1.7813473940
-13.2935180664 33.8086585999 2.5251593590 12.5020589828 0.0000000000 0.0000000000 0.1877429336 1.7763910294
-13.3265514374 33.8964233398 2.4908792973 12.4725008011 0.0000000000 0.0000000000 0.1868925840 1.7715573311
-13.3594684601 33.9838294983 2.4580066204 12.4430246353 0.0000000000 0.0000000000 0.1859780103 1.7668871880
-13.3922452927 34.0708274841 2.4263250828 12.4137554169 0.0000000000 0.0000000000 0.1850417703 1.7623538971
-13.4249439240 34.1575241089 2.3953225613 12.3845920563 0.0000000000 0.0000000000 0.1841513067 1.7578890324
-13.4575452805 34.2438583374 2.3646020889 12.3550653458 0.0000000000 0.0000000000 0.1833029538 1.7535468340
-13.4899835587 34.3298034668 2.3340799809 12.3248939514 0.0000000000 0.0000000000 0.1824902296 1.7493733168
-13.5223798752 34.4155426025 2.3034837246 12.2950801849 0.0000000000 0.0000000000 0.1816794574 1.7453297377
-13.5546941757 34.5010032654 2.2723996639 12.2664546967 0.0000000000 0.0000000000 0.1808794588 1.7413425446
-13.5869531631 34.5862121582 2.2397599220 12.2385168076 0.0000000000 0.0000000000 0.1801261455 1.7373763323
-13.6191339493 34.6710815430 2.2065048218 12.2117424011 0.0000000000 0.0000000000 0.1794486940 1.7334750891
-13.6512432098 34.7556686401 2.1723461151 12.1864395142 0.0000000000 0.0000000000 0.1788752526 1.7296254635
-13.6832113266 34.8398551941 2.1363763809 12.1623239517 0.0000000000 0.0000000000 0.1783914417 1.7258334160
-13.7150487900 34.9235687256 2.0990719795 12.1389951706 0.0000000000 0.0000000000 0.1779413968 1.7220977545
-13.7467002869 35.0067291260 2.0602257252 12.1162014008 0.0000000000 0.0000000000 0.1774968356 1.7184227705
-13.7782115936 35.0894966125 2.0199890137 12.0936555862 0.0000000000 0.0000000000 0.1770189553 1.7148323059
-13.8095598221 35.1718864441 1.9787939787 12.0708761215 0.0000000000 0.0000000000 0.1764924079 1.7113337517
-13.8406734467 35.2537574768 1.9369907379 12.0483026505 0.0000000000 0.0000000000 0.1759782434 1.7078731060
-13.8716201782 35.3351287842 1.8946849108 12.0259218216 0.0000000000 0.0000000000 0.1755028963 1.7043772936
-13.9023065567 35.4158248901 1.8527536392 12.0037498474 0.0000000000 0.0000000000 0.1750483662 1.7008891106
-13.9328470230 35.4961509705 1.8116526604 11.9816083908 0.0000000000 0.0000000000 0.1746097952 1.6974581480
-13.9632644653 35.5761299133 1.7711927891 11.9602537155 0.0000000000 0.0000000000 0.1742156446 1.6940519810
-13.9935016632 35.6555137634 1.7325801849 11.9399089813 0.0000000000 0.0000000000 0.1738545001 1.6906605959
-14.0235795975 35.7343864441 1.6953353882 11.9208469391 0.0000000000 0.0000000000 0.1734887809 1.6872814894
-14.0534324646 35.8127784729 1.6593097448 11.9024267197 0.0000000000 0.0000000000 0.1730759442 1.6838996410
-14.0831003189 35.8906822205 1.6251895428 11.8847303391 0.0000000000 0.0000000000 0.1725840867 1.6805170774
-14.1126585007 35.9683151245 1.5922784805 11.8672494888 0.0000000000 0.0000000000 0.1720460951 1.6771123409
-14.1421346664 36.0457038879 1.5599682331 11.8496713638 0.0000000000 0.0000000000 0.1715179682 1.6736657619
-14.1714305878 36.1226806641 1.5280660391 11.8320159912 0.0000000000 0.0000000000 0.1710510105 1.6701483727
-14.2005796432 36.1993103027 1.4966087341 11.8139400482 0.0000000000 0.0000000000 0.1706583798 1.6665787697
-14.2296075821 36.2756195068 1.4659734964 11.7957429886 0.0000000000 0.0000000000 0.1703368574 1.6629731655
-14.2585544586 36.3516693115 1.4359085560 11.7770395279 0.0000000000 0.0000000000 0.1700536013 1.6592966318
-14.2874574661 36.4275588989 1.4064235687 11.7581386566 0.0000000000 0.0000000000 0.1697979420 1.6555770636
-14.3162069321 36.5032272339 1.3770194054 11.7394733429 0.0000000000 0.0000000000 0.1695758253 1.6518080235
-14.3448886871 36.5787124634 1.3474353552 11.7213087082 0.0000000000 0.0000000000 0.1693856418 1.6480025053
-14.3734531403 36.6539154053 1.3179265261 11.7036333084 0.0000000000 0.0000000000 0.1692080349 1.6441794634
-14.4018564224 36.7286338806 1.2885484695 11.6864271164 0.0000000000 0.0000000000 0.1690161824 1.6403791904
-14.4301433563 36.8030433655 1.2594591379 11.6698827744 0.0000000000 0.0000000000 0.1688158661 1.6365925074
-14.4583854675 36.8772773743 1.2307137251 11.6537313461 0.0000000000 0.0000000000 0.1686116159 1.6328229904
-14.4866342545 36.9513893127 1.2026233673 11.6375045776 0.0000000000 0.0000000000 0.1684146076 1.6290706396
-14.5148286819 37.0252914429 1.1753640175 11.6213493347 0.0000000000 0.0000000000 0.1682124138 1.6253342628
-14.5429420471 37.0989608765 1.1480220556 11.6052808762 0.0000000000 0.0000000000 0.1679754108 1.6215804815
-14.5709428787 37.1723213196 1.1205323935 11.5893220901 0.0000000000 0.0000000000 0.1676923037 1.6178177595
-14.5988569260 37.2454147339 1.0928032398 11.5732622147 0.0000000000 0.0000000000 0.1673734933 1.6140676737
-14.6267404556 37.3183364868 1.0648289919 11.5568103790 0.0000000000 0.0000000000 0.1670600176 1.6104147434
-14.6545944214 37.3910865784 1.0369808674 11.5401515961 0.0000000000 0.0000000000 0.1667801291 1.6068422794
-14.6824150085 37.4636840820 1.0092090368 11.5234880447 0.0000000000 0.0000000000 0.1665505767 1.6033078432
-14.7102022171 37.5361251831 0.9814949036 11.5066051483 0.0000000000 0.0000000000 0.1663476676 1.5998320580
-14.7379055023 37.6083641052 0.9538041949 11.4898653030 0.0000000000 0.0000000000 0.1661711037 1.5963774920
-14.7654523849 37.6802558899 0.9264974594 11.4734363556 0.0000000000 0.0000000000 0.1660319716 1.5929565430
-14.7929430008 37.7519454956 0.8996882439 11.4573812485 0.0000000000 0.0000000000 0.1659407616 1.5895773172
-14.8203067780 37.8233261108 0.8739550114 11.4415864944 0.0000000000 0.0000000000 0.1659091562 1.5861911774
-14.8475122452 37.8944129944 0.8493042588 11.4260787964 0.0000000000 0.0000000000 0.1659251451 1.5828218460
-14.8746433258 37.9652748108 0.8254420757 11.4107370377 0.0000000000 0.0000000000 0.1659704596 1.5794557333
-14.9017400742 38.0359535217 0.8017783761 11.3953475952 0.0000000000 0.0000000000 0.1660313755 1.5760798454
-14.9287500381 38.1063804626 0.7780632377 11.3801984787 0.0000000000 0.0000000000 0.1661050469 1.5727398396
-14.9556970596 38.1766090393 0.7538658381 11.3654890060 0.0000000000 0.0000000000 0.1661858857 1.5694249868
-14.9826354980 38.2466812134 0.7294014692 11.3512563705 0.0000000000 0.0000000000 0.1662634611 1.5661411285
-15.0094528198 38.3164520264 0.7048032284 11.3373241425 0.0000000000 0.0000000000 0.1663394868 1.5628327131
-15.0362691879 38.3860969543 0.6799938083 11.3235292435 0.0000000000 0.0000000000 0.1664041877 1.5595591068
-15.0630407333 38.4555358887 0.6553677320 11.3099956512 0.0000000000 0.0000000000 0.1664500237 1.5563163757
-15.0897827148 38.5247764587 0.6305031180 11.2965011597 0.0000000000 0.0000000000 0.1664946526 1.5531167984
-15.1164922714 38.5938339233 0.6056924462 11.2828226089 0.0000000000 0.0000000000 0.1665373594 1.5500284433
-15.1431446075 38.6626472473 0.5806999207 11.2691011429 0.0000000000 0.0000000000 0.1665824801 1.5470350981
-15.1697616577 38.7312278748 0.5555020571 11.2552556992 0.0000000000 0.0000000000 0.1666415036 1.5441405773
-15.1963510513 38.7996597290 0.5299277902 11.2413949966 0.0000000000 0.0000000000 0.1666973233 1.5413116217
-15.2229108810 38.8679237366 0.5043416619 11.2276344299 0.0000000000 0.0000000000 0.1667613685 1.5385322571
-15.2494573593 38.9360466003 0.4796119034 11.2140808105 0.0000000000 0.0000000000 0.1668301076 1.5358068943
-15.2758893967 39.0039138794 0.4560395777 11.2023525238 0.0000000000 0.0000000000 0.1669068187 1.5330959558
-15.3022651672 39.0715866089 0.4328972101 11.1909370422 0.0000000000 0.0000000000 0.1669856012 1.5304291248
-15.3285951614 39.1391220093 0.4102431834 11.1796455383 0.0000000000 0.0000000000 0.1670749187 1.5277705193
-15.3548812866 39.2065238953 0.3877979219 11.1686668396 0.0000000000 0.0000000000 0.1671729684 1.5250736475
-15.3811159134 39.2737121582 0.3657860756 11.1576747894 0.0000000000 0.0000000000 0.1672929674 1.5223221779
-15.4073381424 39.3407440186 0.3436039984 11.1467227936 0.0000000000 0.0000000000 0.1674280912 1.5195560455
-15.4335460663 39.4076271057 0.3214625120 11.1355810165 0.0000000000 0.0000000000 0.1675734073 1.5168284178
-15.4597320557 39.4743576050 0.2990936935 11.1240301132 0.0000000000 0.0000000000 0.1677175015 1.5141150951
-15.4858989716 39.5409240723 0.2762293220 11.1124000549 0.0000000000 0.0000000000 0.1678441018 1.5115027428
-15.5119895935 39.6072692871 0.2527876496 11.1006965637 0.0000000000 0.0000000000 0.1679420173 1.5089987516
-15.5379648209 39.6734085083 0.2282809615 11.0889511108 0.0000000000 0.0000000000 0.1679931134 1.5066347122
-15.5639047623 39.7393722534 0.2026107609 11.0771951675 0.0000000000 0.0000000000 0.1679775417 1.5043700933
-15.5897674561 39.8050880432 0.1761149913 11.0658388138 0.0000000000 0.0000000000 0.1678992510 1.5021711588
-15.6155519485 39.8706016541 0.1493554264 11.0542440414 0.0000000000 0.0000000000 0.1677820534 1.5000121593
-15.6412229538 39.9358749390 0.1224904433 11.0426673889 0.0000000000 0.0000000000 0.1676443070 1.4978711605
-15.6667461395 40.0008163452 0.0964376032 11.0310735703 0.0000000000 0.0000000000 0.1674985290 1.4957233667
-15.6921653748 40.0654449463 0.0707462803 11.0195283890 0.0000000000 0.0000000000 0.1673405021 1.4936313629
-15.7175302505 40.1299324036 0.0460572504 11.0079097748 0.0000000000 0.0000000000 0.1671760380 1.4915710688
-15.7427968979 40.1942176819 0.0221186038 10.9963531494 0.0000000000 0.0000000000 0.1670077294 1.4895212650
-15.7680082321 40.2583580017 -0.0008113153 10.9848184586 0.0000000000 0.0000000000 0.1668365896 1.4874784946
-15.7930803299 40.3221740723 -0.0225887932 10.9736604691 0.0000000000 0.0000000000 0.1666561961 1.4854521751
-15.8180694580 40.3858489990 -0.0436564311 10.9626283646 0.0000000000 0.0000000000 0.1664799601 1.4834781885
-15.8430356979 40.4494323730 -0.0643411279 10.9516801834 0.0000000000 0.0000000000 0.1663320065 1.4814987183
-15.8679437637 40.5128593445 -0.0846060067 10.9414691925 0.0000000000 0.0000000000 0.1661877036 1.4795113802
-15.8927526474 40.5760955811 -0.1052708477 10.9314279556 0.0000000000 0.0000000000 0.1660285890 1.4775464535
-15.9173707962 40.6390991211 -0.1262863725 10.9211730957 0.0000000000 0.0000000000 0.1658590585 1.4755901098
-15.9419794083 40.7020416260 -0.1475421935 10.9106721878 0.0000000000 0.0000000000 0.1656754017 1.4736250639
-15.9665803909 40.7649078369 -0.1693827063 10.9000520706 0.0000000000 0.0000000000 0.1654632688 1.4716619253
-15.9910163879 40.8275222778 -0.1920365244 10.8897171021 0.0000000000 0.0000000000 0.1652264148 1.4696333408
-16.0153884888 40.8899803162 -0.2153064162 10.8796186447 0.0000000000 0.0000000000 0.1649698168 1.4676274061
-16.0396976471 40.9522361755 -0.2388588339 10.8699121475 0.0000000000 0.0000000000 0.1647140682 1.4655927420
-16.0639686584 41.0143508911 -0.2630243897 10.8605470657 0.0000000000 0.0000000000 0.1644565314 1.4634754658
-16.0881977081 41.0763320923 -0.2874198258 10.8514070511 0.0000000000 0.0000000000 0.1641903818 1.4612697363
-16.1123752594 41.1381568909 -0.3121441603 10.8425703049 0.0000000000 0.0000000000 0.1638982445 1.4589674473
-16.1364574432 41.1997833252 -0.3367731571 10.8338584900 0.0000000000 0.0000000000 0.1635781080 1.4566547871
-16.1604518890 41.2612495422 -0.3606101871 10.8251199722 0.0000000000 0.0000000000 0.1632356346 1.4543623924
-16.1843929291 41.3225746155 -0.3839112818 10.8164625168 0.0000000000 0.0000000000 0.1628867090 1.4521188736
-16.2082767487 41.3837623596 -0.4064155519 10.8077678680 0.0000000000 0.0000000000 0.1625194103 1.4498760700
-16.2320327759 41.4447135925 -0.4279099107 10.7987327576 0.0000000000 0.0000000000 0.1621447802 1.4477063417
-16.2556991577 41.5054664612 -0.4486004710 10.7894630432 0.0000000000 0.0000000000 0.1617752463 1.4455288649
-16.2792663574 41.5660858154 -0.4682822227 10.7799453735 0.0000000000 0.0000000000 0.1614197195 1.4433201551
-16.3027229309 41.6265106201 -0.4873812497 10.7703037262 0.0000000000 0.0000000000 0.1610649526 1.4410818815
-16.3261337280 41.6868324280 -0.5059720874 10.7602939606 0.0000000000 0.0000000000 0.1607092321 1.4388750792
-16.3493785858 41.7468490601 -0.5243563652 10.7501258850 0.0000000000 0.0000000000 0.1603403091 1.4367754459
-16.3725471497 41.8067321777 -0.5424375534 10.7402629852 0.0000000000 0.0000000000 0.1599730998 1.4348169565
-16.3956279755 41.8664398193 -0.5601157546 10.7308521271 0.0000000000 0.0000000000 0.1596168578 1.4329746962
-16.4185886383 41.9259643555 -0.5778019428 10.7218809128 0.0000000000 0.0000000000 0.1593018472 1.4312351942
-16.4414768219 41.9853363037 -0.5959034562 10.7131433487 0.0000000000 0.0000000000 0.1590235531 1.4296199083
-16.4642295837 42.0443954468 -0.6135441065 10.7047595978 0.0000000000 0.0000000000 0.1587768495 1.4280612469
-16.4869766235 42.1033706665 -0.6310179830 10.6964063644 0.0000000000 0.0000000000 0.1585527807 1.4265500307
-16.5097236633 42.1622657776 -0.6484744549 10.6881895065 0.0000000000 0.0000000000 0.1583390981 1.4251221418
-16.5324745178 42.2210998535 -0.6657502651 10.6798801422 0.0000000000 0.0000000000 0.1581418067 1.4237450361
-16.5552120209 42.2798538208 -0.6827353835 10.6714620590 0.0000000000 0.0000000000 0.1579578817 1.4224370718
-16.5778789520 42.3384475708 -0.6995651722 10.6629085541 0.0000000000 0.0000000000 0.1577801853 1.4211970568
-16.6004467010 42.3969116211 -0.7162244916 10.6544589996 0.0000000000 0.0000000000 0.1575990617 1.4199771881
-16.6229534149 42.4552459717 -0.7321493030 10.6457366943 0.0000000000 0.0000000000 0.1573984921 1.4188210964
-16.6454410553 42.5134544373 -0.7473828197 10.6373758316 0.0000000000 0.0000000000 0.1571889967 1.4177072048
-16.6679534912 42.5716209412 -0.7623885870 10.6285858154 0.0000000000 0.0000000000 0.1569797397 1.4166254997
-16.6904506683 42.6296730042 -0.7770692110 10.6193208694 0.0000000000 0.0000000000 0.1567706913 1.4155797958
-16.7129688263 42.6876754761 -0.7917245030 10.6098031998 0.0000000000 0.0000000000 0.1565630436 1.4145550728
-16.7354946136 42.7455940247 -0.8064457774 10.6001701355 0.0000000000 0.0000000000 0.1563527435 1.4135009050
-16.7579841614 42.8034133911 -0.8213241100 10.5904483795 0.0000000000 0.0000000000 0.1561160386 1.4124827385
-16.7804660797 42.8611335754 -0.8367444873 10.5809412003 0.0000000000 0.0000000000 0.1558481902 1.4114432335
-16.8029022217 42.9187164307 -0.8526251316 10.5718641281 0.0000000000 0.0000000000 0.1555608958 1.4104201794
-16.8253002167 42.9761390686 -0.8686845303 10.5632810593 0.0000000000 0.0000000000 0.1552554071 1.4093537331
-16.8476638794 43.0334053040 -0.8853387833 10.5549478531 0.0000000000 0.0000000000 0.1549618691 1.4082297087
-16.8699531555 43.0904769897 -0.9020050168 10.5470962524 0.0000000000 0.0000000000 0.1546842307 1.4070043564
-16.8922538757 43.1474761963 -0.9188176990 10.5396604538 0.0000000000 0.0000000000 0.1544315517 1.4056528807
-16.9145298004 43.2043571472 -0.9360597134 10.5323143005 0.0000000000 0.0000000000 0.1542047858 1.4042091370
-16.9368247986 43.2611694336 -0.9538571239 10.5250663757 0.0000000000 0.0000000000 0.1540028155 1.4027129412
-16.9591121674 43.3178787231 -0.9716753960 10.5177726746 0.0000000000 0.0000000000 0.1538159400 1.4011018276
-16.9813842773 43.3744964600 -0.9897545576 10.5102090836 0.0000000000 0.0000000000 0.1536622792 1.3993458748
-17.0036354065 43.4310112000 -1.0070745945 10.5024042130 0.0000000000 0.0000000000 0.1535571069 1.3974484205
-17.0258083344 43.4873619080 -1.0240195990 10.4942502975 0.0000000000 0.0000000000 0.1534776986 1.3955203295
-17.0479011536 43.5434951782 -1.0401612520 10.4858036041 0.0000000000 0.0000000000 0.1534092575 1.3936727047
-17.0699443817 43.5994949341 -1.0561380386 10.4769592285 0.0000000000 0.0000000000 0.1533448994 1.3920035362
-17.0919227600 43.6553649902 -1.0718320608 10.4677553177 0.0000000000 0.0000000000 0.1532806456 1.3904263973
-17.1137790680 43.7110252380 -1.0875109434 10.4580535889 0.0000000000 0.0000000000 0.1532127857 1.3889293671
-17.1355438232 43.7665138245 -1.1030508280 10.4478340149 0.0000000000 0.0000000000 0.1531327665 1.3874052763
-17.1572132111 43.8217926025 -1.1189525127 10.4377222061 0.0000000000 0.0000000000 0.1530202180 1.3858431578
-17.1788425446 43.8769226074 -1.1351102591 10.4276790619 0.0000000000 0.0000000000 0.1528641135 1.3843373060
-17.2004146576 43.9318695068 -1.1519352198 10.4179859161 0.0000000000 0.0000000000 0.1526746303 1.3828872442
-17.2218093872 43.9865074158 -1.1693559885 10.4089546204 0.0000000000 0.0000000000 0.1524703056 1.3815708160
-17.2431411743 44.0409698486 -1.1875444651 10.4004011154 0.0000000000 0.0000000000 0.1522698700 1.3803641796
-17.2644214630 44.0952720642 -1.2065852880 10.3920097351 0.0000000000 0.0000000000 0.1520835310 1.3792293072
-17.2855567932 44.1493225098 -1.2263865471 10.3837184906 0.0000000000 0.0000000000 0.1519160718 1.3780997992
-17.3066558838 44.2032508850 -1.2462048531 10.3754920959 0.0000000000 0.0000000000 0.1517788917 1.3769550323
-17.3277225494 44.2570533752 -1.2655142546 10.3673057556 0.0000000000 0.0000000000 0.1516751796 1.3757826090
-17.3487014771 44.3106689453 -1.2837650776 10.3592510223 0.0000000000 0.0000000000 0.1515954733 1.3745981455
-17.3696403503 44.3641433716 -1.3006438017 10.3511714935 0.0000000000 0.0000000000 0.1515236944 1.3734462261
-17.3905010223 44.4174385071 -1.3161660433 10.3429965973 0.0000000000 0.0000000000 0.1514549106 1.3723087311
-17.4112701416 44.4705505371 -1.3309143782 10.3348293304 0.0000000000 0.0000000000 0.1513826847 1.3711788654
-17.4319248199 44.5234184265 -1.3441596031 10.3265810013 0.0000000000 0.0000000000 0.1513321251 1.3700821400
-17.4524593353 44.5760154724 -1.3566923141 10.3183450699 0.0000000000 0.0000000000 0.1512983888 1.3689963818
-17.4729290009 44.6284675598 -1.3690737486 10.3101606369 0.0000000000 0.0000000000 0.1512975097 1.3679269552
-17.4932231903 44.6806869507 -1.3814628124 10.3023319244 0.0000000000 0.0000000000 0.1513094902 1.3668581247
-17.5134658813 44.7327537537 -1.3940343857 10.2947149277 0.0000000000 0.0000000000 0.1513054967 1.3658061028
-17.5336265564 44.7845535278 -1.4068118334 10.2874593735 0.0000000000 0.0000000000 0.1512576491 1.3646994829
-17.5537605286 44.8362236023 -1.4198817015 10.2805957794 0.0000000000 0.0000000000 0.1511413008 1.3635913134
-17.5738315582 44.8876838684 -1.4331073761 10.2743253708 0.0000000000 0.0000000000 0.1509523988 1.3625000715
-17.5938911438 44.9390678406 -1.4470803738 10.2680816650 0.0000000000 0.0000000000 0.1506921202 1.3614525795
-17.6139869690 44.9904136658 -1.4620847702 10.2617712021 0.0000000000 0.0000000000 0.1503865123 1.3604475260
-17.6340980530 45.0417022705 -1.4779164791 10.2555351257 0.0000000000 0.0000000000 0.1500794590 1.3594261408
-17.6542167664 45.0928993225 -1.4941011667 10.2492370605 0.0000000000 0.0000000000 0.1498009861 1.3584501743
-17.6743373871 45.1440048218 -1.5096919537 10.2429256439 0.0000000000 0.0000000000 0.1495437026 1.3575263023
-17.6944599152 45.1950225830 -1.5250339508 10.2367019653 0.0000000000 0.0000000000 0.1493001729 1.3566367626
-17.7145347595 45.2458648682 -1.5398153067 10.2307186127 0.0000000000 0.0000000000 0.1490832418 1.3557429314
-17.7345581055 45.2965545654 -1.5534799099 10.2247667313 0.0000000000 0.0000000000 0.1488859802 1.3548493385
-17.7544593811 45.3470039368 -1.5666261911 10.2188739777 0.0000000000 0.0000000000 0.1487080157 1.3539431095
-17.7742919922 45.3972892761 -1.5789494514 10.2131452560 0.0000000000 0.0000000000 0.1485613436 1.3529793024
-17.7941360474 45.4475021362 -1.5911128521 10.2073764801 0.0000000000 0.0000000000 0.1484500468 1.3519347906
-17.8139133453 45.4975357056 -1.6028828621 10.2016553879 0.0000000000 0.0000000000 0.1483682692 1.3508098125
-17.8336925507 45.5474853516 -1.6142964363 10.1960077286 0.0000000000 0.0000000000 0.1483146995 1.3496786356
-17.8534259796 45.5972557068 -1.6257367134 10.1905317307 0.0000000000 0.0000000000 0.1482923776 1.3485337496
-17.8731670380 45.6469116211 -1.6375205517 10.1851863861 0.0000000000 0.0000000000 0.1482924372 1.3474160433
-17.8929080963 45.6964569092 -1.6493511200 10.1799602509 0.0000000000 0.0000000000 0.1482952386 1.3463603258
-17.9126510620 45.7458839417 -1.6616728306 10.1750059128 0.0000000000 0.0000000000 0.1482817978 1.3453235626
-17.9323444366 45.7951698303 -1.6739639044 10.1703443527 0.0000000000 0.0000000000 0.1482446492 1.3442841768
-17.9519920349 45.8442916870 -1.6855736971 10.1658258438 0.0000000000 0.0000000000 0.1481926441 1.3432235718
-17.9715919495 45.8932762146 -1.6963058710 10.1614475250 0.0000000000 0.0000000000 0.1481438428 1.3421579599
-17.9911823273 45.9421539307 -1.7064235210 10.1570615768 0.0000000000 0.0000000000 0.1481060386 1.3411331177
-18.0106449127 45.9907722473 -1.7158267498 10.1527118683 0.0000000000 0.0000000000 0.1480858773 1.3401770592
-18.0301189423 46.0393104553 -1.7246974707 10.1485080719 0.0000000000 0.0000000000 0.1480689645 1.3392692804
-18.0495090485 46.0876235962 -1.7337630987 10.1447582245 0.0000000000 0.0000000000 0.1480304748 1.3383982182
-18.0688591003 46.1357803345 -1.7431645393 10.1413507462 0.0000000000 0.0000000000 0.1479412168 1.3375796080
-18.0881080627 46.1837539673 -1.7527501583 10.1383380890 0.0000000000 0.0000000000 0.1478039622 1.3367927074
-18.1073036194 46.2315864563 -1.7626615763 10.1357192993 0.0000000000 0.0000000000 0.1476211995 1.3360087872
-18.1263904572 46.2791709900 -1.7727571726 10.1332349777 0.0000000000 0.0000000000 0.1474080235 1.3352164030
-18.1454639435 46.3266525269 -1.7831091881 10.1311216354 0.0000000000 0.0000000000 0.1471681446 1.3344470263
-18.1645774841 46.3740653992 -1.7942643166 10.1289987564 0.0000000000 0.0000000000 0.1469291598 1.3336852789
-18.1836776733 46.4213447571 -1.8062617779 10.1267776489 0.0000000000 0.0000000000 0.1467068195 1.3329789639
-18.2027969360 46.4685478210 -1.8187490702 10.1242904663 0.0000000000 0.0000000000 0.1465042531 1.3323678970
-18.2219314575 46.5156707764 -1.8315739632 10.1216497421 0.0000000000 0.0000000000 0.1463465989 1.3317924738
-18.2410678864 46.5627059937 -1.8444969654 10.1187295914 0.0000000000 0.0000000000 0.1462218463 1.3312648535
-18.2601547241 46.6095466614 -1.8580499887 10.1157007217 0.0000000000 0.0000000000 0.1461137384 1.3307583332
-18.2792358398 46.6562995911 -1.8722453117 10.1127233505 0.0000000000 0.0000000000 0.1460158676 1.3302257061
-18.2982978821 46.7029228210 -1.8870609999 10.1098814011 0.0000000000 0.0000000000 0.1459135860 1.3296493292
-18.3172912598 46.7493362427 -1.9025639296 10.1071052551 0.0000000000 0.0000000000 0.1458273083 1.3290586472
-18.3362064362 46.7955513000 -1.9188579321 10.1044197083 0.0000000000 0.0000000000 0.1457558125 1.3284810781
-18.3550434113 46.8415527344 -1.9356070757 10.1020107269 0.0000000000 0.0000000000 0.1457047760 1.3279399872
-18.3738536835 46.8874282837 -1.9527077675 10.0997714996 0.0000000000 0.0000000000 0.1456676424 1.3274335861
-18.3925399780 46.9330902100 -1.9698598385 10.0977582932 0.0000000000 0.0000000000 0.1456449181 1.3269636631
-18.4111652374 46.9785614014 -1.9866594076 10.0958175659 0.0000000000 0.0000000000 0.1456289589 1.3265433311
-18.4297237396 47.0238609314 -2.0031802654 10.0940198898 0.0000000000 0.0000000000 0.1456033736 1.3261803389
-18.4482040405 47.0689544678 -2.0195357800 10.0924005508 0.0000000000 0.0000000000 0.1455603689 1.3258922100
-18.4666538239 47.1139030457 -2.0356001854 10.0906810760 0.0000000000 0.0000000000 0.1455074698 1.3256306648
-18.4850540161 47.1587104797 -2.0513944626 10.0888061523 0.0000000000 0.0000000000 0.1454371214 1.3253778219
-18.5033588409 47.2033386230 -2.0664501190 10.0869035721 0.0000000000 0.0000000000 0.1453573108 1.3251069784
-18.5215797424 47.2478065491 -2.0807018280 10.0845632553 0.0000000000 0.0000000000 0.1452787071 1.3247833252
-18.5397720337 47.2921524048 -2.0944311619 10.0818405151 0.0000000000 0.0000000000 0.1452068239 1.3244071007
-18.5579261780 47.3363914490 -2.1074452400 10.0787982941 0.0000000000 0.0000000000 0.1451569945 1.3239623308
-18.5760021210 47.3804321289 -2.1198403835 10.0756683350 0.0000000000 0.0000000000 0.1451332420 1.3234398365
-18.5940132141 47.4243621826 -2.1312143803 10.0722579956 0.0000000000 0.0000000000 0.1451308727 1.3228183985
-18.6120128632 47.4681892395 -2.1419725418 10.0686836243 0.0000000000 0.0000000000 0.1451426446 1.3221709728
-18.6300144196 47.5119132996 -2.1518778801 10.0649709702 0.0000000000 0.0000000000 0.1451550275 1.3215093613
-18.6480102539 47.5555343628 -2.1618151665 10.0613365173 0.0000000000 0.0000000000 0.1451647431 1.3209005594
-18.6659679413 47.5989265442 -2.1717634201 10.0579614639 0.0000000000 0.0000000000 0.1451540142 1.3203033209
-18.6839427948 47.6422195435 -2.1818072796 10.0549049377 0.0000000000 0.0000000000 0.1451179087 1.3197082281
-18.7019348145 47.6854400635 -2.1916854382 10.0521020889 0.0000000000 0.0000000000 0.1450580209 1.3191401958
-18.7199020386 47.7285308838 -2.2018060684 10.0495605469 0.0000000000 0.0000000000 0.1449954361 1.3185865879
-18.7378883362 47.7715415955 -2.2115135193 10.0469045639 0.0000000000 0.0000000000 0.1449305415 1.3180239201
-18.7558860779 47.8144493103 -2.2209846973 10.0441761017 0.0000000000 0.0000000000 0.1448510736 1.3174543381
-18.7739028931 47.8572540283 -2.2299585342 10.0414257050 0.0000000000 0.0000000000 0.1447573453 1.3169146776
-18.7918109894 47.8997917175 -2.2387926579 10.0384540558 0.0000000000 0.0000000000 0.1446502954 1.3164585829
-18.8097610474 47.9422645569 -2.2474615574 10.0353994370 0.0000000000 0.0000000000 0.1445279717 1.3160998821
-18.8277530670 47.9846839905 -2.2561426163 10.0322847366 0.0000000000 0.0000000000 0.1444005519 1.3158243895
-18.8457946777 48.0270423889 -2.2655866146 10.0293331146 0.0000000000 0.0000000000 0.1442911476 1.3155511618
-18.8638725281 48.0692977905 -2.2755131721 10.0264101028 0.0000000000 0.0000000000 0.1442163438 1.3153070211
-18.8819313049 48.1114120483 -2.2859606743 10.0235490799 0.0000000000 0.0000000000 0.1441880465 1.3150453568
-18.8999309540 48.1532821655 -2.2965490818 10.0208148956 0.0000000000 0.0000000000 0.1442020237 1.3148342371
-18.9179534912 48.1950454712 -2.3066921234 10.0182065964 0.0000000000 0.0000000000 0.1442234516 1.3146967888
-18.9359893799 48.2366867065 -2.3167409897 10.0159225464 0.0000000000 0.0000000000 0.1442245692 1.3145806789
-18.9539909363 48.2781372070 -2.3271424770 10.0138959885 0.0000000000 0.0000000000 0.1441945732 1.3144402504
-18.9719257355 48.3192863464 -2.3378880024 10.0125055313 0.0000000000 0.0000000000 0.1441516429 1.3142281771
-18.9898815155 48.3603096008 -2.3491704464 10.0115175247 0.0000000000 0.0000000000 0.1440977454 1.3139268160
-19.0077686310 48.4010162354 -2.3608169556 10.0108137131 0.0000000000 0.0000000000 0.1440242231 1.3135144711
-19.0256710052 48.4415893555 -2.3728299141 10.0103101730 0.0000000000 0.0000000000 0.1439256817 1.3131015301
-19.0435543060 48.4819221497 -2.3854436874 10.0099000931 0.0000000000 0.0000000000 0.1438029706 1.3126828671
-19.0614299774 48.5221405029 -2.3983957767 10.0094165802 0.0000000000 0.0000000000 0.1436917037 1.3123059273
-19.0792808533 48.5622177124 -2.4112761021 10.0087327957 0.0000000000 0.0000000000 0.1436109245 1.3119968176
-19.0971145630 48.6021804810 -2.4238142967 10.0077800751 0.0000000000 0.0000000000 0.1435614824 1.3117183447
-19.1149234772 48.6420059204 -2.4359807968 10.0063638687 0.0000000000 0.0000000000 0.1435157657 1.3114613295
-19.1327571869 48.6817474365 -2.4475162029 10.0044593811 0.0000000000 0.0000000000 0.1434412152 1.3112677336
-19.1504726410 48.7212638855 -2.4587442875 10.0021944046 0.0000000000 0.0000000000 0.1433127075 1.3111717701
-19.1681556702 48.7606277466 -2.4694480896 9.9995384216 0.0000000000 0.0000000000 0.1431133598 1.3111586571
-19.1858177185 48.7998733521 -2.4795920849 9.9967489243 0.0000000000 0.0000000000 0.1428716928 1.3111974001
-19.2034816742 48.8390312195 -2.4897239208 9.9938278198 0.0000000000 0.0000000000 0.1426220834 1.3112857342
-19.2211494446 48.8780860901 -2.4994692802 9.9909524918 0.0000000000 0.0000000000 0.1424033046 1.3114136457
-19.2388114929 48.9170188904 -2.5089416504 9.9881887436 0.0000000000 0.0000000000 0.1422328949 1.3115338087
-19.2564678192 48.9558143616 -2.5182039738 9.9857454300 0.0000000000 0.0000000000 0.1421237886 1.3115518093
-19.2740974426 48.9944648743 -2.5274734497 9.9836053848 0.0000000000 0.0000000000 0.1420645118 1.3115313053
-19.2917442322 49.0330200195 -2.5367639065 9.9817571640 0.0000000000 0.0000000000 0.1420195699 1.3115261793
-19.3094024658 49.0714416504 -2.5461997986 9.9802141190 0.0000000000 0.0000000000 0.1419560313 1.3115804195
-19.3270435333 49.1096420288 -2.5556166172 9.9791049957 0.0000000000 0.0000000000 0.1418772042 1.3117009401
-19.3446598053 49.1477317810 -2.5658953190 9.9781961441 0.0000000000 0.0000000000 0.1417975724 1.3118712902
