#         COST_U        COST_H      COST_D       COST_S       REGU_H       REGU_S          HPO           COSTGLEN 
1792.0057373047 0.0000000000 0.0000000000 0.0000000000 508.0600585938 0.0000000000 6.2977867126
1412.8447265625 0.0000000000 0.0000000000 0.0000000000 490.1479492188 0.0000000000 3.5279045105
1085.2799072266 0.0000000000 0.0000000000 0.0000000000 478.1104431152 0.0000000000 1.7897777557
819.0454101562 0.0000000000 0.0000000000 0.0000000000 469.3151855469 0.0000000000 0.6000614166
624.9132690430 0.0000000000 0.0000000000 0.0000000000 460.8879089355 0.0000000000 -0.1562433243
493.6166076660 0.0000000000 0.0000000000 0.0000000000 451.6391906738 0.0000000000 -0.6100301743
405.8959350586 0.0000000000 0.0000000000 0.0000000000 441.7438354492 0.0000000000 -0.8647766113
346.0701293945 0.0000000000 0.0000000000 0.0000000000 433.4465026855 0.0000000000 -1.0060825348
305.3037109375 0.0000000000 0.0000000000 0.0000000000 425.5582275391 0.0000000000 -1.0774149895
277.8122558594 0.0000000000 0.0000000000 0.0000000000 418.6138610840 0.0000000000 -1.1071004868
259.2649230957 0.0000000000 0.0000000000 0.0000000000 412.5378723145 0.0000000000 -1.1122944355
246.6755981445 0.0000000000 0.0000000000 0.0000000000 406.6456604004 0.0000000000 -1.1049604416
238.0475769043 0.0000000000 0.0000000000 0.0000000000 400.3981628418 0.0000000000 -1.0908551216
232.1714477539 0.0000000000 0.0000000000 0.0000000000 393.8095092773 0.0000000000 -1.0739595890
228.1302947998 0.0000000000 0.0000000000 0.0000000000 387.2830200195 0.0000000000 -1.0561833382
225.2702026367 0.0000000000 0.0000000000 0.0000000000 382.2858581543 0.0000000000 -1.0389244556
223.1358337402 0.0000000000 0.0000000000 0.0000000000 378.4299926758 0.0000000000 -1.0233097076
221.4300842285 0.0000000000 0.0000000000 0.0000000000 375.6829528809 0.0000000000 -1.0097339153
219.9067840576 0.0000000000 0.0000000000 0.0000000000 372.7308349609 0.0000000000 -0.9983267784
218.4347534180 0.0000000000 0.0000000000 0.0000000000 369.3413391113 0.0000000000 -0.9891939163
216.9241180420 0.0000000000 0.0000000000 0.0000000000 366.3203430176 0.0000000000 -0.9823381901
215.3229064941 0.0000000000 0.0000000000 0.0000000000 363.5498352051 0.0000000000 -0.9775831699
213.6265869141 0.0000000000 0.0000000000 0.0000000000 360.9211120605 0.0000000000 -0.9747629166
211.8430938721 0.0000000000 0.0000000000 0.0000000000 358.3229370117 0.0000000000 -0.9735641479
210.0065917969 0.0000000000 0.0000000000 0.0000000000 355.7709655762 0.0000000000 -0.9736711979
208.1707305908 0.0000000000 0.0000000000 0.0000000000 353.2207946777 0.0000000000 -0.9747695923
206.3954925537 0.0000000000 0.0000000000 0.0000000000 350.6639099121 0.0000000000 -0.9765894413
204.7476806641 0.0000000000 0.0000000000 0.0000000000 348.1593933105 0.0000000000 -0.9788258076
203.2871856689 0.0000000000 0.0000000000 0.0000000000 345.7466430664 0.0000000000 -0.9812347889
202.0647735596 0.0000000000 0.0000000000 0.0000000000 343.5186462402 0.0000000000 -0.9836676121
201.1258697510 0.0000000000 0.0000000000 0.0000000000 341.5039062500 0.0000000000 -0.9860088825
200.5072326660 0.0000000000 0.0000000000 0.0000000000 339.6176452637 0.0000000000 -0.9881727695
200.2364654541 0.0000000000 0.0000000000 0.0000000000 337.7710571289 0.0000000000 -0.9902138710
200.3371887207 0.0000000000 0.0000000000 0.0000000000 335.9365844727 0.0000000000 -0.9921774864
200.8187255859 0.0000000000 0.0000000000 0.0000000000 334.0740051270 0.0000000000 -0.9940757751
201.6784057617 0.0000000000 0.0000000000 0.0000000000 332.1953125000 0.0000000000 -0.9958636761
202.8939819336 0.0000000000 0.0000000000 0.0000000000 330.2988586426 0.0000000000 -0.9974148273
204.4275360107 0.0000000000 0.0000000000 0.0000000000 328.3962402344 0.0000000000 -0.9985888004
206.2242736816 0.0000000000 0.0000000000 0.0000000000 326.5320129395 0.0000000000 -0.9992060661
208.2137908936 0.0000000000 0.0000000000 0.0000000000 324.7284240723 0.0000000000 -0.9991366863
210.3218536377 0.0000000000 0.0000000000 0.0000000000 322.9993591309 0.0000000000 -0.9983286858
212.4595489502 0.0000000000 0.0000000000 0.0000000000 321.3647155762 0.0000000000 -0.9967930317
214.5388488770 0.0000000000 0.0000000000 0.0000000000 319.8031005859 0.0000000000 -0.9946212769
216.4731140137 0.0000000000 0.0000000000 0.0000000000 318.3395385742 0.0000000000 -0.9919261932
218.1910705566 0.0000000000 0.0000000000 0.0000000000 316.9391174316 0.0000000000 -0.9888460636
219.6511993408 0.0000000000 0.0000000000 0.0000000000 315.6208190918 0.0000000000 -0.9854640961
220.8253479004 0.0000000000 0.0000000000 0.0000000000 314.3698730469 0.0000000000 -0.9818153381
221.7180633545 0.0000000000 0.0000000000 0.0000000000 313.1672973633 0.0000000000 -0.9779021740
222.3526153564 0.0000000000 0.0000000000 0.0000000000 312.0230102539 0.0000000000 -0.9737083912
222.7667846680 0.0000000000 0.0000000000 0.0000000000 310.9579162598 0.0000000000 -0.9692053795
223.0149841309 0.0000000000 0.0000000000 0.0000000000 309.9350585938 0.0000000000 -0.9644224644
223.1505889893 0.0000000000 0.0000000000 0.0000000000 308.8991088867 0.0000000000 -0.9593946934
223.2212066650 0.0000000000 0.0000000000 0.0000000000 307.8286743164 0.0000000000 -0.9541890621
223.2633056641 0.0000000000 0.0000000000 0.0000000000 306.7186279297 0.0000000000 -0.9488651752
223.3097686768 0.0000000000 0.0000000000 0.0000000000 305.5654907227 0.0000000000 -0.9434571266
223.3718109131 0.0000000000 0.0000000000 0.0000000000 304.3467102051 0.0000000000 -0.9379768372
223.4493560791 0.0000000000 0.0000000000 0.0000000000 303.1303405762 0.0000000000 -0.9324119091
223.5267333984 0.0000000000 0.0000000000 0.0000000000 301.8526000977 0.0000000000 -0.9267199039
223.5802001953 0.0000000000 0.0000000000 0.0000000000 300.5542297363 0.0000000000 -0.9208824635
223.5711517334 0.0000000000 0.0000000000 0.0000000000 299.2355041504 0.0000000000 -0.9148917198
223.4622955322 0.0000000000 0.0000000000 0.0000000000 297.9489135742 0.0000000000 -0.9087548256
223.2222290039 0.0000000000 0.0000000000 0.0000000000 296.6912231445 0.0000000000 -0.9024820328
222.8309631348 0.0000000000 0.0000000000 0.0000000000 295.4599609375 0.0000000000 -0.8961455822
222.2782592773 0.0000000000 0.0000000000 0.0000000000 294.2407836914 0.0000000000 -0.8897068501
221.5671691895 0.0000000000 0.0000000000 0.0000000000 293.0603332520 0.0000000000 -0.8831827641
220.7134094238 0.0000000000 0.0000000000 0.0000000000 291.8885803223 0.0000000000 -0.8765842915
219.7494201660 0.0000000000 0.0000000000 0.0000000000 290.7324829102 0.0000000000 -0.8698878288
218.7133331299 0.0000000000 0.0000000000 0.0000000000 289.5888977051 0.0000000000 -0.8631021976
217.6443786621 0.0000000000 0.0000000000 0.0000000000 288.4745483398 0.0000000000 -0.8562409878
216.5796203613 0.0000000000 0.0000000000 0.0000000000 287.3351440430 0.0000000000 -0.8493053913
215.5449981689 0.0000000000 0.0000000000 0.0000000000 286.2018432617 0.0000000000 -0.8423428535
214.5639648438 0.0000000000 0.0000000000 0.0000000000 285.0537414551 0.0000000000 -0.8353414536
213.6502990723 0.0000000000 0.0000000000 0.0000000000 283.8749389648 0.0000000000 -0.8283371925
212.8028717041 0.0000000000 0.0000000000 0.0000000000 282.6647033691 0.0000000000 -0.8213183880
212.0068511963 0.0000000000 0.0000000000 0.0000000000 281.4381103516 0.0000000000 -0.8142881393
211.2469024658 0.0000000000 0.0000000000 0.0000000000 280.2119445801 0.0000000000 -0.8072686195
210.5030670166 0.0000000000 0.0000000000 0.0000000000 278.9776611328 0.0000000000 -0.8002474308
209.7510528564 0.0000000000 0.0000000000 0.0000000000 277.7572021484 0.0000000000 -0.7932465076
208.9745788574 0.0000000000 0.0000000000 0.0000000000 276.5537719727 0.0000000000 -0.7862944603
208.1546936035 0.0000000000 0.0000000000 0.0000000000 275.3689270020 0.0000000000 -0.7793776989
207.2884826660 0.0000000000 0.0000000000 0.0000000000 274.2176818848 0.0000000000 -0.7725293636
206.3798675537 0.0000000000 0.0000000000 0.0000000000 273.0763854980 0.0000000000 -0.7657308578
205.4396514893 0.0000000000 0.0000000000 0.0000000000 271.9804077148 0.0000000000 -0.7590005398
204.4765930176 0.0000000000 0.0000000000 0.0000000000 270.9213562012 0.0000000000 -0.7523326874
203.5131988525 0.0000000000 0.0000000000 0.0000000000 269.8164062500 0.0000000000 -0.7457268238
202.5626220703 0.0000000000 0.0000000000 0.0000000000 268.6971130371 0.0000000000 -0.7391941547
201.6418457031 0.0000000000 0.0000000000 0.0000000000 267.5792236328 0.0000000000 -0.7327306271
200.7582550049 0.0000000000 0.0000000000 0.0000000000 266.4431152344 0.0000000000 -0.7263531685
199.9176177979 0.0000000000 0.0000000000 0.0000000000 265.3133544922 0.0000000000 -0.7200548649
199.1180419922 0.0000000000 0.0000000000 0.0000000000 264.1900329590 0.0000000000 -0.7138485909
198.3518371582 0.0000000000 0.0000000000 0.0000000000 263.0664062500 0.0000000000 -0.7077133656
197.6089477539 0.0000000000 0.0000000000 0.0000000000 261.9358520508 0.0000000000 -0.7016670704
196.8796081543 0.0000000000 0.0000000000 0.0000000000 260.8231201172 0.0000000000 -0.6956756115
196.1533966064 0.0000000000 0.0000000000 0.0000000000 259.7131652832 0.0000000000 -0.6898007393
195.4219360352 0.0000000000 0.0000000000 0.0000000000 258.6021118164 0.0000000000 -0.6839883327
194.6806640625 0.0000000000 0.0000000000 0.0000000000 257.5007324219 0.0000000000 -0.6782457829
193.9266052246 0.0000000000 0.0000000000 0.0000000000 256.4213867188 0.0000000000 -0.6726078987
193.1608581543 0.0000000000 0.0000000000 0.0000000000 255.3593902588 0.0000000000 -0.6670432091
192.3849182129 0.0000000000 0.0000000000 0.0000000000 254.2789306641 0.0000000000 -0.6615788937
191.6044769287 0.0000000000 0.0000000000 0.0000000000 253.2045745850 0.0000000000 -0.6561582088
190.8265075684 0.0000000000 0.0000000000 0.0000000000 252.1425323486 0.0000000000 -0.6508302689
190.0583038330 0.0000000000 0.0000000000 0.0000000000 251.0673980713 0.0000000000 -0.6455829144
189.3081970215 0.0000000000 0.0000000000 0.0000000000 250.0027160645 0.0000000000 -0.6404173374
188.5808715820 0.0000000000 0.0000000000 0.0000000000 248.9411468506 0.0000000000 -0.6353218555
187.8786773682 0.0000000000 0.0000000000 0.0000000000 247.8750915527 0.0000000000 -0.6302969456
187.2006683350 0.0000000000 0.0000000000 0.0000000000 246.8028411865 0.0000000000 -0.6253433228
186.5455780029 0.0000000000 0.0000000000 0.0000000000 245.7288970947 0.0000000000 -0.6204578876
185.9041748047 0.0000000000 0.0000000000 0.0000000000 244.6727294922 0.0000000000 -0.6156492233
185.2702484131 0.0000000000 0.0000000000 0.0000000000 243.6251373291 0.0000000000 -0.6108915806
184.6379699707 0.0000000000 0.0000000000 0.0000000000 242.5938262939 0.0000000000 -0.6062040329
184.0018615723 0.0000000000 0.0000000000 0.0000000000 241.5587921143 0.0000000000 -0.6015825272
183.3581695557 0.0000000000 0.0000000000 0.0000000000 240.5354309082 0.0000000000 -0.5970153809
182.7103118896 0.0000000000 0.0000000000 0.0000000000 239.5279541016 0.0000000000 -0.5925168991
182.0592346191 0.0000000000 0.0000000000 0.0000000000 238.5298767090 0.0000000000 -0.5880612135
181.4106903076 0.0000000000 0.0000000000 0.0000000000 237.5364990234 0.0000000000 -0.5836730003
180.7659606934 0.0000000000 0.0000000000 0.0000000000 236.5537109375 0.0000000000 -0.5793385506
180.1293792725 0.0000000000 0.0000000000 0.0000000000 235.5760345459 0.0000000000 -0.5750627518
179.5038299561 0.0000000000 0.0000000000 0.0000000000 234.5888977051 0.0000000000 -0.5708298683
178.8910217285 0.0000000000 0.0000000000 0.0000000000 233.6207580566 0.0000000000 -0.5666584969
178.2888183594 0.0000000000 0.0000000000 0.0000000000 232.6642150879 0.0000000000 -0.5625395775
177.6957855225 0.0000000000 0.0000000000 0.0000000000 231.7107696533 0.0000000000 -0.5584785938
177.1117095947 0.0000000000 0.0000000000 0.0000000000 230.7545318604 0.0000000000 -0.5544630289
176.5353546143 0.0000000000 0.0000000000 0.0000000000 229.7892761230 0.0000000000 -0.5505074263
175.9686431885 0.0000000000 0.0000000000 0.0000000000 228.8371582031 0.0000000000 -0.5466053486
175.4108581543 0.0000000000 0.0000000000 0.0000000000 227.8900299072 0.0000000000 -0.5427424908
174.8601074219 0.0000000000 0.0000000000 0.0000000000 226.9554901123 0.0000000000 -0.5389298201
174.3129882812 0.0000000000 0.0000000000 0.0000000000 226.0373535156 0.0000000000 -0.5351724625
173.7646026611 0.0000000000 0.0000000000 0.0000000000 225.1362609863 0.0000000000 -0.5314580202
173.2153320312 0.0000000000 0.0000000000 0.0000000000 224.2491149902 0.0000000000 -0.5277905464
172.6678619385 0.0000000000 0.0000000000 0.0000000000 223.3765563965 0.0000000000 -0.5241547823
172.1232147217 0.0000000000 0.0000000000 0.0000000000 222.5189361572 0.0000000000 -0.5205676556
171.5822448730 0.0000000000 0.0000000000 0.0000000000 221.6743164062 0.0000000000 -0.5170164108
171.0460052490 0.0000000000 0.0000000000 0.0000000000 220.8306579590 0.0000000000 -0.5135080814
170.5167388916 0.0000000000 0.0000000000 0.0000000000 219.9833679199 0.0000000000 -0.5100377798
169.9940795898 0.0000000000 0.0000000000 0.0000000000 219.1340332031 0.0000000000 -0.5066119432
169.4790649414 0.0000000000 0.0000000000 0.0000000000 218.2960357666 0.0000000000 -0.5032298565
168.9711303711 0.0000000000 0.0000000000 0.0000000000 217.4716186523 0.0000000000 -0.4998914003
168.4728698730 0.0000000000 0.0000000000 0.0000000000 216.6527709961 0.0000000000 -0.4965763092
167.9848632812 0.0000000000 0.0000000000 0.0000000000 215.8282012939 0.0000000000 -0.4933166504
167.5062561035 0.0000000000 0.0000000000 0.0000000000 214.9991760254 0.0000000000 -0.4900670052
167.0374145508 0.0000000000 0.0000000000 0.0000000000 214.1726074219 0.0000000000 -0.4868713617
166.5777587891 0.0000000000 0.0000000000 0.0000000000 213.3501586914 0.0000000000 -0.4837081432
166.1242065430 0.0000000000 0.0000000000 0.0000000000 212.5342712402 0.0000000000 -0.4805848598
165.6774291992 0.0000000000 0.0000000000 0.0000000000 211.7200622559 0.0000000000 -0.4774947166
165.2353057861 0.0000000000 0.0000000000 0.0000000000 210.9174499512 0.0000000000 -0.4744459391
164.7956390381 0.0000000000 0.0000000000 0.0000000000 210.1084899902 0.0000000000 -0.4714154005
164.3585052490 0.0000000000 0.0000000000 0.0000000000 209.3038330078 0.0000000000 -0.4684214592
163.9239654541 0.0000000000 0.0000000000 0.0000000000 208.5183563232 0.0000000000 -0.4654648304
163.4914398193 0.0000000000 0.0000000000 0.0000000000 207.7572326660 0.0000000000 -0.4625388384
163.0607757568 0.0000000000 0.0000000000 0.0000000000 207.0075988770 0.0000000000 -0.4596296549
162.6313171387 0.0000000000 0.0000000000 0.0000000000 206.2570190430 0.0000000000 -0.4567575455
162.2014465332 0.0000000000 0.0000000000 0.0000000000 205.5156097412 0.0000000000 -0.4539116621
161.7713470459 0.0000000000 0.0000000000 0.0000000000 204.7751770020 0.0000000000 -0.4510892630
161.3434753418 0.0000000000 0.0000000000 0.0000000000 204.0339508057 0.0000000000 -0.4482927322
160.9187927246 0.0000000000 0.0000000000 0.0000000000 203.2989501953 0.0000000000 -0.4455109835
160.4983062744 0.0000000000 0.0000000000 0.0000000000 202.5712280273 0.0000000000 -0.4427509308
160.0831604004 0.0000000000 0.0000000000 0.0000000000 201.8502197266 0.0000000000 -0.4400125742
159.6732025146 0.0000000000 0.0000000000 0.0000000000 201.1344146729 0.0000000000 -0.4372909069
159.2687835693 0.0000000000 0.0000000000 0.0000000000 200.4167175293 0.0000000000 -0.4345879555
158.8699798584 0.0000000000 0.0000000000 0.0000000000 199.7040405273 0.0000000000 -0.4319008589
158.4761505127 0.0000000000 0.0000000000 0.0000000000 198.9891357422 0.0000000000 -0.4292335510
158.0851593018 0.0000000000 0.0000000000 0.0000000000 198.2776336670 0.0000000000 -0.4265867472
157.6971435547 0.0000000000 0.0000000000 0.0000000000 197.5727386475 0.0000000000 -0.4239548445
157.3117065430 0.0000000000 0.0000000000 0.0000000000 196.8742675781 0.0000000000 -0.4213452339
156.9288024902 0.0000000000 0.0000000000 0.0000000000 196.1835327148 0.0000000000 -0.4187530279
156.5497436523 0.0000000000 0.0000000000 0.0000000000 195.4893951416 0.0000000000 -0.4161741734
156.1749114990 0.0000000000 0.0000000000 0.0000000000 194.7990112305 0.0000000000 -0.4136233330
155.8046112061 0.0000000000 0.0000000000 0.0000000000 194.1252288818 0.0000000000 -0.4110852480
155.4389648438 0.0000000000 0.0000000000 0.0000000000 193.4687957764 0.0000000000 -0.4085718393
155.0766448975 0.0000000000 0.0000000000 0.0000000000 192.8230285645 0.0000000000 -0.4060788155
154.7175140381 0.0000000000 0.0000000000 0.0000000000 192.1774749756 0.0000000000 -0.4036043882
154.3605346680 0.0000000000 0.0000000000 0.0000000000 191.5338897705 0.0000000000 -0.4011502266
154.0059814453 0.0000000000 0.0000000000 0.0000000000 190.8973541260 0.0000000000 -0.3987205029
153.6549682617 0.0000000000 0.0000000000 0.0000000000 190.2646331787 0.0000000000 -0.3963042498
153.3081665039 0.0000000000 0.0000000000 0.0000000000 189.6373291016 0.0000000000 -0.3939146996
152.9656219482 0.0000000000 0.0000000000 0.0000000000 189.0171813965 0.0000000000 -0.3915345669
152.6275177002 0.0000000000 0.0000000000 0.0000000000 188.4030914307 0.0000000000 -0.3891813755
152.2939605713 0.0000000000 0.0000000000 0.0000000000 187.7920989990 0.0000000000 -0.3868395090
151.9650115967 0.0000000000 0.0000000000 0.0000000000 187.1823883057 0.0000000000 -0.3845180273
151.6401367188 0.0000000000 0.0000000000 0.0000000000 186.5579528809 0.0000000000 -0.3822160959
151.3186950684 0.0000000000 0.0000000000 0.0000000000 185.9309539795 0.0000000000 -0.3799347878
151.0017547607 0.0000000000 0.0000000000 0.0000000000 185.3095703125 0.0000000000 -0.3776693344
150.6880645752 0.0000000000 0.0000000000 0.0000000000 184.6911163330 0.0000000000 -0.3754200935
150.3760833740 0.0000000000 0.0000000000 0.0000000000 184.0824890137 0.0000000000 -0.3731899261
150.0645751953 0.0000000000 0.0000000000 0.0000000000 183.4767303467 0.0000000000 -0.3709840775
149.7529449463 0.0000000000 0.0000000000 0.0000000000 182.8891601562 0.0000000000 -0.3687918186
149.4413452148 0.0000000000 0.0000000000 0.0000000000 182.3104553223 0.0000000000 -0.3666218519
149.1293640137 0.0000000000 0.0000000000 0.0000000000 181.7443542480 0.0000000000 -0.3644623756
148.8176574707 0.0000000000 0.0000000000 0.0000000000 181.1792755127 0.0000000000 -0.3623251915
148.5058898926 0.0000000000 0.0000000000 0.0000000000 180.6255950928 0.0000000000 -0.3602116108
148.1935272217 0.0000000000 0.0000000000 0.0000000000 180.0785522461 0.0000000000 -0.3581119776
147.8798065186 0.0000000000 0.0000000000 0.0000000000 179.5334625244 0.0000000000 -0.3560314178
147.5662689209 0.0000000000 0.0000000000 0.0000000000 178.9861602783 0.0000000000 -0.3539583683
147.2542572021 0.0000000000 0.0000000000 0.0000000000 178.4395904541 0.0000000000 -0.3519109488
146.9437255859 0.0000000000 0.0000000000 0.0000000000 177.8939971924 0.0000000000 -0.3498731852
146.6353454590 0.0000000000 0.0000000000 0.0000000000 177.3471984863 0.0000000000 -0.3478629589
146.3280792236 0.0000000000 0.0000000000 0.0000000000 176.8039550781 0.0000000000 -0.3458641768
146.0221099854 0.0000000000 0.0000000000 0.0000000000 176.2613372803 0.0000000000 -0.3438847065
145.7159118652 0.0000000000 0.0000000000 0.0000000000 175.7093963623 0.0000000000 -0.3419235945
145.4092559814 0.0000000000 0.0000000000 0.0000000000 175.1471557617 0.0000000000 -0.3399790525
145.1017608643 0.0000000000 0.0000000000 0.0000000000 174.5934295654 0.0000000000 -0.3380538225
144.7931213379 0.0000000000 0.0000000000 0.0000000000 174.0505371094 0.0000000000 -0.3361499310
144.4826354980 0.0000000000 0.0000000000 0.0000000000 173.5128326416 0.0000000000 -0.3342455626
144.1708831787 0.0000000000 0.0000000000 0.0000000000 172.9659576416 0.0000000000 -0.3323662281
143.8567047119 0.0000000000 0.0000000000 0.0000000000 172.4103546143 0.0000000000 -0.3305021524
143.5408325195 0.0000000000 0.0000000000 0.0000000000 171.8698120117 0.0000000000 -0.3286573887
143.2235107422 0.0000000000 0.0000000000 0.0000000000 171.3315582275 0.0000000000 -0.3268014193
142.9053039551 0.0000000000 0.0000000000 0.0000000000 170.8024139404 0.0000000000 -0.3249852657
142.5877838135 0.0000000000 0.0000000000 0.0000000000 170.2774963379 0.0000000000 -0.3231774569
142.2718353271 0.0000000000 0.0000000000 0.0000000000 169.7539978027 0.0000000000 -0.3213878870
141.9577331543 0.0000000000 0.0000000000 0.0000000000 169.2330017090 0.0000000000 -0.3196076155
141.6461181641 0.0000000000 0.0000000000 0.0000000000 168.7190399170 0.0000000000 -0.3178420067
141.3375549316 0.0000000000 0.0000000000 0.0000000000 168.2127532959 0.0000000000 -0.3160909414
141.0323638916 0.0000000000 0.0000000000 0.0000000000 167.7047882080 0.0000000000 -0.3143538237
140.7294311523 0.0000000000 0.0000000000 0.0000000000 167.1965026855 0.0000000000 -0.3126286268
140.4289703369 0.0000000000 0.0000000000 0.0000000000 166.6774444580 0.0000000000 -0.3109246492
140.1287231445 0.0000000000 0.0000000000 0.0000000000 166.1561584473 0.0000000000 -0.3092323542
139.8288574219 0.0000000000 0.0000000000 0.0000000000 165.6505737305 0.0000000000 -0.3075602055
139.5285186768 0.0000000000 0.0000000000 0.0000000000 165.1591949463 0.0000000000 -0.3059034348
139.2286834717 0.0000000000 0.0000000000 0.0000000000 164.6684722900 0.0000000000 -0.3042711020
138.9291839600 0.0000000000 0.0000000000 0.0000000000 164.1467895508 0.0000000000 -0.3026371598
138.6306304932 0.0000000000 0.0000000000 0.0000000000 163.6456756592 0.0000000000 -0.3010299206
138.3337249756 0.0000000000 0.0000000000 0.0000000000 163.1535797119 0.0000000000 -0.2994416952
138.0396423340 0.0000000000 0.0000000000 0.0000000000 162.6684417725 0.0000000000 -0.2978639603
137.7481079102 0.0000000000 0.0000000000 0.0000000000 162.2100830078 0.0000000000 -0.2963050008
137.4593658447 0.0000000000 0.0000000000 0.0000000000 161.7214202881 0.0000000000 -0.2947610617
137.1745147705 0.0000000000 0.0000000000 0.0000000000 161.2375793457 0.0000000000 -0.2932362556
136.8911437988 0.0000000000 0.0000000000 0.0000000000 160.7590942383 0.0000000000 -0.2917309999
136.6077575684 0.0000000000 0.0000000000 0.0000000000 160.2805786133 0.0000000000 -0.2902327776
136.3257141113 0.0000000000 0.0000000000 0.0000000000 159.8001708984 0.0000000000 -0.2887623310
136.0459747314 0.0000000000 0.0000000000 0.0000000000 159.3218231201 0.0000000000 -0.2872984409
135.7671813965 0.0000000000 0.0000000000 0.0000000000 158.8452148438 0.0000000000 -0.2858425379
135.4903259277 0.0000000000 0.0000000000 0.0000000000 158.3721923828 0.0000000000 -0.2844229341
135.2140197754 0.0000000000 0.0000000000 0.0000000000 157.8977203369 0.0000000000 -0.2830020189
134.9392089844 0.0000000000 0.0000000000 0.0000000000 157.4206237793 0.0000000000 -0.2815946341
134.6663665771 0.0000000000 0.0000000000 0.0000000000 156.9522552490 0.0000000000 -0.2802014351
134.3958587646 0.0000000000 0.0000000000 0.0000000000 156.4870147705 0.0000000000 -0.2788295746
134.1265869141 0.0000000000 0.0000000000 0.0000000000 156.0242309570 0.0000000000 -0.2774752378
133.8579711914 0.0000000000 0.0000000000 0.0000000000 155.5650329590 0.0000000000 -0.2761368155
133.5915679932 0.0000000000 0.0000000000 0.0000000000 155.1083374023 0.0000000000 -0.2748113275
133.3276672363 0.0000000000 0.0000000000 0.0000000000 154.6543426514 0.0000000000 -0.2735074759
133.0666656494 0.0000000000 0.0000000000 0.0000000000 154.2035217285 0.0000000000 -0.2722148895
132.8094177246 0.0000000000 0.0000000000 0.0000000000 153.7549896240 0.0000000000 -0.2709391117
132.5545043945 0.0000000000 0.0000000000 0.0000000000 153.3112487793 0.0000000000 -0.2696849704
132.3033599854 0.0000000000 0.0000000000 0.0000000000 152.8762969971 0.0000000000 -0.2684320807
132.0553894043 0.0000000000 0.0000000000 0.0000000000 152.4452209473 0.0000000000 -0.2672042847
131.8110656738 0.0000000000 0.0000000000 0.0000000000 152.0180206299 0.0000000000 -0.2659919858
131.5698699951 0.0000000000 0.0000000000 0.0000000000 151.5801239014 0.0000000000 -0.2647922635
131.3315887451 0.0000000000 0.0000000000 0.0000000000 151.1499023438 0.0000000000 -0.2636120915
131.0949554443 0.0000000000 0.0000000000 0.0000000000 150.7264251709 0.0000000000 -0.2624515891
130.8600921631 0.0000000000 0.0000000000 0.0000000000 150.3053283691 0.0000000000 -0.2612998486
130.6269531250 0.0000000000 0.0000000000 0.0000000000 149.8852996826 0.0000000000 -0.2601633072
130.3963470459 0.0000000000 0.0000000000 0.0000000000 149.4661254883 0.0000000000 -0.2590414286
130.1695251465 0.0000000000 0.0000000000 0.0000000000 149.0556793213 0.0000000000 -0.2579360008
129.9471588135 0.0000000000 0.0000000000 0.0000000000 148.6479797363 0.0000000000 -0.2568514347
129.7294769287 0.0000000000 0.0000000000 0.0000000000 148.2425842285 0.0000000000 -0.2557774782
129.5170440674 0.0000000000 0.0000000000 0.0000000000 147.8329772949 0.0000000000 -0.2547240257
129.3102722168 0.0000000000 0.0000000000 0.0000000000 147.4290924072 0.0000000000 -0.2536811233
129.1085662842 0.0000000000 0.0000000000 0.0000000000 147.0263519287 0.0000000000 -0.2526573539
128.9121704102 0.0000000000 0.0000000000 0.0000000000 146.6235809326 0.0000000000 -0.2516489625
128.7201385498 0.0000000000 0.0000000000 0.0000000000 146.2251129150 0.0000000000 -0.2506563067
128.5309753418 0.0000000000 0.0000000000 0.0000000000 145.8261108398 0.0000000000 -0.2496809959
128.3440246582 0.0000000000 0.0000000000 0.0000000000 145.4305267334 0.0000000000 -0.2487241030
128.1585693359 0.0000000000 0.0000000000 0.0000000000 145.0371704102 0.0000000000 -0.2477764487
127.9748077393 0.0000000000 0.0000000000 0.0000000000 144.6408996582 0.0000000000 -0.2468453646
127.7909927368 0.0000000000 0.0000000000 0.0000000000 144.2427520752 0.0000000000 -0.2459233999
127.6097335815 0.0000000000 0.0000000000 0.0000000000 143.8457031250 0.0000000000 -0.2450214624
127.4315948486 0.0000000000 0.0000000000 0.0000000000 143.4479217529 0.0000000000 -0.2441293597
127.2569351196 0.0000000000 0.0000000000 0.0000000000 143.0527496338 0.0000000000 -0.2432485819
127.0873565674 0.0000000000 0.0000000000 0.0000000000 142.6596221924 0.0000000000 -0.2423812151
126.9229583740 0.0000000000 0.0000000000 0.0000000000 142.2714691162 0.0000000000 -0.2415231466
126.7636642456 0.0000000000 0.0000000000 0.0000000000 141.8864135742 0.0000000000 -0.2406767607
126.6097564697 0.0000000000 0.0000000000 0.0000000000 141.5032806396 0.0000000000 -0.2398359776
126.4612808228 0.0000000000 0.0000000000 0.0000000000 141.1217803955 0.0000000000 -0.2390282750
126.3190231323 0.0000000000 0.0000000000 0.0000000000 140.7416839600 0.0000000000 -0.2382103801
126.1811218262 0.0000000000 0.0000000000 0.0000000000 140.3681335449 0.0000000000 -0.2374112606
126.0464401245 0.0000000000 0.0000000000 0.0000000000 140.0005950928 0.0000000000 -0.2366205454
125.9133453369 0.0000000000 0.0000000000 0.0000000000 139.6366577148 0.0000000000 -0.2358372808
125.7816085815 0.0000000000 0.0000000000 0.0000000000 139.2658996582 0.0000000000 -0.2350665927
125.6504592896 0.0000000000 0.0000000000 0.0000000000 138.9008178711 0.0000000000 -0.2343035936
125.5194244385 0.0000000000 0.0000000000 0.0000000000 138.5423126221 0.0000000000 -0.2335492969
125.3894653320 0.0000000000 0.0000000000 0.0000000000 138.1866149902 0.0000000000 -0.2328029275
125.2604598999 0.0000000000 0.0000000000 0.0000000000 137.8361816406 0.0000000000 -0.2320659757
125.1340332031 0.0000000000 0.0000000000 0.0000000000 137.4878540039 0.0000000000 -0.2313348651
125.0105743408 0.0000000000 0.0000000000 0.0000000000 137.1440124512 0.0000000000 -0.2306146622
124.8897857666 0.0000000000 0.0000000000 0.0000000000 136.7967834473 0.0000000000 -0.2299004197
124.7718505859 0.0000000000 0.0000000000 0.0000000000 136.4484100342 0.0000000000 -0.2291891575
124.6553878784 0.0000000000 0.0000000000 0.0000000000 136.1094512939 0.0000000000 -0.2284927964
124.5407485962 0.0000000000 0.0000000000 0.0000000000 135.7783050537 0.0000000000 -0.2277974486
124.4276275635 0.0000000000 0.0000000000 0.0000000000 135.4493713379 0.0000000000 -0.2271071672
124.3164749146 0.0000000000 0.0000000000 0.0000000000 135.1245117188 0.0000000000 -0.2264221311
124.2071533203 0.0000000000 0.0000000000 0.0000000000 134.8015594482 0.0000000000 -0.2257431149
124.0995864868 0.0000000000 0.0000000000 0.0000000000 134.4796905518 0.0000000000 -0.2250676751
123.9932556152 0.0000000000 0.0000000000 0.0000000000 134.1589355469 0.0000000000 -0.2243915796
123.8879928589 0.0000000000 0.0000000000 0.0000000000 133.8422088623 0.0000000000 -0.2237288952
123.7844161987 0.0000000000 0.0000000000 0.0000000000 133.5273132324 0.0000000000 -0.2230671644
123.6812591553 0.0000000000 0.0000000000 0.0000000000 133.2161254883 0.0000000000 -0.2224082351
123.5788650513 0.0000000000 0.0000000000 0.0000000000 132.9068298340 0.0000000000 -0.2217531204
123.4785842896 0.0000000000 0.0000000000 0.0000000000 132.6005706787 0.0000000000 -0.2211039662
123.3806991577 0.0000000000 0.0000000000 0.0000000000 132.2976837158 0.0000000000 -0.2204656005
123.2848052979 0.0000000000 0.0000000000 0.0000000000 131.9982604980 0.0000000000 -0.2198209763
123.1901016235 0.0000000000 0.0000000000 0.0000000000 131.7013397217 0.0000000000 -0.2191904783
123.0973968506 0.0000000000 0.0000000000 0.0000000000 131.4078674316 0.0000000000 -0.2185550332
123.0062942505 0.0000000000 0.0000000000 0.0000000000 131.1177062988 0.0000000000 -0.2179253697
122.9168853760 0.0000000000 0.0000000000 0.0000000000 130.8299102783 0.0000000000 -0.2172966003
122.8286666870 0.0000000000 0.0000000000 0.0000000000 130.5442504883 0.0000000000 -0.2166785598
122.7415695190 0.0000000000 0.0000000000 0.0000000000 130.2893524170 0.0000000000 -0.2160612345
122.6556472778 0.0000000000 0.0000000000 0.0000000000 129.9880523682 0.0000000000 -0.2154488564
122.5707473755 0.0000000000 0.0000000000 0.0000000000 129.7048339844 0.0000000000 -0.2148435116
122.4872894287 0.0000000000 0.0000000000 0.0000000000 129.4251403809 0.0000000000 -0.2142379880
122.4061355591 0.0000000000 0.0000000000 0.0000000000 129.1434631348 0.0000000000 -0.2136420012
122.3266830444 0.0000000000 0.0000000000 0.0000000000 128.8749389648 0.0000000000 -0.2130496502
122.2489318848 0.0000000000 0.0000000000 0.0000000000 128.6024475098 0.0000000000 -0.2124629617
122.1728134155 0.0000000000 0.0000000000 0.0000000000 128.3293457031 0.0000000000 -0.2118808031
122.0983657837 0.0000000000 0.0000000000 0.0000000000 128.0652008057 0.0000000000 -0.2113115788
122.0251693726 0.0000000000 0.0000000000 0.0000000000 127.7979583740 0.0000000000 -0.2107319832
121.9521560669 0.0000000000 0.0000000000 0.0000000000 127.5403594971 0.0000000000 -0.2101508379
121.8800506592 0.0000000000 0.0000000000 0.0000000000 127.2978744507 0.0000000000 -0.2095835209
121.8075180054 0.0000000000 0.0000000000 0.0000000000 127.0527267456 0.0000000000 -0.2090286613
121.7345123291 0.0000000000 0.0000000000 0.0000000000 126.8145294189 0.0000000000 -0.2084686160
121.6610031128 0.0000000000 0.0000000000 0.0000000000 126.5787963867 0.0000000000 -0.2079102993
121.5871047974 0.0000000000 0.0000000000 0.0000000000 126.3423538208 0.0000000000 -0.2073606253
121.5139770508 0.0000000000 0.0000000000 0.0000000000 126.1074371338 0.0000000000 -0.2068145871
121.4429626465 0.0000000000 0.0000000000 0.0000000000 125.8726043701 0.0000000000 -0.2062740922
121.3734741211 0.0000000000 0.0000000000 0.0000000000 125.6395263672 0.0000000000 -0.2057380080
121.3054580688 0.0000000000 0.0000000000 0.0000000000 125.4016952515 0.0000000000 -0.2052021623
121.2395553589 0.0000000000 0.0000000000 0.0000000000 125.1601333618 0.0000000000 -0.2046676874
121.1753158569 0.0000000000 0.0000000000 0.0000000000 124.9155578613 0.0000000000 -0.2041361928
121.1129379272 0.0000000000 0.0000000000 0.0000000000 124.6699066162 0.0000000000 -0.2036070228
121.0516281128 0.0000000000 0.0000000000 0.0000000000 124.4218750000 0.0000000000 -0.2030786276
120.9908905029 0.0000000000 0.0000000000 0.0000000000 124.1792373657 0.0000000000 -0.2025557160
120.9304122925 0.0000000000 0.0000000000 0.0000000000 123.9323577881 0.0000000000 -0.2020302415
120.8705749512 0.0000000000 0.0000000000 0.0000000000 123.6892166138 0.0000000000 -0.2015120387
120.8103637695 0.0000000000 0.0000000000 0.0000000000 123.4447402954 0.0000000000 -0.2009955049
120.7501525879 0.0000000000 0.0000000000 0.0000000000 123.2014160156 0.0000000000 -0.2004842162
120.6898956299 0.0000000000 0.0000000000 0.0000000000 122.9634170532 0.0000000000 -0.1999738812
120.6296081543 0.0000000000 0.0000000000 0.0000000000 122.7305450439 0.0000000000 -0.1994661689
120.5687408447 0.0000000000 0.0000000000 0.0000000000 122.4870605469 0.0000000000 -0.1989597082
120.5069656372 0.0000000000 0.0000000000 0.0000000000 122.2503356934 0.0000000000 -0.1984651089
120.4446563721 0.0000000000 0.0000000000 0.0000000000 122.0117340088 0.0000000000 -0.1979694963
120.3828582764 0.0000000000 0.0000000000 0.0000000000 121.7825698853 0.0000000000 -0.1974741817
120.3210372925 0.0000000000 0.0000000000 0.0000000000 121.5486984253 0.0000000000 -0.1969780326
120.2600173950 0.0000000000 0.0000000000 0.0000000000 121.3193435669 0.0000000000 -0.1964846253
120.1999206543 0.0000000000 0.0000000000 0.0000000000 121.0971145630 0.0000000000 -0.1959953308
120.1411437988 0.0000000000 0.0000000000 0.0000000000 120.8802795410 0.0000000000 -0.1955052018
120.0835189819 0.0000000000 0.0000000000 0.0000000000 120.6689758301 0.0000000000 -0.1950218081
120.0271911621 0.0000000000 0.0000000000 0.0000000000 120.4532546997 0.0000000000 -0.1945357323
119.9716720581 0.0000000000 0.0000000000 0.0000000000 120.2360000610 0.0000000000 -0.1940503716
119.9170150757 0.0000000000 0.0000000000 0.0000000000 120.0224990845 0.0000000000 -0.1935676336
119.8636474609 0.0000000000 0.0000000000 0.0000000000 119.8053741455 0.0000000000 -0.1930866838
119.8120574951 0.0000000000 0.0000000000 0.0000000000 119.5908889771 0.0000000000 -0.1926057339
119.7612304688 0.0000000000 0.0000000000 0.0000000000 119.3794631958 0.0000000000 -0.1921268702
119.7111358643 0.0000000000 0.0000000000 0.0000000000 119.1709060669 0.0000000000 -0.1916481853
119.6621398926 0.0000000000 0.0000000000 0.0000000000 118.9640655518 0.0000000000 -0.1911708713
119.6135711670 0.0000000000 0.0000000000 0.0000000000 118.7601394653 0.0000000000 -0.1907076836
119.5650253296 0.0000000000 0.0000000000 0.0000000000 118.5513839722 0.0000000000 -0.1902245283
119.5167770386 0.0000000000 0.0000000000 0.0000000000 118.3380966187 0.0000000000 -0.1897546053
119.4691238403 0.0000000000 0.0000000000 0.0000000000 118.1236877441 0.0000000000 -0.1892829537
119.4212570190 0.0000000000 0.0000000000 0.0000000000 117.9124374390 0.0000000000 -0.1888183355
119.3727264404 0.0000000000 0.0000000000 0.0000000000 117.7042694092 0.0000000000 -0.1883532405
119.3231506348 0.0000000000 0.0000000000 0.0000000000 117.5018768311 0.0000000000 -0.1878945231
119.2718887329 0.0000000000 0.0000000000 0.0000000000 117.2980041504 0.0000000000 -0.1874359250
119.2189788818 0.0000000000 0.0000000000 0.0000000000 117.0942535400 0.0000000000 -0.1869888306
119.1649932861 0.0000000000 0.0000000000 0.0000000000 116.8978881836 0.0000000000 -0.1865318418
119.1107711792 0.0000000000 0.0000000000 0.0000000000 116.7044143677 0.0000000000 -0.1860860586
119.0571060181 0.0000000000 0.0000000000 0.0000000000 116.5141906738 0.0000000000 -0.1856380701
119.0047149658 0.0000000000 0.0000000000 0.0000000000 116.3310852051 0.0000000000 -0.1851933599
118.9535446167 0.0000000000 0.0000000000 0.0000000000 116.1454162598 0.0000000000 -0.1847491264
118.9044113159 0.0000000000 0.0000000000 0.0000000000 115.9621276855 0.0000000000 -0.1843096614
118.8573837280 0.0000000000 0.0000000000 0.0000000000 115.7802734375 0.0000000000 -0.1838698983
118.8119735718 0.0000000000 0.0000000000 0.0000000000 115.5998306274 0.0000000000 -0.1834313273
118.7679367065 0.0000000000 0.0000000000 0.0000000000 115.4207763672 0.0000000000 -0.1829959154
118.7252197266 0.0000000000 0.0000000000 0.0000000000 115.2392349243 0.0000000000 -0.1825900078
118.6836166382 0.0000000000 0.0000000000 0.0000000000 115.0549087524 0.0000000000 -0.1821277142
118.6435394287 0.0000000000 0.0000000000 0.0000000000 114.8738861084 0.0000000000 -0.1816920638
118.6045913696 0.0000000000 0.0000000000 0.0000000000 114.6943054199 0.0000000000 -0.1812599897
118.5657348633 0.0000000000 0.0000000000 0.0000000000 114.5140686035 0.0000000000 -0.1808263063
118.5265960693 0.0000000000 0.0000000000 0.0000000000 114.3348236084 0.0000000000 -0.1803926229
118.4868698120 0.0000000000 0.0000000000 0.0000000000 114.1547775269 0.0000000000 -0.1799584031
118.4463882446 0.0000000000 0.0000000000 0.0000000000 113.9748535156 0.0000000000 -0.1795223355
118.4047622681 0.0000000000 0.0000000000 0.0000000000 113.7915649414 0.0000000000 -0.1790869236
118.3616485596 0.0000000000 0.0000000000 0.0000000000 113.6087036133 0.0000000000 -0.1786494851
118.3167266846 0.0000000000 0.0000000000 0.0000000000 113.4239807129 0.0000000000 -0.1782153249
118.2704925537 0.0000000000 0.0000000000 0.0000000000 113.2342987061 0.0000000000 -0.1778157949
118.2241668701 0.0000000000 0.0000000000 0.0000000000 113.0429153442 0.0000000000 -0.1773526669
118.1794662476 0.0000000000 0.0000000000 0.0000000000 112.8511505127 0.0000000000 -0.1769225001
118.1369934082 0.0000000000 0.0000000000 0.0000000000 112.6655654907 0.0000000000 -0.1764939427
118.0965347290 0.0000000000 0.0000000000 0.0000000000 112.4758987427 0.0000000000 -0.1760649085
118.0582275391 0.0000000000 0.0000000000 0.0000000000 112.2950134277 0.0000000000 -0.1756387353
118.0215225220 0.0000000000 0.0000000000 0.0000000000 112.1017608643 0.0000000000 -0.1752114296
117.9856491089 0.0000000000 0.0000000000 0.0000000000 111.9163284302 0.0000000000 -0.1748082638
117.9500198364 0.0000000000 0.0000000000 0.0000000000 111.7298507690 0.0000000000 -0.1743943095
117.9143905640 0.0000000000 0.0000000000 0.0000000000 111.5503158569 0.0000000000 -0.1739344001
117.8782119751 0.0000000000 0.0000000000 0.0000000000 111.3701400757 0.0000000000 -0.1735110879
117.8411712646 0.0000000000 0.0000000000 0.0000000000 111.1870040894 0.0000000000 -0.1730899215
117.8039779663 0.0000000000 0.0000000000 0.0000000000 111.0018157959 0.0000000000 -0.1726646423
117.7669830322 0.0000000000 0.0000000000 0.0000000000 110.8156967163 0.0000000000 -0.1722409725
117.7297897339 0.0000000000 0.0000000000 0.0000000000 110.6352691650 0.0000000000 -0.1718207598
117.6924972534 0.0000000000 0.0000000000 0.0000000000 110.4546585083 0.0000000000 -0.1713980436
117.6553573608 0.0000000000 0.0000000000 0.0000000000 110.2799682617 0.0000000000 -0.1709771156
117.6178894043 0.0000000000 0.0000000000 0.0000000000 110.1094055176 0.0000000000 -0.1705543399
117.5803146362 0.0000000000 0.0000000000 0.0000000000 109.9428100586 0.0000000000 -0.1701357961
117.5426177979 0.0000000000 0.0000000000 0.0000000000 109.7792205811 0.0000000000 -0.1697172523
117.5039520264 0.0000000000 0.0000000000 0.0000000000 109.6168136597 0.0000000000 -0.1693012714
117.4656600952 0.0000000000 0.0000000000 0.0000000000 109.4526901245 0.0000000000 -0.1688848138
117.4281005859 0.0000000000 0.0000000000 0.0000000000 109.2883987427 0.0000000000 -0.1684727669
117.3913574219 0.0000000000 0.0000000000 0.0000000000 109.1240158081 0.0000000000 -0.1680631042
117.3562164307 0.0000000000 0.0000000000 0.0000000000 108.9654846191 0.0000000000 -0.1676545143
117.3224716187 0.0000000000 0.0000000000 0.0000000000 108.8018493652 0.0000000000 -0.1672491431
117.2908172607 0.0000000000 0.0000000000 0.0000000000 108.6347885132 0.0000000000 -0.1668434143
117.2612304688 0.0000000000 0.0000000000 0.0000000000 108.4773254395 0.0000000000 -0.1664424539
117.2332992554 0.0000000000 0.0000000000 0.0000000000 108.3313293457 0.0000000000 -0.1660389900
117.2065811157 0.0000000000 0.0000000000 0.0000000000 108.1809234619 0.0000000000 -0.1656391621
117.1802597046 0.0000000000 0.0000000000 0.0000000000 108.0284500122 0.0000000000 -0.1652387977
117.1531753540 0.0000000000 0.0000000000 0.0000000000 107.8760299683 0.0000000000 -0.1648404002
117.1251907349 0.0000000000 0.0000000000 0.0000000000 107.7274551392 0.0000000000 -0.1644403934
117.0954208374 0.0000000000 0.0000000000 0.0000000000 107.5816497803 0.0000000000 -0.1640431881
117.0631790161 0.0000000000 0.0000000000 0.0000000000 107.4357299805 0.0000000000 -0.1636495590
117.0290603638 0.0000000000 0.0000000000 0.0000000000 107.2814178467 0.0000000000 -0.1632548571
116.9937438965 0.0000000000 0.0000000000 0.0000000000 107.1298675537 0.0000000000 -0.1628662944
116.9582748413 0.0000000000 0.0000000000 0.0000000000 106.9827880859 0.0000000000 -0.1624782085
116.9237594604 0.0000000000 0.0000000000 0.0000000000 106.8416366577 0.0000000000 -0.1620923281
116.8904190063 0.0000000000 0.0000000000 0.0000000000 106.6965789795 0.0000000000 -0.1617090702
116.8599777222 0.0000000000 0.0000000000 0.0000000000 106.5531387329 0.0000000000 -0.1613273621
116.8329162598 0.0000000000 0.0000000000 0.0000000000 106.4041595459 0.0000000000 -0.1609510183
116.8085708618 0.0000000000 0.0000000000 0.0000000000 106.2555999756 0.0000000000 -0.1605711579
116.7866210938 0.0000000000 0.0000000000 0.0000000000 106.1037292480 0.0000000000 -0.1601930857
116.7666473389 0.0000000000 0.0000000000 0.0000000000 105.9489593506 0.0000000000 -0.1598192453
116.7478637695 0.0000000000 0.0000000000 0.0000000000 105.7932968140 0.0000000000 -0.1594398022
116.7284774780 0.0000000000 0.0000000000 0.0000000000 105.6346206665 0.0000000000 -0.1590636373
116.7066955566 0.0000000000 0.0000000000 0.0000000000 105.4773559570 0.0000000000 -0.1586889625
116.6819229126 0.0000000000 0.0000000000 0.0000000000 105.3153076172 0.0000000000 -0.1583318114
116.6533508301 0.0000000000 0.0000000000 0.0000000000 105.1522903442 0.0000000000 -0.1579397321
116.6229782104 0.0000000000 0.0000000000 0.0000000000 104.9970092773 0.0000000000 -0.1575701237
116.5914001465 0.0000000000 0.0000000000 0.0000000000 104.8448638916 0.0000000000 -0.1572008133
116.5599212646 0.0000000000 0.0000000000 0.0000000000 104.6985549927 0.0000000000 -0.1568350196
116.5288848877 0.0000000000 0.0000000000 0.0000000000 104.5509567261 0.0000000000 -0.1564729214
116.4985733032 0.0000000000 0.0000000000 0.0000000000 104.3976364136 0.0000000000 -0.1561099887
116.4703598022 0.0000000000 0.0000000000 0.0000000000 104.2390060425 0.0000000000 -0.1557508707
116.4446105957 0.0000000000 0.0000000000 0.0000000000 104.0865707397 0.0000000000 -0.1553934216
116.4215087891 0.0000000000 0.0000000000 0.0000000000 103.9341964722 0.0000000000 -0.1550351381
116.4017257690 0.0000000000 0.0000000000 0.0000000000 103.7823867798 0.0000000000 -0.1546790898
116.3847579956 0.0000000000 0.0000000000 0.0000000000 103.6276397705 0.0000000000 -0.1543337405
116.3699722290 0.0000000000 0.0000000000 0.0000000000 103.4743499756 0.0000000000 -0.1539732814
116.3561401367 0.0000000000 0.0000000000 0.0000000000 103.3199844360 0.0000000000 -0.1536242366
116.3423538208 0.0000000000 0.0000000000 0.0000000000 103.1712188721 0.0000000000 -0.1532744169
116.3278427124 0.0000000000 0.0000000000 0.0000000000 103.0271759033 0.0000000000 -0.1529239118
116.3125991821 0.0000000000 0.0000000000 0.0000000000 102.8892669678 0.0000000000 -0.1525705457
116.2959976196 0.0000000000 0.0000000000 0.0000000000 102.7510604858 0.0000000000 -0.1522193551
116.2785949707 0.0000000000 0.0000000000 0.0000000000 102.6129760742 0.0000000000 -0.1518669128
116.2598800659 0.0000000000 0.0000000000 0.0000000000 102.4776153564 0.0000000000 -0.1515160203
116.2407684326 0.0000000000 0.0000000000 0.0000000000 102.3481903076 0.0000000000 -0.1511665881
116.2216186523 0.0000000000 0.0000000000 0.0000000000 102.2226181030 0.0000000000 -0.1508164108
116.2032699585 0.0000000000 0.0000000000 0.0000000000 102.0950546265 0.0000000000 -0.1504676938
116.1862411499 0.0000000000 0.0000000000 0.0000000000 101.9670791626 0.0000000000 -0.1501205564
116.1714859009 0.0000000000 0.0000000000 0.0000000000 101.8464584351 0.0000000000 -0.1497752666
116.1588668823 0.0000000000 0.0000000000 0.0000000000 101.7339782715 0.0000000000 -0.1494312286
116.1482696533 0.0000000000 0.0000000000 0.0000000000 101.6231994629 0.0000000000 -0.1490907669
116.1390457153 0.0000000000 0.0000000000 0.0000000000 101.5040893555 0.0000000000 -0.1487470567
116.1306076050 0.0000000000 0.0000000000 0.0000000000 101.3899383545 0.0000000000 -0.1484062076
116.1220626831 0.0000000000 0.0000000000 0.0000000000 101.2806167603 0.0000000000 -0.1480658948
116.1132278442 0.0000000000 0.0000000000 0.0000000000 101.1640396118 0.0000000000 -0.1477261782
116.1031036377 0.0000000000 0.0000000000 0.0000000000 101.0466537476 0.0000000000 -0.1473857164
116.0920639038 0.0000000000 0.0000000000 0.0000000000 100.9309005737 0.0000000000 -0.1470479369
116.0805664062 0.0000000000 0.0000000000 0.0000000000 100.8238067627 0.0000000000 -0.1467094421
116.0683975220 0.0000000000 0.0000000000 0.0000000000 100.7084350586 0.0000000000 -0.1463732719
116.0552368164 0.0000000000 0.0000000000 0.0000000000 100.5963287354 0.0000000000 -0.1460373700
116.0415954590 0.0000000000 0.0000000000 0.0000000000 100.4827575684 0.0000000000 -0.1457040310
116.0278167725 0.0000000000 0.0000000000 0.0000000000 100.3682479858 0.0000000000 -0.1453717351
116.0146179199 0.0000000000 0.0000000000 0.0000000000 100.2540969849 0.0000000000 -0.1450388730
116.0017166138 0.0000000000 0.0000000000 0.0000000000 100.1410675049 0.0000000000 -0.1447069645
115.9898376465 0.0000000000 0.0000000000 0.0000000000 100.0309677124 0.0000000000 -0.1443762481
115.9792938232 0.0000000000 0.0000000000 0.0000000000 99.9189453125 0.0000000000 -0.1440472305
115.9694671631 0.0000000000 0.0000000000 0.0000000000 99.8074111938 0.0000000000 -0.1437202096
115.9606323242 0.0000000000 0.0000000000 0.0000000000 99.6985778809 0.0000000000 -0.1433932781
115.9523315430 0.0000000000 0.0000000000 0.0000000000 99.5911102295 0.0000000000 -0.1430704892
115.9437866211 0.0000000000 0.0000000000 0.0000000000 99.4787979126 0.0000000000 -0.1427476406
115.9349441528 0.0000000000 0.0000000000 0.0000000000 99.3694076538 0.0000000000 -0.1424279213
115.9251403809 0.0000000000 0.0000000000 0.0000000000 99.2600250244 0.0000000000 -0.1421102881
115.9147033691 0.0000000000 0.0000000000 0.0000000000 99.1560211182 0.0000000000 -0.1417933702
115.9040069580 0.0000000000 0.0000000000 0.0000000000 99.0409088135 0.0000000000 -0.1414788961
115.8930587769 0.0000000000 0.0000000000 0.0000000000 98.9237670898 0.0000000000 -0.1411650777
115.8819885254 0.0000000000 0.0000000000 0.0000000000 98.8117370605 0.0000000000 -0.1408544779
115.8716506958 0.0000000000 0.0000000000 0.0000000000 98.7047500610 0.0000000000 -0.1405446231
115.8622512817 0.0000000000 0.0000000000 0.0000000000 98.5984344482 0.0000000000 -0.1402358413
115.8537216187 0.0000000000 0.0000000000 0.0000000000 98.4921112061 0.0000000000 -0.1399310827
115.8454208374 0.0000000000 0.0000000000 0.0000000000 98.3898773193 0.0000000000 -0.1396269798
115.8376922607 0.0000000000 0.0000000000 0.0000000000 98.2801284790 0.0000000000 -0.1393214166
115.8302459717 0.0000000000 0.0000000000 0.0000000000 98.1626205444 0.0000000000 -0.1390181780
115.8227005005 0.0000000000 0.0000000000 0.0000000000 98.0415573120 0.0000000000 -0.1387379766
115.8148345947 0.0000000000 0.0000000000 0.0000000000 97.9225006104 0.0000000000 -0.1384147406
115.8065948486 0.0000000000 0.0000000000 0.0000000000 97.8118743896 0.0000000000 -0.1381158829
115.7985382080 0.0000000000 0.0000000000 0.0000000000 97.7037353516 0.0000000000 -0.1378161907
115.7906341553 0.0000000000 0.0000000000 0.0000000000 97.6023712158 0.0000000000 -0.1375218630
115.7824707031 0.0000000000 0.0000000000 0.0000000000 97.5032196045 0.0000000000 -0.1372254491
115.7739105225 0.0000000000 0.0000000000 0.0000000000 97.4061508179 0.0000000000 -0.1369310915
115.7649765015 0.0000000000 0.0000000000 0.0000000000 97.3091659546 0.0000000000 -0.1366376877
115.7564849854 0.0000000000 0.0000000000 0.0000000000 97.2071456909 0.0000000000 -0.1363447905
115.7484283447 0.0000000000 0.0000000000 0.0000000000 97.1044006348 0.0000000000 -0.1360529661
115.7402114868 0.0000000000 0.0000000000 0.0000000000 97.0009841919 0.0000000000 -0.1357606053
115.7319107056 0.0000000000 0.0000000000 0.0000000000 96.8981704712 0.0000000000 -0.1354677677
115.7235870361 0.0000000000 0.0000000000 0.0000000000 96.7968139648 0.0000000000 -0.1351757646
115.7144851685 0.0000000000 0.0000000000 0.0000000000 96.6972808838 0.0000000000 -0.1348820329
115.7043609619 0.0000000000 0.0000000000 0.0000000000 96.6028213501 0.0000000000 -0.1345885396
115.6934738159 0.0000000000 0.0000000000 0.0000000000 96.4997482300 0.0000000000 -0.1342964768
115.6829528809 0.0000000000 0.0000000000 0.0000000000 96.4057540894 0.0000000000 -0.1340045929
115.6732254028 0.0000000000 0.0000000000 0.0000000000 96.3132247925 0.0000000000 -0.1337116659
115.6648788452 0.0000000000 0.0000000000 0.0000000000 96.2091369629 0.0000000000 -0.1334214509
115.6574249268 0.0000000000 0.0000000000 0.0000000000 96.1061553955 0.0000000000 -0.1331292987
115.6501007080 0.0000000000 0.0000000000 0.0000000000 96.0041961670 0.0000000000 -0.1328380108
115.6433563232 0.0000000000 0.0000000000 0.0000000000 95.9110870361 0.0000000000 -0.1325480342
115.6364135742 0.0000000000 0.0000000000 0.0000000000 95.8156509399 0.0000000000 -0.1322573721
115.6296768188 0.0000000000 0.0000000000 0.0000000000 95.7245407104 0.0000000000 -0.1319690943
115.6221313477 0.0000000000 0.0000000000 0.0000000000 95.6273574829 0.0000000000 -0.1316815019
115.6137390137 0.0000000000 0.0000000000 0.0000000000 95.5343093872 0.0000000000 -0.1313962340
115.6053237915 0.0000000000 0.0000000000 0.0000000000 95.4436187744 0.0000000000 -0.1311085224
115.5968246460 0.0000000000 0.0000000000 0.0000000000 95.3495101929 0.0000000000 -0.1308227777
115.5885009766 0.0000000000 0.0000000000 0.0000000000 95.2594375610 0.0000000000 -0.1305395365
115.5807800293 0.0000000000 0.0000000000 0.0000000000 95.1689376831 0.0000000000 -0.1302576363
115.5737457275 0.0000000000 0.0000000000 0.0000000000 95.0818710327 0.0000000000 -0.1299776733
115.5674591064 0.0000000000 0.0000000000 0.0000000000 94.9978408813 0.0000000000 -0.1296978593
115.5615539551 0.0000000000 0.0000000000 0.0000000000 94.9145889282 0.0000000000 -0.1294207871
115.5555877686 0.0000000000 0.0000000000 0.0000000000 94.8288879395 0.0000000000 -0.1291419268
115.5494232178 0.0000000000 0.0000000000 0.0000000000 94.7390213013 0.0000000000 -0.1288681030
115.5423736572 0.0000000000 0.0000000000 0.0000000000 94.6488952637 0.0000000000 -0.1285946965
115.5344696045 0.0000000000 0.0000000000 0.0000000000 94.5567169189 0.0000000000 -0.1283257306
115.5266265869 0.0000000000 0.0000000000 0.0000000000 94.4653244019 0.0000000000 -0.1280572414
115.5193939209 0.0000000000 0.0000000000 0.0000000000 94.3738098145 0.0000000000 -0.1277907491
115.5126876831 0.0000000000 0.0000000000 0.0000000000 94.2871398926 0.0000000000 -0.1275242567
115.5063171387 0.0000000000 0.0000000000 0.0000000000 94.1966476440 0.0000000000 -0.1272592545
115.5003662109 0.0000000000 0.0000000000 0.0000000000 94.1128540039 0.0000000000 -0.1269966960
115.4943237305 0.0000000000 0.0000000000 0.0000000000 94.0399780273 0.0000000000 -0.1267347932
115.4869003296 0.0000000000 0.0000000000 0.0000000000 93.9860000610 0.0000000000 -0.1264756322
115.4784393311 0.0000000000 0.0000000000 0.0000000000 93.9165649414 0.0000000000 -0.1262198389
115.4698257446 0.0000000000 0.0000000000 0.0000000000 93.8462753296 0.0000000000 -0.1259646416
115.4613418579 0.0000000000 0.0000000000 0.0000000000 93.7696304321 0.0000000000 -0.1257134378
115.4525985718 0.0000000000 0.0000000000 0.0000000000 93.6905059814 0.0000000000 -0.1254656613
115.4434509277 0.0000000000 0.0000000000 0.0000000000 93.6049957275 0.0000000000 -0.1252186298
115.4345703125 0.0000000000 0.0000000000 0.0000000000 93.5262908936 0.0000000000 -0.1249727011
115.4263839722 0.0000000000 0.0000000000 0.0000000000 93.4514083862 0.0000000000 -0.1247302890
115.4192199707 0.0000000000 0.0000000000 0.0000000000 93.3796691895 0.0000000000 -0.1244869232
115.4129333496 0.0000000000 0.0000000000 0.0000000000 93.3095550537 0.0000000000 -0.1242422760
115.4086227417 0.0000000000 0.0000000000 0.0000000000 93.2372970581 0.0000000000 -0.1239983439
115.4059753418 0.0000000000 0.0000000000 0.0000000000 93.1651382446 0.0000000000 -0.1237540841
115.4049987793 0.0000000000 0.0000000000 0.0000000000 93.0903167725 0.0000000000 -0.1235085130
115.4049301147 0.0000000000 0.0000000000 0.0000000000 93.0202102661 0.0000000000 -0.1232651472
115.4047851562 0.0000000000 0.0000000000 0.0000000000 92.9445800781 0.0000000000 -0.1230230629
115.4039993286 0.0000000000 0.0000000000 0.0000000000 92.8735275269 0.0000000000 -0.1227868199
115.4020080566 0.0000000000 0.0000000000 0.0000000000 92.8105697632 0.0000000000 -0.1225457788
115.3985443115 0.0000000000 0.0000000000 0.0000000000 92.7477111816 0.0000000000 -0.1223095655
115.3936614990 0.0000000000 0.0000000000 0.0000000000 92.6830291748 0.0000000000 -0.1220721602
115.3872985840 0.0000000000 0.0000000000 0.0000000000 92.6182098389 0.0000000000 -0.1218383908
115.3795852661 0.0000000000 0.0000000000 0.0000000000 92.5485000610 0.0000000000 -0.1216051579
115.3711090088 0.0000000000 0.0000000000 0.0000000000 92.4782485962 0.0000000000 -0.1213759184
115.3623123169 0.0000000000 0.0000000000 0.0000000000 92.4125442505 0.0000000000 -0.1211751997
115.3544158936 0.0000000000 0.0000000000 0.0000000000 92.3443069458 0.0000000000 -0.1209288239
115.3478927612 0.0000000000 0.0000000000 0.0000000000 92.2715377808 0.0000000000 -0.1207101345
115.3428955078 0.0000000000 0.0000000000 0.0000000000 92.1998214722 0.0000000000 -0.1204924583
115.3395462036 0.0000000000 0.0000000000 0.0000000000 92.1212768555 0.0000000000 -0.1202772558
115.3375701904 0.0000000000 0.0000000000 0.0000000000 92.0392074585 0.0000000000 -0.1200636327
115.3368148804 0.0000000000 0.0000000000 0.0000000000 91.9636840820 0.0000000000 -0.1198535562
115.3364334106 0.0000000000 0.0000000000 0.0000000000 91.8873214722 0.0000000000 -0.1196429133
115.3356628418 0.0000000000 0.0000000000 0.0000000000 91.8070297241 0.0000000000 -0.1194348335
115.3340454102 0.0000000000 0.0000000000 0.0000000000 91.7252197266 0.0000000000 -0.1192252636
115.3314056396 0.0000000000 0.0000000000 0.0000000000 91.6442260742 0.0000000000 -0.1190170050
115.3271789551 0.0000000000 0.0000000000 0.0000000000 91.5723876953 0.0000000000 -0.1188096404
115.3219223022 0.0000000000 0.0000000000 0.0000000000 91.4872589111 0.0000000000 -0.1186082959
115.3158264160 0.0000000000 0.0000000000 0.0000000000 91.4042510986 0.0000000000 -0.1184045076
115.3088378906 0.0000000000 0.0000000000 0.0000000000 91.3201065063 0.0000000000 -0.1181916595
115.3009643555 0.0000000000 0.0000000000 0.0000000000 91.2372741699 0.0000000000 -0.1179844439
115.2922134399 0.0000000000 0.0000000000 0.0000000000 91.1474380493 0.0000000000 -0.1177917123
115.2835998535 0.0000000000 0.0000000000 0.0000000000 91.0515441895 0.0000000000 -0.1175763607
115.2757492065 0.0000000000 0.0000000000 0.0000000000 90.9634094238 0.0000000000 -0.1173746586
115.2691955566 0.0000000000 0.0000000000 0.0000000000 90.8869781494 0.0000000000 -0.1171723902
115.2645339966 0.0000000000 0.0000000000 0.0000000000 90.8003540039 0.0000000000 -0.1169681549
115.2612686157 0.0000000000 0.0000000000 0.0000000000 90.7272644043 0.0000000000 -0.1167677045
115.2588119507 0.0000000000 0.0000000000 0.0000000000 90.6464080811 0.0000000000 -0.1165629625
115.2568130493 0.0000000000 0.0000000000 0.0000000000 90.5698699951 0.0000000000 -0.1163588464
115.2552490234 0.0000000000 0.0000000000 0.0000000000 90.4910964966 0.0000000000 -0.1161543429
115.2532501221 0.0000000000 0.0000000000 0.0000000000 90.4122085571 0.0000000000 -0.1159489751
115.2504196167 0.0000000000 0.0000000000 0.0000000000 90.3319168091 0.0000000000 -0.1157459915
115.2461242676 0.0000000000 0.0000000000 0.0000000000 90.2465515137 0.0000000000 -0.1155423820
115.2406387329 0.0000000000 0.0000000000 0.0000000000 90.1519775391 0.0000000000 -0.1153385043
115.2341079712 0.0000000000 0.0000000000 0.0000000000 90.0579605103 0.0000000000 -0.1151362658
115.2267913818 0.0000000000 0.0000000000 0.0000000000 89.9688491821 0.0000000000 -0.1149347425
115.2194595337 0.0000000000 0.0000000000 0.0000000000 89.8937454224 0.0000000000 -0.1147717834
115.2129898071 0.0000000000 0.0000000000 0.0000000000 89.8132553101 0.0000000000 -0.1145360470
115.2074737549 0.0000000000 0.0000000000 0.0000000000 89.7367706299 0.0000000000 -0.1143411398
115.2029800415 0.0000000000 0.0000000000 0.0000000000 89.6564559937 0.0000000000 -0.1141452491
115.1990356445 0.0000000000 0.0000000000 0.0000000000 89.5774993896 0.0000000000 -0.1139500737
115.1953659058 0.0000000000 0.0000000000 0.0000000000 89.5012741089 0.0000000000 -0.1137546003
115.1912918091 0.0000000000 0.0000000000 0.0000000000 89.4221801758 0.0000000000 -0.1135596633
115.1872406006 0.0000000000 0.0000000000 0.0000000000 89.3449707031 0.0000000000 -0.1133647561
115.1837158203 0.0000000000 0.0000000000 0.0000000000 89.2692489624 0.0000000000 -0.1131719947
115.1804580688 0.0000000000 0.0000000000 0.0000000000 89.1961593628 0.0000000000 -0.1129777730
115.1765823364 0.0000000000 0.0000000000 0.0000000000 89.1198348999 0.0000000000 -0.1127856672
115.1718673706 0.0000000000 0.0000000000 0.0000000000 89.0403060913 0.0000000000 -0.1125952303
115.1663284302 0.0000000000 0.0000000000 0.0000000000 88.9638442993 0.0000000000 -0.1124046743
115.1603469849 0.0000000000 0.0000000000 0.0000000000 88.8865661621 0.0000000000 -0.1122176647
115.1542663574 0.0000000000 0.0000000000 0.0000000000 88.8091659546 0.0000000000 -0.1120309234
115.1487197876 0.0000000000 0.0000000000 0.0000000000 88.7362289429 0.0000000000 -0.1118454039
115.1439056396 0.0000000000 0.0000000000 0.0000000000 88.6540374756 0.0000000000 -0.1116597056
115.1392211914 0.0000000000 0.0000000000 0.0000000000 88.5762176514 0.0000000000 -0.1114743650
115.1347885132 0.0000000000 0.0000000000 0.0000000000 88.5014572144 0.0000000000 -0.1112911999
115.1307067871 0.0000000000 0.0000000000 0.0000000000 88.4311599731 0.0000000000 -0.1111092865
115.1266021729 0.0000000000 0.0000000000 0.0000000000 88.3583908081 0.0000000000 -0.1109282970
115.1229553223 0.0000000000 0.0000000000 0.0000000000 88.2854003906 0.0000000000 -0.1107496917
115.1194000244 0.0000000000 0.0000000000 0.0000000000 88.2172164917 0.0000000000 -0.1105716228
115.1151733398 0.0000000000 0.0000000000 0.0000000000 88.1547546387 0.0000000000 -0.1103964448
115.1104888916 0.0000000000 0.0000000000 0.0000000000 88.0877609253 0.0000000000 -0.1102285385
115.1056976318 0.0000000000 0.0000000000 0.0000000000 88.0245285034 0.0000000000 -0.1100571156
115.1002731323 0.0000000000 0.0000000000 0.0000000000 87.9658355713 0.0000000000 -0.1098919213
115.0947647095 0.0000000000 0.0000000000 0.0000000000 87.9073257446 0.0000000000 -0.1097299457
115.0892791748 0.0000000000 0.0000000000 0.0000000000 87.8486175537 0.0000000000 -0.1095676422
115.0841217041 0.0000000000 0.0000000000 0.0000000000 87.7907943726 0.0000000000 -0.1094069183
115.0789489746 0.0000000000 0.0000000000 0.0000000000 87.7309570312 0.0000000000 -0.1092447639
115.0735626221 0.0000000000 0.0000000000 0.0000000000 87.6739578247 0.0000000000 -0.1090854704
115.0684890747 0.0000000000 0.0000000000 0.0000000000 87.6181869507 0.0000000000 -0.1089245081
115.0639114380 0.0000000000 0.0000000000 0.0000000000 87.5658874512 0.0000000000 -0.1087670326
115.0593948364 0.0000000000 0.0000000000 0.0000000000 87.5107803345 0.0000000000 -0.1086111069
115.0548095703 0.0000000000 0.0000000000 0.0000000000 87.4577865601 0.0000000000 -0.1084573269
115.0502014160 0.0000000000 0.0000000000 0.0000000000 87.4083557129 0.0000000000 -0.1083065271
115.0453567505 0.0000000000 0.0000000000 0.0000000000 87.3615570068 0.0000000000 -0.1081556380
115.0397644043 0.0000000000 0.0000000000 0.0000000000 87.3143005371 0.0000000000 -0.1080063581
115.0337677002 0.0000000000 0.0000000000 0.0000000000 87.2750396729 0.0000000000 -0.1078841984
115.0272979736 0.0000000000 0.0000000000 0.0000000000 87.2310104370 0.0000000000 -0.1077131629
115.0205383301 0.0000000000 0.0000000000 0.0000000000 87.1891098022 0.0000000000 -0.1075655818
115.0134887695 0.0000000000 0.0000000000 0.0000000000 87.1519775391 0.0000000000 -0.1074172556
115.0061187744 0.0000000000 0.0000000000 0.0000000000 87.1151580811 0.0000000000 -0.1072711647
114.9983291626 0.0000000000 0.0000000000 0.0000000000 87.0810394287 0.0000000000 -0.1071255803
114.9906845093 0.0000000000 0.0000000000 0.0000000000 87.0471191406 0.0000000000 -0.1069792509
114.9835968018 0.0000000000 0.0000000000 0.0000000000 87.0049591064 0.0000000000 -0.1068340242
114.9775466919 0.0000000000 0.0000000000 0.0000000000 86.9650878906 0.0000000000 -0.1066898406
114.9722518921 0.0000000000 0.0000000000 0.0000000000 86.9270095825 0.0000000000 -0.1065481305
114.9675064087 0.0000000000 0.0000000000 0.0000000000 86.8917999268 0.0000000000 -0.1064064205
114.9629898071 0.0000000000 0.0000000000 0.0000000000 86.8539352417 0.0000000000 -0.1062664688
114.9581069946 0.0000000000 0.0000000000 0.0000000000 86.8121261597 0.0000000000 -0.1061296761
114.9526214600 0.0000000000 0.0000000000 0.0000000000 86.7670974731 0.0000000000 -0.1059922874
114.9464263916 0.0000000000 0.0000000000 0.0000000000 86.7220153809 0.0000000000 -0.1058548987
114.9392242432 0.0000000000 0.0000000000 0.0000000000 86.6775512695 0.0000000000 -0.1057164371
114.9309005737 0.0000000000 0.0000000000 0.0000000000 86.6355667114 0.0000000000 -0.1055778861
114.9217758179 0.0000000000 0.0000000000 0.0000000000 86.5937500000 0.0000000000 -0.1054387391
114.9117736816 0.0000000000 0.0000000000 0.0000000000 86.5535659790 0.0000000000 -0.1053014398
114.9018173218 0.0000000000 0.0000000000 0.0000000000 86.5126647949 0.0000000000 -0.1052334905
114.8921356201 0.0000000000 0.0000000000 0.0000000000 86.4739303589 0.0000000000 -0.1050365269
114.8831863403 0.0000000000 0.0000000000 0.0000000000 86.4327468872 0.0000000000 -0.1049059331
114.8753128052 0.0000000000 0.0000000000 0.0000000000 86.3903656006 0.0000000000 -0.1047712266
114.8686141968 0.0000000000 0.0000000000 0.0000000000 86.3461914062 0.0000000000 -0.1046350002
114.8629608154 0.0000000000 0.0000000000 0.0000000000 86.2983093262 0.0000000000 -0.1044972539
114.8574295044 0.0000000000 0.0000000000 0.0000000000 86.2495574951 0.0000000000 -0.1043588519
114.8522338867 0.0000000000 0.0000000000 0.0000000000 86.2014999390 0.0000000000 -0.1042214334
114.8472518921 0.0000000000 0.0000000000 0.0000000000 86.1502151489 0.0000000000 -0.1040833890
114.8416442871 0.0000000000 0.0000000000 0.0000000000 86.1003189087 0.0000000000 -0.1039570868
114.8355865479 0.0000000000 0.0000000000 0.0000000000 86.0523605347 0.0000000000 -0.1038074493
114.8290481567 0.0000000000 0.0000000000 0.0000000000 86.0035781860 0.0000000000 -0.1036689281
114.8220901489 0.0000000000 0.0000000000 0.0000000000 85.9577560425 0.0000000000 -0.1035311222
114.8146667480 0.0000000000 0.0000000000 0.0000000000 85.9143447876 0.0000000000 -0.1033934951
114.8067550659 0.0000000000 0.0000000000 0.0000000000 85.8667984009 0.0000000000 -0.1032560468
114.7988662720 0.0000000000 0.0000000000 0.0000000000 85.8213500977 0.0000000000 -0.1031209826
114.7908706665 0.0000000000 0.0000000000 0.0000000000 85.7771987915 0.0000000000 -0.1029871106
114.7826995850 0.0000000000 0.0000000000 0.0000000000 85.7337646484 0.0000000000 -0.1028501689
114.7743225098 0.0000000000 0.0000000000 0.0000000000 85.6871566772 0.0000000000 -0.1027135551
114.7658462524 0.0000000000 0.0000000000 0.0000000000 85.6422653198 0.0000000000 -0.1025771797
114.7571182251 0.0000000000 0.0000000000 0.0000000000 85.5964355469 0.0000000000 -0.1024387181
114.7484436035 0.0000000000 0.0000000000 0.0000000000 85.5519561768 0.0000000000 -0.1023009419
114.7403869629 0.0000000000 0.0000000000 0.0000000000 85.5080261230 0.0000000000 -0.1021639407
114.7332077026 0.0000000000 0.0000000000 0.0000000000 85.4631881714 0.0000000000 -0.1020273566
114.7265701294 0.0000000000 0.0000000000 0.0000000000 85.4205093384 0.0000000000 -0.1018919647
114.7202224731 0.0000000000 0.0000000000 0.0000000000 85.3849411011 0.0000000000 -0.1017556190
114.7140350342 0.0000000000 0.0000000000 0.0000000000 85.3489151001 0.0000000000 -0.1016218066
114.7084503174 0.0000000000 0.0000000000 0.0000000000 85.3176879883 0.0000000000 -0.1014910340
114.7032012939 0.0000000000 0.0000000000 0.0000000000 85.2876358032 0.0000000000 -0.1013623178
114.6982345581 0.0000000000 0.0000000000 0.0000000000 85.2561569214 0.0000000000 -0.1012302637
114.6935501099 0.0000000000 0.0000000000 0.0000000000 85.2255401611 0.0000000000 -0.1011009812
114.6887359619 0.0000000000 0.0000000000 0.0000000000 85.1961059570 0.0000000000 -0.1009720862
114.6834259033 0.0000000000 0.0000000000 0.0000000000 85.1715469360 0.0000000000 -0.1008432806
114.6777191162 0.0000000000 0.0000000000 0.0000000000 85.1425094604 0.0000000000 -0.1007128060
114.6715774536 0.0000000000 0.0000000000 0.0000000000 85.1180114746 0.0000000000 -0.1005848050
114.6646118164 0.0000000000 0.0000000000 0.0000000000 85.0906372070 0.0000000000 -0.1004582345
114.6573104858 0.0000000000 0.0000000000 0.0000000000 85.0665054321 0.0000000000 -0.1003339589
114.6494674683 0.0000000000 0.0000000000 0.0000000000 85.0433654785 0.0000000000 -0.1002087891
114.6411972046 0.0000000000 0.0000000000 0.0000000000 85.0175552368 0.0000000000 -0.1000848413
114.6324005127 0.0000000000 0.0000000000 0.0000000000 84.9983978271 0.0000000000 -0.0999599099
114.6231536865 0.0000000000 0.0000000000 0.0000000000 84.9789352417 0.0000000000 -0.0998349488
114.6139984131 0.0000000000 0.0000000000 0.0000000000 84.9581604004 0.0000000000 -0.0997112691
114.6053695679 0.0000000000 0.0000000000 0.0000000000 84.9389801025 0.0000000000 -0.0995873809
114.5971298218 0.0000000000 0.0000000000 0.0000000000 84.9206695557 0.0000000000 -0.0994658470
114.5895690918 0.0000000000 0.0000000000 0.0000000000 84.9011840820 0.0000000000 -0.0993457735
114.5829925537 0.0000000000 0.0000000000 0.0000000000 84.8822708130 0.0000000000 -0.0992240310
114.5772552490 0.0000000000 0.0000000000 0.0000000000 84.8649444580 0.0000000000 -0.0991052687
114.5719375610 0.0000000000 0.0000000000 0.0000000000 84.8486709595 0.0000000000 -0.0989869535
114.5671386719 0.0000000000 0.0000000000 0.0000000000 84.8345794678 0.0000000000 -0.0988679528
114.5619964600 0.0000000000 0.0000000000 0.0000000000 84.8241806030 0.0000000000 -0.0987504423
114.5562133789 0.0000000000 0.0000000000 0.0000000000 84.8123855591 0.0000000000 -0.0986319780
114.5498809814 0.0000000000 0.0000000000 0.0000000000 84.8033447266 0.0000000000 -0.0985151231
114.5433731079 0.0000000000 0.0000000000 0.0000000000 84.7794799805 0.0000000000 -0.0983995199
114.5366516113 0.0000000000 0.0000000000 0.0000000000 84.7673263550 0.0000000000 -0.0982860923
114.5298309326 0.0000000000 0.0000000000 0.0000000000 84.7552413940 0.0000000000 -0.0981727242
114.5230560303 0.0000000000 0.0000000000 0.0000000000 84.7432098389 0.0000000000 -0.0980608761
114.5164337158 0.0000000000 0.0000000000 0.0000000000 84.7299957275 0.0000000000 -0.0979501605
114.5101013184 0.0000000000 0.0000000000 0.0000000000 84.7175369263 0.0000000000 -0.0978381336
114.5040283203 0.0000000000 0.0000000000 0.0000000000 84.7083816528 0.0000000000 -0.0977281928
114.4980392456 0.0000000000 0.0000000000 0.0000000000 84.6992645264 0.0000000000 -0.0976162851
114.4920578003 0.0000000000 0.0000000000 0.0000000000 84.6907196045 0.0000000000 -0.0975064039
114.4859008789 0.0000000000 0.0000000000 0.0000000000 84.6826400757 0.0000000000 -0.0973978639
114.4795074463 0.0000000000 0.0000000000 0.0000000000 84.6738281250 0.0000000000 -0.0972900689
114.4731369019 0.0000000000 0.0000000000 0.0000000000 84.6657485962 0.0000000000 -0.0971857607
114.4668731689 0.0000000000 0.0000000000 0.0000000000 84.6694259644 0.0000000000 -0.0970812440
114.4609451294 0.0000000000 0.0000000000 0.0000000000 84.6652145386 0.0000000000 -0.0969783068
114.4555358887 0.0000000000 0.0000000000 0.0000000000 84.6622009277 0.0000000000 -0.0968742371
114.4504852295 0.0000000000 0.0000000000 0.0000000000 84.6541595459 0.0000000000 -0.0967693329
114.4455413818 0.0000000000 0.0000000000 0.0000000000 84.6441955566 0.0000000000 -0.0966645777
114.4404449463 0.0000000000 0.0000000000 0.0000000000 84.6369705200 0.0000000000 -0.0965570807
114.4350280762 0.0000000000 0.0000000000 0.0000000000 84.6331481934 0.0000000000 -0.0964490771
114.4291305542 0.0000000000 0.0000000000 0.0000000000 84.6306381226 0.0000000000 -0.0963411927
114.4232330322 0.0000000000 0.0000000000 0.0000000000 84.6265716553 0.0000000000 -0.0962313116
114.4170913696 0.0000000000 0.0000000000 0.0000000000 84.6245651245 0.0000000000 -0.0961216092
114.4108734131 0.0000000000 0.0000000000 0.0000000000 84.6188888550 0.0000000000 -0.0960117877
114.4043655396 0.0000000000 0.0000000000 0.0000000000 84.6138000488 0.0000000000 -0.0959014297
114.3973999023 0.0000000000 0.0000000000 0.0000000000 84.6076660156 0.0000000000 -0.0957926512
114.3903350830 0.0000000000 0.0000000000 0.0000000000 84.6013183594 0.0000000000 -0.0956834555
114.3833465576 0.0000000000 0.0000000000 0.0000000000 84.5925979614 0.0000000000 -0.0955736637
114.3760223389 0.0000000000 0.0000000000 0.0000000000 84.5827102661 0.0000000000 -0.0954654813
114.3682479858 0.0000000000 0.0000000000 0.0000000000 84.5722198486 0.0000000000 -0.0953559875
114.3600997925 0.0000000000 0.0000000000 0.0000000000 84.5628585815 0.0000000000 -0.0952415168
114.3520584106 0.0000000000 0.0000000000 0.0000000000 84.5535354614 0.0000000000 -0.0951406956
114.3441238403 0.0000000000 0.0000000000 0.0000000000 84.5428085327 0.0000000000 -0.0950352550
114.3364486694 0.0000000000 0.0000000000 0.0000000000 84.5256576538 0.0000000000 -0.0949326456
114.3293762207 0.0000000000 0.0000000000 0.0000000000 84.5076751709 0.0000000000 -0.0948324800
114.3230819702 0.0000000000 0.0000000000 0.0000000000 84.4913787842 0.0000000000 -0.0947323740
114.3175201416 0.0000000000 0.0000000000 0.0000000000 84.4754867554 0.0000000000 -0.0946323276
114.3125991821 0.0000000000 0.0000000000 0.0000000000 84.4610290527 0.0000000000 -0.0945305526
114.3077621460 0.0000000000 0.0000000000 0.0000000000 84.4424896240 0.0000000000 -0.0944300294
114.3025512695 0.0000000000 0.0000000000 0.0000000000 84.4240341187 0.0000000000 -0.0943295360
114.2969741821 0.0000000000 0.0000000000 0.0000000000 84.4065780640 0.0000000000 -0.0942302048
114.2911682129 0.0000000000 0.0000000000 0.0000000000 84.3876190186 0.0000000000 -0.0941323042
114.2851181030 0.0000000000 0.0000000000 0.0000000000 84.3686065674 0.0000000000 -0.0940362811
114.2788162231 0.0000000000 0.0000000000 0.0000000000 84.3480606079 0.0000000000 -0.0939409137
114.2721862793 0.0000000000 0.0000000000 0.0000000000 84.3297042847 0.0000000000 -0.0938459039
114.2654647827 0.0000000000 0.0000000000 0.0000000000 84.3100585938 0.0000000000 -0.0937505960
114.2585449219 0.0000000000 0.0000000000 0.0000000000 84.2904510498 0.0000000000 -0.0936561525
114.2514877319 0.0000000000 0.0000000000 0.0000000000 84.2703857422 0.0000000000 -0.0935634673
114.2444152832 0.0000000000 0.0000000000 0.0000000000 84.2504196167 0.0000000000 -0.0934705138
114.2368240356 0.0000000000 0.0000000000 0.0000000000 84.2308502197 0.0000000000 -0.0933803022
114.2288818359 0.0000000000 0.0000000000 0.0000000000 84.2115783691 0.0000000000 -0.0932904184
114.2211456299 0.0000000000 0.0000000000 0.0000000000 84.1913986206 0.0000000000 -0.0932011902
114.2141189575 0.0000000000 0.0000000000 0.0000000000 84.1680908203 0.0000000000 -0.0931134820
114.2080764771 0.0000000000 0.0000000000 0.0000000000 84.1389083862 0.0000000000 -0.0930269063
114.2028579712 0.0000000000 0.0000000000 0.0000000000 84.1125564575 0.0000000000 -0.0929411948
114.1978378296 0.0000000000 0.0000000000 0.0000000000 84.0874099731 0.0000000000 -0.0928573012
114.1928100586 0.0000000000 0.0000000000 0.0000000000 84.0633010864 0.0000000000 -0.0927745402
114.1875686646 0.0000000000 0.0000000000 0.0000000000 84.0375900269 0.0000000000 -0.0926923752
114.1820831299 0.0000000000 0.0000000000 0.0000000000 84.0149383545 0.0000000000 -0.0926122665
114.1761627197 0.0000000000 0.0000000000 0.0000000000 83.9937210083 0.0000000000 -0.0925336778
114.1703338623 0.0000000000 0.0000000000 0.0000000000 83.9743270874 0.0000000000 -0.0924550891
114.1647872925 0.0000000000 0.0000000000 0.0000000000 83.9506301880 0.0000000000 -0.0923771262
114.1596145630 0.0000000000 0.0000000000 0.0000000000 83.9329376221 0.0000000000 -0.0923009813
114.1545791626 0.0000000000 0.0000000000 0.0000000000 83.9184799194 0.0000000000 -0.0922247767
114.1499710083 0.0000000000 0.0000000000 0.0000000000 83.9014511108 0.0000000000 -0.0921493471
114.1458435059 0.0000000000 0.0000000000 0.0000000000 83.8911285400 0.0000000000 -0.0920760334
114.1422119141 0.0000000000 0.0000000000 0.0000000000 83.8845901489 0.0000000000 -0.0920038521
114.1387100220 0.0000000000 0.0000000000 0.0000000000 83.8802566528 0.0000000000 -0.0919325352
114.1356353760 0.0000000000 0.0000000000 0.0000000000 83.8725128174 0.0000000000 -0.0918636322
114.1332550049 0.0000000000 0.0000000000 0.0000000000 83.8660507202 0.0000000000 -0.0917958617
114.1310272217 0.0000000000 0.0000000000 0.0000000000 83.8603668213 0.0000000000 -0.0917310417
114.1288375854 0.0000000000 0.0000000000 0.0000000000 83.8556671143 0.0000000000 -0.0916665196
114.1266555786 0.0000000000 0.0000000000 0.0000000000 83.8526535034 0.0000000000 -0.0916045308
114.1248092651 0.0000000000 0.0000000000 0.0000000000 83.8524551392 0.0000000000 -0.0915429294
114.1234741211 0.0000000000 0.0000000000 0.0000000000 83.8530502319 0.0000000000 -0.0914829075
114.1229553223 0.0000000000 0.0000000000 0.0000000000 83.8579483032 0.0000000000 -0.0914227068
114.1229858398 0.0000000000 0.0000000000 0.0000000000 83.8665695190 0.0000000000 -0.0913650393
114.1234436035 0.0000000000 0.0000000000 0.0000000000 83.8783264160 0.0000000000 -0.0913085639
114.1241302490 0.0000000000 0.0000000000 0.0000000000 83.8915557861 0.0000000000 -0.0912542641
114.1250457764 0.0000000000 0.0000000000 0.0000000000 83.9032745361 0.0000000000 -0.0912019610
114.1261825562 0.0000000000 0.0000000000 0.0000000000 83.9080657959 0.0000000000 -0.0911492109
114.1269378662 0.0000000000 0.0000000000 0.0000000000 83.9148941040 0.0000000000 -0.0910971761
114.1270675659 0.0000000000 0.0000000000 0.0000000000 83.9256210327 0.0000000000 -0.0910455585
114.1266708374 0.0000000000 0.0000000000 0.0000000000 83.9424514771 0.0000000000 -0.0909944773
114.1258239746 0.0000000000 0.0000000000 0.0000000000 83.9590072632 0.0000000000 -0.0909442008
114.1247787476 0.0000000000 0.0000000000 0.0000000000 83.9747848511 0.0000000000 -0.0908954740
114.1239624023 0.0000000000 0.0000000000 0.0000000000 83.9871444702 0.0000000000 -0.0908443928
114.1233520508 0.0000000000 0.0000000000 0.0000000000 84.0016860962 0.0000000000 -0.0907915831
114.1231994629 0.0000000000 0.0000000000 0.0000000000 84.0127792358 0.0000000000 -0.0907382369
114.1230621338 0.0000000000 0.0000000000 0.0000000000 84.0220260620 0.0000000000 -0.0906845629
114.1232223511 0.0000000000 0.0000000000 0.0000000000 84.0299072266 0.0000000000 -0.0906307995
114.1240081787 0.0000000000 0.0000000000 0.0000000000 84.0347747803 0.0000000000 -0.0905750990
114.1254043579 0.0000000000 0.0000000000 0.0000000000 84.0371856689 0.0000000000 -0.0905174613
114.1268234253 0.0000000000 0.0000000000 0.0000000000 84.0392150879 0.0000000000 -0.0904579163
114.1283798218 0.0000000000 0.0000000000 0.0000000000 84.0415573120 0.0000000000 -0.0903967321
114.1301193237 0.0000000000 0.0000000000 0.0000000000 84.0439300537 0.0000000000 -0.0903334618
114.1320571899 0.0000000000 0.0000000000 0.0000000000 84.0482940674 0.0000000000 -0.0902722180
114.1345367432 0.0000000000 0.0000000000 0.0000000000 84.0536956787 0.0000000000 -0.0902100503
114.1375732422 0.0000000000 0.0000000000 0.0000000000 84.0548171997 0.0000000000 -0.0901504755
114.1406478882 0.0000000000 0.0000000000 0.0000000000 84.0567474365 0.0000000000 -0.0900949240
114.1435623169 0.0000000000 0.0000000000 0.0000000000 84.0601196289 0.0000000000 -0.0900351107
114.1465454102 0.0000000000 0.0000000000 0.0000000000 84.0631942749 0.0000000000 -0.0899781883
114.1498565674 0.0000000000 0.0000000000 0.0000000000 84.0648574829 0.0000000000 -0.0899230242
114.1534729004 0.0000000000 0.0000000000 0.0000000000 84.0649795532 0.0000000000 -0.0898691118
114.1573028564 0.0000000000 0.0000000000 0.0000000000 84.0646972656 0.0000000000 -0.0898162723
114.1613769531 0.0000000000 0.0000000000 0.0000000000 84.0628890991 0.0000000000 -0.0897644460
114.1657485962 0.0000000000 0.0000000000 0.0000000000 84.0593490601 0.0000000000 -0.0897130370
114.1701431274 0.0000000000 0.0000000000 0.0000000000 84.0583114624 0.0000000000 -0.0896619558
114.1743850708 0.0000000000 0.0000000000 0.0000000000 84.0569305420 0.0000000000 -0.0896111131
114.1786651611 0.0000000000 0.0000000000 0.0000000000 84.0586547852 0.0000000000 -0.0895614922
114.1832046509 0.0000000000 0.0000000000 0.0000000000 84.0567703247 0.0000000000 -0.0895107687
114.1875991821 0.0000000000 0.0000000000 0.0000000000 84.0568084717 0.0000000000 -0.0894608796
114.1921768188 0.0000000000 0.0000000000 0.0000000000 84.0578460693 0.0000000000 -0.0894094110
114.1964797974 0.0000000000 0.0000000000 0.0000000000 84.0539016724 0.0000000000 -0.0893583298
114.2004394531 0.0000000000 0.0000000000 0.0000000000 84.0397262573 0.0000000000 -0.0893082023
114.2042694092 0.0000000000 0.0000000000 0.0000000000 84.0238800049 0.0000000000 -0.0892574191
114.2082290649 0.0000000000 0.0000000000 0.0000000000 84.0107803345 0.0000000000 -0.0892064571
114.2123031616 0.0000000000 0.0000000000 0.0000000000 83.9999389648 0.0000000000 -0.0891543925
114.2165298462 0.0000000000 0.0000000000 0.0000000000 83.9883193970 0.0000000000 -0.0891032815
114.2207336426 0.0000000000 0.0000000000 0.0000000000 83.9804382324 0.0000000000 -0.0890507400
114.2249755859 0.0000000000 0.0000000000 0.0000000000 83.9743347168 0.0000000000 -0.0889983773
114.2295074463 0.0000000000 0.0000000000 0.0000000000 83.9714050293 0.0000000000 -0.0889444351
114.2343139648 0.0000000000 0.0000000000 0.0000000000 83.9686965942 0.0000000000 -0.0888911784
114.2395935059 0.0000000000 0.0000000000 0.0000000000 83.9657974243 0.0000000000 -0.0888354480
114.2454833984 0.0000000000 0.0000000000 0.0000000000 83.9627685547 0.0000000000 -0.0887790322
114.2517547607 0.0000000000 0.0000000000 0.0000000000 83.9615859985 0.0000000000 -0.0887215137
114.2581481934 0.0000000000 0.0000000000 0.0000000000 83.9618759155 0.0000000000 -0.0886632502
114.2644882202 0.0000000000 0.0000000000 0.0000000000 83.9627609253 0.0000000000 -0.0886061788
114.2705612183 0.0000000000 0.0000000000 0.0000000000 83.9743957520 0.0000000000 -0.0885487199
114.2765731812 0.0000000000 0.0000000000 0.0000000000 83.9668884277 0.0000000000 -0.0884916186
114.2821655273 0.0000000000 0.0000000000 0.0000000000 83.9660949707 0.0000000000 -0.0884345174
114.2871627808 0.0000000000 0.0000000000 0.0000000000 83.9575271606 0.0000000000 -0.0883769691
114.2915344238 0.0000000000 0.0000000000 0.0000000000 83.9505615234 0.0000000000 -0.0883200467
114.2956237793 0.0000000000 0.0000000000 0.0000000000 83.9442749023 0.0000000000 -0.0882644951
114.2995605469 0.0000000000 0.0000000000 0.0000000000 83.9397583008 0.0000000000 -0.0882098675
114.3035202026 0.0000000000 0.0000000000 0.0000000000 83.9371261597 0.0000000000 -0.0881543756
114.3073272705 0.0000000000 0.0000000000 0.0000000000 83.9342956543 0.0000000000 -0.0881004632
114.3109970093 0.0000000000 0.0000000000 0.0000000000 83.9325485229 0.0000000000 -0.0880467594
114.3147811890 0.0000000000 0.0000000000 0.0000000000 83.9323883057 0.0000000000 -0.0879945755
114.3189315796 0.0000000000 0.0000000000 0.0000000000 83.9336395264 0.0000000000 -0.0879421830
114.3237915039 0.0000000000 0.0000000000 0.0000000000 83.9347991943 0.0000000000 -0.0878892839
114.3290939331 0.0000000000 0.0000000000 0.0000000000 83.9343414307 0.0000000000 -0.0878366232
114.3344421387 0.0000000000 0.0000000000 0.0000000000 83.9319000244 0.0000000000 -0.0877847075
114.3398132324 0.0000000000 0.0000000000 0.0000000000 83.9305191040 0.0000000000 -0.0877325833
114.3452453613 0.0000000000 0.0000000000 0.0000000000 83.9280471802 0.0000000000 -0.0876819491
114.3507843018 0.0000000000 0.0000000000 0.0000000000 83.9285659790 0.0000000000 -0.0876328647
114.3561172485 0.0000000000 0.0000000000 0.0000000000 83.9266357422 0.0000000000 -0.0875848234
114.3610153198 0.0000000000 0.0000000000 0.0000000000 83.9271774292 0.0000000000 -0.0875371993
114.3655166626 0.0000000000 0.0000000000 0.0000000000 83.9250793457 0.0000000000 -0.0874911547
114.3695678711 0.0000000000 0.0000000000 0.0000000000 83.9250564575 0.0000000000 -0.0874443948
114.3733749390 0.0000000000 0.0000000000 0.0000000000 83.9257202148 0.0000000000 -0.0873982906
114.3773727417 0.0000000000 0.0000000000 0.0000000000 83.9270706177 0.0000000000 -0.0873531103
114.3813629150 0.0000000000 0.0000000000 0.0000000000 83.9276199341 0.0000000000 -0.0873084664
114.3854370117 0.0000000000 0.0000000000 0.0000000000 83.9280853271 0.0000000000 -0.0872641802
114.3890228271 0.0000000000 0.0000000000 0.0000000000 83.9308471680 0.0000000000 -0.0872207582
114.3925323486 0.0000000000 0.0000000000 0.0000000000 83.9392089844 0.0000000000 -0.0871788263
114.3960647583 0.0000000000 0.0000000000 0.0000000000 83.9471969604 0.0000000000 -0.0871382654
114.3999328613 0.0000000000 0.0000000000 0.0000000000 83.9551391602 0.0000000000 -0.0870960653
114.4039382935 0.0000000000 0.0000000000 0.0000000000 83.9618682861 0.0000000000 -0.0870539844
114.4080047607 0.0000000000 0.0000000000 0.0000000000 83.9690475464 0.0000000000 -0.0870114267
114.4122085571 0.0000000000 0.0000000000 0.0000000000 83.9767379761 0.0000000000 -0.0869680941
114.4167938232 0.0000000000 0.0000000000 0.0000000000 83.9852752686 0.0000000000 -0.0869266391
114.4215469360 0.0000000000 0.0000000000 0.0000000000 83.9927902222 0.0000000000 -0.0868860483
114.4269256592 0.0000000000 0.0000000000 0.0000000000 83.9955444336 0.0000000000 -0.0868450701
114.4325256348 0.0000000000 0.0000000000 0.0000000000 83.9985198975 0.0000000000 -0.0868065953
114.4382934570 0.0000000000 0.0000000000 0.0000000000 84.0008163452 0.0000000000 -0.0867691040
114.4440307617 0.0000000000 0.0000000000 0.0000000000 84.0048294067 0.0000000000 -0.0867324471
114.4495086670 0.0000000000 0.0000000000 0.0000000000 84.0124664307 0.0000000000 -0.0866975188
114.4546051025 0.0000000000 0.0000000000 0.0000000000 84.0269470215 0.0000000000 -0.0866628289
114.4594497681 0.0000000000 0.0000000000 0.0000000000 84.0195007324 0.0000000000 -0.0866283476
114.4640045166 0.0000000000 0.0000000000 0.0000000000 84.0186004639 0.0000000000 -0.0865952969
114.4679794312 0.0000000000 0.0000000000 0.0000000000 84.0178985596 0.0000000000 -0.0865653753
114.4714355469 0.0000000000 0.0000000000 0.0000000000 84.0177307129 0.0000000000 -0.0865357816
114.4742202759 0.0000000000 0.0000000000 0.0000000000 84.0177154541 0.0000000000 -0.0865071118
114.4766235352 0.0000000000 0.0000000000 0.0000000000 84.0184555054 0.0000000000 -0.0864779651
114.4787216187 0.0000000000 0.0000000000 0.0000000000 84.0206756592 0.0000000000 -0.0864492059
114.4808502197 0.0000000000 0.0000000000 0.0000000000 84.0220413208 0.0000000000 -0.0864204764
114.4829788208 0.0000000000 0.0000000000 0.0000000000 84.0240173340 0.0000000000 -0.0863929987
114.4854660034 0.0000000000 0.0000000000 0.0000000000 84.0199584961 0.0000000000 -0.0863665342
114.4882049561 0.0000000000 0.0000000000 0.0000000000 84.0147705078 0.0000000000 -0.0863410532
114.4913101196 0.0000000000 0.0000000000 0.0000000000 84.0108489990 0.0000000000 -0.0863164663
114.4946289062 0.0000000000 0.0000000000 0.0000000000 84.0066757202 0.0000000000 -0.0862919390
114.4981765747 0.0000000000 0.0000000000 0.0000000000 84.0050964355 0.0000000000 -0.0862687826
114.5020065308 0.0000000000 0.0000000000 0.0000000000 84.0023574829 0.0000000000 -0.0862458944
114.5061950684 0.0000000000 0.0000000000 0.0000000000 84.0002593994 0.0000000000 -0.0862217844
114.5102157593 0.0000000000 0.0000000000 0.0000000000 83.9981765747 0.0000000000 -0.0861982703
114.5136642456 0.0000000000 0.0000000000 0.0000000000 83.9976348877 0.0000000000 -0.0861719847
114.5165710449 0.0000000000 0.0000000000 0.0000000000 83.9988479614 0.0000000000 -0.0861472189
114.5194473267 0.0000000000 0.0000000000 0.0000000000 84.0004577637 0.0000000000 -0.0861193538
114.5219192505 0.0000000000 0.0000000000 0.0000000000 84.0024414062 0.0000000000 -0.0860922337
114.5242919922 0.0000000000 0.0000000000 0.0000000000 84.0033569336 0.0000000000 -0.0860642195
114.5265121460 0.0000000000 0.0000000000 0.0000000000 84.0029602051 0.0000000000 -0.0860362649
114.5286865234 0.0000000000 0.0000000000 0.0000000000 84.0010604858 0.0000000000 -0.0860071182
114.5307235718 0.0000000000 0.0000000000 0.0000000000 83.9978485107 0.0000000000 -0.0859773457
114.5325164795 0.0000000000 0.0000000000 0.0000000000 83.9921493530 0.0000000000 -0.0859477222
114.5343475342 0.0000000000 0.0000000000 0.0000000000 83.9878768921 0.0000000000 -0.0859192014
114.5364837646 0.0000000000 0.0000000000 0.0000000000 83.9854812622 0.0000000000 -0.0858902633
114.5390090942 0.0000000000 0.0000000000 0.0000000000 83.9780349731 0.0000000000 -0.0858607590
114.5417938232 0.0000000000 0.0000000000 0.0000000000 83.9723587036 0.0000000000 -0.0858299434
114.5447616577 0.0000000000 0.0000000000 0.0000000000 83.9663848877 0.0000000000 -0.0857998431
114.5481567383 0.0000000000 0.0000000000 0.0000000000 83.9661483765 0.0000000000 -0.0857700706
114.5515365601 0.0000000000 0.0000000000 0.0000000000 83.9551544189 0.0000000000 -0.0857407153
114.5548553467 0.0000000000 0.0000000000 0.0000000000 83.9489974976 0.0000000000 -0.0857119560
114.5580825806 0.0000000000 0.0000000000 0.0000000000 83.9446258545 0.0000000000 -0.0856835246
114.5612411499 0.0000000000 0.0000000000 0.0000000000 83.9395294189 0.0000000000 -0.0856545866
114.5643234253 0.0000000000 0.0000000000 0.0000000000 83.9316711426 0.0000000000 -0.0856266916
114.5674972534 0.0000000000 0.0000000000 0.0000000000 83.9238815308 0.0000000000 -0.0855985284
114.5708084106 0.0000000000 0.0000000000 0.0000000000 83.9178009033 0.0000000000 -0.0855720341
114.5740280151 0.0000000000 0.0000000000 0.0000000000 83.9118957520 0.0000000000 -0.0855446160
114.5772018433 0.0000000000 0.0000000000 0.0000000000 83.9046401978 0.0000000000 -0.0855194628
114.5806961060 0.0000000000 0.0000000000 0.0000000000 83.8976211548 0.0000000000 -0.0854937434
114.5842514038 0.0000000000 0.0000000000 0.0000000000 83.8895950317 0.0000000000 -0.0854683816
114.5876007080 0.0000000000 0.0000000000 0.0000000000 83.8809204102 0.0000000000 -0.0854443312
114.5905609131 0.0000000000 0.0000000000 0.0000000000 83.8727951050 0.0000000000 -0.0854220092
114.5931091309 0.0000000000 0.0000000000 0.0000000000 83.8656463623 0.0000000000 -0.0854010582
114.5952148438 0.0000000000 0.0000000000 0.0000000000 83.8578186035 0.0000000000 -0.0853820145
114.5970153809 0.0000000000 0.0000000000 0.0000000000 83.8517608643 0.0000000000 -0.0853636861
114.5984497070 0.0000000000 0.0000000000 0.0000000000 83.8435592651 0.0000000000 -0.0853470564
114.5995941162 0.0000000000 0.0000000000 0.0000000000 83.8360671997 0.0000000000 -0.0853313208
114.6006317139 0.0000000000 0.0000000000 0.0000000000 83.8267898560 0.0000000000 -0.0853173137
114.6019134521 0.0000000000 0.0000000000 0.0000000000 83.8141784668 0.0000000000 -0.0853061080
114.6037445068 0.0000000000 0.0000000000 0.0000000000 83.8050308228 0.0000000000 -0.0852946937
114.6061096191 0.0000000000 0.0000000000 0.0000000000 83.7955856323 0.0000000000 -0.0852836370
114.6085891724 0.0000000000 0.0000000000 0.0000000000 83.7860412598 0.0000000000 -0.0852733850
114.6114730835 0.0000000000 0.0000000000 0.0000000000 83.7764816284 0.0000000000 -0.0852643549
114.6141586304 0.0000000000 0.0000000000 0.0000000000 83.7667694092 0.0000000000 -0.0852577388
114.6168975830 0.0000000000 0.0000000000 0.0000000000 83.7562255859 0.0000000000 -0.0852512419
114.6196899414 0.0000000000 0.0000000000 0.0000000000 83.7455444336 0.0000000000 -0.0852470100
114.6226425171 0.0000000000 0.0000000000 0.0000000000 83.7371063232 0.0000000000 -0.0852416456
114.6255340576 0.0000000000 0.0000000000 0.0000000000 83.7287750244 0.0000000000 -0.0852380693
114.6281280518 0.0000000000 0.0000000000 0.0000000000 83.7217941284 0.0000000000 -0.0852355957
114.6304321289 0.0000000000 0.0000000000 0.0000000000 83.7140350342 0.0000000000 -0.0852339566
114.6325683594 0.0000000000 0.0000000000 0.0000000000 83.7039184570 0.0000000000 -0.0852313340
114.6346817017 0.0000000000 0.0000000000 0.0000000000 83.6939010620 0.0000000000 -0.0852285028
114.6364364624 0.0000000000 0.0000000000 0.0000000000 83.6847305298 0.0000000000 -0.0852249861
114.6380310059 0.0000000000 0.0000000000 0.0000000000 83.6758346558 0.0000000000 -0.0852227211
114.6392440796 0.0000000000 0.0000000000 0.0000000000 83.6686859131 0.0000000000 -0.0852204561
114.6404647827 0.0000000000 0.0000000000 0.0000000000 83.6582946777 0.0000000000 -0.0852193534
114.6418151855 0.0000000000 0.0000000000 0.0000000000 83.6461868286 0.0000000000 -0.0852185488
114.6432037354 0.0000000000 0.0000000000 0.0000000000 83.6343154907 0.0000000000 -0.0852178931
114.6447525024 0.0000000000 0.0000000000 0.0000000000 83.6224441528 0.0000000000 -0.0852159262
114.6464538574 0.0000000000 0.0000000000 0.0000000000 83.6113662720 0.0000000000 -0.0852136910
114.6486206055 0.0000000000 0.0000000000 0.0000000000 83.5997543335 0.0000000000 -0.0852102637
114.6505355835 0.0000000000 0.0000000000 0.0000000000 83.5886230469 0.0000000000 -0.0852066278
114.6521911621 0.0000000000 0.0000000000 0.0000000000 83.5790405273 0.0000000000 -0.0852033794
114.6540222168 0.0000000000 0.0000000000 0.0000000000 83.5677261353 0.0000000000 -0.0851995051
114.6559295654 0.0000000000 0.0000000000 0.0000000000 83.5558471680 0.0000000000 -0.0851969123
114.6577148438 0.0000000000 0.0000000000 0.0000000000 83.5434951782 0.0000000000 -0.0851939917
114.6593704224 0.0000000000 0.0000000000 0.0000000000 83.5291366577 0.0000000000 -0.0851912498
114.6608963013 0.0000000000 0.0000000000 0.0000000000 83.5162353516 0.0000000000 -0.0851876736
114.6623229980 0.0000000000 0.0000000000 0.0000000000 83.5034561157 0.0000000000 -0.0851837099
114.6636581421 0.0000000000 0.0000000000 0.0000000000 83.4885711670 0.0000000000 -0.0851804912
114.6650161743 0.0000000000 0.0000000000 0.0000000000 83.4750518799 0.0000000000 -0.0851764381
114.6665115356 0.0000000000 0.0000000000 0.0000000000 83.4606857300 0.0000000000 -0.0851714015
114.6679611206 0.0000000000 0.0000000000 0.0000000000 83.4481201172 0.0000000000 -0.0851675868
114.6694488525 0.0000000000 0.0000000000 0.0000000000 83.4359359741 0.0000000000 -0.0851640105
114.6708297729 0.0000000000 0.0000000000 0.0000000000 83.4242095947 0.0000000000 -0.0851603448
114.6720809937 0.0000000000 0.0000000000 0.0000000000 83.4109344482 0.0000000000 -0.0851573646
114.6734008789 0.0000000000 0.0000000000 0.0000000000 83.3991394043 0.0000000000 -0.0851531625
114.6749191284 0.0000000000 0.0000000000 0.0000000000 83.3915100098 0.0000000000 -0.0851476490
114.6765289307 0.0000000000 0.0000000000 0.0000000000 83.3819351196 0.0000000000 -0.0851433277
114.6781616211 0.0000000000 0.0000000000 0.0000000000 83.3709564209 0.0000000000 -0.0851381123
114.6800537109 0.0000000000 0.0000000000 0.0000000000 83.3588104248 0.0000000000 -0.0851327181
114.6820907593 0.0000000000 0.0000000000 0.0000000000 83.3471984863 0.0000000000 -0.0851272047
114.6841964722 0.0000000000 0.0000000000 0.0000000000 83.3349075317 0.0000000000 -0.0851206183
114.6860885620 0.0000000000 0.0000000000 0.0000000000 83.3235702515 0.0000000000 -0.0851129889
114.6878356934 0.0000000000 0.0000000000 0.0000000000 83.3085708618 0.0000000000 -0.0851043165
114.6894683838 0.0000000000 0.0000000000 0.0000000000 83.2955093384 0.0000000000 -0.0850954950
114.6911697388 0.0000000000 0.0000000000 0.0000000000 83.2806549072 0.0000000000 -0.0850854218
114.6925888062 0.0000000000 0.0000000000 0.0000000000 83.2676391602 0.0000000000 -0.0850763023
114.6935424805 0.0000000000 0.0000000000 0.0000000000 83.2550964355 0.0000000000 -0.0850676894
114.6943664551 0.0000000000 0.0000000000 0.0000000000 83.2423095703 0.0000000000 -0.0850590765
114.6951904297 0.0000000000 0.0000000000 0.0000000000 83.2301254272 0.0000000000 -0.0850491524
114.6959228516 0.0000000000 0.0000000000 0.0000000000 83.2195358276 0.0000000000 -0.0850388110
114.6964645386 0.0000000000 0.0000000000 0.0000000000 83.2076492310 0.0000000000 -0.0850295126
114.6970367432 0.0000000000 0.0000000000 0.0000000000 83.1953506470 0.0000000000 -0.0850203633
114.6976776123 0.0000000000 0.0000000000 0.0000000000 83.1847381592 0.0000000000 -0.0850113928
114.6983184814 0.0000000000 0.0000000000 0.0000000000 83.1720809937 0.0000000000 -0.0850011110
114.6989822388 0.0000000000 0.0000000000 0.0000000000 83.1571197510 0.0000000000 -0.0849900842
114.6997299194 0.0000000000 0.0000000000 0.0000000000 83.1448516846 0.0000000000 -0.0849797726
114.7005310059 0.0000000000 0.0000000000 0.0000000000 83.1326904297 0.0000000000 -0.0849710107
114.7014389038 0.0000000000 0.0000000000 0.0000000000 83.1218643188 0.0000000000 -0.0849636495
114.7026672363 0.0000000000 0.0000000000 0.0000000000 83.1119155884 0.0000000000 -0.0849568248
114.7042922974 0.0000000000 0.0000000000 0.0000000000 83.1024932861 0.0000000000 -0.0849518478
114.7061614990 0.0000000000 0.0000000000 0.0000000000 83.0924453735 0.0000000000 -0.0849451423
114.7080535889 0.0000000000 0.0000000000 0.0000000000 83.0861816406 0.0000000000 -0.0849388838
114.7097549438 0.0000000000 0.0000000000 0.0000000000 83.0801849365 0.0000000000 -0.0849317908
114.7112579346 0.0000000000 0.0000000000 0.0000000000 83.0760650635 0.0000000000 -0.0849259794
114.7127990723 0.0000000000 0.0000000000 0.0000000000 83.0735397339 0.0000000000 -0.0849217176
114.7142715454 0.0000000000 0.0000000000 0.0000000000 83.0690460205 0.0000000000 -0.0849186778
114.7156143188 0.0000000000 0.0000000000 0.0000000000 83.0659408569 0.0000000000 -0.0849163532
114.7168426514 0.0000000000 0.0000000000 0.0000000000 83.0628356934 0.0000000000 -0.0849135518
114.7178802490 0.0000000000 0.0000000000 0.0000000000 83.0575714111 0.0000000000 -0.0849111378
114.7188034058 0.0000000000 0.0000000000 0.0000000000 83.0504913330 0.0000000000 -0.0849083662
114.7197341919 0.0000000000 0.0000000000 0.0000000000 83.0407714844 0.0000000000 -0.0849063098
114.7203826904 0.0000000000 0.0000000000 0.0000000000 83.0323867798 0.0000000000 -0.0849055052
114.7209396362 0.0000000000 0.0000000000 0.0000000000 83.0238647461 0.0000000000 -0.0849046111
114.7212905884 0.0000000000 0.0000000000 0.0000000000 83.0141677856 0.0000000000 -0.0849049389
114.7217407227 0.0000000000 0.0000000000 0.0000000000 83.0041122437 0.0000000000 -0.0849053562
114.7221603394 0.0000000000 0.0000000000 0.0000000000 82.9959716797 0.0000000000 -0.0849053562
114.7225265503 0.0000000000 0.0000000000 0.0000000000 82.9869995117 0.0000000000 -0.0849046707
114.7229690552 0.0000000000 0.0000000000 0.0000000000 82.9785537720 0.0000000000 -0.0849029422
114.7231826782 0.0000000000 0.0000000000 0.0000000000 82.9745864868 0.0000000000 -0.0849027634
114.7233810425 0.0000000000 0.0000000000 0.0000000000 82.9637527466 0.0000000000 -0.0849019885
114.7235870361 0.0000000000 0.0000000000 0.0000000000 82.9514846802 0.0000000000 -0.0849018693
114.7239151001 0.0000000000 0.0000000000 0.0000000000 82.9404373169 0.0000000000 -0.0849047005
