#         COST_U        COST_H      COST_D       COST_S       REGU_H       REGU_S          HPO           COSTGLEN 
1794.0458984375 0.0000000000 0.0000000000 0.0000000000 50.8051452637 0.0000000000 6.2997026443
1431.9254150391 0.0000000002 0.0000000000 0.0000000000 49.5416946411 0.0000009556 3.5364818573
1112.7626953125 0.0000000008 0.0000000000 0.0000000000 48.8475341797 0.0000026671 1.7830114365
850.1821899414 0.0000000018 0.0000000000 0.0000000000 48.4696998596 0.0000049478 0.5684971809
656.4304199219 0.0000000030 0.0000000000 0.0000000000 48.0824928284 0.0000076189 -0.2174201012
523.3004150391 0.0000000044 0.0000000000 0.0000000000 47.5462799072 0.0000105819 -0.7004151344
433.1074523926 0.0000000060 0.0000000000 0.0000000000 47.0265159607 0.0000137192 -0.9812626839
370.5386352539 0.0000000077 0.0000000000 0.0000000000 46.5744247437 0.0000169467 -1.1433854103
326.9063415527 0.0000000096 0.0000000000 0.0000000000 46.1873970032 0.0000202307 -1.2320332527
297.0500488281 0.0000000115 0.0000000000 0.0000000000 45.8156852722 0.0000234994 -1.2749640942
276.6792907715 0.0000000135 0.0000000000 0.0000000000 45.5678482056 0.0000266809 -1.2904465199
262.6910705566 0.0000000156 0.0000000000 0.0000000000 45.3267440796 0.0000298336 -1.2914049625
253.0157775879 0.0000000177 0.0000000000 0.0000000000 45.0485382080 0.0000329275 -1.2843146324
246.3203277588 0.0000000199 0.0000000000 0.0000000000 44.7183799744 0.0000359046 -1.2733247280
241.6815643311 0.0000000220 0.0000000000 0.0000000000 44.3582611084 0.0000387116 -1.2613052130
238.4391326904 0.0000000242 0.0000000000 0.0000000000 44.1047821045 0.0000415799 -1.2499299049
236.1036987305 0.0000000265 0.0000000000 0.0000000000 43.9790115356 0.0000444215 -1.2404096127
234.3578033447 0.0000000288 0.0000000000 0.0000000000 43.9556617737 0.0000471903 -1.2334184647
232.9528198242 0.0000000311 0.0000000000 0.0000000000 43.8841133118 0.0000498785 -1.2290592194
231.7359313965 0.0000000334 0.0000000000 0.0000000000 43.8364677429 0.0000525049 -1.2274479866
230.6213989258 0.0000000359 0.0000000000 0.0000000000 43.8124809265 0.0000550919 -1.2285161018
229.5433502197 0.0000000383 0.0000000000 0.0000000000 43.7955856323 0.0000576492 -1.2320731878
228.4972839355 0.0000000409 0.0000000000 0.0000000000 43.7929840088 0.0000601818 -1.2378582954
227.4853057861 0.0000000435 0.0000000000 0.0000000000 43.7931632996 0.0000627003 -1.2454450130
226.5447998047 0.0000000462 0.0000000000 0.0000000000 43.7836227417 0.0000651973 -1.2544888258
225.7222747803 0.0000000490 0.0000000000 0.0000000000 43.7825927734 0.0000676711 -1.2645659447
225.0771331787 0.0000000519 0.0000000000 0.0000000000 43.7940368652 0.0000701210 -1.2753288746
224.6791381836 0.0000000549 0.0000000000 0.0000000000 43.8185501099 0.0000725214 -1.2864781618
224.5946044922 0.0000000580 0.0000000000 0.0000000000 43.8430976868 0.0000748773 -1.2977602482
224.8930206299 0.0000000612 0.0000000000 0.0000000000 43.8565635681 0.0000772155 -1.3091123104
225.6242218018 0.0000000645 0.0000000000 0.0000000000 43.8627243042 0.0000796928 -1.3205041885
226.8246612549 0.0000000680 0.0000000000 0.0000000000 43.8600120544 0.0000822406 -1.3319661617
228.5243835449 0.0000000716 0.0000000000 0.0000000000 43.8400077820 0.0000847527 -1.3435077667
230.7296752930 0.0000000754 0.0000000000 0.0000000000 43.8288879395 0.0000872746 -1.3551092148
233.4357299805 0.0000000792 0.0000000000 0.0000000000 43.8136215210 0.0000898148 -1.3665866852
236.6119384766 0.0000000833 0.0000000000 0.0000000000 43.8020095825 0.0000924019 -1.3777017593
240.2120513916 0.0000000874 0.0000000000 0.0000000000 43.7981796265 0.0000950643 -1.3881516457
244.1583557129 0.0000000918 0.0000000000 0.0000000000 43.8062477112 0.0000978235 -1.3976807594
248.3547668457 0.0000000963 0.0000000000 0.0000000000 43.8298263550 0.0001007325 -1.4061889648
252.6973876953 0.0000001009 0.0000000000 0.0000000000 43.8634109497 0.0001037755 -1.4137663841
257.0703735352 0.0000001057 0.0000000000 0.0000000000 43.9067077637 0.0001069542 -1.4204947948
261.3535766602 0.0000001107 0.0000000000 0.0000000000 43.9561347961 0.0001102954 -1.4265707731
265.4522094727 0.0000001159 0.0000000000 0.0000000000 44.0099754333 0.0001138206 -1.4321956635
269.2996215820 0.0000001212 0.0000000000 0.0000000000 44.0681610107 0.0001175449 -1.4375252724
272.8495178223 0.0000001268 0.0000000000 0.0000000000 44.1314620972 0.0001214736 -1.4425916672
276.1012268066 0.0000001325 0.0000000000 0.0000000000 44.1938095093 0.0001256102 -1.4473809004
279.0682678223 0.0000001384 0.0000000000 0.0000000000 44.2539291382 0.0001299748 -1.4518465996
281.7660217285 0.0000001445 0.0000000000 0.0000000000 44.3124275208 0.0001346121 -1.4559589624
284.2243652344 0.0000001507 0.0000000000 0.0000000000 44.3734359741 0.0001395278 -1.4598007202
286.4839477539 0.0000001572 0.0000000000 0.0000000000 44.4354057312 0.0001446759 -1.4634816647
288.5981750488 0.0000001639 0.0000000000 0.0000000000 44.4964637756 0.0001500599 -1.4670791626
290.6110229492 0.0000001708 0.0000000000 0.0000000000 44.5561866760 0.0001556782 -1.4706556797
292.5580749512 0.0000001778 0.0000000000 0.0000000000 44.6138648987 0.0001615560 -1.4741954803
294.4501037598 0.0000001851 0.0000000000 0.0000000000 44.6675109863 0.0001677135 -1.4776601791
296.2760925293 0.0000001926 0.0000000000 0.0000000000 44.7203063965 0.0001741651 -1.4809908867
298.0128173828 0.0000002002 0.0000000000 0.0000000000 44.7732429504 0.0001809353 -1.4841694832
299.6160583496 0.0000002081 0.0000000000 0.0000000000 44.8273506165 0.0001880368 -1.4871671200
301.0412292480 0.0000002162 0.0000000000 0.0000000000 44.8804244995 0.0001955243 -1.4900033474
302.2382812500 0.0000002245 0.0000000000 0.0000000000 44.9316902161 0.0002033894 -1.4926984310
303.1782836914 0.0000002330 0.0000000000 0.0000000000 44.9787101746 0.0002116802 -1.4952750206
303.8597412109 0.0000002417 0.0000000000 0.0000000000 45.0233802795 0.0002203842 -1.4977324009
304.3071899414 0.0000002506 0.0000000000 0.0000000000 45.0662345886 0.0002295151 -1.5000452995
304.5690612793 0.0000002597 0.0000000000 0.0000000000 45.1078033447 0.0002390686 -1.5021729469
304.6916809082 0.0000002690 0.0000000000 0.0000000000 45.1475791931 0.0002490411 -1.5041108131
304.7431335449 0.0000002785 0.0000000000 0.0000000000 45.1853828430 0.0002594000 -1.5058815479
304.7821044922 0.0000002882 0.0000000000 0.0000000000 45.2202110291 0.0002701388 -1.5075213909
304.8558044434 0.0000002981 0.0000000000 0.0000000000 45.2514305115 0.0002812388 -1.5090675354
305.0030212402 0.0000003082 0.0000000000 0.0000000000 45.2797660828 0.0002927015 -1.5105440617
305.2410888672 0.0000003185 0.0000000000 0.0000000000 45.3014869690 0.0003045424 -1.5119578838
305.5652160645 0.0000003291 0.0000000000 0.0000000000 45.3209991455 0.0003167803 -1.5133073330
305.9499816895 0.0000003398 0.0000000000 0.0000000000 45.3383216858 0.0003294402 -1.5146048069
306.3598327637 0.0000003507 0.0000000000 0.0000000000 45.3538932800 0.0003425198 -1.5158598423
306.7593078613 0.0000003619 0.0000000000 0.0000000000 45.3686370850 0.0003560559 -1.5171000957
307.1128540039 0.0000003732 0.0000000000 0.0000000000 45.3828849792 0.0003700617 -1.5183479786
307.4008483887 0.0000003848 0.0000000000 0.0000000000 45.3969917297 0.0003845343 -1.5196146965
307.6173095703 0.0000003966 0.0000000000 0.0000000000 45.4109992981 0.0003994694 -1.5209014416
307.7737121582 0.0000004086 0.0000000000 0.0000000000 45.4245758057 0.0004148674 -1.5222010612
307.8976440430 0.0000004208 0.0000000000 0.0000000000 45.4373092651 0.0004307191 -1.5235056877
308.0166015625 0.0000004332 0.0000000000 0.0000000000 45.4486389160 0.0004469913 -1.5248191357
308.1567382812 0.0000004459 0.0000000000 0.0000000000 45.4580764771 0.0004636596 -1.5261385441
308.3409423828 0.0000004588 0.0000000000 0.0000000000 45.4647140503 0.0004807133 -1.5274679661
308.5870361328 0.0000004719 0.0000000000 0.0000000000 45.4687576294 0.0004981462 -1.5288026333
308.8935852051 0.0000004852 0.0000000000 0.0000000000 45.4714927673 0.0005159596 -1.5301365852
309.2540588379 0.0000004988 0.0000000000 0.0000000000 45.4743270874 0.0005341716 -1.5314590931
309.6506652832 0.0000005126 0.0000000000 0.0000000000 45.4790649414 0.0005527857 -1.5327668190
310.0557250977 0.0000005266 0.0000000000 0.0000000000 45.4817962646 0.0005718230 -1.5340509415
310.4459533691 0.0000005409 0.0000000000 0.0000000000 45.4843902588 0.0005913196 -1.5353126526
310.8030395508 0.0000005554 0.0000000000 0.0000000000 45.4890213013 0.0006112543 -1.5365569592
311.1212768555 0.0000005701 0.0000000000 0.0000000000 45.4956054688 0.0006316560 -1.5377824306
311.3897399902 0.0000005851 0.0000000000 0.0000000000 45.5031166077 0.0006525394 -1.5389840603
311.6092529297 0.0000006003 0.0000000000 0.0000000000 45.5110855103 0.0006738432 -1.5401663780
311.7857360840 0.0000006158 0.0000000000 0.0000000000 45.5192375183 0.0006955710 -1.5413234234
311.9277954102 0.0000006316 0.0000000000 0.0000000000 45.5273780823 0.0007176860 -1.5424616337
312.0518188477 0.0000006475 0.0000000000 0.0000000000 45.5354995728 0.0007401502 -1.5435867310
312.1733703613 0.0000006638 0.0000000000 0.0000000000 45.5437431335 0.0007629625 -1.5447027683
312.3146362305 0.0000006803 0.0000000000 0.0000000000 45.5512657166 0.0007861120 -1.5458090305
312.4783935547 0.0000006970 0.0000000000 0.0000000000 45.5593490601 0.0008096318 -1.5469033718
312.6625976562 0.0000007140 0.0000000000 0.0000000000 45.5685844421 0.0008335448 -1.5479896069
312.8599243164 0.0000007312 0.0000000000 0.0000000000 45.5795440674 0.0008578511 -1.5490674973
313.0545959473 0.0000007488 0.0000000000 0.0000000000 45.5915832520 0.0008826194 -1.5501382351
313.2369384766 0.0000007665 0.0000000000 0.0000000000 45.6042747498 0.0009078097 -1.5512030125
313.4025268555 0.0000007846 0.0000000000 0.0000000000 45.6185150146 0.0009334586 -1.5522608757
313.5495910645 0.0000008029 0.0000000000 0.0000000000 45.6338768005 0.0009595252 -1.5533177853
313.6713867188 0.0000008214 0.0000000000 0.0000000000 45.6491546631 0.0009860267 -1.5543673038
313.7756958008 0.0000008402 0.0000000000 0.0000000000 45.6643028259 0.0010129298 -1.5554087162
313.8636169434 0.0000008593 0.0000000000 0.0000000000 45.6799278259 0.0010402222 -1.5564434528
313.9454650879 0.0000008787 0.0000000000 0.0000000000 45.6961669922 0.0010679250 -1.5574748516
314.0327453613 0.0000008983 0.0000000000 0.0000000000 45.7130012512 0.0010960023 -1.5585024357
314.1424560547 0.0000009182 0.0000000000 0.0000000000 45.7303848267 0.0011244630 -1.5595273972
314.2831726074 0.0000009384 0.0000000000 0.0000000000 45.7483406067 0.0011533268 -1.5605533123
314.4604187012 0.0000009588 0.0000000000 0.0000000000 45.7666702271 0.0011825922 -1.5615808964
314.6684570312 0.0000009795 0.0000000000 0.0000000000 45.7853546143 0.0012122825 -1.5626080036
314.8930969238 0.0000010005 0.0000000000 0.0000000000 45.8043746948 0.0012424223 -1.5636315346
315.1240539551 0.0000010217 0.0000000000 0.0000000000 45.8235588074 0.0012729778 -1.5646574497
315.3504028320 0.0000010432 0.0000000000 0.0000000000 45.8431053162 0.0013040033 -1.5656819344
315.5659179688 0.0000010650 0.0000000000 0.0000000000 45.8629798889 0.0013355057 -1.5667040348
315.7626342773 0.0000010871 0.0000000000 0.0000000000 45.8828315735 0.0013674545 -1.5677247047
315.9450073242 0.0000011094 0.0000000000 0.0000000000 45.9029312134 0.0013998334 -1.5687386990
316.1190490723 0.0000011321 0.0000000000 0.0000000000 45.9237365723 0.0014326238 -1.5697424412
316.2934265137 0.0000011550 0.0000000000 0.0000000000 45.9441223145 0.0014658198 -1.5707390308
316.4783325195 0.0000011781 0.0000000000 0.0000000000 45.9617271423 0.0014994506 -1.5717270374
316.6904907227 0.0000012016 0.0000000000 0.0000000000 45.9803886414 0.0015335140 -1.5727071762
316.9323120117 0.0000012253 0.0000000000 0.0000000000 45.9995155334 0.0015680084 -1.5736830235
317.2022094727 0.0000012494 0.0000000000 0.0000000000 46.0187568665 0.0016029800 -1.5746521950
317.4815673828 0.0000012737 0.0000000000 0.0000000000 46.0379371643 0.0016383715 -1.5756132603
317.7462463379 0.0000012982 0.0000000000 0.0000000000 46.0571174622 0.0016742019 -1.5765650272
317.9786682129 0.0000013231 0.0000000000 0.0000000000 46.0763549805 0.0017104561 -1.5775051117
318.1760253906 0.0000013482 0.0000000000 0.0000000000 46.0957565308 0.0017471252 -1.5784354210
318.3370666504 0.0000013737 0.0000000000 0.0000000000 46.1155548096 0.0017842703 -1.5793521404
318.4655761719 0.0000013994 0.0000000000 0.0000000000 46.1368408203 0.0018218561 -1.5802602768
318.5735168457 0.0000014254 0.0000000000 0.0000000000 46.1559715271 0.0018598982 -1.5811553001
318.6710815430 0.0000014517 0.0000000000 0.0000000000 46.1750907898 0.0018984035 -1.5820412636
318.7636718750 0.0000014783 0.0000000000 0.0000000000 46.1955146790 0.0019373688 -1.5829133987
318.8612060547 0.0000015051 0.0000000000 0.0000000000 46.2166213989 0.0019767443 -1.5837728977
318.9665832520 0.0000015322 0.0000000000 0.0000000000 46.2381706238 0.0020165676 -1.5846223831
319.0770874023 0.0000015597 0.0000000000 0.0000000000 46.2599220276 0.0020567910 -1.5854589939
319.1882324219 0.0000015874 0.0000000000 0.0000000000 46.2818756104 0.0020974670 -1.5862879753
319.2940979004 0.0000016154 0.0000000000 0.0000000000 46.3040695190 0.0021385381 -1.5871067047
319.3857727051 0.0000016437 0.0000000000 0.0000000000 46.3266639709 0.0021800038 -1.5879137516
319.4598388672 0.0000016722 0.0000000000 0.0000000000 46.3496398926 0.0022219243 -1.5887117386
319.5144653320 0.0000017011 0.0000000000 0.0000000000 46.3728332520 0.0022642335 -1.5895011425
319.5578613281 0.0000017302 0.0000000000 0.0000000000 46.3951988220 0.0023069722 -1.5902833939
319.5983276367 0.0000017596 0.0000000000 0.0000000000 46.4166641235 0.0023501292 -1.5910601616
319.6435241699 0.0000017893 0.0000000000 0.0000000000 46.4381065369 0.0023937398 -1.5918312073
319.7051391602 0.0000018193 0.0000000000 0.0000000000 46.4597892761 0.0024377625 -1.5925977230
319.7830200195 0.0000018496 0.0000000000 0.0000000000 46.4818000793 0.0024822322 -1.5933589935
319.8737182617 0.0000018802 0.0000000000 0.0000000000 46.5040397644 0.0025271410 -1.5941143036
319.9793395996 0.0000019110 0.0000000000 0.0000000000 46.5265998840 0.0025724969 -1.5948679447
320.0957946777 0.0000019422 0.0000000000 0.0000000000 46.5494918823 0.0026183086 -1.5956158638
320.2209472656 0.0000019736 0.0000000000 0.0000000000 46.5720672607 0.0026645609 -1.5963571072
320.3544006348 0.0000020054 0.0000000000 0.0000000000 46.5946311951 0.0027113054 -1.5970938206
320.4941101074 0.0000020374 0.0000000000 0.0000000000 46.6175689697 0.0027585318 -1.5978262424
320.6386718750 0.0000020697 0.0000000000 0.0000000000 46.6409187317 0.0028062295 -1.5985538960
320.7876892090 0.0000021024 0.0000000000 0.0000000000 46.6649971008 0.0028544506 -1.5992794037
320.9397277832 0.0000021353 0.0000000000 0.0000000000 46.6900749207 0.0029031539 -1.6000010967
321.0948486328 0.0000021685 0.0000000000 0.0000000000 46.7147750854 0.0029523338 -1.6007192135
321.2595825195 0.0000022020 0.0000000000 0.0000000000 46.7403907776 0.0030020115 -1.6014342308
321.4363098145 0.0000022358 0.0000000000 0.0000000000 46.7650909424 0.0030521199 -1.6021440029
321.6191406250 0.0000022699 0.0000000000 0.0000000000 46.7899703979 0.0031027130 -1.6028509140
321.8056030273 0.0000023044 0.0000000000 0.0000000000 46.8148231506 0.0031537861 -1.6035540104
321.9950256348 0.0000023391 0.0000000000 0.0000000000 46.8396606445 0.0032053753 -1.6042537689
322.1818237305 0.0000023741 0.0000000000 0.0000000000 46.8644599915 0.0032574784 -1.6049506664
322.3623046875 0.0000024095 0.0000000000 0.0000000000 46.8889656067 0.0033101228 -1.6056430340
322.5287170410 0.0000024451 0.0000000000 0.0000000000 46.9135093689 0.0033633464 -1.6063311100
322.6814880371 0.0000024811 0.0000000000 0.0000000000 46.9383811951 0.0034170835 -1.6070160866
322.8208923340 0.0000025173 0.0000000000 0.0000000000 46.9635963440 0.0034713121 -1.6076984406
322.9549255371 0.0000025539 0.0000000000 0.0000000000 46.9890136719 0.0035260809 -1.6083776951
323.0887145996 0.0000025908 0.0000000000 0.0000000000 47.0166625977 0.0035812543 -1.6090538502
323.2315673828 0.0000026280 0.0000000000 0.0000000000 47.0404930115 0.0036368845 -1.6097271442
323.3861999512 0.0000026655 0.0000000000 0.0000000000 47.0639953613 0.0036929415 -1.6103966236
323.5509033203 0.0000027033 0.0000000000 0.0000000000 47.0884666443 0.0037494539 -1.6110610962
323.7191162109 0.0000027414 0.0000000000 0.0000000000 47.1134414673 0.0038064700 -1.6117238998
323.8815002441 0.0000027799 0.0000000000 0.0000000000 47.1382408142 0.0038639954 -1.6123836040
324.0313415527 0.0000028187 0.0000000000 0.0000000000 47.1627388000 0.0039220522 -1.6130402088
324.1657714844 0.0000028578 0.0000000000 0.0000000000 47.1870880127 0.0039805970 -1.6136956215
324.2859497070 0.0000028972 0.0000000000 0.0000000000 47.2112083435 0.0040396461 -1.6143462658
324.4031066895 0.0000029369 0.0000000000 0.0000000000 47.2351226807 0.0040992596 -1.6149966717
324.5202941895 0.0000029769 0.0000000000 0.0000000000 47.2587928772 0.0041593765 -1.6156444550
324.6438598633 0.0000030173 0.0000000000 0.0000000000 47.2821350098 0.0042200256 -1.6162891388
324.7765197754 0.0000030580 0.0000000000 0.0000000000 47.3052062988 0.0042812014 -1.6169307232
324.9170837402 0.0000030990 0.0000000000 0.0000000000 47.3281478882 0.0043428331 -1.6175682545
325.0640563965 0.0000031403 0.0000000000 0.0000000000 47.3508987427 0.0044050608 -1.6182034016
325.2081604004 0.0000031819 0.0000000000 0.0000000000 47.3733596802 0.0044677728 -1.6188356876
325.3439941406 0.0000032239 0.0000000000 0.0000000000 47.3954429626 0.0045310026 -1.6194636822
325.4688110352 0.0000032661 0.0000000000 0.0000000000 47.4170875549 0.0045947554 -1.6200909615
325.5787963867 0.0000033087 0.0000000000 0.0000000000 47.4383697510 0.0046589896 -1.6207132339
325.6791687012 0.0000033516 0.0000000000 0.0000000000 47.4592933655 0.0047237510 -1.6213347912
325.7715454102 0.0000033949 0.0000000000 0.0000000000 47.4798774719 0.0047889436 -1.6219539642
325.8634948730 0.0000034384 0.0000000000 0.0000000000 47.5000724792 0.0048546512 -1.6225707531
325.9588623047 0.0000034823 0.0000000000 0.0000000000 47.5199851990 0.0049208323 -1.6231839657
326.0656738281 0.0000035265 0.0000000000 0.0000000000 47.5396652222 0.0049875616 -1.6237950325
326.1695556641 0.0000035710 0.0000000000 0.0000000000 47.5589904785 0.0050547398 -1.6244027615
326.2686462402 0.0000036158 0.0000000000 0.0000000000 47.5780296326 0.0051224590 -1.6250090599
326.3594055176 0.0000036610 0.0000000000 0.0000000000 47.5967941284 0.0051906756 -1.6256148815
326.4422607422 0.0000037064 0.0000000000 0.0000000000 47.6152076721 0.0052593881 -1.6262168884
326.5197753906 0.0000037522 0.0000000000 0.0000000000 47.6332817078 0.0053286096 -1.6268179417
326.5987243652 0.0000037983 0.0000000000 0.0000000000 47.6510734558 0.0053983531 -1.6274173260
326.6799926758 0.0000038447 0.0000000000 0.0000000000 47.6685714722 0.0054686023 -1.6280136108
326.7620544434 0.0000038915 0.0000000000 0.0000000000 47.6858711243 0.0055394499 -1.6286065578
326.8450622559 0.0000039385 0.0000000000 0.0000000000 47.7027168274 0.0056107971 -1.6291956902
326.9334106445 0.0000039859 0.0000000000 0.0000000000 47.7191200256 0.0056827106 -1.6297843456
327.0227661133 0.0000040336 0.0000000000 0.0000000000 47.7350845337 0.0057551139 -1.6303701401
327.1127014160 0.0000040816 0.0000000000 0.0000000000 47.7504959106 0.0058279815 -1.6309533119
327.2024230957 0.0000041299 0.0000000000 0.0000000000 47.7654266357 0.0059014112 -1.6315340996
327.2960205078 0.0000041786 0.0000000000 0.0000000000 47.7799415588 0.0059753261 -1.6321136951
327.3952636719 0.0000042276 0.0000000000 0.0000000000 47.7941970825 0.0060497322 -1.6326916218
327.4999389648 0.0000042769 0.0000000000 0.0000000000 47.8083076477 0.0061247218 -1.6332674026
327.6096191406 0.0000043266 0.0000000000 0.0000000000 47.8223228455 0.0062002721 -1.6338410378
327.7203063965 0.0000043765 0.0000000000 0.0000000000 47.8361892700 0.0062763416 -1.6344122887
327.8275756836 0.0000044268 0.0000000000 0.0000000000 47.8498687744 0.0063529201 -1.6349794865
327.9234313965 0.0000044775 0.0000000000 0.0000000000 47.8633232117 0.0064300620 -1.6355454922
328.0089416504 0.0000045284 0.0000000000 0.0000000000 47.8765525818 0.0065077622 -1.6361079216
328.0950622559 0.0000045797 0.0000000000 0.0000000000 47.8895645142 0.0065859891 -1.6366658211
328.1852416992 0.0000046313 0.0000000000 0.0000000000 47.9023399353 0.0066648065 -1.6372220516
328.2821655273 0.0000046832 0.0000000000 0.0000000000 47.9149322510 0.0067441915 -1.6377763748
328.3784790039 0.0000047355 0.0000000000 0.0000000000 47.9273033142 0.0068240939 -1.6383264065
328.4738769531 0.0000047881 0.0000000000 0.0000000000 47.9394416809 0.0069045196 -1.6388740540
328.5693969727 0.0000048410 0.0000000000 0.0000000000 47.9513626099 0.0069854516 -1.6394186020
328.6605529785 0.0000048942 0.0000000000 0.0000000000 47.9630546570 0.0070669525 -1.6399595737
328.7491149902 0.0000049478 0.0000000000 0.0000000000 47.9745559692 0.0071490174 -1.6404976845
328.8365173340 0.0000050017 0.0000000000 0.0000000000 47.9858932495 0.0072315666 -1.6410343647
328.9224548340 0.0000050560 0.0000000000 0.0000000000 47.9971008301 0.0073147854 -1.6415684223
329.0124511719 0.0000051105 0.0000000000 0.0000000000 48.0082550049 0.0073986007 -1.6420998573
329.1023864746 0.0000051654 0.0000000000 0.0000000000 48.0192527771 0.0074830861 -1.6426289082
329.1884765625 0.0000052207 0.0000000000 0.0000000000 48.0300064087 0.0075680977 -1.6431543827
329.2745056152 0.0000052762 0.0000000000 0.0000000000 48.0406417847 0.0076536401 -1.6436774731
329.3639221191 0.0000053321 0.0000000000 0.0000000000 48.0511703491 0.0077396617 -1.6441986561
329.4601745605 0.0000053884 0.0000000000 0.0000000000 48.0616493225 0.0078261839 -1.6447172165
329.5616760254 0.0000054449 0.0000000000 0.0000000000 48.0720787048 0.0079131769 -1.6452343464
329.6622924805 0.0000055019 0.0000000000 0.0000000000 48.0824241638 0.0080006383 -1.6457486153
329.7552795410 0.0000055591 0.0000000000 0.0000000000 48.0926742554 0.0080886539 -1.6462583542
329.8387145996 0.0000056167 0.0000000000 0.0000000000 48.1028823853 0.0081771985 -1.6467664242
329.9134826660 0.0000056746 0.0000000000 0.0000000000 48.1130447388 0.0082663316 -1.6472723484
329.9911804199 0.0000057328 0.0000000000 0.0000000000 48.1232185364 0.0083561214 -1.6477780342
330.0805664062 0.0000057914 0.0000000000 0.0000000000 48.1334037781 0.0084465090 -1.6482799053
330.1799011230 0.0000058503 0.0000000000 0.0000000000 48.1435890198 0.0085375560 -1.6487798691
330.2830200195 0.0000059096 0.0000000000 0.0000000000 48.1537475586 0.0086291479 -1.6492776871
330.3880310059 0.0000059692 0.0000000000 0.0000000000 48.1638603210 0.0087212957 -1.6497735977
330.4948425293 0.0000060291 0.0000000000 0.0000000000 48.1739349365 0.0088139260 -1.6502683163
330.6018676758 0.0000060893 0.0000000000 0.0000000000 48.1838836670 0.0089069279 -1.6507608891
330.7059020996 0.0000061499 0.0000000000 0.0000000000 48.1937103271 0.0090003321 -1.6512508392
330.8034973145 0.0000062109 0.0000000000 0.0000000000 48.2033729553 0.0090941526 -1.6517391205
330.8945922852 0.0000062722 0.0000000000 0.0000000000 48.2128906250 0.0091884490 -1.6522264481
330.9817199707 0.0000063338 0.0000000000 0.0000000000 48.2223548889 0.0092834178 -1.6527099609
331.0682373047 0.0000063958 0.0000000000 0.0000000000 48.2318344116 0.0093790805 -1.6531915665
331.1534729004 0.0000064580 0.0000000000 0.0000000000 48.2413635254 0.0094754864 -1.6536715031
331.2382812500 0.0000065207 0.0000000000 0.0000000000 48.2510375977 0.0095724994 -1.6541485786
331.3239135742 0.0000065837 0.0000000000 0.0000000000 48.2613182068 0.0096699921 -1.6546235085
331.4041442871 0.0000066470 0.0000000000 0.0000000000 48.2717857361 0.0097678509 -1.6550943851
331.4816894531 0.0000067106 0.0000000000 0.0000000000 48.2803230286 0.0098660607 -1.6555640697
331.5578918457 0.0000067746 0.0000000000 0.0000000000 48.2884559631 0.0099647380 -1.6560306549
331.6373291016 0.0000068390 0.0000000000 0.0000000000 48.2969245911 0.0100639341 -1.6564950943
331.7181396484 0.0000069037 0.0000000000 0.0000000000 48.3054542542 0.0101637393 -1.6569578648
331.7967224121 0.0000069687 0.0000000000 0.0000000000 48.3139457703 0.0102642560 -1.6574177742
331.8710632324 0.0000070340 0.0000000000 0.0000000000 48.3224868774 0.0103654768 -1.6578774452
331.9416503906 0.0000070997 0.0000000000 0.0000000000 48.3310546875 0.0104674036 -1.6583337784
332.0085144043 0.0000071658 0.0000000000 0.0000000000 48.3394393921 0.0105699319 -1.6587882042
332.0713806152 0.0000072322 0.0000000000 0.0000000000 48.3475685120 0.0106729865 -1.6592416763
332.1288757324 0.0000072989 0.0000000000 0.0000000000 48.3556022644 0.0107765319 -1.6596934795
332.1816711426 0.0000073660 0.0000000000 0.0000000000 48.3635406494 0.0108806435 -1.6601443291
332.2312316895 0.0000074334 0.0000000000 0.0000000000 48.3713836670 0.0109852785 -1.6605925560
332.2818603516 0.0000075012 0.0000000000 0.0000000000 48.3791580200 0.0110905692 -1.6610383987
332.3386230469 0.0000075694 0.0000000000 0.0000000000 48.3869132996 0.0111964019 -1.6614825726
332.4089355469 0.0000076379 0.0000000000 0.0000000000 48.3946800232 0.0113030020 -1.6619267464
332.4927062988 0.0000077067 0.0000000000 0.0000000000 48.4025001526 0.0114103248 -1.6623692513
332.5896911621 0.0000077759 0.0000000000 0.0000000000 48.4103279114 0.0115183461 -1.6628110409
332.6934509277 0.0000078454 0.0000000000 0.0000000000 48.4180984497 0.0116269132 -1.6632502079
332.7945556641 0.0000079153 0.0000000000 0.0000000000 48.4257545471 0.0117361648 -1.6636886597
332.8854980469 0.0000079856 0.0000000000 0.0000000000 48.4332351685 0.0118460469 -1.6641254425
332.9716796875 0.0000080562 0.0000000000 0.0000000000 48.4406051636 0.0119565781 -1.6645603180
333.0574035645 0.0000081272 0.0000000000 0.0000000000 48.4479103088 0.0120678060 -1.6649949551
333.1591186523 0.0000081985 0.0000000000 0.0000000000 48.4552650452 0.0121796271 -1.6654286385
333.2766418457 0.0000082701 0.0000000000 0.0000000000 48.4627075195 0.0122921746 -1.6658611298
333.4055480957 0.0000083422 0.0000000000 0.0000000000 48.4702377319 0.0124054495 -1.6662924290
333.5371704102 0.0000084145 0.0000000000 0.0000000000 48.4777374268 0.0125192758 -1.6667222977
333.6633911133 0.0000084873 0.0000000000 0.0000000000 48.4854278564 0.0126338061 -1.6671521664
333.7796936035 0.0000085604 0.0000000000 0.0000000000 48.4933242798 0.0127489110 -1.6675817966
333.8809509277 0.0000086338 0.0000000000 0.0000000000 48.4998397827 0.0128646176 -1.6680092812
333.9793090820 0.0000087076 0.0000000000 0.0000000000 48.5079345703 0.0129809091 -1.6684360504
334.0829467773 0.0000087818 0.0000000000 0.0000000000 48.5164031982 0.0130980192 -1.6688611507
334.1929016113 0.0000088563 0.0000000000 0.0000000000 48.5244979858 0.0132159516 -1.6692860126
334.3092346191 0.0000089311 0.0000000000 0.0000000000 48.5321044922 0.0133346859 -1.6697101593
334.4291992188 0.0000090064 0.0000000000 0.0000000000 48.5394439697 0.0134539437 -1.6701328754
334.5425109863 0.0000090819 0.0000000000 0.0000000000 48.5466270447 0.0135736689 -1.6705553532
334.6457214355 0.0000091579 0.0000000000 0.0000000000 48.5535621643 0.0136937499 -1.6709766388
334.7420043945 0.0000092342 0.0000000000 0.0000000000 48.5602798462 0.0138142519 -1.6713984013
334.8329772949 0.0000093108 0.0000000000 0.0000000000 48.5669708252 0.0139352623 -1.6718187332
334.9308776855 0.0000093878 0.0000000000 0.0000000000 48.5739021301 0.0140571222 -1.6722378731
335.0419616699 0.0000094651 0.0000000000 0.0000000000 48.5810279846 0.0141799217 -1.6726555824
335.1621093750 0.0000095429 0.0000000000 0.0000000000 48.5881881714 0.0143037187 -1.6730737686
335.2817382812 0.0000096209 0.0000000000 0.0000000000 48.5953712463 0.0144282719 -1.6734905243
335.3883361816 0.0000096993 0.0000000000 0.0000000000 48.6025123596 0.0145534081 -1.6739068031
335.4763488770 0.0000097781 0.0000000000 0.0000000000 48.6095848083 0.0146788983 -1.6743218899
335.5462036133 0.0000098572 0.0000000000 0.0000000000 48.6164627075 0.0148046017 -1.6747374535
335.6098937988 0.0000099367 0.0000000000 0.0000000000 48.6233787537 0.0149307596 -1.6751513481
335.6809997559 0.0000100165 0.0000000000 0.0000000000 48.6302757263 0.0150574846 -1.6755650043
335.7702636719 0.0000100967 0.0000000000 0.0000000000 48.6372528076 0.0151849296 -1.6759781837
335.8735961914 0.0000101772 0.0000000000 0.0000000000 48.6439666748 0.0153132239 -1.6763925552
335.9829406738 0.0000102581 0.0000000000 0.0000000000 48.6507148743 0.0154423881 -1.6768057346
336.0946655273 0.0000103393 0.0000000000 0.0000000000 48.6575660706 0.0155722396 -1.6772198677
336.2012939453 0.0000104208 0.0000000000 0.0000000000 48.6645050049 0.0157026201 -1.6776332855
336.3020935059 0.0000105027 0.0000000000 0.0000000000 48.6715202332 0.0158333778 -1.6780462265
336.3904418945 0.0000105850 0.0000000000 0.0000000000 48.6785926819 0.0159645602 -1.6784572601
336.4719543457 0.0000106676 0.0000000000 0.0000000000 48.6857986450 0.0160963163 -1.6788697243
336.5502624512 0.0000107506 0.0000000000 0.0000000000 48.6930084229 0.0162288956 -1.6792821884
336.6317443848 0.0000108339 0.0000000000 0.0000000000 48.6999320984 0.0163621716 -1.6796936989
336.7208557129 0.0000109176 0.0000000000 0.0000000000 48.7065925598 0.0164962355 -1.6803073883
336.8276977539 0.0000110016 0.0000000000 0.0000000000 48.7131767273 0.0166308042 -1.6805152893
336.9370422363 0.0000110859 0.0000000000 0.0000000000 48.7197074890 0.0167659968 -1.6809258461
337.0350036621 0.0000111707 0.0000000000 0.0000000000 48.7261657715 0.0169017017 -1.6813361645
337.1217041016 0.0000112558 0.0000000000 0.0000000000 48.7325439453 0.0170379225 -1.6817455292
337.2018127441 0.0000113412 0.0000000000 0.0000000000 48.7388572693 0.0171746500 -1.6821546555
337.2810363770 0.0000114270 0.0000000000 0.0000000000 48.7451362610 0.0173119642 -1.6825623512
337.3633728027 0.0000115131 0.0000000000 0.0000000000 48.7514076233 0.0174499284 -1.6829712391
337.4493408203 0.0000115996 0.0000000000 0.0000000000 48.7577095032 0.0175886471 -1.6833798885
337.5427246094 0.0000116865 0.0000000000 0.0000000000 48.7640380859 0.0177279897 -1.6837863922
337.6413879395 0.0000117737 0.0000000000 0.0000000000 48.7703781128 0.0178678352 -1.6841950417
337.7379760742 0.0000118612 0.0000000000 0.0000000000 48.7766838074 0.0180081520 -1.6846017838
337.8303222656 0.0000119491 0.0000000000 0.0000000000 48.7829055786 0.0181489009 -1.6850085258
337.9151000977 0.0000120374 0.0000000000 0.0000000000 48.7891044617 0.0182902627 -1.6854143143
338.0003967285 0.0000121260 0.0000000000 0.0000000000 48.7953414917 0.0184322465 -1.6858198643
338.0948791504 0.0000122149 0.0000000000 0.0000000000 48.8015480042 0.0185751151 -1.6862244606
338.1989135742 0.0000123043 0.0000000000 0.0000000000 48.8077621460 0.0187188704 -1.6866309643
338.3088073730 0.0000123939 0.0000000000 0.0000000000 48.8140144348 0.0188633464 -1.6870348454
338.4172668457 0.0000124839 0.0000000000 0.0000000000 48.8202590942 0.0190084986 -1.6874380112
338.5140686035 0.0000125743 0.0000000000 0.0000000000 48.8264122009 0.0191540420 -1.6878416538
338.5939941406 0.0000126650 0.0000000000 0.0000000000 48.8323516846 0.0193001442 -1.6882431507
338.6660156250 0.0000127561 0.0000000000 0.0000000000 48.8380928040 0.0194466542 -1.6886470318
338.7356567383 0.0000128475 0.0000000000 0.0000000000 48.8436889648 0.0195935760 -1.6890499592
338.8091125488 0.0000129393 0.0000000000 0.0000000000 48.8491897583 0.0197409336 -1.6894512177
338.8921203613 0.0000130315 0.0000000000 0.0000000000 48.8546485901 0.0198889226 -1.6898541451
338.9812316895 0.0000131240 0.0000000000 0.0000000000 48.8601036072 0.0200376995 -1.6902565956
339.0726318359 0.0000132168 0.0000000000 0.0000000000 48.8656044006 0.0201874375 -1.6906588078
339.1579589844 0.0000133100 0.0000000000 0.0000000000 48.8710365295 0.0203377139 -1.6910605431
339.2358398438 0.0000134036 0.0000000000 0.0000000000 48.8763275146 0.0204883199 -1.6914608479
339.3096923828 0.0000134975 0.0000000000 0.0000000000 48.8815002441 0.0206389800 -1.6918609142
339.3871765137 0.0000135918 0.0000000000 0.0000000000 48.8865661621 0.0207899995 -1.6922609806
339.4806518555 0.0000136864 0.0000000000 0.0000000000 48.8916435242 0.0209416486 -1.6926584244
339.5903320312 0.0000137814 0.0000000000 0.0000000000 48.8966979980 0.0210940689 -1.6930563450
339.7049560547 0.0000138767 0.0000000000 0.0000000000 48.9017333984 0.0212471932 -1.6934516430
339.8177795410 0.0000139724 0.0000000000 0.0000000000 48.9067153931 0.0214012582 -1.6938459873
339.9243469238 0.0000140685 0.0000000000 0.0000000000 48.9116363525 0.0215559416 -1.6942398548
340.0181579590 0.0000141649 0.0000000000 0.0000000000 48.9164695740 0.0217110999 -1.6946330070
340.1015319824 0.0000142616 0.0000000000 0.0000000000 48.9211654663 0.0218666196 -1.6950249672
340.1766967773 0.0000143588 0.0000000000 0.0000000000 48.9257545471 0.0220225770 -1.6954150200
340.2521972656 0.0000144562 0.0000000000 0.0000000000 48.9302711487 0.0221790597 -1.6958048344
340.3293762207 0.0000145541 0.0000000000 0.0000000000 48.9349174500 0.0223361682 -1.6961932182
340.4131774902 0.0000146523 0.0000000000 0.0000000000 48.9392890930 0.0224939045 -1.6965827942
340.5058288574 0.0000147509 0.0000000000 0.0000000000 48.9438095093 0.0226526204 -1.6969709396
340.6052246094 0.0000148498 0.0000000000 0.0000000000 48.9486961365 0.0228119399 -1.6973590851
340.6994934082 0.0000149491 0.0000000000 0.0000000000 48.9537086487 0.0229718089 -1.6977453232
340.7916259766 0.0000150487 0.0000000000 0.0000000000 48.9586601257 0.0231321529 -1.6981320381
340.8816833496 0.0000151487 0.0000000000 0.0000000000 48.9632263184 0.0232929122 -1.6985170841
340.9687194824 0.0000152491 0.0000000000 0.0000000000 48.9678688049 0.0234543718 -1.6989011765
341.0603027344 0.0000153498 0.0000000000 0.0000000000 48.9726066589 0.0236165989 -1.6992850304
341.1580810547 0.0000154509 0.0000000000 0.0000000000 48.9774208069 0.0237795562 -1.6996700764
341.2613830566 0.0000155524 0.0000000000 0.0000000000 48.9822959900 0.0239431057 -1.7000546455
341.3665771484 0.0000156542 0.0000000000 0.0000000000 48.9872016907 0.0241071824 -1.7004387379
341.4707946777 0.0000157564 0.0000000000 0.0000000000 48.9921646118 0.0242718440 -1.7008223534
341.5750427246 0.0000158589 0.0000000000 0.0000000000 48.9971580505 0.0244369674 -1.7012071609
341.6759948730 0.0000159618 0.0000000000 0.0000000000 49.0020484924 0.0246025939 -1.7015905380
341.7743530273 0.0000160651 0.0000000000 0.0000000000 49.0070228577 0.0247687902 -1.7019746304
341.8718566895 0.0000161688 0.0000000000 0.0000000000 49.0120506287 0.0249356832 -1.7023589611
341.9714660645 0.0000162728 0.0000000000 0.0000000000 49.0171203613 0.0251031797 -1.7027425766
342.0797729492 0.0000163771 0.0000000000 0.0000000000 49.0222320557 0.0252714437 -1.7031269073
342.1953125000 0.0000164818 0.0000000000 0.0000000000 49.0273208618 0.0254401807 -1.7035107613
342.3166809082 0.0000165869 0.0000000000 0.0000000000 49.0324211121 0.0256093219 -1.7038969994
342.4378356934 0.0000166924 0.0000000000 0.0000000000 49.0374984741 0.0257788468 -1.7042827606
342.5543823242 0.0000167982 0.0000000000 0.0000000000 49.0424919128 0.0259486753 -1.7046663761
342.6611938477 0.0000169044 0.0000000000 0.0000000000 49.0474548340 0.0261190590 -1.7050509453
342.7617187500 0.0000170109 0.0000000000 0.0000000000 49.0524444580 0.0262901634 -1.7054338455
342.8533325195 0.0000171178 0.0000000000 0.0000000000 49.0574798584 0.0264621843 -1.7058167458
342.9418945312 0.0000172251 0.0000000000 0.0000000000 49.0625343323 0.0266349651 -1.7061986923
343.0287170410 0.0000173327 0.0000000000 0.0000000000 49.0675354004 0.0268083941 -1.7065801620
343.1140747070 0.0000174407 0.0000000000 0.0000000000 49.0723915100 0.0269823465 -1.7069606781
343.2001647949 0.0000175491 0.0000000000 0.0000000000 49.0770759583 0.0271565001 -1.7073419094
343.2893066406 0.0000176579 0.0000000000 0.0000000000 49.0817871094 0.0273310039 -1.7077217102
343.3763427734 0.0000177670 0.0000000000 0.0000000000 49.0861015320 0.0275060404 -1.7081024647
343.4502258301 0.0000178764 0.0000000000 0.0000000000 49.0906295776 0.0276817158 -1.7084827423
343.5165100098 0.0000179862 0.0000000000 0.0000000000 49.0953102112 0.0278581809 -1.7088603973
343.5834655762 0.0000180964 0.0000000000 0.0000000000 49.1001243591 0.0280357506 -1.7092390060
343.6502075195 0.0000182070 0.0000000000 0.0000000000 49.1048126221 0.0282139536 -1.7096142769
343.7201843262 0.0000183179 0.0000000000 0.0000000000 49.1095314026 0.0283928309 -1.7099883556
343.7915344238 0.0000184292 0.0000000000 0.0000000000 49.1141891479 0.0285721105 -1.7103602886
343.8659362793 0.0000185408 0.0000000000 0.0000000000 49.1186981201 0.0287515782 -1.7107300758
343.9464721680 0.0000186528 0.0000000000 0.0000000000 49.1231117249 0.0289313626 -1.7110996246
344.0365905762 0.0000187652 0.0000000000 0.0000000000 49.1274833679 0.0291118417 -1.7114667892
344.1353454590 0.0000188779 0.0000000000 0.0000000000 49.1318511963 0.0292930752 -1.7118334770
344.2293395996 0.0000189910 0.0000000000 0.0000000000 49.1362762451 0.0294753183 -1.7122001648
344.3104858398 0.0000191044 0.0000000000 0.0000000000 49.1407546997 0.0296582188 -1.7125635147
344.3847656250 0.0000192182 0.0000000000 0.0000000000 49.1453056335 0.0298417434 -1.7129263878
344.4583740234 0.0000193324 0.0000000000 0.0000000000 49.1498565674 0.0300257057 -1.7132904530
344.5345458984 0.0000194470 0.0000000000 0.0000000000 49.1545372009 0.0302100219 -1.7136521339
344.6175231934 0.0000195619 0.0000000000 0.0000000000 49.1589736938 0.0303949062 -1.7140142918
344.7049560547 0.0000196772 0.0000000000 0.0000000000 49.1635475159 0.0305803940 -1.7143743038
344.7948303223 0.0000197928 0.0000000000 0.0000000000 49.1681060791 0.0307663474 -1.7147331238
344.8809509277 0.0000199089 0.0000000000 0.0000000000 49.1726684570 0.0309528634 -1.7150921822
344.9644775391 0.0000200252 0.0000000000 0.0000000000 49.1773033142 0.0311400965 -1.7154488564
345.0432739258 0.0000201420 0.0000000000 0.0000000000 49.1820106506 0.0313281529 -1.7158055305
345.1172790527 0.0000202591 0.0000000000 0.0000000000 49.1867713928 0.0315167569 -1.7161610126
345.1897888184 0.0000203766 0.0000000000 0.0000000000 49.1916198730 0.0317059718 -1.7165157795
345.2628784180 0.0000204945 0.0000000000 0.0000000000 49.1964607239 0.0318957269 -1.7168705463
345.3411865234 0.0000206127 0.0000000000 0.0000000000 49.2013130188 0.0320861973 -1.7172234058
345.4183349609 0.0000207313 0.0000000000 0.0000000000 49.2063217163 0.0322773457 -1.7175769806
345.4991455078 0.0000208502 0.0000000000 0.0000000000 49.2113456726 0.0324694663 -1.7179284096
345.5818786621 0.0000209695 0.0000000000 0.0000000000 49.2163505554 0.0326622948 -1.7182781696
345.6697082520 0.0000210892 0.0000000000 0.0000000000 49.2214355469 0.0328557640 -1.7186267376
345.7539367676 0.0000212093 0.0000000000 0.0000000000 49.2265815735 0.0330495052 -1.7189738750
345.8334655762 0.0000213297 0.0000000000 0.0000000000 49.2317237854 0.0332435258 -1.7193224430
345.9028930664 0.0000214505 0.0000000000 0.0000000000 49.2369041443 0.0334378704 -1.7196695805
345.9673461914 0.0000215717 0.0000000000 0.0000000000 49.2421607971 0.0336331166 -1.7200160027
346.0303649902 0.0000216932 0.0000000000 0.0000000000 49.2475280762 0.0338294841 -1.7203607559
346.0972900391 0.0000218152 0.0000000000 0.0000000000 49.2529525757 0.0340267867 -1.7207059860
346.1727600098 0.0000219375 0.0000000000 0.0000000000 49.2582893372 0.0342246741 -1.7210514545
346.2575073242 0.0000220602 0.0000000000 0.0000000000 49.2635002136 0.0344226658 -1.7213959694
346.3383789062 0.0000221832 0.0000000000 0.0000000000 49.2685279846 0.0346209705 -1.7217416763
346.3994140625 0.0000223066 0.0000000000 0.0000000000 49.2735900879 0.0348192565 -1.7220849991
346.4412841797 0.0000224304 0.0000000000 0.0000000000 49.2787666321 0.0350181535 -1.7224278450
346.4796447754 0.0000225546 0.0000000000 0.0000000000 49.2841224670 0.0352179185 -1.7227687836
346.5268859863 0.0000226791 0.0000000000 0.0000000000 49.2896842957 0.0354188420 -1.7231094837
346.5916137695 0.0000228040 0.0000000000 0.0000000000 49.2953414917 0.0356207564 -1.7234501839
346.6780395508 0.0000229293 0.0000000000 0.0000000000 49.3009643555 0.0358232148 -1.7237896919
346.7773742676 0.0000230550 0.0000000000 0.0000000000 49.3064956665 0.0360261425 -1.7241303921
346.8744812012 0.0000231810 0.0000000000 0.0000000000 49.3120155334 0.0362295024 -1.7244691849
346.9631042480 0.0000233074 0.0000000000 0.0000000000 49.3176040649 0.0364332236 -1.7248082161
347.0437011719 0.0000234342 0.0000000000 0.0000000000 49.3232841492 0.0366375633 -1.7251472473
347.1235351562 0.0000235614 0.0000000000 0.0000000000 49.3290290833 0.0368427299 -1.7254891396
347.2070007324 0.0000236889 0.0000000000 0.0000000000 49.3347854614 0.0370490365 -1.7258298397
347.3050537109 0.0000238168 0.0000000000 0.0000000000 49.3405609131 0.0372563675 -1.7261698246
347.4141845703 0.0000239450 0.0000000000 0.0000000000 49.3463287354 0.0374642126 -1.7265138626
347.5196533203 0.0000240737 0.0000000000 0.0000000000 49.3519783020 0.0376724191 -1.7268574238
347.6161804199 0.0000242027 0.0000000000 0.0000000000 49.3576202393 0.0378808454 -1.7272038460
347.7043762207 0.0000243321 0.0000000000 0.0000000000 49.3633155823 0.0380899869 -1.7275524139
347.7824096680 0.0000244619 0.0000000000 0.0000000000 49.3690185547 0.0382996835 -1.7279067039
347.8582458496 0.0000245921 0.0000000000 0.0000000000 49.3748168945 0.0385106280 -1.7282679081
347.9375000000 0.0000247227 0.0000000000 0.0000000000 49.3805313110 0.0387224592 -1.7286362648
348.0187683105 0.0000248536 0.0000000000 0.0000000000 49.3860549927 0.0389349833 -1.7290194035
348.0968627930 0.0000249849 0.0000000000 0.0000000000 49.3912925720 0.0391480401 -1.7294209003
348.1665344238 0.0000251166 0.0000000000 0.0000000000 49.3960304260 0.0393613614 -1.7298359871
348.2381591797 0.0000252487 0.0000000000 0.0000000000 49.4002227783 0.0395749509 -1.7302632332
348.3225402832 0.0000253811 0.0000000000 0.0000000000 49.4040451050 0.0397889577 -1.7306962013
348.4125366211 0.0000255139 0.0000000000 0.0000000000 49.4078636169 0.0400037840 -1.7311325073
348.5231628418 0.0000256470 0.0000000000 0.0000000000 49.4118270874 0.0402197950 -1.7315616608
348.6521606445 0.0000257805 0.0000000000 0.0000000000 49.4155616760 0.0404367819 -1.7319715023
348.7889404297 0.0000259144 0.0000000000 0.0000000000 49.4202690125 0.0406548865 -1.7323596478
348.9348754883 0.0000260486 0.0000000000 0.0000000000 49.4257621765 0.0408737250 -1.7327222824
349.1107177734 0.0000261831 0.0000000000 0.0000000000 49.4318542480 0.0410935022 -1.7330622673
349.3263549805 0.0000263180 0.0000000000 0.0000000000 49.4382095337 0.0413139276 -1.7333755493
349.5809936523 0.0000264533 0.0000000000 0.0000000000 49.4450721741 0.0415341519 -1.7336766720
349.8452148438 0.0000265888 0.0000000000 0.0000000000 49.4525260925 0.0417550802 -1.7339787483
350.1033325195 0.0000267248 0.0000000000 0.0000000000 49.4604988098 0.0419770144 -1.7342839241
350.3517150879 0.0000268610 0.0000000000 0.0000000000 49.4692802429 0.0421998277 -1.7345960140
350.5817260742 0.0000269977 0.0000000000 0.0000000000 49.4784736633 0.0424222872 -1.7349174023
350.7902221680 0.0000271347 0.0000000000 0.0000000000 49.4878082275 0.0426458232 -1.7352440357
350.9841003418 0.0000272720 0.0000000000 0.0000000000 49.4970359802 0.0428704433 -1.7355747223
351.1562500000 0.0000274098 0.0000000000 0.0000000000 49.5059051514 0.0430954248 -1.7359039783
351.2913818359 0.0000275479 0.0000000000 0.0000000000 49.5143013000 0.0433206558 -1.7362332344
351.3836059570 0.0000276864 0.0000000000 0.0000000000 49.5222930908 0.0435469188 -1.7365593910
351.4178161621 0.0000278253 0.0000000000 0.0000000000 49.5299453735 0.0437739752 -1.7368807793
351.4173583984 0.0000279645 0.0000000000 0.0000000000 49.5370941162 0.0440017432 -1.7372007370
351.4096069336 0.0000281042 0.0000000000 0.0000000000 49.5435829163 0.0442300886 -1.7375178337
351.4183349609 0.0000282442 0.0000000000 0.0000000000 49.5492591858 0.0444586985 -1.7378315926
351.4310913086 0.0000283846 0.0000000000 0.0000000000 49.5542411804 0.0446874537 -1.7381441593
351.4422302246 0.0000285254 0.0000000000 0.0000000000 49.5588531494 0.0449171364 -1.7384543419
351.4367980957 0.0000286665 0.0000000000 0.0000000000 49.5632667542 0.0451476090 -1.7387633324
351.4126281738 0.0000288080 0.0000000000 0.0000000000 49.5677490234 0.0453794375 -1.7390716076
351.3883056641 0.0000289499 0.0000000000 0.0000000000 49.5721549988 0.0456122458 -1.7393808365
351.3931579590 0.0000290922 0.0000000000 0.0000000000 49.5764236450 0.0458457880 -1.7396895885
351.4445190430 0.0000292348 0.0000000000 0.0000000000 49.5805549622 0.0460798331 -1.7399981022
351.5311584473 0.0000293778 0.0000000000 0.0000000000 49.5845603943 0.0463141054 -1.7403056622
351.6375427246 0.0000295212 0.0000000000 0.0000000000 49.5887260437 0.0465487801 -1.7406129837
351.7577514648 0.0000296649 0.0000000000 0.0000000000 49.5932006836 0.0467843488 -1.7409148216
351.8826293945 0.0000298090 0.0000000000 0.0000000000 49.5981407166 0.0470211022 -1.7412164211
352.0092163086 0.0000299535 0.0000000000 0.0000000000 49.6035079956 0.0472592786 -1.7415165901
352.1394348145 0.0000300984 0.0000000000 0.0000000000 49.6092300415 0.0474983640 -1.7418146133
352.2740478516 0.0000302437 0.0000000000 0.0000000000 49.6151084900 0.0477379598 -1.7421112061
352.4193115234 0.0000303893 0.0000000000 0.0000000000 49.6211433411 0.0479783341 -1.7424077988
352.5816345215 0.0000305353 0.0000000000 0.0000000000 49.6272430420 0.0482196622 -1.7427041531
352.7508850098 0.0000306818 0.0000000000 0.0000000000 49.6345443726 0.0484619252 -1.7430000305
352.9110717773 0.0000308286 0.0000000000 0.0000000000 49.6397171021 0.0487049557 -1.7432947159
353.0468750000 0.0000309758 0.0000000000 0.0000000000 49.6461524963 0.0489489846 -1.7435898781
353.1617431641 0.0000311234 0.0000000000 0.0000000000 49.6524925232 0.0491942018 -1.7438843250
353.2511596680 0.0000312714 0.0000000000 0.0000000000 49.6586608887 0.0494405739 -1.7441790104
353.3300170898 0.0000314198 0.0000000000 0.0000000000 49.6645355225 0.0496877320 -1.7444725037
353.4069213867 0.0000315686 0.0000000000 0.0000000000 49.6700325012 0.0499354899 -1.7447652817
353.4824523926 0.0000317178 0.0000000000 0.0000000000 49.6752166748 0.0501842014 -1.7450559139
353.5536193848 0.0000318674 0.0000000000 0.0000000000 49.6801567078 0.0504350178 -1.7453465462
353.6224365234 0.0000320175 0.0000000000 0.0000000000 49.6849288940 0.0506848022 -1.7456364632
353.6773986816 0.0000321679 0.0000000000 0.0000000000 49.6895980835 0.0509359986 -1.7459251881
353.7184753418 0.0000323187 0.0000000000 0.0000000000 49.6941833496 0.0511879660 -1.7462115288
353.7580566406 0.0000324700 0.0000000000 0.0000000000 49.6987037659 0.0514407307 -1.7465000153
353.8108215332 0.0000326216 0.0000000000 0.0000000000 49.7031364441 0.0516943634 -1.7467854023
353.8881225586 0.0000327737 0.0000000000 0.0000000000 49.7074890137 0.0519487970 -1.7470715046
353.9920959473 0.0000329261 0.0000000000 0.0000000000 49.7118492126 0.0522043817 -1.7473571301
354.1068725586 0.0000330790 0.0000000000 0.0000000000 49.7161979675 0.0524609014 -1.7476418018
354.2158203125 0.0000332322 0.0000000000 0.0000000000 49.7206382751 0.0527178645 -1.7479259968
354.3166198730 0.0000333859 0.0000000000 0.0000000000 49.7251167297 0.0529755019 -1.7482104301
354.4150695801 0.0000335400 0.0000000000 0.0000000000 49.7296714783 0.0532334931 -1.7484941483
354.5197753906 0.0000336945 0.0000000000 0.0000000000 49.7342758179 0.0534922741 -1.7487769127
354.6439208984 0.0000338494 0.0000000000 0.0000000000 49.7388534546 0.0537519827 -1.7490582466
354.7846679688 0.0000340047 0.0000000000 0.0000000000 49.7431907654 0.0540130697 -1.7493410110
354.9218444824 0.0000341604 0.0000000000 0.0000000000 49.7476654053 0.0542751513 -1.7496221066
355.0549316406 0.0000343165 0.0000000000 0.0000000000 49.7521896362 0.0545379333 -1.7499032021
355.1635131836 0.0000344730 0.0000000000 0.0000000000 49.7567634583 0.0548013635 -1.7501828671
355.2474670410 0.0000346300 0.0000000000 0.0000000000 49.7613067627 0.0550650246 -1.7504634857
355.3180236816 0.0000347873 0.0000000000 0.0000000000 49.7657775879 0.0553292818 -1.7507421970
355.3818054199 0.0000349451 0.0000000000 0.0000000000 49.7701530457 0.0555939488 -1.7510204315
355.4566345215 0.0000351032 0.0000000000 0.0000000000 49.7744216919 0.0558599830 -1.7512993813
355.5415649414 0.0000352618 0.0000000000 0.0000000000 49.7787284851 0.0561277010 -1.7515769005
355.6337280273 0.0000354208 0.0000000000 0.0000000000 49.7829589844 0.0563950129 -1.7518529892
355.7304687500 0.0000355802 0.0000000000 0.0000000000 49.7872505188 0.0566637628 -1.7521309853
355.8349914551 0.0000357400 0.0000000000 0.0000000000 49.7914962769 0.0569331758 -1.7524061203
355.9400939941 0.0000359001 0.0000000000 0.0000000000 49.7957611084 0.0572031178 -1.7526817322
356.0417175293 0.0000360607 0.0000000000 0.0000000000 49.8000717163 0.0574737191 -1.7529573441
356.1444091797 0.0000362217 0.0000000000 0.0000000000 49.8044319153 0.0577452816 -1.7532334328
356.2468566895 0.0000363831 0.0000000000 0.0000000000 49.8088531494 0.0580177866 -1.7535080910
356.3604736328 0.0000365449 0.0000000000 0.0000000000 49.8132553101 0.0582913123 -1.7537825108
356.4866638184 0.0000367072 0.0000000000 0.0000000000 49.8176574707 0.0585657880 -1.7540569305
356.6242370605 0.0000368698 0.0000000000 0.0000000000 49.8220405579 0.0588410124 -1.7543315887
356.7597656250 0.0000370329 0.0000000000 0.0000000000 49.8263511658 0.0591168329 -1.7546036243
356.8833923340 0.0000371963 0.0000000000 0.0000000000 49.8306617737 0.0593934134 -1.7548770905
357.0011291504 0.0000373602 0.0000000000 0.0000000000 49.8350219727 0.0596708879 -1.7551481724
357.1131896973 0.0000375245 0.0000000000 0.0000000000 49.8393440247 0.0599491931 -1.7554211617
357.2278442383 0.0000376893 0.0000000000 0.0000000000 49.8436660767 0.0602284558 -1.7556908131
357.3449096680 0.0000378544 0.0000000000 0.0000000000 49.8479156494 0.0605084337 -1.7559626102
357.4652404785 0.0000380200 0.0000000000 0.0000000000 49.8520393372 0.0607890077 -1.7562313080
357.5872802734 0.0000381860 0.0000000000 0.0000000000 49.8560676575 0.0610705391 -1.7565021515
357.7044677734 0.0000383524 0.0000000000 0.0000000000 49.8601188660 0.0613531247 -1.7567720413
357.8206176758 0.0000385192 0.0000000000 0.0000000000 49.8642959595 0.0616376251 -1.7570407391
357.9305114746 0.0000386865 0.0000000000 0.0000000000 49.8685226440 0.0619232506 -1.7573096752
358.0372009277 0.0000388542 0.0000000000 0.0000000000 49.8727874756 0.0622099116 -1.7575778961
358.1382446289 0.0000390223 0.0000000000 0.0000000000 49.8770256042 0.0624968447 -1.7578451633
358.2316894531 0.0000391909 0.0000000000 0.0000000000 49.8810882568 0.0627824441 -1.7581133842
358.3105773926 0.0000393599 0.0000000000 0.0000000000 49.8847122192 0.0630676523 -1.7583804131
358.3781738281 0.0000395293 0.0000000000 0.0000000000 49.8878707886 0.0633543879 -1.7586464882
358.4489440918 0.0000396992 0.0000000000 0.0000000000 49.8909645081 0.0636429638 -1.7589139938
358.5294494629 0.0000398694 0.0000000000 0.0000000000 49.8943557739 0.0639335215 -1.7591791153
358.6093139648 0.0000400401 0.0000000000 0.0000000000 49.8978385925 0.0642249435 -1.7594447136
358.6763000488 0.0000402112 0.0000000000 0.0000000000 49.9012489319 0.0645160526 -1.7597093582
358.7365722656 0.0000403828 0.0000000000 0.0000000000 49.9045677185 0.0648074523 -1.7599725723
358.8047790527 0.0000405548 0.0000000000 0.0000000000 49.9078140259 0.0650999397 -1.7602353096
358.8927001953 0.0000407271 0.0000000000 0.0000000000 49.9110794067 0.0653942004 -1.7604975700
358.9852600098 0.0000409000 0.0000000000 0.0000000000 49.9144287109 0.0656901449 -1.7607600689
359.0756225586 0.0000410732 0.0000000000 0.0000000000 49.9178237915 0.0659874678 -1.7610216141
359.1564636230 0.0000412468 0.0000000000 0.0000000000 49.9211120605 0.0662853420 -1.7612838745
359.2348327637 0.0000414209 0.0000000000 0.0000000000 49.9242897034 0.0665834919 -1.7615468502
359.3155517578 0.0000415954 0.0000000000 0.0000000000 49.9273223877 0.0668821931 -1.7618088722
359.4024963379 0.0000417703 0.0000000000 0.0000000000 49.9302673340 0.0671818554 -1.7620692253
359.4951477051 0.0000419456 0.0000000000 0.0000000000 49.9331665039 0.0674825534 -1.7623281479
359.5911560059 0.0000421214 0.0000000000 0.0000000000 49.9361267090 0.0677847490 -1.7625880241
359.6798400879 0.0000422975 0.0000000000 0.0000000000 49.9390716553 0.0680878684 -1.7628471851
359.7672119141 0.0000424741 0.0000000000 0.0000000000 49.9419555664 0.0683915913 -1.7631053925
359.8589172363 0.0000426512 0.0000000000 0.0000000000 49.9447135925 0.0686957762 -1.7633638382
359.9472656250 0.0000428286 0.0000000000 0.0000000000 49.9473953247 0.0690003335 -1.7636198997
360.0387573242 0.0000430065 0.0000000000 0.0000000000 49.9500656128 0.0693054721 -1.7638766766
360.1407470703 0.0000431848 0.0000000000 0.0000000000 49.9527816772 0.0696123242 -1.7641322613
360.2569274902 0.0000433636 0.0000000000 0.0000000000 49.9555664062 0.0699209720 -1.7643878460
360.3845825195 0.0000435427 0.0000000000 0.0000000000 49.9583168030 0.0702308267 -1.7646427155
360.5082702637 0.0000437223 0.0000000000 0.0000000000 49.9609756470 0.0705410242 -1.7648978233
360.6187744141 0.0000439023 0.0000000000 0.0000000000 49.9635543823 0.0708511770 -1.7651526928
360.7073974609 0.0000440828 0.0000000000 0.0000000000 49.9660873413 0.0711617544 -1.7654061317
360.7914428711 0.0000442636 0.0000000000 0.0000000000 49.9686088562 0.0714737102 -1.7656588554
360.8828735352 0.0000444449 0.0000000000 0.0000000000 49.9710807800 0.0717871934 -1.7659122944
360.9721679688 0.0000446266 0.0000000000 0.0000000000 49.9735145569 0.0721019804 -1.7661643028
361.0513305664 0.0000448087 0.0000000000 0.0000000000 49.9758758545 0.0724176168 -1.7664158344
361.1127929688 0.0000449912 0.0000000000 0.0000000000 49.9781494141 0.0727331713 -1.7666656971
361.1689147949 0.0000451741 0.0000000000 0.0000000000 49.9803047180 0.0730491504 -1.7669160366
361.2331848145 0.0000453575 0.0000000000 0.0000000000 49.9824142456 0.0733665004 -1.7671656609
361.3172607422 0.0000455412 0.0000000000 0.0000000000 49.9845428467 0.0736860409 -1.7674129009
361.4167175293 0.0000457254 0.0000000000 0.0000000000 49.9866752625 0.0740070716 -1.7676599026
361.5241088867 0.0000459100 0.0000000000 0.0000000000 49.9888305664 0.0743297786 -1.7679061890
361.6150817871 0.0000460950 0.0000000000 0.0000000000 49.9909820557 0.0746532753 -1.7681517601
361.6845092773 0.0000462805 0.0000000000 0.0000000000 49.9929962158 0.0749768093 -1.7683954239
361.7455139160 0.0000464663 0.0000000000 0.0000000000 49.9948539734 0.0752999559 -1.7686390877
361.8118286133 0.0000466526 0.0000000000 0.0000000000 49.9965820312 0.0756239146 -1.7688817978
361.8971557617 0.0000468394 0.0000000000 0.0000000000 49.9982223511 0.0759489685 -1.7691245079
361.9977416992 0.0000470265 0.0000000000 0.0000000000 49.9999198914 0.0762761012 -1.7693655491
362.0911865234 0.0000472141 0.0000000000 0.0000000000 50.0017852783 0.0766056776 -1.7696061134
362.1555480957 0.0000474020 0.0000000000 0.0000000000 50.0038070679 0.0769368485 -1.7698471546
362.1983642578 0.0000475904 0.0000000000 0.0000000000 50.0057907104 0.0772677958 -1.7700862885
362.2382507324 0.0000477793 0.0000000000 0.0000000000 50.0076599121 0.0775984973 -1.7703256607
362.2932128906 0.0000479685 0.0000000000 0.0000000000 50.0093421936 0.0779296383 -1.7705633640
362.3682250977 0.0000481581 0.0000000000 0.0000000000 50.0109176636 0.0782613680 -1.7708008289
362.4709472656 0.0000483482 0.0000000000 0.0000000000 50.0124816895 0.0785950720 -1.7710375786
362.5763854980 0.0000485387 0.0000000000 0.0000000000 50.0140762329 0.0789306089 -1.7712740898
362.6606140137 0.0000487295 0.0000000000 0.0000000000 50.0157928467 0.0792678595 -1.7715096474
362.7001953125 0.0000489208 0.0000000000 0.0000000000 50.0176048279 0.0796057582 -1.7717447281
362.7264404297 0.0000491126 0.0000000000 0.0000000000 50.0193367004 0.0799437165 -1.7719793320
362.7831115723 0.0000493047 0.0000000000 0.0000000000 50.0207901001 0.0802816600 -1.7722129822
362.8845825195 0.0000494972 0.0000000000 0.0000000000 50.0220069885 0.0806199014 -1.7724466324
363.0126037598 0.0000496902 0.0000000000 0.0000000000 50.0231361389 0.0809592232 -1.7726786137
363.1331176758 0.0000498836 0.0000000000 0.0000000000 50.0244674683 0.0813009739 -1.7729096413
363.2169494629 0.0000500773 0.0000000000 0.0000000000 50.0261039734 0.0816446170 -1.7731413841
363.2639770508 0.0000502716 0.0000000000 0.0000000000 50.0280189514 0.0819900632 -1.7733721733
363.2995300293 0.0000504662 0.0000000000 0.0000000000 50.0300369263 0.0823366418 -1.7736010551
363.3452453613 0.0000506612 0.0000000000 0.0000000000 50.0320014954 0.0826835856 -1.7738313675
363.4198303223 0.0000508567 0.0000000000 0.0000000000 50.0338630676 0.0830307305 -1.7740600109
363.5064392090 0.0000510525 0.0000000000 0.0000000000 50.0357208252 0.0833785161 -1.7742881775
363.5918273926 0.0000512488 0.0000000000 0.0000000000 50.0376586914 0.0837271735 -1.7745153904
363.6723632812 0.0000514456 0.0000000000 0.0000000000 50.0397796631 0.0840779394 -1.7747421265
363.7385559082 0.0000516427 0.0000000000 0.0000000000 50.0421676636 0.0844309554 -1.7749702930
363.7836914062 0.0000518402 0.0000000000 0.0000000000 50.0447196960 0.0847856104 -1.7751941681
363.8263549805 0.0000520382 0.0000000000 0.0000000000 50.0472755432 0.0851405039 -1.7754201889
363.8863220215 0.0000522366 0.0000000000 0.0000000000 50.0496788025 0.0854945332 -1.7756443024
363.9649658203 0.0000524354 0.0000000000 0.0000000000 50.0519790649 0.0858487487 -1.7758677006
364.0525512695 0.0000526346 0.0000000000 0.0000000000 50.0543594360 0.0862047300 -1.7760906219
364.1339416504 0.0000528342 0.0000000000 0.0000000000 50.0569496155 0.0865632147 -1.7763133049
364.1990051270 0.0000530343 0.0000000000 0.0000000000 50.0597038269 0.0869232267 -1.7765362263
364.2489624023 0.0000532348 0.0000000000 0.0000000000 50.0625076294 0.0872839987 -1.7767577171
364.2975463867 0.0000534357 0.0000000000 0.0000000000 50.0652580261 0.0876450166 -1.7769789696
364.3723449707 0.0000536370 0.0000000000 0.0000000000 50.0679321289 0.0880064294 -1.7771990299
364.4817199707 0.0000538387 0.0000000000 0.0000000000 50.0704956055 0.0883687362 -1.7774181366
364.6036071777 0.0000540409 0.0000000000 0.0000000000 50.0729904175 0.0887322426 -1.7776386738
364.7094421387 0.0000542434 0.0000000000 0.0000000000 50.0754661560 0.0890969187 -1.7778575420
364.7767639160 0.0000544464 0.0000000000 0.0000000000 50.0780410767 0.0894631669 -1.7780761719
364.8135070801 0.0000546498 0.0000000000 0.0000000000 50.0806694031 0.0898309126 -1.7782938480
364.8526611328 0.0000548537 0.0000000000 0.0000000000 50.0831794739 0.0901996270 -1.7785115242
364.9177856445 0.0000550579 0.0000000000 0.0000000000 50.0854759216 0.0905687287 -1.7787292004
365.0074462891 0.0000552626 0.0000000000 0.0000000000 50.0875244141 0.0909377411 -1.7789442539
365.1062316895 0.0000554676 0.0000000000 0.0000000000 50.0893859863 0.0913069546 -1.7791607380
365.1959533691 0.0000556731 0.0000000000 0.0000000000 50.0912094116 0.0916778222 -1.7793753147
365.2645263672 0.0000558791 0.0000000000 0.0000000000 50.0930747986 0.0920518041 -1.7795901299
365.3179321289 0.0000560854 0.0000000000 0.0000000000 50.0949935913 0.0924286470 -1.7798047066
365.3740844727 0.0000562922 0.0000000000 0.0000000000 50.0968017578 0.0928024426 -1.7800190449
365.4416809082 0.0000564994 0.0000000000 0.0000000000 50.0984764099 0.0931764618 -1.7802314758
365.5135803223 0.0000567070 0.0000000000 0.0000000000 50.1000480652 0.0935522243 -1.7804436684
365.5792236328 0.0000569150 0.0000000000 0.0000000000 50.1015090942 0.0939285681 -1.7806553841
365.6327514648 0.0000571235 0.0000000000 0.0000000000 50.1029624939 0.0943061411 -1.7808661461
365.6733703613 0.0000573324 0.0000000000 0.0000000000 50.1044502258 0.0946852118 -1.7810783386
365.7063293457 0.0000575416 0.0000000000 0.0000000000 50.1059265137 0.0950652212 -1.7812876701
365.7475280762 0.0000577514 0.0000000000 0.0000000000 50.1074256897 0.0954468995 -1.7814979553
365.8054504395 0.0000579615 0.0000000000 0.0000000000 50.1089401245 0.0958303586 -1.7817082405
365.8773498535 0.0000581720 0.0000000000 0.0000000000 50.1104202271 0.0962142572 -1.7819166183
365.9518127441 0.0000583830 0.0000000000 0.0000000000 50.1118927002 0.0965981558 -1.7821254730
366.0131225586 0.0000585945 0.0000000000 0.0000000000 50.1133842468 0.0969827920 -1.7823345661
366.0725402832 0.0000588063 0.0000000000 0.0000000000 50.1148910522 0.0973688141 -1.7825415134
366.1451721191 0.0000590185 0.0000000000 0.0000000000 50.1164474487 0.0977566168 -1.7827491760
366.2323913574 0.0000592312 0.0000000000 0.0000000000 50.1179924011 0.0981460735 -1.7829577923
366.3186340332 0.0000594443 0.0000000000 0.0000000000 50.1195106506 0.0985363498 -1.7831645012
366.4008789062 0.0000596578 0.0000000000 0.0000000000 50.1209869385 0.0989272669 -1.7833704948
366.4767761230 0.0000598718 0.0000000000 0.0000000000 50.1224670410 0.0993185043 -1.7835772038
366.5591430664 0.0000600861 0.0000000000 0.0000000000 50.1238784790 0.0997106731 -1.7837831974
366.6445312500 0.0000603009 0.0000000000 0.0000000000 50.1252632141 0.1001039743 -1.7839896679
366.7289123535 0.0000605162 0.0000000000 0.0000000000 50.1266593933 0.1004985198 -1.7841935158
366.8171691895 0.0000607319 0.0000000000 0.0000000000 50.1280288696 0.1008943170 -1.7843987942
366.9009399414 0.0000609480 0.0000000000 0.0000000000 50.1293106079 0.1012904644 -1.7846033573
366.9647827148 0.0000611645 0.0000000000 0.0000000000 50.1305503845 0.1016868278 -1.7848076820
367.0260925293 0.0000613815 0.0000000000 0.0000000000 50.1317329407 0.1020835638 -1.7850108147
367.0927429199 0.0000615989 0.0000000000 0.0000000000 50.1328544617 0.1024810150 -1.7852141857
367.1632690430 0.0000618167 0.0000000000 0.0000000000 50.1339759827 0.1028800532 -1.7854168415
367.2359008789 0.0000620350 0.0000000000 0.0000000000 50.1351242065 0.1032805443 -1.7856194973
367.2940673828 0.0000622537 0.0000000000 0.0000000000 50.1363143921 0.1036816463 -1.7858219147
367.3374328613 0.0000624728 0.0000000000 0.0000000000 50.1375465393 0.1040836498 -1.7860231400
367.3753356934 0.0000626924 0.0000000000 0.0000000000 50.1388320923 0.1044868976 -1.7862255573
367.4178771973 0.0000629124 0.0000000000 0.0000000000 50.1401519775 0.1048915982 -1.7864260674
367.4758605957 0.0000631328 0.0000000000 0.0000000000 50.1414070129 0.1052970663 -1.7866277695
367.5473632812 0.0000633537 0.0000000000 0.0000000000 50.1426239014 0.1057035252 -1.7868282795
367.6177978516 0.0000635749 0.0000000000 0.0000000000 50.1438255310 0.1061111912 -1.7870292664
367.6743774414 0.0000637966 0.0000000000 0.0000000000 50.1450424194 0.1065196544 -1.7872290611
367.7162780762 0.0000640187 0.0000000000 0.0000000000 50.1463050842 0.1069295406 -1.7874288559
367.7563781738 0.0000642413 0.0000000000 0.0000000000 50.1475448608 0.1073402986 -1.7876279354
367.8067321777 0.0000644643 0.0000000000 0.0000000000 50.1487197876 0.1077515781 -1.7878272533
367.8742980957 0.0000646877 0.0000000000 0.0000000000 50.1497764587 0.1081634164 -1.7880272865
367.9478759766 0.0000649115 0.0000000000 0.0000000000 50.1508140564 0.1085764021 -1.7882261276
368.0270690918 0.0000651357 0.0000000000 0.0000000000 50.1518821716 0.1089915112 -1.7884249687
368.0898132324 0.0000653604 0.0000000000 0.0000000000 50.1530265808 0.1094086021 -1.7886238098
368.1426086426 0.0000655855 0.0000000000 0.0000000000 50.1540946960 0.1098257750 -1.7888221741
368.1965026855 0.0000658110 0.0000000000 0.0000000000 50.1549682617 0.1102422774 -1.7890193462
368.2662963867 0.0000660370 0.0000000000 0.0000000000 50.1556549072 0.1106583998 -1.7892162800
368.3661193848 0.0000662634 0.0000000000 0.0000000000 50.1561775208 0.1110753641 -1.7894139290
368.4725341797 0.0000664902 0.0000000000 0.0000000000 50.1567077637 0.1114943102 -1.7896108627
368.5690307617 0.0000667174 0.0000000000 0.0000000000 50.1572952271 0.1119152531 -1.7898073196
368.6388549805 0.0000669451 0.0000000000 0.0000000000 50.1578636169 0.1123365015 -1.7900028229
368.6784973145 0.0000671732 0.0000000000 0.0000000000 50.1584167480 0.1127580032 -1.7901978493
368.7195434570 0.0000674017 0.0000000000 0.0000000000 50.1588973999 0.1131791919 -1.7903923988
368.7950744629 0.0000676306 0.0000000000 0.0000000000 50.1592864990 0.1136015356 -1.7905881405
368.9031372070 0.0000678600 0.0000000000 0.0000000000 50.1596870422 0.1140248403 -1.7907810211
369.0121154785 0.0000680898 0.0000000000 0.0000000000 50.1601715088 0.1144496277 -1.7909762859
369.0936584473 0.0000683201 0.0000000000 0.0000000000 50.1608314514 0.1148760542 -1.7911710739
369.1414489746 0.0000685508 0.0000000000 0.0000000000 50.1616287231 0.1153030246 -1.7913634777
369.1868896484 0.0000687819 0.0000000000 0.0000000000 50.1624221802 0.1157304421 -1.7915580273
369.2579345703 0.0000690135 0.0000000000 0.0000000000 50.1631355286 0.1161584631 -1.7917509079
369.3522338867 0.0000692455 0.0000000000 0.0000000000 50.1638412476 0.1165878400 -1.7919437885
369.4400939941 0.0000694780 0.0000000000 0.0000000000 50.1645050049 0.1170184538 -1.7921371460
369.5036010742 0.0000697109 0.0000000000 0.0000000000 50.1651916504 0.1174494997 -1.7923283577
369.5564270020 0.0000699442 0.0000000000 0.0000000000 50.1658897400 0.1178816631 -1.7925202847
369.6083679199 0.0000701780 0.0000000000 0.0000000000 50.1665573120 0.1183151156 -1.7927119732
369.6675720215 0.0000704122 0.0000000000 0.0000000000 50.1671752930 0.1187497899 -1.7929029465
369.7374572754 0.0000706469 0.0000000000 0.0000000000 50.1677207947 0.1191852987 -1.7930946350
369.8108520508 0.0000708820 0.0000000000 0.0000000000 50.1682090759 0.1196217164 -1.7932856083
369.8804626465 0.0000711175 0.0000000000 0.0000000000 50.1686592102 0.1200584620 -1.7934763432
369.9378356934 0.0000713535 0.0000000000 0.0000000000 50.1690902710 0.1204953045 -1.7936668396
369.9805908203 0.0000715900 0.0000000000 0.0000000000 50.1695899963 0.1209338158 -1.7938561440
370.0338134766 0.0000718269 0.0000000000 0.0000000000 50.1700935364 0.1213743389 -1.7940464020
370.1046752930 0.0000720642 0.0000000000 0.0000000000 50.1705894470 0.1218160912 -1.7942361832
370.1802978516 0.0000723020 0.0000000000 0.0000000000 50.1710968018 0.1222590134 -1.7944245338
370.2428894043 0.0000725402 0.0000000000 0.0000000000 50.1715431213 0.1227017492 -1.7946140766
370.2926025391 0.0000727788 0.0000000000 0.0000000000 50.1719589233 0.1231445521 -1.7948021889
370.3479309082 0.0000730179 0.0000000000 0.0000000000 50.1723823547 0.1235891357 -1.7949907780
370.4129943848 0.0000732574 0.0000000000 0.0000000000 50.1727905273 0.1240348741 -1.7951772213
370.4968872070 0.0000734974 0.0000000000 0.0000000000 50.1732864380 0.1244824156 -1.7953655720
370.5801086426 0.0000737379 0.0000000000 0.0000000000 50.1736640930 0.1249311268 -1.7955522537
370.6491394043 0.0000739787 0.0000000000 0.0000000000 50.1740722656 0.1253793836 -1.7957384586
370.7107543945 0.0000742200 0.0000000000 0.0000000000 50.1744194031 0.1258275956 -1.7959256172
370.7811889648 0.0000744618 0.0000000000 0.0000000000 50.1746330261 0.1262762547 -1.7961125374
370.8619384766 0.0000747040 0.0000000000 0.0000000000 50.1748008728 0.1267272681 -1.7962975502
370.9523315430 0.0000749466 0.0000000000 0.0000000000 50.1749763489 0.1271813214 -1.7964837551
371.0387573242 0.0000751897 0.0000000000 0.0000000000 50.1751022339 0.1276361048 -1.7966701984
371.1247253418 0.0000754332 0.0000000000 0.0000000000 50.1751136780 0.1280904114 -1.7968556881
371.2137756348 0.0000756772 0.0000000000 0.0000000000 50.1749954224 0.1285437196 -1.7970404625
371.2904052734 0.0000759217 0.0000000000 0.0000000000 50.1749191284 0.1289977580 -1.7972254753
371.3660888672 0.0000761666 0.0000000000 0.0000000000 50.1749343872 0.1294543892 -1.7974085808
371.4391479492 0.0000764119 0.0000000000 0.0000000000 50.1750526428 0.1299131960 -1.7975916862
371.5049133301 0.0000766577 0.0000000000 0.0000000000 50.1751708984 0.1303717643 -1.7977752686
371.5690612793 0.0000769039 0.0000000000 0.0000000000 50.1752243042 0.1308290213 -1.7979583740
371.6455383301 0.0000771506 0.0000000000 0.0000000000 50.1752662659 0.1312863827 -1.7981414795
371.7344360352 0.0000773977 0.0000000000 0.0000000000 50.1753005981 0.1317449808 -1.7983241081
371.8198852539 0.0000776453 0.0000000000 0.0000000000 50.1753807068 0.1322058141 -1.7985062599
371.8999023438 0.0000778932 0.0000000000 0.0000000000 50.1755638123 0.1326685697 -1.7986879349
371.9788513184 0.0000781417 0.0000000000 0.0000000000 50.1757774353 0.1331320852 -1.7988696098
372.0547485352 0.0000783906 0.0000000000 0.0000000000 50.1759719849 0.1335959733 -1.7990503311
372.1286315918 0.0000786399 0.0000000000 0.0000000000 50.1761398315 0.1340603977 -1.7992317677
372.2048339844 0.0000788897 0.0000000000 0.0000000000 50.1762809753 0.1345259100 -1.7994117737
372.2763366699 0.0000791399 0.0000000000 0.0000000000 50.1764183044 0.1349922568 -1.7995929718
372.3448486328 0.0000793905 0.0000000000 0.0000000000 50.1765174866 0.1354595125 -1.7997727394
372.4075317383 0.0000796416 0.0000000000 0.0000000000 50.1766090393 0.1359277070 -1.7999520302
372.4767456055 0.0000798932 0.0000000000 0.0000000000 50.1766815186 0.1363967359 -1.8001308441
372.5590515137 0.0000801452 0.0000000000 0.0000000000 50.1766967773 0.1368659884 -1.8003110886
372.6467895508 0.0000803976 0.0000000000 0.0000000000 50.1766891479 0.1373363882 -1.8004894257
372.7196350098 0.0000806505 0.0000000000 0.0000000000 50.1766242981 0.1378069520 -1.8006675243
372.7880554199 0.0000809038 0.0000000000 0.0000000000 50.1764869690 0.1382787079 -1.8008460999
372.8563537598 0.0000811576 0.0000000000 0.0000000000 50.1763076782 0.1387518942 -1.8010241985
372.9371032715 0.0000814118 0.0000000000 0.0000000000 50.1761093140 0.1392264813 -1.8012001514
373.0079956055 0.0000816664 0.0000000000 0.0000000000 50.1758003235 0.1397004575 -1.8013765812
373.0705566406 0.0000819214 0.0000000000 0.0000000000 50.1754226685 0.1401733309 -1.8015537262
373.1407165527 0.0000821770 0.0000000000 0.0000000000 50.1749496460 0.1406465322 -1.8017289639
373.2309875488 0.0000824329 0.0000000000 0.0000000000 50.1744651794 0.1411223263 -1.8019046783
373.3250427246 0.0000826893 0.0000000000 0.0000000000 50.1740036011 0.1416006982 -1.8020796776
373.3774108887 0.0000829461 0.0000000000 0.0000000000 50.1734962463 0.1420786977 -1.8022530079
373.4000244141 0.0000832034 0.0000000000 0.0000000000 50.1729888916 0.1425558329 -1.8024277687
373.4502868652 0.0000834611 0.0000000000 0.0000000000 50.1723976135 0.1430331916 -1.8026003838
373.5414733887 0.0000837192 0.0000000000 0.0000000000 50.1717681885 0.1435123682 -1.8027737141
373.6456298828 0.0000839778 0.0000000000 0.0000000000 50.1711959839 0.1439928561 -1.8029468060
373.7167968750 0.0000842369 0.0000000000 0.0000000000 50.1707305908 0.1444736272 -1.8031184673
373.7559509277 0.0000844964 0.0000000000 0.0000000000 50.1704368591 0.1449552923 -1.8032898903
373.7920532227 0.0000847563 0.0000000000 0.0000000000 50.1702537537 0.1454393119 -1.8034615517
373.8637695312 0.0000850167 0.0000000000 0.0000000000 50.1699943542 0.1459238380 -1.8036327362
373.9542541504 0.0000852775 0.0000000000 0.0000000000 50.1696090698 0.1464077085 -1.8038034439
374.0287170410 0.0000855388 0.0000000000 0.0000000000 50.1692123413 0.1468920559 -1.8039739132
374.0788269043 0.0000858005 0.0000000000 0.0000000000 50.1688461304 0.1473773420 -1.8041434288
374.1279296875 0.0000860627 0.0000000000 0.0000000000 50.1684570312 0.1478643715 -1.8043129444
374.1928100586 0.0000863253 0.0000000000 0.0000000000 50.1680259705 0.1483533829 -1.8044829369
374.2606506348 0.0000865884 0.0000000000 0.0000000000 50.1675643921 0.1488433331 -1.8046510220
374.3230895996 0.0000868519 0.0000000000 0.0000000000 50.1670761108 0.1493329257 -1.8048207760
374.3807983398 0.0000871159 0.0000000000 0.0000000000 50.1665954590 0.1498224735 -1.8049893379
374.4339599609 0.0000873803 0.0000000000 0.0000000000 50.1661453247 0.1503132135 -1.8051567078
374.4906616211 0.0000876452 0.0000000000 0.0000000000 50.1657447815 0.1508060992 -1.8053245544
374.5534057617 0.0000879106 0.0000000000 0.0000000000 50.1653785706 0.1513014585 -1.8054919243
374.6195983887 0.0000881764 0.0000000000 0.0000000000 50.1649665833 0.1517975330 -1.8056588173
374.6795959473 0.0000884426 0.0000000000 0.0000000000 50.1644515991 0.1522928476 -1.8058247566
374.7327880859 0.0000887093 0.0000000000 0.0000000000 50.1638450623 0.1527871937 -1.8059914112
374.7908935547 0.0000889764 0.0000000000 0.0000000000 50.1632308960 0.1532821357 -1.8061575890
374.8639831543 0.0000892439 0.0000000000 0.0000000000 50.1626815796 0.1537795961 -1.8063240051
374.9515380859 0.0000895119 0.0000000000 0.0000000000 50.1622047424 0.1542800814 -1.8064897060
375.0350341797 0.0000897804 0.0000000000 0.0000000000 50.1618003845 0.1547787040 -1.8066551685
375.1005859375 0.0000900493 0.0000000000 0.0000000000 50.1615028381 0.1552770734 -1.8068192005
375.1459045410 0.0000903187 0.0000000000 0.0000000000 50.1613388062 0.1557773799 -1.8069849014
375.1910400391 0.0000905885 0.0000000000 0.0000000000 50.1612854004 0.1562798470 -1.8071472645
375.2576904297 0.0000908587 0.0000000000 0.0000000000 50.1612091064 0.1567837000 -1.8073117733
375.3341674805 0.0000911294 0.0000000000 0.0000000000 50.1611747742 0.1572889537 -1.8074748516
375.4052734375 0.0000914006 0.0000000000 0.0000000000 50.1611824036 0.1577950269 -1.8076376915
375.4630126953 0.0000916722 0.0000000000 0.0000000000 50.1612586975 0.1583019495 -1.8078000546
375.5128173828 0.0000919442 0.0000000000 0.0000000000 50.1613082886 0.1588089615 -1.8079621792
375.5704040527 0.0000922167 0.0000000000 0.0000000000 50.1613693237 0.1593165398 -1.8081245422
375.6368713379 0.0000924896 0.0000000000 0.0000000000 50.1615028381 0.1598264575 -1.8082869053
375.7110595703 0.0000927629 0.0000000000 0.0000000000 50.1616477966 0.1603373587 -1.8084487915
375.7840576172 0.0000930367 0.0000000000 0.0000000000 50.1617736816 0.1608480066 -1.8086094856
375.8436889648 0.0000933109 0.0000000000 0.0000000000 50.1619071960 0.1613589525 -1.8087692261
375.9008483887 0.0000935856 0.0000000000 0.0000000000 50.1620330811 0.1618715078 -1.8089313507
375.9633789062 0.0000938607 0.0000000000 0.0000000000 50.1620712280 0.1623846292 -1.8090913296
376.0314331055 0.0000941362 0.0000000000 0.0000000000 50.1619720459 0.1628986895 -1.8092505932
376.0917663574 0.0000944122 0.0000000000 0.0000000000 50.1618270874 0.1634135246 -1.8094105721
376.1489257812 0.0000946886 0.0000000000 0.0000000000 50.1616249084 0.1639292687 -1.8095693588
376.2045593262 0.0000949655 0.0000000000 0.0000000000 50.1613006592 0.1644452065 -1.8097290993
376.2680664062 0.0000952428 0.0000000000 0.0000000000 50.1609230042 0.1649629176 -1.8098876476
376.3440856934 0.0000955206 0.0000000000 0.0000000000 50.1605186462 0.1654821634 -1.8100461960
376.4181823730 0.0000957989 0.0000000000 0.0000000000 50.1600494385 0.1660012454 -1.8102042675
376.4834289551 0.0000960776 0.0000000000 0.0000000000 50.1595611572 0.1665201336 -1.8103609085
376.5455017090 0.0000963567 0.0000000000 0.0000000000 50.1590461731 0.1670394093 -1.8105196953
376.6194152832 0.0000966363 0.0000000000 0.0000000000 50.1585350037 0.1675604284 -1.8106758595
376.7115783691 0.0000969163 0.0000000000 0.0000000000 50.1581001282 0.1680842936 -1.8108329773
376.7995910645 0.0000971968 0.0000000000 0.0000000000 50.1577301025 0.1686100960 -1.8109903336
376.8671569824 0.0000974777 0.0000000000 0.0000000000 50.1574211121 0.1691359282 -1.8111464977
376.9275512695 0.0000977591 0.0000000000 0.0000000000 50.1570053101 0.1696609259 -1.8113021851
377.0013427734 0.0000980410 0.0000000000 0.0000000000 50.1564865112 0.1701859832 -1.8114576340
377.0862426758 0.0000983233 0.0000000000 0.0000000000 50.1560249329 0.1707134992 -1.8116142750
377.1619262695 0.0000986060 0.0000000000 0.0000000000 50.1556739807 0.1712437272 -1.8117685318
377.2177429199 0.0000988891 0.0000000000 0.0000000000 50.1553916931 0.1717747897 -1.8119235039
377.2594909668 0.0000991727 0.0000000000 0.0000000000 50.1551361084 0.1723055840 -1.8120784760
377.3074951172 0.0000994568 0.0000000000 0.0000000000 50.1547889709 0.1728365570 -1.8122332096
377.3660278320 0.0000997412 0.0000000000 0.0000000000 50.1543846130 0.1733678579 -1.8123874664
377.4300231934 0.0001000262 0.0000000000 0.0000000000 50.1538963318 0.1738996506 -1.8125422001
377.4874572754 0.0001003115 0.0000000000 0.0000000000 50.1534843445 0.1744336784 -1.8126950264
377.5473937988 0.0001005973 0.0000000000 0.0000000000 50.1530952454 0.1749693453 -1.8128492832
377.6023559570 0.0001008836 0.0000000000 0.0000000000 50.1526565552 0.1755054444 -1.8130028248
377.6496887207 0.0001011703 0.0000000000 0.0000000000 50.1521911621 0.1760423779 -1.8131556511
377.6951293945 0.0001014575 0.0000000000 0.0000000000 50.1517105103 0.1765799522 -1.8133089542
377.7424316406 0.0001017451 0.0000000000 0.0000000000 50.1511383057 0.1771174520 -1.8134620190
377.8045349121 0.0001020331 0.0000000000 0.0000000000 50.1505165100 0.1776558310 -1.8136134148
377.8901672363 0.0001023216 0.0000000000 0.0000000000 50.1498641968 0.1781960577 -1.8137669563
377.9719238281 0.0001026105 0.0000000000 0.0000000000 50.1492614746 0.1787378341 -1.8139181137
378.0307006836 0.0001028998 0.0000000000 0.0000000000 50.1487846375 0.1792806238 -1.8140707016
378.0763244629 0.0001031896 0.0000000000 0.0000000000 50.1483955383 0.1798247844 -1.8142228127
378.1254577637 0.0001034798 0.0000000000 0.0000000000 50.1480102539 0.1803698242 -1.8143739700
378.1961059570 0.0001037705 0.0000000000 0.0000000000 50.1475028992 0.1809157282 -1.8145256042
378.2951660156 0.0001040616 0.0000000000 0.0000000000 50.1468200684 0.1814614981 -1.8146767616
378.3884277344 0.0001043532 0.0000000000 0.0000000000 50.1461524963 0.1820075959 -1.8148283958
378.4478759766 0.0001046452 0.0000000000 0.0000000000 50.1456184387 0.1825541854 -1.8149785995
378.4848632812 0.0001049376 0.0000000000 0.0000000000 50.1452102661 0.1831023693 -1.8151285648
378.5223388672 0.0001052306 0.0000000000 0.0000000000 50.1448631287 0.1836534739 -1.8152790070
378.5788574219 0.0001055239 0.0000000000 0.0000000000 50.1443977356 0.1842060089 -1.8154301643
378.6592407227 0.0001058178 0.0000000000 0.0000000000 50.1437492371 0.1847583055 -1.8155798912
378.7361450195 0.0001061120 0.0000000000 0.0000000000 50.1429710388 0.1853095591 -1.8157296181
378.7859497070 0.0001064067 0.0000000000 0.0000000000 50.1420783997 0.1858584136 -1.8158793449
378.8300781250 0.0001067018 0.0000000000 0.0000000000 50.1412239075 0.1864090711 -1.8160281181
378.8968200684 0.0001069974 0.0000000000 0.0000000000 50.1404075623 0.1869636178 -1.8161783218
378.9689331055 0.0001072934 0.0000000000 0.0000000000 50.1396751404 0.1875200719 -1.8163273335
379.0119628906 0.0001075898 0.0000000000 0.0000000000 50.1390151978 0.1880770028 -1.8164761066
379.0720214844 0.0001078868 0.0000000000 0.0000000000 50.1382980347 0.1886352003 -1.8166253567
379.1349792480 0.0001081841 0.0000000000 0.0000000000 50.1375427246 0.1891945750 -1.8167731762
379.1831359863 0.0001084819 0.0000000000 0.0000000000 50.1366996765 0.1897527128 -1.8169221878
379.2309570312 0.0001087801 0.0000000000 0.0000000000 50.1357994080 0.1903111488 -1.8170702457
379.2967224121 0.0001090788 0.0000000000 0.0000000000 50.1348571777 0.1908712834 -1.8172187805
379.3751220703 0.0001093780 0.0000000000 0.0000000000 50.1339492798 0.1914336234 -1.8173656464
379.4460449219 0.0001096775 0.0000000000 0.0000000000 50.1331024170 0.1919965595 -1.8175129890
379.4957275391 0.0001099775 0.0000000000 0.0000000000 50.1323776245 0.1925598234 -1.8176596165
379.5352172852 0.0001102779 0.0000000000 0.0000000000 50.1317367554 0.1931228340 -1.8178057671
379.5906066895 0.0001105788 0.0000000000 0.0000000000 50.1311340332 0.1936868280 -1.8179526329
379.6611633301 0.0001108801 0.0000000000 0.0000000000 50.1305770874 0.1942523718 -1.8180997372
379.7244873047 0.0001111819 0.0000000000 0.0000000000 50.1301078796 0.1948191524 -1.8182461262
379.7802124023 0.0001114841 0.0000000000 0.0000000000 50.1297073364 0.1953868419 -1.8183917999
379.8220520020 0.0001117867 0.0000000000 0.0000000000 50.1293983459 0.1959557384 -1.8185384274
379.8643493652 0.0001120898 0.0000000000 0.0000000000 50.1290321350 0.1965234429 -1.8186833858
379.9268188477 0.0001123933 0.0000000000 0.0000000000 50.1285362244 0.1970909089 -1.8188300133
380.0057067871 0.0001126972 0.0000000000 0.0000000000 50.1279602051 0.1976585984 -1.8189744949
380.0780334473 0.0001130017 0.0000000000 0.0000000000 50.1274833679 0.1982288957 -1.8191204071
380.1520690918 0.0001133065 0.0000000000 0.0000000000 50.1269912720 0.1988011897 -1.8192653656
380.2188110352 0.0001136118 0.0000000000 0.0000000000 50.1264076233 0.1993739158 -1.8194100857
380.2890930176 0.0001139175 0.0000000000 0.0000000000 50.1257591248 0.1999461800 -1.8195550442
380.3651428223 0.0001142237 0.0000000000 0.0000000000 50.1250114441 0.2005190849 -1.8196988106
380.4381408691 0.0001145304 0.0000000000 0.0000000000 50.1241607666 0.2010923326 -1.8198425770
380.5049743652 0.0001148375 0.0000000000 0.0000000000 50.1231422424 0.2016642690 -1.8199863434
380.5670166016 0.0001151450 0.0000000000 0.0000000000 50.1220016479 0.2022369802 -1.8201308250
380.6167297363 0.0001154530 0.0000000000 0.0000000000 50.1208839417 0.2028119117 -1.8202748299
380.6632690430 0.0001157615 0.0000000000 0.0000000000 50.1196708679 0.2033870965 -1.8204183578
380.7071533203 0.0001160704 0.0000000000 0.0000000000 50.1184463501 0.2039633989 -1.8205630779
380.7521362305 0.0001163797 0.0000000000 0.0000000000 50.1170692444 0.2045388967 -1.8207058907
380.8132934570 0.0001166895 0.0000000000 0.0000000000 50.1156120300 0.2051153332 -1.8208491802
380.8817749023 0.0001169997 0.0000000000 0.0000000000 50.1140556335 0.2056912482 -1.8209948540
380.9518127441 0.0001173104 0.0000000000 0.0000000000 50.1125068665 0.2062674761 -1.8211386204
381.0168762207 0.0001176215 0.0000000000 0.0000000000 50.1110725403 0.2068453729 -1.8212842941
381.0639648438 0.0001179331 0.0000000000 0.0000000000 50.1098175049 0.2074248940 -1.8214304447
381.0998840332 0.0001182452 0.0000000000 0.0000000000 50.1086807251 0.2080060989 -1.8215765953
381.1434020996 0.0001185577 0.0000000000 0.0000000000 50.1074943542 0.2085859329 -1.8217225075
381.2081298828 0.0001188706 0.0000000000 0.0000000000 50.1061897278 0.2091640532 -1.8218700886
381.2750244141 0.0001191840 0.0000000000 0.0000000000 50.1049118042 0.2097426951 -1.8220183849
381.3376464844 0.0001194978 0.0000000000 0.0000000000 50.1038017273 0.2103234231 -1.8221671581
381.3890380859 0.0001198121 0.0000000000 0.0000000000 50.1028518677 0.2109059840 -1.8223166466
381.4221191406 0.0001201269 0.0000000000 0.0000000000 50.1020469666 0.2114903033 -1.8224670887
381.4595031738 0.0001204421 0.0000000000 0.0000000000 50.1010894775 0.2120728344 -1.8226177692
381.5168151855 0.0001207577 0.0000000000 0.0000000000 50.0999107361 0.2126525044 -1.8227720261
381.6011352539 0.0001210738 0.0000000000 0.0000000000 50.0985946655 0.2132308036 -1.8229289055
381.6840820312 0.0001213902 0.0000000000 0.0000000000 50.0974349976 0.2138106525 -1.8230872154
381.7536926270 0.0001217072 0.0000000000 0.0000000000 50.0964927673 0.2143918276 -1.8232488632
381.8143920898 0.0001220246 0.0000000000 0.0000000000 50.0956306458 0.2149718255 -1.8234138489
381.8729858398 0.0001223424 0.0000000000 0.0000000000 50.0948410034 0.2155508995 -1.8235819340
381.9423522949 0.0001226608 0.0000000000 0.0000000000 50.0940780640 0.2161300480 -1.8237524033
382.0276794434 0.0001229795 0.0000000000 0.0000000000 50.0932235718 0.2167079002 -1.8239252567
382.1174621582 0.0001232987 0.0000000000 0.0000000000 50.0922393799 0.2172826976 -1.8240993023
382.2039489746 0.0001236184 0.0000000000 0.0000000000 50.0912437439 0.2178548276 -1.8242752552
382.2886657715 0.0001239385 0.0000000000 0.0000000000 50.0902862549 0.2184261084 -1.8244519234
382.3804931641 0.0001242591 0.0000000000 0.0000000000 50.0893363953 0.2189969569 -1.8246259689
382.4584350586 0.0001245801 0.0000000000 0.0000000000 50.0884361267 0.2195667028 -1.8248007298
382.5063781738 0.0001249016 0.0000000000 0.0000000000 50.0875053406 0.2201338261 -1.8249754906
382.5552673340 0.0001252235 0.0000000000 0.0000000000 50.0864067078 0.2206975222 -1.8251552582
382.6215820312 0.0001255458 0.0000000000 0.0000000000 50.0850639343 0.2212594748 -1.8253340721
382.6956481934 0.0001258686 0.0000000000 0.0000000000 50.0837516785 0.2218208313 -1.8255143166
382.7500915527 0.0001261919 0.0000000000 0.0000000000 50.0826225281 0.2223823518 -1.8256959915
382.8152160645 0.0001265156 0.0000000000 0.0000000000 50.0815582275 0.2229435295 -1.8258748055
382.8889465332 0.0001268397 0.0000000000 0.0000000000 50.0805435181 0.2235049456 -1.8260498047
382.9628906250 0.0001271643 0.0000000000 0.0000000000 50.0794410706 0.2240633070 -1.8262200356
383.0619201660 0.0001274893 0.0000000000 0.0000000000 50.0780639648 0.2246168256 -1.8263902664
383.1764221191 0.0001278147 0.0000000000 0.0000000000 50.0766334534 0.2251698226 -1.8265573978
383.2518310547 0.0001281406 0.0000000000 0.0000000000 50.0754699707 0.2257254273 -1.8267207146
383.3028259277 0.0001284669 0.0000000000 0.0000000000 50.0745162964 0.2262836844 -1.8268790245
383.3728027344 0.0001287936 0.0000000000 0.0000000000 50.0734519958 0.2268415838 -1.8270359039
383.4710693359 0.0001291207 0.0000000000 0.0000000000 50.0721244812 0.2273954302 -1.8271894455
383.5600891113 0.0001294483 0.0000000000 0.0000000000 50.0706405640 0.2279456705 -1.8273413181
383.6156311035 0.0001297762 0.0000000000 0.0000000000 50.0692024231 0.2284951955 -1.8274917603
383.6499938965 0.0001301046 0.0000000000 0.0000000000 50.0679130554 0.2290478498 -1.8276417255
383.7229919434 0.0001304334 0.0000000000 0.0000000000 50.0665664673 0.2296044976 -1.8277902603
383.8324584961 0.0001307626 0.0000000000 0.0000000000 50.0650863647 0.2301627547 -1.8279380798
383.9139099121 0.0001310922 0.0000000000 0.0000000000 50.0634727478 0.2307170779 -1.8280844688
383.9407043457 0.0001314223 0.0000000000 0.0000000000 50.0618743896 0.2312678099 -1.8282313347
383.9728088379 0.0001317527 0.0000000000 0.0000000000 50.0602951050 0.2318195254 -1.8283748627
384.0555114746 0.0001320836 0.0000000000 0.0000000000 50.0586776733 0.2323768288 -1.8285202980
384.1327209473 0.0001324149 0.0000000000 0.0000000000 50.0573196411 0.2329394817 -1.8286659718
384.1286621094 0.0001327466 0.0000000000 0.0000000000 50.0563240051 0.2335011959 -1.8288092613
384.1260375977 0.0001330787 0.0000000000 0.0000000000 50.0551071167 0.2340577245 -1.8289515972
384.2000122070 0.0001334113 0.0000000000 0.0000000000 50.0533180237 0.2346096039 -1.8290951252
384.3011779785 0.0001337442 0.0000000000 0.0000000000 50.0514640808 0.2351632565 -1.8292365074
384.3545532227 0.0001340776 0.0000000000 0.0000000000 50.0501441956 0.2357232720 -1.8293788433
384.3517761230 0.0001344115 0.0000000000 0.0000000000 50.0493736267 0.2362905741 -1.8295199871
384.3482666016 0.0001347457 0.0000000000 0.0000000000 50.0484466553 0.2368574291 -1.8296618462
384.4032897949 0.0001350804 0.0000000000 0.0000000000 50.0471191406 0.2374200225 -1.8298008442
384.4825439453 0.0001354155 0.0000000000 0.0000000000 50.0454406738 0.2379771024 -1.8299417496
384.5596008301 0.0001357511 0.0000000000 0.0000000000 50.0437889099 0.2385350466 -1.8300814629
384.5924987793 0.0001360871 0.0000000000 0.0000000000 50.0427093506 0.2391008735 -1.8302216530
384.5961303711 0.0001364235 0.0000000000 0.0000000000 50.0420608521 0.2396737039 -1.8303616047
384.6053161621 0.0001367604 0.0000000000 0.0000000000 50.0412864685 0.2402443290 -1.8305008411
384.6652221680 0.0001370977 0.0000000000 0.0000000000 50.0400581360 0.2408082038 -1.8306400776
384.7565307617 0.0001374354 0.0000000000 0.0000000000 50.0385856628 0.2413687706 -1.8307795525
384.8359375000 0.0001377735 0.0000000000 0.0000000000 50.0373802185 0.2419337332 -1.8309187889
384.8850708008 0.0001381121 0.0000000000 0.0000000000 50.0366325378 0.2425049841 -1.8310565948
384.9129333496 0.0001384511 0.0000000000 0.0000000000 50.0361404419 0.2430795729 -1.8311958313
384.9453430176 0.0001387906 0.0000000000 0.0000000000 50.0356330872 0.2436541766 -1.8313331604
385.0000000000 0.0001391305 0.0000000000 0.0000000000 50.0348396301 0.2442253232 -1.8314719200
385.0823974609 0.0001394708 0.0000000000 0.0000000000 50.0337677002 0.2447929233 -1.8316090107
385.1571960449 0.0001398115 0.0000000000 0.0000000000 50.0327072144 0.2453610003 -1.8317475319
385.2048339844 0.0001401526 0.0000000000 0.0000000000 50.0319709778 0.2459331751 -1.8318848610
385.2414855957 0.0001404942 0.0000000000 0.0000000000 50.0314941406 0.2465097308 -1.8320207596
385.2895812988 0.0001408363 0.0000000000 0.0000000000 50.0309295654 0.2470853776 -1.8321590424
385.3452758789 0.0001411787 0.0000000000 0.0000000000 50.0301933289 0.2476573288 -1.8322947025
385.4031372070 0.0001415216 0.0000000000 0.0000000000 50.0293846130 0.2482291758 -1.8324322701
385.4430236816 0.0001418649 0.0000000000 0.0000000000 50.0287055969 0.2488031834 -1.8325681686
385.5097045898 0.0001422088 0.0000000000 0.0000000000 50.0280151367 0.2493807077 -1.8327038288
385.5669250488 0.0001425530 0.0000000000 0.0000000000 50.0274467468 0.2499599755 -1.8328406811
385.5889587402 0.0001428977 0.0000000000 0.0000000000 50.0269660950 0.2505384982 -1.8329761028
385.5944519043 0.0001432428 0.0000000000 0.0000000000 50.0264968872 0.2511153221 -1.8331112862
385.6527404785 0.0001435884 0.0000000000 0.0000000000 50.0259895325 0.2516957819 -1.8332459927
385.7635803223 0.0001439344 0.0000000000 0.0000000000 50.0253105164 0.2522773445 -1.8333816528
385.8413696289 0.0001442808 0.0000000000 0.0000000000 50.0247421265 0.2528580129 -1.8335161209
385.8576660156 0.0001446277 0.0000000000 0.0000000000 50.0244140625 0.2534376383 -1.8336505890
385.8785705566 0.0001449751 0.0000000000 0.0000000000 50.0241584778 0.2540200651 -1.8337843418
385.9490356445 0.0001453229 0.0000000000 0.0000000000 50.0238609314 0.2546074986 -1.8339183331
386.0382690430 0.0001456712 0.0000000000 0.0000000000 50.0234527588 0.2551956177 -1.8340516090
386.0901794434 0.0001460199 0.0000000000 0.0000000000 50.0228195190 0.2557772398 -1.8341836929
386.1086120605 0.0001463691 0.0000000000 0.0000000000 50.0222511292 0.2563580871 -1.8343172073
386.1629943848 0.0001467188 0.0000000000 0.0000000000 50.0217971802 0.2569456100 -1.8344502449
386.2463073730 0.0001470689 0.0000000000 0.0000000000 50.0214233398 0.2575383484 -1.8345828056
386.2910766602 0.0001474195 0.0000000000 0.0000000000 50.0211906433 0.2581314445 -1.8347170353
386.2978515625 0.0001477705 0.0000000000 0.0000000000 50.0209236145 0.2587201893 -1.8348479271
386.3345947266 0.0001481220 0.0000000000 0.0000000000 50.0203781128 0.2593061924 -1.8349804878
386.4297790527 0.0001484739 0.0000000000 0.0000000000 50.0196456909 0.2598953247 -1.8351125717
386.5097961426 0.0001488262 0.0000000000 0.0000000000 50.0189666748 0.2604850531 -1.8352444172
386.5448303223 0.0001491790 0.0000000000 0.0000000000 50.0186080933 0.2610777915 -1.8353762627
386.5546569824 0.0001495323 0.0000000000 0.0000000000 50.0183639526 0.2616716921 -1.8355085850
386.5952148438 0.0001498860 0.0000000000 0.0000000000 50.0179595947 0.2622666061 -1.8356389999
386.6904907227 0.0001502401 0.0000000000 0.0000000000 50.0172462463 0.2628628314 -1.8357706070
386.7951660156 0.0001505947 0.0000000000 0.0000000000 50.0163803101 0.2634572089 -1.8359029293
386.8291015625 0.0001509496 0.0000000000 0.0000000000 50.0158081055 0.2640536726 -1.8360328674
386.8213806152 0.0001513051 0.0000000000 0.0000000000 50.0153961182 0.2646523416 -1.8361639977
386.8428344727 0.0001516609 0.0000000000 0.0000000000 50.0149040222 0.2652526498 -1.8362951279
386.9317321777 0.0001520172 0.0000000000 0.0000000000 50.0140800476 0.2658531964 -1.8364248276
387.0433044434 0.0001523740 0.0000000000 0.0000000000 50.0129547119 0.2664508224 -1.8365557194
387.0839538574 0.0001527311 0.0000000000 0.0000000000 50.0121078491 0.2670488656 -1.8366856575
387.0854492188 0.0001530888 0.0000000000 0.0000000000 50.0115623474 0.2676503062 -1.8368158340
387.1242675781 0.0001534468 0.0000000000 0.0000000000 50.0109519958 0.2682537138 -1.8369457722
387.1900329590 0.0001538053 0.0000000000 0.0000000000 50.0102500916 0.2688587308 -1.8370766640
387.2436218262 0.0001541642 0.0000000000 0.0000000000 50.0094566345 0.2694608271 -1.8372063637
387.2667846680 0.0001545236 0.0000000000 0.0000000000 50.0087013245 0.2700616121 -1.8373360634
387.2962341309 0.0001548833 0.0000000000 0.0000000000 50.0079421997 0.2706643641 -1.8374657631
387.3605041504 0.0001552436 0.0000000000 0.0000000000 50.0070915222 0.2712702751 -1.8375952244
387.4268188477 0.0001556042 0.0000000000 0.0000000000 50.0062637329 0.2718774974 -1.8377242088
387.4794921875 0.0001559653 0.0000000000 0.0000000000 50.0055656433 0.2724868655 -1.8378541470
387.5207519531 0.0001563269 0.0000000000 0.0000000000 50.0047149658 0.2730937004 -1.8379817009
387.5558166504 0.0001566889 0.0000000000 0.0000000000 50.0036888123 0.2736994922 -1.8381106853
387.6044616699 0.0001570513 0.0000000000 0.0000000000 50.0025177002 0.2743067443 -1.8382408619
387.6614379883 0.0001574141 0.0000000000 0.0000000000 50.0011825562 0.2749152482 -1.8383684158
387.7252502441 0.0001577773 0.0000000000 0.0000000000 49.9998092651 0.2755269408 -1.8384976387
387.7552185059 0.0001581410 0.0000000000 0.0000000000 49.9983901978 0.2761380672 -1.8386259079
387.7834167480 0.0001585051 0.0000000000 0.0000000000 49.9967727661 0.2767474651 -1.8387546539
387.8344726562 0.0001588697 0.0000000000 0.0000000000 49.9949302673 0.2773557603 -1.8388829231
387.9122314453 0.0001592346 0.0000000000 0.0000000000 49.9931068420 0.2779671252 -1.8390119076
387.9788208008 0.0001596000 0.0000000000 0.0000000000 49.9914169312 0.2785816193 -1.8391396999
388.0343627930 0.0001599659 0.0000000000 0.0000000000 49.9898872375 0.2791976929 -1.8392672539
388.0738830566 0.0001603322 0.0000000000 0.0000000000 49.9883384705 0.2798112929 -1.8393952847
388.1326293945 0.0001606990 0.0000000000 0.0000000000 49.9867057800 0.2804239392 -1.8395221233
388.2102661133 0.0001610662 0.0000000000 0.0000000000 49.9850959778 0.2810376585 -1.8396503925
388.2843017578 0.0001614338 0.0000000000 0.0000000000 49.9837150574 0.2816545963 -1.8397779465
388.3403015137 0.0001618018 0.0000000000 0.0000000000 49.9826622009 0.2822746933 -1.8399047852
388.3988037109 0.0001621703 0.0000000000 0.0000000000 49.9814491272 0.2828907669 -1.8400311470
388.4781799316 0.0001625393 0.0000000000 0.0000000000 49.9801292419 0.2835061550 -1.8401589394
388.5708618164 0.0001629087 0.0000000000 0.0000000000 49.9787826538 0.2841233611 -1.8402855396
388.6358032227 0.0001632785 0.0000000000 0.0000000000 49.9776268005 0.2847435176 -1.8404116631
388.6643981934 0.0001636488 0.0000000000 0.0000000000 49.9766883850 0.2853678167 -1.8405377865
388.6761169434 0.0001640195 0.0000000000 0.0000000000 49.9756469727 0.2859902680 -1.8406641483
388.7244873047 0.0001643907 0.0000000000 0.0000000000 49.9744529724 0.2866145968 -1.8407900333
388.8007812500 0.0001647623 0.0000000000 0.0000000000 49.9730491638 0.2872382402 -1.8409159184
388.8534851074 0.0001651343 0.0000000000 0.0000000000 49.9716224670 0.2878607512 -1.8410413265
