#         COST_U        COST_H      COST_D       COST_S       REGU_H       REGU_S          HPO           COSTGLEN 
6444.7094726562 0.0000000000 0.0000000000 0.0000000000 346.9176330566 0.0000000000 21.8599300385
4689.9921875000 0.0000000000 0.0000000000 0.0000000000 342.7929992676 0.0000000021 15.9782762527
3541.7358398438 0.0000000000 0.0000000000 0.0000000001 339.1720275879 0.0000000067 11.7902927399
2703.2033691406 0.0000000000 0.0000000000 0.0000000002 335.5287780762 0.0000000138 8.5527496338
2098.5251464844 0.0000000000 0.0000000000 0.0000000003 331.8216857910 0.0000000195 6.1274762154
1671.7377929688 0.0000000000 0.0000000000 0.0000000004 328.5142211914 0.0000000260 4.3940906525
1361.9696044922 0.0000000000 0.0000000000 0.0000000006 326.1681213379 0.0000000324 3.1597590446
1133.1448974609 0.0000000000 0.0000000000 0.0000000008 324.3020324707 0.0000000398 2.2633600235
963.9720458984 0.0000000000 0.0000000000 0.0000000010 322.8960876465 0.0000000468 1.6160595417
837.6492919922 0.0000000000 0.0000000000 0.0000000012 321.5736389160 0.0000000533 1.1486201286
744.6146240234 0.0000000000 0.0000000000 0.0000000014 320.3531188965 0.0000000608 0.8134584427
677.4727783203 0.0000000000 0.0000000000 0.0000000016 319.2600097656 0.0000000673 0.5774487257
629.0288696289 0.0000000000 0.0000000000 0.0000000018 317.9255676270 0.0000000731 0.4095870256
594.1287841797 0.0000000000 0.0000000000 0.0000000020 316.2360839844 0.0000000799 0.2867871523
569.4284057617 0.0000000000 0.0000000000 0.0000000022 314.3160400391 0.0000000853 0.1929942369
552.1372680664 0.0000000000 0.0000000000 0.0000000024 312.2760009766 0.0000000909 0.1190625429
539.9262084961 0.0000000000 0.0000000000 0.0000000026 309.9122009277 0.0000000951 0.0587042570
530.8686523438 0.0000000000 0.0000000000 0.0000000028 307.4487915039 0.0000000986 0.0080373287
523.7758789062 0.0000000000 0.0000000000 0.0000000030 304.7983093262 0.0000001018 -0.0344668627
518.4634399414 0.0000000000 0.0000000000 0.0000000032 302.5322570801 0.0000001042 -0.0698084831
514.6641235352 0.0000000000 0.0000000000 0.0000000034 300.9743957520 0.0000001067 -0.0989564061
511.8789367676 0.0000000000 0.0000000000 0.0000000036 299.7821350098 0.0000001086 -0.1226959229
509.7694396973 0.0000000000 0.0000000000 0.0000000038 298.8568725586 0.0000001104 -0.1419022679
508.0615234375 0.0000000000 0.0000000000 0.0000000040 298.0998535156 0.0000001122 -0.1575577855
506.5736999512 0.0000000000 0.0000000000 0.0000000042 297.3280944824 0.0000001138 -0.1705932021
505.1586303711 0.0000000000 0.0000000000 0.0000000044 296.5036010742 0.0000001151 -0.1818082929
503.7339477539 0.0000000000 0.0000000000 0.0000000047 295.6985778809 0.0000001166 -0.1917193532
502.1960144043 0.0000000000 0.0000000000 0.0000000049 295.0458984375 0.0000001181 -0.2008025050
500.5191040039 0.0000000000 0.0000000000 0.0000000051 294.5208435059 0.0000001194 -0.2093251646
498.7196960449 0.0000000000 0.0000000000 0.0000000053 294.0789184570 0.0000001209 -0.2173934281
496.8371887207 0.0000000000 0.0000000000 0.0000000056 293.7056274414 0.0000001223 -0.2250571847
494.9159545898 0.0000000000 0.0000000000 0.0000000058 293.3285217285 0.0000001240 -0.2322516143
493.0290527344 0.0000000000 0.0000000000 0.0000000060 293.0179748535 0.0000001256 -0.2388836145
491.2259216309 0.0000000000 0.0000000000 0.0000000063 292.7340393066 0.0000001272 -0.2448960245
489.5608825684 0.0000000000 0.0000000000 0.0000000066 292.4809570312 0.0000001290 -0.2502732575
488.0811767578 0.0000000000 0.0000000000 0.0000000068 292.2595825195 0.0000001308 -0.2550226152
486.8276977539 0.0000000000 0.0000000000 0.0000000071 292.0472717285 0.0000001328 -0.2592027187
485.8337707520 0.0000000000 0.0000000000 0.0000000074 291.8531799316 0.0000001348 -0.2629304826
485.1262207031 0.0000000000 0.0000000000 0.0000000076 291.6736450195 0.0000001368 -0.2663694620
484.7164916992 0.0000000000 0.0000000000 0.0000000079 291.4769287109 0.0000001390 -0.2696964741
484.6032714844 0.0000000000 0.0000000000 0.0000000082 291.2493591309 0.0000001411 -0.2730308771
484.7712402344 0.0000000000 0.0000000000 0.0000000085 291.0668640137 0.0000001435 -0.2764379382
485.2000122070 0.0000000000 0.0000000000 0.0000000088 290.9002990723 0.0000001458 -0.2799267769
485.8529968262 0.0000000000 0.0000000000 0.0000000092 290.7185363770 0.0000001483 -0.2834360898
486.6838989258 0.0000000000 0.0000000000 0.0000000095 290.5277404785 0.0000001507 -0.2868630886
487.6377868652 0.0000000000 0.0000000000 0.0000000098 290.3295593262 0.0000001534 -0.2901035547
488.6551513672 0.0000000000 0.0000000000 0.0000000102 290.1395263672 0.0000001561 -0.2930844128
489.6761474609 0.0000000000 0.0000000000 0.0000000105 289.9502868652 0.0000001591 -0.2957815528
490.6432800293 0.0000000000 0.0000000000 0.0000000109 289.7532043457 0.0000001621 -0.2982385159
491.5061340332 0.0000000000 0.0000000000 0.0000000113 289.5701293945 0.0000001652 -0.3005376756
492.2273559570 0.0000000000 0.0000000000 0.0000000116 289.3955078125 0.0000001685 -0.3027718365
492.7786254883 0.0000000000 0.0000000000 0.0000000120 289.2461242676 0.0000001718 -0.3050189614
493.1525573730 0.0000000000 0.0000000000 0.0000000124 289.1154785156 0.0000001755 -0.3073107302
493.3610839844 0.0000000000 0.0000000000 0.0000000128 289.0128173828 0.0000001792 -0.3096340299
493.4250488281 0.0000000000 0.0000000000 0.0000000133 288.9387817383 0.0000001830 -0.3119492829
493.3764343262 0.0000000000 0.0000000000 0.0000000137 288.8562011719 0.0000001870 -0.3141997457
493.2570190430 0.0000000000 0.0000000000 0.0000000141 288.7820434570 0.0000001911 -0.3163362145
493.1131286621 0.0000000000 0.0000000000 0.0000000146 288.7317504883 0.0000001954 -0.3183346093
492.9923400879 0.0000000000 0.0000000000 0.0000000151 288.7037963867 0.0000001999 -0.3202061057
492.9293212891 0.0000000000 0.0000000000 0.0000000155 288.6828002930 0.0000002044 -0.3219968975
492.9528198242 0.0000000000 0.0000000000 0.0000000160 288.6181640625 0.0000002092 -0.3237599134
493.0768127441 0.0000000000 0.0000000000 0.0000000165 288.5554504395 0.0000002140 -0.3255381584
493.3047485352 0.0000000000 0.0000000000 0.0000000170 288.5061950684 0.0000002191 -0.3273397386
493.6244506836 0.0000000000 0.0000000000 0.0000000175 288.4541015625 0.0000002244 -0.3291439116
494.0159912109 0.0000000000 0.0000000000 0.0000000180 288.4100952148 0.0000002297 -0.3309165835
494.4503784180 0.0000000000 0.0000000000 0.0000000185 288.3734741211 0.0000002350 -0.3326242864
494.8961181641 0.0000000000 0.0000000000 0.0000000191 288.3263244629 0.0000002408 -0.3342570662
495.3270568848 0.0000000000 0.0000000000 0.0000000196 288.2762451172 0.0000002466 -0.3358201385
495.7179870605 0.0000000000 0.0000000000 0.0000000202 288.2189636230 0.0000002527 -0.3373338580
496.0551757812 0.0000000000 0.0000000000 0.0000000207 288.1743774414 0.0000002588 -0.3388225436
496.3370971680 0.0000000000 0.0000000000 0.0000000213 288.1429443359 0.0000002652 -0.3402985930
496.5666809082 0.0000000000 0.0000000000 0.0000000219 288.1145019531 0.0000002718 -0.3417627215
496.7586669922 0.0000000000 0.0000000000 0.0000000225 288.0838317871 0.0000002784 -0.3432035446
496.9336853027 0.0000000000 0.0000000000 0.0000000231 288.0430297852 0.0000002854 -0.3446072638
497.1125183105 0.0000000000 0.0000000000 0.0000000237 287.9877929688 0.0000002924 -0.3459625542
497.3145751953 0.0000000000 0.0000000000 0.0000000244 287.9168090820 0.0000002997 -0.3472672701
497.5584411621 0.0000000000 0.0000000000 0.0000000250 287.8327026367 0.0000003071 -0.3485274911
497.8539123535 0.0000000000 0.0000000000 0.0000000257 287.7354736328 0.0000003145 -0.3497545123
498.2062377930 0.0000000000 0.0000000000 0.0000000264 287.6276855469 0.0000003223 -0.3509588838
498.6082763672 0.0000000000 0.0000000000 0.0000000271 287.5114746094 0.0000003303 -0.3521462679
499.0488281250 0.0000000000 0.0000000000 0.0000000278 287.3895263672 0.0000003385 -0.3533129692
499.5119323730 0.0000000000 0.0000000000 0.0000000285 287.2640686035 0.0000003466 -0.3544532657
499.9792480469 0.0000000000 0.0000000000 0.0000000292 287.1418151855 0.0000003553 -0.3555606604
500.4335937500 0.0000000000 0.0000000000 0.0000000300 287.0009460449 0.0000003640 -0.3566338420
500.8615722656 0.0000000000 0.0000000000 0.0000000307 286.8603515625 0.0000003730 -0.3576764762
501.2517395020 0.0000000000 0.0000000000 0.0000000315 286.7144165039 0.0000003822 -0.3586941361
501.5981750488 0.0000000000 0.0000000000 0.0000000323 286.5616455078 0.0000003916 -0.3596931398
501.9039916992 0.0000000000 0.0000000000 0.0000000331 286.4040832520 0.0000004011 -0.3606751561
502.1750183105 0.0000000000 0.0000000000 0.0000000339 286.2509765625 0.0000004110 -0.3616403341
502.4190063477 0.0000000000 0.0000000000 0.0000000347 286.1021728516 0.0000004208 -0.3625834882
502.6463012695 0.0000000000 0.0000000000 0.0000000355 285.9578247070 0.0000004310 -0.3635016680
502.8698730469 0.0000000000 0.0000000000 0.0000000364 285.8211364746 0.0000004416 -0.3643969893
503.0968017578 0.0000000000 0.0000000000 0.0000000373 285.6890563965 0.0000004520 -0.3652732670
503.3340759277 0.0000000000 0.0000000000 0.0000000381 285.5644836426 0.0000004628 -0.3661347032
503.5830383301 0.0000000000 0.0000000000 0.0000000390 285.4458007812 0.0000004742 -0.3669854105
503.8424377441 0.0000000000 0.0000000000 0.0000000399 285.3327026367 0.0000004856 -0.3678247929
504.1085205078 0.0000000000 0.0000000000 0.0000000409 285.2255554199 0.0000004973 -0.3686504364
504.3778381348 0.0000000000 0.0000000000 0.0000000418 285.1230773926 0.0000005090 -0.3694607615
504.6459350586 0.0000000000 0.0000000000 0.0000000427 285.0246276855 0.0000005212 -0.3702559471
504.9125061035 0.0000000000 0.0000000000 0.0000000437 284.9288330078 0.0000005336 -0.3710371554
505.1756591797 0.0000000000 0.0000000000 0.0000000447 284.8359680176 0.0000005463 -0.3718082011
505.4391174316 0.0000000000 0.0000000000 0.0000000457 284.7454833984 0.0000005592 -0.3725710213
505.7065734863 0.0000000000 0.0000000000 0.0000000467 284.6541137695 0.0000005724 -0.3733251989
505.9810485840 0.0000000000 0.0000000000 0.0000000477 284.5653381348 0.0000005856 -0.3740698695
506.2687377930 0.0000000000 0.0000000000 0.0000000487 284.4785156250 0.0000005995 -0.3748036921
506.5734252930 0.0000000000 0.0000000000 0.0000000498 284.3929443359 0.0000006135 -0.3755255640
506.8920288086 0.0000000000 0.0000000000 0.0000000508 284.3081970215 0.0000006276 -0.3762378693
507.2234191895 0.0000000000 0.0000000000 0.0000000519 284.2234191895 0.0000006422 -0.3769417405
507.5637207031 0.0000000000 0.0000000000 0.0000000530 284.1395568848 0.0000006566 -0.3776374459
507.9096374512 0.0000000000 0.0000000000 0.0000000541 284.0565795898 0.0000006712 -0.3783259392
508.2554321289 0.0000000000 0.0000000000 0.0000000552 283.9750366211 0.0000006866 -0.3790056109
508.5947875977 0.0000000000 0.0000000000 0.0000000564 283.8977966309 0.0000007017 -0.3796768785
508.9241027832 0.0000000000 0.0000000000 0.0000000575 283.8216857910 0.0000007174 -0.3803399205
509.2399291992 0.0000000000 0.0000000000 0.0000000587 283.7430725098 0.0000007332 -0.3809953928
509.5385131836 0.0000000000 0.0000000000 0.0000000599 283.6740722656 0.0000007492 -0.3816439509
509.8189392090 0.0000000000 0.0000000000 0.0000000611 283.6089172363 0.0000007655 -0.3822857738
510.0816345215 0.0000000000 0.0000000000 0.0000000623 283.5379638672 0.0000007821 -0.3829193711
510.3319702148 0.0000000000 0.0000000000 0.0000000635 283.4713134766 0.0000007986 -0.3835448623
510.5736083984 0.0000000000 0.0000000000 0.0000000647 283.4075622559 0.0000008160 -0.3841617703
510.8090515137 0.0000000000 0.0000000000 0.0000000660 283.3510437012 0.0000008329 -0.3847711980
511.0401611328 0.0000000000 0.0000000000 0.0000000673 283.2899780273 0.0000008504 -0.3853740096
511.2684326172 0.0000000000 0.0000000000 0.0000000686 283.2349548340 0.0000008685 -0.3859705329
511.4937744141 0.0000000000 0.0000000000 0.0000000699 283.1930847168 0.0000008862 -0.3865612447
511.7146911621 0.0000000000 0.0000000000 0.0000000712 283.1390380859 0.0000009046 -0.3871440887
511.9344482422 0.0000000000 0.0000000000 0.0000000726 283.0363159180 0.0000009230 -0.3877194822
512.1538085938 0.0000000000 0.0000000000 0.0000000739 282.9465637207 0.0000009415 -0.3882875144
512.3739624023 0.0000000000 0.0000000000 0.0000000753 282.8791809082 0.0000009610 -0.3888497651
512.5957641602 0.0000000000 0.0000000000 0.0000000767 282.8117065430 0.0000009802 -0.3894056678
512.8187255859 0.0000000000 0.0000000000 0.0000000781 282.7437133789 0.0000010000 -0.3899555206
513.0421752930 0.0000000000 0.0000000000 0.0000000795 282.6748657227 0.0000010196 -0.3904995620
513.2662353516 0.0000000000 0.0000000000 0.0000000809 282.6048278809 0.0000010398 -0.3910381198
513.4902343750 0.0000000000 0.0000000000 0.0000000824 282.5333862305 0.0000010602 -0.3915722966
513.7144165039 0.0000000000 0.0000000000 0.0000000838 282.4605712891 0.0000010809 -0.3921023607
513.9378051758 0.0000000000 0.0000000000 0.0000000853 282.3867797852 0.0000011018 -0.3926284313
514.1612548828 0.0000000000 0.0000000000 0.0000000868 282.3120422363 0.0000011238 -0.3931515217
514.3819580078 0.0000000000 0.0000000000 0.0000000883 282.2366027832 0.0000011452 -0.3936702311
514.5977172852 0.0000000000 0.0000000000 0.0000000898 282.1601867676 0.0000011669 -0.3941850662
514.8060913086 0.0000000000 0.0000000000 0.0000000914 282.0827331543 0.0000011892 -0.3946953118
515.0057983398 0.0000000000 0.0000000000 0.0000000930 282.0049438477 0.0000012111 -0.3952022195
515.1943969727 0.0000000000 0.0000000000 0.0000000945 281.9266662598 0.0000012338 -0.3957054019
515.3738403320 0.0000000000 0.0000000000 0.0000000961 281.8490295410 0.0000012569 -0.3962050974
515.5463867188 0.0000000000 0.0000000000 0.0000000978 281.7718811035 0.0000012795 -0.3967012465
515.7114257812 0.0000000000 0.0000000000 0.0000000994 281.6943359375 0.0000013030 -0.3971943855
515.8740234375 0.0000000000 0.0000000000 0.0000001010 281.6170043945 0.0000013263 -0.3976840973
516.0366821289 0.0000000000 0.0000000000 0.0000001027 281.5400695801 0.0000013500 -0.3981716633
516.1962890625 0.0000000000 0.0000000000 0.0000001044 281.4631652832 0.0000013739 -0.3986555934
516.3530273438 0.0000000000 0.0000000000 0.0000001061 281.3865051270 0.0000013983 -0.3991361856
516.5059204102 0.0000000000 0.0000000000 0.0000001078 281.3086242676 0.0000014226 -0.3996133208
516.6550903320 0.0000000000 0.0000000000 0.0000001095 281.2300415039 0.0000014474 -0.4000872672
516.7985839844 0.0000000000 0.0000000000 0.0000001113 281.1513671875 0.0000014727 -0.4005579054
516.9370117188 0.0000000000 0.0000000000 0.0000001130 281.0725402832 0.0000014986 -0.4010250270
517.0688476562 0.0000000000 0.0000000000 0.0000001148 280.9939270020 0.0000015241 -0.4014885426
517.1952514648 0.0000000000 0.0000000000 0.0000001166 280.9162597656 0.0000015506 -0.4019491076
517.3190917969 0.0000000000 0.0000000000 0.0000001184 280.8392639160 0.0000015769 -0.4024067223
517.4420776367 0.0000000000 0.0000000000 0.0000001203 280.7627868652 0.0000016036 -0.4028617740
517.5646972656 0.0000000000 0.0000000000 0.0000001221 280.6863403320 0.0000016306 -0.4033141136
517.6891479492 0.0000000000 0.0000000000 0.0000001240 280.6106567383 0.0000016585 -0.4037635326
517.8151855469 0.0000000000 0.0000000000 0.0000001259 280.5365600586 0.0000016860 -0.4042096138
517.9437255859 0.0000000000 0.0000000000 0.0000001278 280.4634399414 0.0000017144 -0.4046534896
518.0726318359 0.0000000000 0.0000000000 0.0000001297 280.3833618164 0.0000017428 -0.4050945640
518.2015991211 0.0000000000 0.0000000000 0.0000001316 280.3006591797 0.0000017716 -0.4055330753
518.3312988281 0.0000000000 0.0000000000 0.0000001336 280.2277221680 0.0000018005 -0.4059696794
518.4592895508 0.0000000000 0.0000000000 0.0000001356 280.1447753906 0.0000018299 -0.4064035416
518.5852050781 0.0000000000 0.0000000000 0.0000001376 280.0707397461 0.0000018595 -0.4068351388
518.7080688477 0.0000000000 0.0000000000 0.0000001396 279.9983520508 0.0000018893 -0.4072652161
518.8269653320 0.0000000000 0.0000000000 0.0000001416 279.9274291992 0.0000019197 -0.4076922536
518.9436035156 0.0000000000 0.0000000000 0.0000001436 279.8582458496 0.0000019507 -0.4081180096
519.0572509766 0.0000000000 0.0000000000 0.0000001457 279.7916564941 0.0000019815 -0.4085412621
519.1666870117 0.0000000000 0.0000000000 0.0000001478 279.7281188965 0.0000020126 -0.4089626074
519.2695312500 0.0000000000 0.0000000000 0.0000001499 279.6657409668 0.0000020447 -0.4093815684
519.3659667969 0.0000000000 0.0000000000 0.0000001520 279.6032714844 0.0000020768 -0.4097989798
519.4577026367 0.0000000000 0.0000000000 0.0000001541 279.5401611328 0.0000021089 -0.4102137685
519.5457153320 0.0000000000 0.0000000000 0.0000001563 279.4760131836 0.0000021419 -0.4106283784
519.6321411133 0.0000000000 0.0000000000 0.0000001585 279.4098815918 0.0000021744 -0.4110410213
519.7170410156 0.0000000000 0.0000000000 0.0000001606 279.3429260254 0.0000022080 -0.4114522934
519.8057861328 0.0000000000 0.0000000000 0.0000001628 279.2757263184 0.0000022418 -0.4118619561
519.8971557617 0.0000000000 0.0000000000 0.0000001651 279.2087402344 0.0000022760 -0.4122706652
519.9921875000 0.0000000000 0.0000000000 0.0000001673 279.1429443359 0.0000023101 -0.4126780927
520.0913696289 0.0000000000 0.0000000000 0.0000001696 279.0783996582 0.0000023447 -0.4130842090
520.1930541992 0.0000000000 0.0000000000 0.0000001718 279.0156250000 0.0000023796 -0.4134892225
520.2988281250 0.0000000000 0.0000000000 0.0000001741 278.9556274414 0.0000024148 -0.4138930142
520.4079589844 0.0000000000 0.0000000000 0.0000001764 278.8973388672 0.0000024505 -0.4142946005
520.5177001953 0.0000000000 0.0000000000 0.0000001787 278.8429870605 0.0000024864 -0.4146952033
520.6243286133 0.0000000000 0.0000000000 0.0000001811 278.7933044434 0.0000025225 -0.4150938094
520.7299194336 0.0000000000 0.0000000000 0.0000001834 278.7472229004 0.0000025591 -0.4154911339
520.8331298828 0.0000000000 0.0000000000 0.0000001858 278.6979064941 0.0000025961 -0.4158864915
520.9351196289 0.0000000000 0.0000000000 0.0000001882 278.6356811523 0.0000026334 -0.4162801206
521.0339355469 0.0000000000 0.0000000000 0.0000001906 278.5608825684 0.0000026709 -0.4166721106
521.1291503906 0.0000000000 0.0000000000 0.0000001931 278.4794616699 0.0000027090 -0.4170619249
521.2199707031 0.0000000000 0.0000000000 0.0000001955 278.4044799805 0.0000027473 -0.4174494445
521.3051147461 0.0000000000 0.0000000000 0.0000001980 278.3340759277 0.0000027860 -0.4178357720
521.3867797852 0.0000000000 0.0000000000 0.0000002005 278.2674255371 0.0000028252 -0.4182197154
521.4646606445 0.0000000000 0.0000000000 0.0000002030 278.2026367188 0.0000028643 -0.4186023772
521.5411376953 0.0000000000 0.0000000000 0.0000002055 278.1389465332 0.0000029031 -0.4189836383
521.6186523438 0.0000000000 0.0000000000 0.0000002080 278.0765991211 0.0000029430 -0.4193634391
521.6993408203 0.0000000000 0.0000000000 0.0000002105 278.0152282715 0.0000029831 -0.4197417498
521.7844238281 0.0000000000 0.0000000000 0.0000002131 277.9544677734 0.0000030235 -0.4201182723
521.8723754883 0.0000000000 0.0000000000 0.0000002157 277.8949890137 0.0000030641 -0.4204930961
521.9656982422 0.0000000000 0.0000000000 0.0000002182 277.8373413086 0.0000031050 -0.4208662510
522.0659179688 0.0000000000 0.0000000000 0.0000002209 277.7807617188 0.0000031462 -0.4212382436
522.1731567383 0.0000000000 0.0000000000 0.0000002235 277.7249450684 0.0000031878 -0.4216080904
522.2861938477 0.0000000000 0.0000000000 0.0000002261 277.6686401367 0.0000032299 -0.4219767451
522.4044799805 0.0000000000 0.0000000000 0.0000002288 277.6122436523 0.0000032720 -0.4223439693
522.5250854492 0.0000000000 0.0000000000 0.0000002315 277.5552673340 0.0000033142 -0.4227098823
522.6475830078 0.0000000000 0.0000000000 0.0000002342 277.4970397949 0.0000033578 -0.4230738878
522.7709350586 0.0000000000 0.0000000000 0.0000002369 277.4379882812 0.0000034009 -0.4234365821
522.8901367188 0.0000000000 0.0000000000 0.0000002396 277.3793029785 0.0000034445 -0.4237976372
523.0042724609 0.0000000000 0.0000000000 0.0000002424 277.3216247559 0.0000034891 -0.4241569638
523.1134643555 0.0000000000 0.0000000000 0.0000002452 277.2644653320 0.0000035331 -0.4245156646
523.2191772461 0.0000000000 0.0000000000 0.0000002480 277.2081604004 0.0000035776 -0.4248725772
523.3225708008 0.0000000000 0.0000000000 0.0000002508 277.1519775391 0.0000036228 -0.4252283573
523.4243164062 0.0000000000 0.0000000000 0.0000002536 277.0964355469 0.0000036680 -0.4255833626
523.5227661133 0.0000000000 0.0000000000 0.0000002565 277.0418701172 0.0000037137 -0.4259367287
523.6173706055 0.0000000000 0.0000000000 0.0000002593 276.9878234863 0.0000037596 -0.4262895584
523.7069091797 0.0000000000 0.0000000000 0.0000002622 276.9342346191 0.0000038058 -0.4266404808
523.7919921875 0.0000000000 0.0000000000 0.0000002651 276.8809814453 0.0000038523 -0.4269897938
523.8753051758 0.0000000000 0.0000000000 0.0000002680 276.8286437988 0.0000038995 -0.4273375571
523.9582519531 0.0000000000 0.0000000000 0.0000002709 276.7770080566 0.0000039472 -0.4276840091
524.0429687500 0.0000000000 0.0000000000 0.0000002739 276.7257995605 0.0000039945 -0.4280285835
524.1269531250 0.0000000000 0.0000000000 0.0000002769 276.6752014160 0.0000040422 -0.4283708334
524.2099609375 0.0000000000 0.0000000000 0.0000002799 276.6260070801 0.0000040910 -0.4287102818
524.2924194336 0.0000000000 0.0000000000 0.0000002829 276.5782775879 0.0000041396 -0.4290476441
524.3726196289 0.0000000000 0.0000000000 0.0000002859 276.5291442871 0.0000041885 -0.4293832779
524.4516601562 0.0000000000 0.0000000000 0.0000002889 276.4831237793 0.0000042384 -0.4297159314
524.5295410156 0.0000000000 0.0000000000 0.0000002920 276.4383544922 0.0000042876 -0.4300468564
524.6063232422 0.0000000000 0.0000000000 0.0000002951 276.3945617676 0.0000043379 -0.4303753376
524.6833496094 0.0000000000 0.0000000000 0.0000002982 276.3518371582 0.0000043880 -0.4307011366
524.7605590820 0.0000000000 0.0000000000 0.0000003013 276.3102722168 0.0000044387 -0.4310253263
524.8386230469 0.0000000000 0.0000000000 0.0000003045 276.2699279785 0.0000044897 -0.4313478470
524.9193725586 0.0000000000 0.0000000000 0.0000003076 276.2304687500 0.0000045410 -0.4316684306
525.0063476562 0.0000000000 0.0000000000 0.0000003108 276.1913757324 0.0000045926 -0.4319878221
525.0975952148 0.0000000000 0.0000000000 0.0000003140 276.1520385742 0.0000046446 -0.4323053360
525.1920166016 0.0000000000 0.0000000000 0.0000003172 276.1123352051 0.0000046976 -0.4326207638
525.2873535156 0.0000000000 0.0000000000 0.0000003205 276.0726318359 0.0000047512 -0.4329342842
525.3822021484 0.0000000000 0.0000000000 0.0000003237 276.0322265625 0.0000048043 -0.4332465231
525.4754638672 0.0000000000 0.0000000000 0.0000003270 275.9911499023 0.0000048591 -0.4335566759
525.5671386719 0.0000000000 0.0000000000 0.0000003303 275.9493408203 0.0000049138 -0.4338658154
525.6555175781 0.0000000000 0.0000000000 0.0000003336 275.9072265625 0.0000049687 -0.4341729283
525.7398071289 0.0000000000 0.0000000000 0.0000003369 275.8650817871 0.0000050239 -0.4344789386
525.8197631836 0.0000000000 0.0000000000 0.0000003403 275.8233947754 0.0000050806 -0.4347833395
525.8941650391 0.0000000000 0.0000000000 0.0000003437 275.7823181152 0.0000051371 -0.4350861013
525.9670410156 0.0000000000 0.0000000000 0.0000003470 275.7422790527 0.0000051941 -0.4353870153
526.0368652344 0.0000000000 0.0000000000 0.0000003505 275.7035217285 0.0000052511 -0.4356870949
526.1055908203 0.0000000000 0.0000000000 0.0000003539 275.6659240723 0.0000053090 -0.4359855056
526.1759033203 0.0000000000 0.0000000000 0.0000003573 275.6291809082 0.0000053673 -0.4362829328
526.2471313477 0.0000000000 0.0000000000 0.0000003608 275.5932617188 0.0000054263 -0.4365787804
526.3220214844 0.0000000000 0.0000000000 0.0000003643 275.5584106445 0.0000054848 -0.4368740320
526.4002075195 0.0000000000 0.0000000000 0.0000003678 275.5249938965 0.0000055445 -0.4371675849
526.4799804688 0.0000000000 0.0000000000 0.0000003714 275.4931030273 0.0000056051 -0.4374604225
526.5621948242 0.0000000000 0.0000000000 0.0000003749 275.4622497559 0.0000056659 -0.4377514720
526.6468505859 0.0000000000 0.0000000000 0.0000003785 275.4310607910 0.0000057261 -0.4380420446
526.7355957031 0.0000000000 0.0000000000 0.0000003821 275.3974914551 0.0000057875 -0.4383314252
526.8284301758 0.0000000000 0.0000000000 0.0000003857 275.3600463867 0.0000058496 -0.4386197329
526.9238891602 0.0000000000 0.0000000000 0.0000003894 275.3198242188 0.0000059112 -0.4389064908
527.0234985352 0.0000000000 0.0000000000 0.0000003930 275.2802429199 0.0000059733 -0.4391929507
527.1248168945 0.0000000000 0.0000000000 0.0000003967 275.2428588867 0.0000060370 -0.4394783378
527.2275390625 0.0000000000 0.0000000000 0.0000004004 275.2069396973 0.0000061003 -0.4397627711
527.3317871094 0.0000000000 0.0000000000 0.0000004042 275.1727600098 0.0000061643 -0.4400462508
527.4373168945 0.0000000000 0.0000000000 0.0000004079 275.1402282715 0.0000062290 -0.4403286576
527.5450439453 0.0000000000 0.0000000000 0.0000004117 275.1089477539 0.0000062944 -0.4406102896
527.6535644531 0.0000000000 0.0000000000 0.0000004155 275.0786743164 0.0000063605 -0.4408906996
527.7603759766 0.0000000000 0.0000000000 0.0000004193 275.0485229492 0.0000064271 -0.4411699772
527.8663330078 0.0000000000 0.0000000000 0.0000004231 275.0183410645 0.0000064931 -0.4414479733
527.9728393555 0.0000000000 0.0000000000 0.0000004270 274.9883422852 0.0000065610 -0.4417257309
528.0787963867 0.0000000000 0.0000000000 0.0000004308 274.9588317871 0.0000066292 -0.4420019090
528.1853027344 0.0000000000 0.0000000000 0.0000004347 274.9299011230 0.0000066975 -0.4422775209
528.2927856445 0.0000000000 0.0000000000 0.0000004386 274.9013977051 0.0000067664 -0.4425517321
528.4027099609 0.0000000000 0.0000000000 0.0000004426 274.8733215332 0.0000068360 -0.4428252280
528.5147094727 0.0000000000 0.0000000000 0.0000004465 274.8459472656 0.0000069066 -0.4430978298
528.6294555664 0.0000000000 0.0000000000 0.0000004505 274.8197631836 0.0000069771 -0.4433694482
528.7469482422 0.0000000000 0.0000000000 0.0000004545 274.7969055176 0.0000070482 -0.4436399341
528.8676147461 0.0000000000 0.0000000000 0.0000004585 274.7710266113 0.0000071211 -0.4439097643
528.9909057617 0.0000000000 0.0000000000 0.0000004626 274.7397460938 0.0000071930 -0.4441785812
529.1159667969 0.0000000000 0.0000000000 0.0000004666 274.7125244141 0.0000072667 -0.4444466829
529.2421875000 0.0000000000 0.0000000000 0.0000004707 274.6860046387 0.0000073403 -0.4447140396
529.3675537109 0.0000000000 0.0000000000 0.0000004748 274.6600341797 0.0000074149 -0.4449801445
529.4912719727 0.0000000000 0.0000000000 0.0000004789 274.6341857910 0.0000074901 -0.4452456236
529.6129760742 0.0000000000 0.0000000000 0.0000004831 274.6086425781 0.0000075656 -0.4455102086
529.7337646484 0.0000000000 0.0000000000 0.0000004873 274.5833740234 0.0000076413 -0.4457738400
529.8527221680 0.0000000000 0.0000000000 0.0000004915 274.5586242676 0.0000077184 -0.4460366964
529.9689331055 0.0000000000 0.0000000000 0.0000004957 274.5342712402 0.0000077959 -0.4462989867
530.0842285156 0.0000000000 0.0000000000 0.0000004999 274.5098266602 0.0000078743 -0.4465598166
530.1983032227 0.0000000000 0.0000000000 0.0000005042 274.4851684570 0.0000079528 -0.4468200207
530.3118286133 0.0000000000 0.0000000000 0.0000005084 274.4601440430 0.0000080321 -0.4470792711
530.4263305664 0.0000000000 0.0000000000 0.0000005127 274.4346313477 0.0000081121 -0.4473375976
530.5410156250 0.0000000000 0.0000000000 0.0000005171 274.4085998535 0.0000081914 -0.4475951791
530.6578979492 0.0000000000 0.0000000000 0.0000005214 274.3822631836 0.0000082722 -0.4478523731
530.7782592773 0.0000000000 0.0000000000 0.0000005258 274.3556518555 0.0000083546 -0.4481081963
530.8998413086 0.0000000000 0.0000000000 0.0000005302 274.3290100098 0.0000084354 -0.4483633637
531.0220947266 0.0000000000 0.0000000000 0.0000005346 274.3026733398 0.0000085180 -0.4486173391
531.1452636719 0.0000000000 0.0000000000 0.0000005390 274.2768249512 0.0000086006 -0.4488706589
531.2653808594 0.0000000000 0.0000000000 0.0000005435 274.2518615723 0.0000086837 -0.4491232634
531.3799438477 0.0000000000 0.0000000000 0.0000005480 274.2274475098 0.0000087681 -0.4493743479
531.4893798828 0.0000000000 0.0000000000 0.0000005525 274.2013854980 0.0000088515 -0.4496251941
531.5966186523 0.0000000000 0.0000000000 0.0000005570 274.1770629883 0.0000089362 -0.4498746991
531.7023315430 0.0000000000 0.0000000000 0.0000005616 274.1529235840 0.0000090220 -0.4501234293
531.8060302734 0.0000000000 0.0000000000 0.0000005661 274.1287841797 0.0000091078 -0.4503718019
531.9090576172 0.0000000000 0.0000000000 0.0000005707 274.1042785645 0.0000091953 -0.4506187737
532.0115966797 0.0000000000 0.0000000000 0.0000005753 274.0796813965 0.0000092813 -0.4508650303
532.1129760742 0.0000000000 0.0000000000 0.0000005800 274.0551452637 0.0000093694 -0.4511106610
532.2156982422 0.0000000000 0.0000000000 0.0000005846 274.0308227539 0.0000094581 -0.4513556361
532.3224487305 0.0000000000 0.0000000000 0.0000005893 274.0066223145 0.0000095455 -0.4515994489
532.4329833984 0.0000000000 0.0000000000 0.0000005940 273.9826049805 0.0000096348 -0.4518426657
532.5466918945 0.0000000000 0.0000000000 0.0000005987 273.9589843750 0.0000097258 -0.4520854354
532.6656494141 0.0000000000 0.0000000000 0.0000006035 273.9358215332 0.0000098155 -0.4523271322
532.7897949219 0.0000000000 0.0000000000 0.0000006083 273.9128417969 0.0000099068 -0.4525681138
532.9168701172 0.0000000000 0.0000000000 0.0000006131 273.8877868652 0.0000099970 -0.4528089762
533.0457763672 0.0000000000 0.0000000000 0.0000006179 273.8611755371 0.0000100888 -0.4530488849
533.1729736328 0.0000000000 0.0000000000 0.0000006227 273.8350219727 0.0000101820 -0.4532877803
533.2982177734 0.0000000000 0.0000000000 0.0000006276 273.8099060059 0.0000102737 -0.4535262287
533.4208374023 0.0000000000 0.0000000000 0.0000006325 273.7855529785 0.0000103669 -0.4537641406
533.5392456055 0.0000000000 0.0000000000 0.0000006374 273.7621459961 0.0000104606 -0.4540011883
533.6534423828 0.0000000000 0.0000000000 0.0000006424 273.7411804199 0.0000105552 -0.4542375505
533.7648315430 0.0000000000 0.0000000000 0.0000006473 273.7184448242 0.0000106516 -0.4544730186
533.8753662109 0.0000000000 0.0000000000 0.0000006523 273.6990661621 0.0000107462 -0.4547080994
533.9863891602 0.0000000000 0.0000000000 0.0000006573 273.6822814941 0.0000108426 -0.4549422264
534.0976562500 0.0000000000 0.0000000000 0.0000006624 273.6592712402 0.0000109412 -0.4551756978
534.2086791992 0.0000000000 0.0000000000 0.0000006674 273.6297607422 0.0000110371 -0.4554085732
534.3195800781 0.0000000000 0.0000000000 0.0000006725 273.6026611328 0.0000111354 -0.4556411505
534.4312744141 0.0000000000 0.0000000000 0.0000006777 273.5787048340 0.0000112356 -0.4558734894
534.5452880859 0.0000000000 0.0000000000 0.0000006828 273.5563354492 0.0000113335 -0.4561046660
534.6619262695 0.0000000000 0.0000000000 0.0000006879 273.5350341797 0.0000114341 -0.4563353956
534.7822875977 0.0000000000 0.0000000000 0.0000006931 273.5148010254 0.0000115334 -0.4565653801
534.9083251953 0.0000000000 0.0000000000 0.0000006983 273.4940795898 0.0000116341 -0.4567951262
535.0385131836 0.0000000000 0.0000000000 0.0000007036 273.4734191895 0.0000117369 -0.4570237398
535.1725463867 0.0000000000 0.0000000000 0.0000007089 273.4529724121 0.0000118377 -0.4572525620
535.3076171875 0.0000000000 0.0000000000 0.0000007141 273.4329223633 0.0000119401 -0.4574804306
535.4409790039 0.0000000000 0.0000000000 0.0000007194 273.4134826660 0.0000120430 -0.4577075839
535.5679931641 0.0000000000 0.0000000000 0.0000007248 273.3950195312 0.0000121461 -0.4579334855
535.6852416992 0.0000000000 0.0000000000 0.0000007301 273.3776245117 0.0000122514 -0.4581593871
535.7947998047 0.0000000000 0.0000000000 0.0000007355 273.3611755371 0.0000123557 -0.4583845735
535.8980102539 0.0000000000 0.0000000000 0.0000007409 273.3455200195 0.0000124613 -0.4586093426
535.9949340820 0.0000000000 0.0000000000 0.0000007463 273.3304443359 0.0000125681 -0.4588338137
536.0891113281 0.0000000000 0.0000000000 0.0000007517 273.3162231445 0.0000126725 -0.4590575695
536.1844482422 0.0000000000 0.0000000000 0.0000007572 273.3012084961 0.0000127786 -0.4592806995
536.2827148438 0.0000000000 0.0000000000 0.0000007627 273.2854003906 0.0000128875 -0.4595029354
536.3854980469 0.0000000000 0.0000000000 0.0000007682 273.2700805664 0.0000129933 -0.4597256780
536.4945678711 0.0000000000 0.0000000000 0.0000007737 273.2547607422 0.0000131018 -0.4599471688
536.6108398438 0.0000000000 0.0000000000 0.0000007793 273.2391662598 0.0000132094 -0.4601683617
536.7337646484 0.0000000000 0.0000000000 0.0000007849 273.2236022949 0.0000133181 -0.4603888690
536.8605957031 0.0000000000 0.0000000000 0.0000007905 273.2080078125 0.0000134288 -0.4606089592
536.9881591797 0.0000000000 0.0000000000 0.0000007961 273.1919250488 0.0000135370 -0.4608283937
537.1130371094 0.0000000000 0.0000000000 0.0000008018 273.1764221191 0.0000136474 -0.4610466957
537.2327880859 0.0000000000 0.0000000000 0.0000008074 273.1615295410 0.0000137595 -0.4612650275
537.3464355469 0.0000000000 0.0000000000 0.0000008131 273.1470031738 0.0000138711 -0.4614823461
537.4557495117 0.0000000000 0.0000000000 0.0000008189 273.1329345703 0.0000139848 -0.4616992474
537.5614013672 0.0000000000 0.0000000000 0.0000008246 273.1190185547 0.0000140980 -0.4619159698
537.6642456055 0.0000000000 0.0000000000 0.0000008304 273.1049804688 0.0000142117 -0.4621317387
537.7636718750 0.0000000000 0.0000000000 0.0000008362 273.0911865234 0.0000143273 -0.4623473585
537.8607788086 0.0000000000 0.0000000000 0.0000008421 273.0776367188 0.0000144406 -0.4625622034
537.9574584961 0.0000000000 0.0000000000 0.0000008479 273.0643310547 0.0000145554 -0.4627766013
538.0552368164 0.0000000000 0.0000000000 0.0000008538 273.0509948730 0.0000146750 -0.4629903734
538.1570434570 0.0000000000 0.0000000000 0.0000008597 273.0371093750 0.0000147889 -0.4632037282
538.2615356445 0.0000000000 0.0000000000 0.0000008657 273.0227966309 0.0000149059 -0.4634165764
538.3668823242 0.0000000000 0.0000000000 0.0000008717 273.0088500977 0.0000150225 -0.4636286497
538.4739379883 0.0000000000 0.0000000000 0.0000008776 272.9921264648 0.0000151402 -0.4638403654
538.5811157227 0.0000000000 0.0000000000 0.0000008837 272.9755859375 0.0000152617 -0.4640515745
538.6867675781 0.0000000000 0.0000000000 0.0000008897 272.9588012695 0.0000153813 -0.4642621279
538.7918090820 0.0000000000 0.0000000000 0.0000008957 272.9416198730 0.0000155021 -0.4644722939
538.8944091797 0.0000000000 0.0000000000 0.0000009018 272.9253234863 0.0000156241 -0.4646821320
538.9938964844 0.0000000000 0.0000000000 0.0000009079 272.9066467285 0.0000157458 -0.4648909569
539.0911254883 0.0000000000 0.0000000000 0.0000009141 272.8914794922 0.0000158704 -0.4650999606
539.1860351562 0.0000000000 0.0000000000 0.0000009202 272.8728637695 0.0000159930 -0.4653080702
539.2799682617 0.0000000000 0.0000000000 0.0000009264 272.8542480469 0.0000161168 -0.4655156136
539.3747558594 0.0000000000 0.0000000000 0.0000009326 272.8368835449 0.0000162433 -0.4657227099
539.4708862305 0.0000000000 0.0000000000 0.0000009389 272.8198547363 0.0000163685 -0.4659295380
539.5684814453 0.0000000000 0.0000000000 0.0000009451 272.8031005859 0.0000164933 -0.4661357999
539.6674194336 0.0000000000 0.0000000000 0.0000009514 272.7866821289 0.0000166216 -0.4663415849
539.7723999023 0.0000000000 0.0000000000 0.0000009577 272.7704467773 0.0000167486 -0.4665468931
539.8845825195 0.0000000000 0.0000000000 0.0000009641 272.7544250488 0.0000168780 -0.4667523503
540.0045166016 0.0000000000 0.0000000000 0.0000009704 272.7382812500 0.0000170068 -0.4669572711
540.1281738281 0.0000000000 0.0000000000 0.0000009768 272.7221374512 0.0000171354 -0.4671614170
540.2548828125 0.0000000000 0.0000000000 0.0000009832 272.7060241699 0.0000172681 -0.4673652053
540.3829345703 0.0000000000 0.0000000000 0.0000009897 272.6900024414 0.0000173985 -0.4675687551
540.5111083984 0.0000000000 0.0000000000 0.0000009962 272.6739501953 0.0000175289 -0.4677718878
540.6362915039 0.0000000000 0.0000000000 0.0000010027 272.6574401855 0.0000176620 -0.4679747224
540.7550048828 0.0000000000 0.0000000000 0.0000010092 272.6403808594 0.0000177938 -0.4681771100
540.8638916016 0.0000000000 0.0000000000 0.0000010157 272.6235656738 0.0000179280 -0.4683787823
540.9652099609 0.0000000000 0.0000000000 0.0000010223 272.6072387695 0.0000180615 -0.4685804248
541.0595703125 0.0000000000 0.0000000000 0.0000010289 272.5911865234 0.0000181953 -0.4687818885
541.1475830078 0.0000000000 0.0000000000 0.0000010355 272.5757141113 0.0000183315 -0.4689823091
541.2324829102 0.0000000000 0.0000000000 0.0000010422 272.5608825684 0.0000184669 -0.4691827893
541.3161621094 0.0000000000 0.0000000000 0.0000010489 272.5467834473 0.0000186020 -0.4693826139
541.4032592773 0.0000000000 0.0000000000 0.0000010556 272.5335083008 0.0000187407 -0.4695823193
541.4947509766 0.0000000000 0.0000000000 0.0000010623 272.5208435059 0.0000188786 -0.4697813988
541.5916748047 0.0000000000 0.0000000000 0.0000010691 272.5091552734 0.0000190177 -0.4699806273
541.6948242188 0.0000000000 0.0000000000 0.0000010759 272.4995727539 0.0000191552 -0.4701791406
541.8027343750 0.0000000000 0.0000000000 0.0000010827 272.4961853027 0.0000192908 -0.4703770876
541.9141235352 0.0000000000 0.0000000000 0.0000010895 272.4882812500 0.0000194306 -0.4705748558
542.0254516602 0.0000000000 0.0000000000 0.0000010964 272.4695434570 0.0000195688 -0.4707722068
542.1383056641 0.0000000000 0.0000000000 0.0000011033 272.4580688477 0.0000197075 -0.4709694684
542.2496948242 0.0000000000 0.0000000000 0.0000011102 272.4500122070 0.0000198482 -0.4711661339
542.3603515625 0.0000000000 0.0000000000 0.0000011171 272.4439697266 0.0000199890 -0.4713624716
542.4691772461 0.0000000000 0.0000000000 0.0000011241 272.4418640137 0.0000201319 -0.4715588093
542.5746459961 0.0000000000 0.0000000000 0.0000011311 272.4367065430 0.0000202732 -0.4717546403
542.6774291992 0.0000000000 0.0000000000 0.0000011381 272.4323730469 0.0000204163 -0.4719503224
542.7778320312 0.0000000000 0.0000000000 0.0000011452 272.4291992188 0.0000205609 -0.4721457362
542.8764038086 0.0000000000 0.0000000000 0.0000011522 272.4255676270 0.0000207049 -0.4723402858
542.9735717773 0.0000000000 0.0000000000 0.0000011593 272.4212646484 0.0000208475 -0.4725348353
543.0679931641 0.0000000000 0.0000000000 0.0000011665 272.4161682129 0.0000209933 -0.4727290869
543.1599731445 0.0000000000 0.0000000000 0.0000011736 272.4101867676 0.0000211378 -0.4729228616
543.2515869141 0.0000000000 0.0000000000 0.0000011808 272.4032592773 0.0000212835 -0.4731164575
543.3450927734 0.0000000000 0.0000000000 0.0000011880 272.3957519531 0.0000214282 -0.4733092189
543.4411621094 0.0000000000 0.0000000000 0.0000011953 272.3880920410 0.0000215734 -0.4735017717
543.5420532227 0.0000000000 0.0000000000 0.0000012025 272.3807983398 0.0000217225 -0.4736938775
543.6479492188 0.0000000000 0.0000000000 0.0000012098 272.3736267090 0.0000218699 -0.4738858938
543.7581176758 0.0000000000 0.0000000000 0.0000012171 272.3667602539 0.0000220173 -0.4740775526
543.8718872070 0.0000000000 0.0000000000 0.0000012245 272.3599853516 0.0000221659 -0.4742689431
543.9886474609 0.0000000000 0.0000000000 0.0000012318 272.3536682129 0.0000223152 -0.4744601548
544.1077270508 0.0000000000 0.0000000000 0.0000012392 272.3476867676 0.0000224662 -0.4746510983
544.2268676758 0.0000000000 0.0000000000 0.0000012466 272.3417663574 0.0000226158 -0.4748412967
544.3430175781 0.0000000000 0.0000000000 0.0000012540 272.3349914551 0.0000227675 -0.4750315547
544.4544677734 0.0000000000 0.0000000000 0.0000012615 272.3281860352 0.0000229206 -0.4752216041
544.5594482422 0.0000000000 0.0000000000 0.0000012690 272.3217468262 0.0000230736 -0.4754115045
544.6585693359 0.0000000000 0.0000000000 0.0000012765 272.3156433105 0.0000232261 -0.4756014049
544.7502441406 0.0000000000 0.0000000000 0.0000012840 272.3096313477 0.0000233810 -0.4757907391
544.8368530273 0.0000000000 0.0000000000 0.0000012916 272.3035583496 0.0000235363 -0.4759798646
544.9224853516 0.0000000000 0.0000000000 0.0000012991 272.2971496582 0.0000236919 -0.4761685133
545.0086059570 0.0000000000 0.0000000000 0.0000013068 272.2901916504 0.0000238470 -0.4763567448
545.0995483398 0.0000000000 0.0000000000 0.0000013144 272.2828063965 0.0000240019 -0.4765451550
545.1939086914 0.0000000000 0.0000000000 0.0000013221 272.2755126953 0.0000241602 -0.4767324924
545.2924804688 0.0000000000 0.0000000000 0.0000013298 272.2681579590 0.0000243172 -0.4769202173
545.3946533203 0.0000000000 0.0000000000 0.0000013375 272.2570800781 0.0000244730 -0.4771072567
545.5007324219 0.0000000000 0.0000000000 0.0000013452 272.2478637695 0.0000246308 -0.4772942662
545.6092529297 0.0000000000 0.0000000000 0.0000013530 272.2392883301 0.0000247891 -0.4774804711
545.7194213867 0.0000000000 0.0000000000 0.0000013608 272.2315063477 0.0000249486 -0.4776670337
545.8323364258 0.0000000000 0.0000000000 0.0000013687 272.2247009277 0.0000251068 -0.4778532386
545.9477539062 0.0000000000 0.0000000000 0.0000013765 272.2195129395 0.0000252686 -0.4780394435
546.0621948242 0.0000000000 0.0000000000 0.0000013844 272.2166748047 0.0000254305 -0.4782254100
546.1755981445 0.0000000000 0.0000000000 0.0000013924 272.2179870605 0.0000255932 -0.4784106612
546.2862548828 0.0000000000 0.0000000000 0.0000014003 272.2235717773 0.0000257548 -0.4785957634
546.3920898438 0.0000000000 0.0000000000 0.0000014083 272.2244873047 0.0000259204 -0.4787810147
546.4922485352 0.0000000000 0.0000000000 0.0000014163 272.2186584473 0.0000260851 -0.4789655805
546.5865478516 0.0000000000 0.0000000000 0.0000014243 272.2144165039 0.0000262505 -0.4791497588
546.6759643555 0.0000000000 0.0000000000 0.0000014323 272.2132263184 0.0000264160 -0.4793333411
546.7608032227 0.0000000000 0.0000000000 0.0000014404 272.2133483887 0.0000265805 -0.4795171618
546.8468627930 0.0000000000 0.0000000000 0.0000014485 272.2134094238 0.0000267494 -0.4797008038
546.9371337891 0.0000000000 0.0000000000 0.0000014566 272.2133789062 0.0000269171 -0.4798834622
547.0331420898 0.0000000000 0.0000000000 0.0000014648 272.2131652832 0.0000270822 -0.4800664186
547.1340942383 0.0000000000 0.0000000000 0.0000014729 272.2129821777 0.0000272513 -0.4802485406
547.2376098633 0.0000000000 0.0000000000 0.0000014812 272.2132873535 0.0000274209 -0.4804307818
547.3431396484 0.0000000000 0.0000000000 0.0000014894 272.2139587402 0.0000275908 -0.4806122184
547.4499511719 0.0000000000 0.0000000000 0.0000014977 272.2149963379 0.0000277602 -0.4807933569
547.5565185547 0.0000000000 0.0000000000 0.0000015060 272.2165222168 0.0000279325 -0.4809745550
547.6603393555 0.0000000000 0.0000000000 0.0000015143 272.2185058594 0.0000281038 -0.4811552763
547.7653808594 0.0000000000 0.0000000000 0.0000015226 272.2207641602 0.0000282761 -0.4813356102
547.8700561523 0.0000000000 0.0000000000 0.0000015310 272.2236633301 0.0000284470 -0.4815160632
547.9747314453 0.0000000000 0.0000000000 0.0000015394 272.2272644043 0.0000286215 -0.4816963673
548.0776367188 0.0000000000 0.0000000000 0.0000015478 272.2318115234 0.0000287964 -0.4818761945
548.1787719727 0.0000000000 0.0000000000 0.0000015563 272.2376403809 0.0000289715 -0.4820558429
548.2772827148 0.0000000000 0.0000000000 0.0000015648 272.2447509766 0.0000291456 -0.4822354317
548.3733520508 0.0000000000 0.0000000000 0.0000015733 272.2522888184 0.0000293208 -0.4824145734
548.4648437500 0.0000000000 0.0000000000 0.0000015818 272.2595214844 0.0000294987 -0.4825937450
548.5518798828 0.0000000000 0.0000000000 0.0000015904 272.2652587891 0.0000296756 -0.4827722311
548.6330566406 0.0000000000 0.0000000000 0.0000015990 272.2696838379 0.0000298515 -0.4829509854
548.7101440430 0.0000000000 0.0000000000 0.0000016076 272.2731933594 0.0000300305 -0.4831290841
548.7839355469 0.0000000000 0.0000000000 0.0000016162 272.2763977051 0.0000302109 -0.4833076298
548.8564453125 0.0000000000 0.0000000000 0.0000016249 272.2781982422 0.0000303907 -0.4834851325
548.9312133789 0.0000000000 0.0000000000 0.0000016336 272.2775878906 0.0000305686 -0.4836628437
549.0109252930 0.0000000000 0.0000000000 0.0000016423 272.2763366699 0.0000307498 -0.4838398397
549.0965576172 0.0000000000 0.0000000000 0.0000016511 272.2758789062 0.0000309304 -0.4840171933
549.1901245117 0.0000000000 0.0000000000 0.0000016599 272.2758789062 0.0000311111 -0.4841938019
549.2919311523 0.0000000000 0.0000000000 0.0000016687 272.2762451172 0.0000312922 -0.4843704104
549.3985595703 0.0000000000 0.0000000000 0.0000016775 272.2771911621 0.0000314756 -0.4845465422
549.5097656250 0.0000000000 0.0000000000 0.0000016864 272.2789306641 0.0000316599 -0.4847227335
549.6245117188 0.0000000000 0.0000000000 0.0000016953 272.2814025879 0.0000318440 -0.4848987460
549.7379760742 0.0000000000 0.0000000000 0.0000017042 272.2843933105 0.0000320261 -0.4850737453
549.8451538086 0.0000000000 0.0000000000 0.0000017131 272.2872924805 0.0000322104 -0.4852489531
549.9461669922 0.0000000000 0.0000000000 0.0000017221 272.2904052734 0.0000323964 -0.4854239225
550.0385742188 0.0000000000 0.0000000000 0.0000017311 272.2944641113 0.0000325821 -0.4855985045
550.1234741211 0.0000000000 0.0000000000 0.0000017401 272.2996826172 0.0000327678 -0.4857730269
550.2017211914 0.0000000000 0.0000000000 0.0000017491 272.3059997559 0.0000329561 -0.4859474301
550.2752075195 0.0000000000 0.0000000000 0.0000017582 272.3132629395 0.0000331517 -0.4861215651
550.3475952148 0.0000000000 0.0000000000 0.0000017673 272.3209228516 0.0000333333 -0.4862953126
550.4186401367 0.0000000000 0.0000000000 0.0000017764 272.3294677734 0.0000335204 -0.4864690006
550.4922485352 0.0000000000 0.0000000000 0.0000017855 272.3385620117 0.0000337131 -0.4866423309
550.5709228516 0.0000000000 0.0000000000 0.0000017947 272.3477172852 0.0000339021 -0.4868159890
550.6552734375 0.0000000000 0.0000000000 0.0000018039 272.3565979004 0.0000340938 -0.4869892001
550.7464599609 0.0000000000 0.0000000000 0.0000018131 272.3651123047 0.0000342852 -0.4871626496
550.8413696289 0.0000000000 0.0000000000 0.0000018224 272.3733825684 0.0000344789 -0.4873349667
550.9384155273 0.0000000000 0.0000000000 0.0000018317 272.3819580078 0.0000346726 -0.4875075817
551.0402221680 0.0000000000 0.0000000000 0.0000018410 272.3902282715 0.0000348654 -0.4876807332
551.1414184570 0.0000000000 0.0000000000 0.0000018503 272.3990173340 0.0000350575 -0.4878525734
551.2413330078 0.0000000000 0.0000000000 0.0000018597 272.4081420898 0.0000352530 -0.4880250692
551.3361816406 0.0000000000 0.0000000000 0.0000018691 272.4182434082 0.0000354480 -0.4881969094
551.4249877930 0.0000000000 0.0000000000 0.0000018785 272.4293823242 0.0000356441 -0.4883686304
551.5085449219 0.0000000000 0.0000000000 0.0000018880 272.4415588379 0.0000358403 -0.4885399938
551.5881958008 0.0000000000 0.0000000000 0.0000018975 272.4549255371 0.0000360376 -0.4887109995
551.6666259766 0.0000000000 0.0000000000 0.0000019070 272.4685363770 0.0000362370 -0.4888820648
551.7438354492 0.0000000000 0.0000000000 0.0000019165 272.4824218750 0.0000364341 -0.4890531301
551.8203735352 0.0000000000 0.0000000000 0.0000019261 272.4966430664 0.0000366322 -0.4892235398
551.8939819336 0.0000000000 0.0000000000 0.0000019357 272.5107421875 0.0000368341 -0.4893937409
551.9675903320 0.0000000000 0.0000000000 0.0000019453 272.5246582031 0.0000370326 -0.4895642400
552.0446166992 0.0000000000 0.0000000000 0.0000019550 272.5381774902 0.0000372341 -0.4897338152
552.1287231445 0.0000000000 0.0000000000 0.0000019647 272.5512695312 0.0000374361 -0.4899040461
552.2177124023 0.0000000000 0.0000000000 0.0000019744 272.5634460449 0.0000376386 -0.4900735915
552.3101196289 0.0000000000 0.0000000000 0.0000019842 272.5753173828 0.0000378419 -0.4902431965
552.4027709961 0.0000000000 0.0000000000 0.0000019939 272.5872802734 0.0000380448 -0.4904116392
552.4951782227 0.0000000000 0.0000000000 0.0000020037 272.5994873047 0.0000382490 -0.4905808568
552.5864257812 0.0000000000 0.0000000000 0.0000020136 272.6120300293 0.0000384545 -0.4907494783
