#         rmsthk      stdthk       rmsvel       stdvel       rmsdiv       stddiv       rmsusurf       stdusurf
0.0000000000 0.0000000000 140.2412109375 146.1788940430 0.0000000000 0.0000000000 0.0000000000 0.0000000000
-0.0000144588 0.0000324444 104.4588775635 126.7772979736 0.0000000000 0.0000000000 0.0000007663 0.0000329511
-0.0000282826 0.0000596742 79.1094665527 110.8657531738 0.0000000000 0.0000000000 0.0000012746 0.0000630585
-0.0000419728 0.0000841594 59.4541206360 96.9088973999 0.0000000000 0.0000000000 0.0000015825 0.0000920246
-0.0000553165 0.0001067251 44.1548767090 84.4691772461 0.0000000000 0.0000000000 0.0000018780 0.0001199862
-0.0000681917 0.0001277415 32.1279144287 73.4317779541 0.0000000000 0.0000000000 0.0000023921 0.0001472301
-0.0000804617 0.0001475747 22.1683521271 64.0770492554 0.0000000000 0.0000000000 0.0000030035 0.0001735997
-0.0000920937 0.0001662427 13.7906475067 56.4751472473 0.0000000000 0.0000000000 0.0000035530 0.0001987327
-0.0001030479 0.0001837797 6.7318172455 50.4929580688 0.0000000000 0.0000000000 0.0000039880 0.0002222582
-0.0001134128 0.0002003085 0.7393515110 45.8831748962 0.0000000000 0.0000000000 0.0000043229 0.0002439073
-0.0001232174 0.0002158933 -4.2835717201 42.4565963745 0.0000000000 0.0000000000 0.0000046253 0.0002633902
-0.0001324693 0.0002306475 -8.4299783707 40.0425338745 0.0000000000 0.0000000000 0.0000049285 0.0002812991
-0.0001412044 0.0002445996 -11.8322019577 38.3934326172 0.0000000000 0.0000000000 0.0000052189 0.0002980079
-0.0001494809 0.0002578037 -14.6011743546 37.2891464233 0.0000000000 0.0000000000 0.0000055552 0.0003138147
-0.0001573800 0.0002702818 -16.8440265656 36.5391120911 0.0000000000 0.0000000000 0.0000058850 0.0003290122
-0.0001649433 0.0002820591 -18.6494598389 36.0195617676 0.0000000000 0.0000000000 0.0000062359 0.0003437876
-0.0001722177 0.0002932504 -20.0800704956 35.6230125427 0.0000000000 0.0000000000 0.0000065671 0.0003581135
-0.0001793173 0.0003038358 -21.1995754242 35.2839546204 0.0000000000 0.0000000000 0.0000069347 0.0003721649
-0.0001862786 0.0003139029 -22.0743274689 34.9907608032 0.0000000000 0.0000000000 0.0000073224 0.0003857625
-0.0001930907 0.0003235550 -22.7443523407 34.7172737122 0.0000000000 0.0000000000 0.0000077090 0.0003989000
-0.0001997458 0.0003328439 -23.2461147308 34.4515228271 0.0000000000 0.0000000000 0.0000081510 0.0004115788
-0.0002062244 0.0003418358 -23.6160545349 34.1965599060 0.0000000000 0.0000000000 0.0000086564 0.0004239954
-0.0002125388 0.0003506011 -23.8856563568 33.9474830627 0.0000000000 0.0000000000 0.0000092088 0.0004360373
-0.0002187072 0.0003591673 -24.0815162659 33.7066345215 0.0000000000 0.0000000000 0.0000097859 0.0004478155
-0.0002247491 0.0003675523 -24.2252902985 33.4782180786 0.0000000000 0.0000000000 0.0000103831 0.0004593898
-0.0002306756 0.0003758112 -24.3313999176 33.2636070251 0.0000000000 0.0000000000 0.0000109971 0.0004708283
-0.0002364890 0.0003839794 -24.4117298126 33.0652732849 0.0000000000 0.0000000000 0.0000116162 0.0004822030
-0.0002422218 0.0003920723 -24.4764423370 32.8860855103 0.0000000000 0.0000000000 0.0000122509 0.0004935234
-0.0002478948 0.0004000884 -24.5321960449 32.7260246277 0.0000000000 0.0000000000 0.0000128678 0.0005047296
-0.0002534954 0.0004080359 -24.5819473267 32.5851402283 0.0000000000 0.0000000000 0.0000135393 0.0005159123
-0.0002590326 0.0004159483 -24.6271667480 32.4611320496 0.0000000000 0.0000000000 0.0000142334 0.0005271474
-0.0002645005 0.0004238649 -24.6678714752 32.3524589539 0.0000000000 0.0000000000 0.0000149436 0.0005383865
-0.0002699333 0.0004317796 -24.7027111053 32.2561950684 0.0000000000 0.0000000000 0.0000156775 0.0005496162
-0.0002753201 0.0004397212 -24.7305908203 32.1703834534 0.0000000000 0.0000000000 0.0000164390 0.0005608639
-0.0002806659 0.0004477192 -24.7500190735 32.0927696228 0.0000000000 0.0000000000 0.0000172435 0.0005722118
-0.0002859714 0.0004557862 -24.7597122192 32.0209770203 0.0000000000 0.0000000000 0.0000180714 0.0005836138
-0.0002912387 0.0004639565 -24.7588653564 31.9531459808 0.0000000000 0.0000000000 0.0000189087 0.0005950463
-0.0002964537 0.0004722372 -24.7465419769 31.8878612518 0.0000000000 0.0000000000 0.0000197497 0.0006064574
-0.0003016295 0.0004806503 -24.7221717834 31.8238372803 0.0000000000 0.0000000000 0.0000206183 0.0006179347
-0.0003067805 0.0004892100 -24.6860752106 31.7603893280 0.0000000000 0.0000000000 0.0000215067 0.0006294129
-0.0003118981 0.0004979363 -24.6391277313 31.6968536377 0.0000000000 0.0000000000 0.0000224089 0.0006409399
-0.0003169786 0.0005068298 -24.5829010010 31.6330356598 0.0000000000 0.0000000000 0.0000233125 0.0006525435
-0.0003220438 0.0005158802 -24.5189342499 31.5691547394 0.0000000000 0.0000000000 0.0000242314 0.0006642740
-0.0003271016 0.0005251094 -24.4495105743 31.5056705475 0.0000000000 0.0000000000 0.0000251941 0.0006761107
-0.0003321479 0.0005345161 -24.3771972656 31.4432601929 0.0000000000 0.0000000000 0.0000261524 0.0006880429
-0.0003371948 0.0005440905 -24.3045005798 31.3830013275 0.0000000000 0.0000000000 0.0000271297 0.0007000830
-0.0003422509 0.0005538448 -24.2341289520 31.3260440826 0.0000000000 0.0000000000 0.0000281251 0.0007122234
-0.0003473058 0.0005637820 -24.1684627533 31.2735404968 0.0000000000 0.0000000000 0.0000291322 0.0007244952
-0.0003523788 0.0005739082 -24.1097259521 31.2263641357 0.0000000000 0.0000000000 0.0000301612 0.0007369083
-0.0003574664 0.0005842241 -24.0596294403 31.1853694916 0.0000000000 0.0000000000 0.0000311917 0.0007494040
-0.0003625724 0.0005947201 -24.0191650391 31.1510257721 0.0000000000 0.0000000000 0.0000322396 0.0007620423
-0.0003676971 0.0006053947 -23.9887619019 31.1235637665 0.0000000000 0.0000000000 0.0000333014 0.0007748219
-0.0003728491 0.0006162462 -23.9679889679 31.1026287079 0.0000000000 0.0000000000 0.0000343865 0.0007876783
-0.0003780192 0.0006272667 -23.9553146362 31.0874481201 0.0000000000 0.0000000000 0.0000354840 0.0008006743
-0.0003832198 0.0006384356 -23.9489154816 31.0770435333 0.0000000000 0.0000000000 0.0000365785 0.0008137795
-0.0003884481 0.0006497719 -23.9464569092 31.0701828003 0.0000000000 0.0000000000 0.0000377154 0.0008269307
-0.0003937138 0.0006612604 -23.9452095032 31.0654983521 0.0000000000 0.0000000000 0.0000388238 0.0008401159
-0.0003990093 0.0006729079 -23.9425239563 31.0614643097 0.0000000000 0.0000000000 0.0000399318 0.0008533647
-0.0004043425 0.0006847073 -23.9357967377 31.0566883087 0.0000000000 0.0000000000 0.0000410421 0.0008666386
-0.0004097147 0.0006966581 -23.9232139587 31.0500278473 0.0000000000 0.0000000000 0.0000421669 0.0008799814
-0.0004151151 0.0007087572 -23.9033336639 31.0406150818 0.0000000000 0.0000000000 0.0000433012 0.0008934261
-0.0004205589 0.0007210025 -23.8756141663 31.0279941559 0.0000000000 0.0000000000 0.0000444450 0.0009069040
-0.0004260430 0.0007333872 -23.8399868011 31.0121498108 0.0000000000 0.0000000000 0.0000456157 0.0009204154
-0.0004315632 0.0007459114 -23.7972393036 30.9934310913 0.0000000000 0.0000000000 0.0000467959 0.0009339596
-0.0004371208 0.0007585756 -23.7484416962 30.9725208282 0.0000000000 0.0000000000 0.0000479440 0.0009475017
-0.0004427144 0.0007713466 -23.6951522827 30.9502830505 0.0000000000 0.0000000000 0.0000490768 0.0009611202
-0.0004483433 0.0007842287 -23.6391391754 30.9277191162 0.0000000000 0.0000000000 0.0000502250 0.0009748065
-0.0004540164 0.0007972299 -23.5820121765 30.9057159424 0.0000000000 0.0000000000 0.0000513964 0.0009885837
-0.0004597245 0.0008103409 -23.5253410339 30.8851509094 0.0000000000 0.0000000000 0.0000525810 0.0010024485
-0.0004654670 0.0008235555 -23.4703617096 30.8664970398 0.0000000000 0.0000000000 0.0000537707 0.0010164124
-0.0004712522 0.0008368806 -23.4177093506 30.8499546051 0.0000000000 0.0000000000 0.0000549604 0.0010304686
-0.0004770777 0.0008503096 -23.3677349091 30.8355579376 0.0000000000 0.0000000000 0.0000561500 0.0010446517
-0.0004829479 0.0008638445 -23.3203525543 30.8231487274 0.0000000000 0.0000000000 0.0000573426 0.0010589294
-0.0004888566 0.0008774767 -23.2752170563 30.8122806549 0.0000000000 0.0000000000 0.0000585352 0.0010733487
-0.0004948105 0.0008912095 -23.2318477631 30.8025131226 0.0000000000 0.0000000000 0.0000597431 0.0010878415
-0.0005007964 0.0009050324 -23.1898517609 30.7935218811 0.0000000000 0.0000000000 0.0000609663 0.0011024227
-0.0005068187 0.0009189436 -23.1487102509 30.7848510742 0.0000000000 0.0000000000 0.0000621931 0.0011170733
-0.0005128746 0.0009329543 -23.1080760956 30.7761936188 0.0000000000 0.0000000000 0.0000634247 0.0011318203
-0.0005189664 0.0009470497 -23.0678558350 30.7674274445 0.0000000000 0.0000000000 0.0000646650 0.0011466969
-0.0005251027 0.0009612231 -23.0282878876 30.7586421967 0.0000000000 0.0000000000 0.0000659141 0.0011616336
-0.0005312884 0.0009754819 -22.9898014069 30.7500839233 0.0000000000 0.0000000000 0.0000671697 0.0011766665
-0.0005375103 0.0009898301 -22.9529304504 30.7421455383 0.0000000000 0.0000000000 0.0000684348 0.0011917895
-0.0005437643 0.0010042577 -22.9181537628 30.7351856232 0.0000000000 0.0000000000 0.0000696999 0.0012069353
-0.0005500509 0.0010187670 -22.8858318329 30.7295055389 0.0000000000 0.0000000000 0.0000709636 0.0012221351
-0.0005563704 0.0010333515 -22.8561782837 30.7253398895 0.0000000000 0.0000000000 0.0000722206 0.0012374062
-0.0005627293 0.0010480047 -22.8292217255 30.7228565216 0.0000000000 0.0000000000 0.0000734602 0.0012527640
-0.0005691237 0.0010627285 -22.8048763275 30.7220439911 0.0000000000 0.0000000000 0.0000747151 0.0012682194
-0.0005755530 0.0010775211 -22.7826766968 30.7226982117 0.0000000000 0.0000000000 0.0000759431 0.0012837620
-0.0005820185 0.0010923758 -22.7620754242 30.7245330811 0.0000000000 0.0000000000 0.0000771870 0.0012993700
-0.0005885212 0.0011072896 -22.7424468994 30.7272644043 0.0000000000 0.0000000000 0.0000784244 0.0013150249
-0.0005950560 0.0011222719 -22.7230911255 30.7304840088 0.0000000000 0.0000000000 0.0000796750 0.0013307815
-0.0006016243 0.0011373234 -22.7031917572 30.7337932587 0.0000000000 0.0000000000 0.0000809196 0.0013465822
-0.0006082245 0.0011524444 -22.6823863983 30.7369422913 0.0000000000 0.0000000000 0.0000821600 0.0013624519
-0.0006148469 0.0011676248 -22.6602287292 30.7397117615 0.0000000000 0.0000000000 0.0000833806 0.0013784027
-0.0006214941 0.0011828515 -22.6365795135 30.7420654297 0.0000000000 0.0000000000 0.0000846071 0.0013944029
-0.0006281716 0.0011981376 -22.6114902496 30.7440509796 0.0000000000 0.0000000000 0.0000858379 0.0014104892
-0.0006348782 0.0012134843 -22.5851325989 30.7457561493 0.0000000000 0.0000000000 0.0000870600 0.0014266305
-0.0006416172 0.0012288785 -22.5576858521 30.7472858429 0.0000000000 0.0000000000 0.0000882858 0.0014428496
-0.0006483782 0.0012443238 -22.5294094086 30.7487621307 0.0000000000 0.0000000000 0.0000895268 0.0014591216
-0.0006551643 0.0012598154 -22.5003852844 30.7502613068 0.0000000000 0.0000000000 0.0000907788 0.0014754328
-0.0006619759 0.0012753521 -22.4709396362 30.7518177032 0.0000000000 0.0000000000 0.0000920373 0.0014917882
-0.0006688146 0.0012909346 -22.4409751892 30.7533817291 0.0000000000 0.0000000000 0.0000932944 0.0015081834
-0.0006756838 0.0013065683 -22.4105319977 30.7548866272 0.0000000000 0.0000000000 0.0000945756 0.0015246224
-0.0006825729 0.0013222627 -22.3795776367 30.7563171387 0.0000000000 0.0000000000 0.0000958545 0.0015411202
-0.0006894903 0.0013380045 -22.3480129242 30.7575378418 0.0000000000 0.0000000000 0.0000971517 0.0015576794
-0.0006964343 0.0013537996 -22.3158435822 30.7584362030 0.0000000000 0.0000000000 0.0000984645 0.0015742894
-0.0007034040 0.0013696328 -22.2833843231 30.7591247559 0.0000000000 0.0000000000 0.0000997824 0.0015909735
-0.0007103970 0.0013855061 -22.2509136200 30.7596607208 0.0000000000 0.0000000000 0.0001011018 0.0016077172
-0.0007174134 0.0014014142 -22.2186737061 30.7601509094 0.0000000000 0.0000000000 0.0001024052 0.0016245079
-0.0007244621 0.0014173629 -22.1868686676 30.7606506348 0.0000000000 0.0000000000 0.0001037151 0.0016413361
-0.0007315399 0.0014333515 -22.1558189392 30.7613086700 0.0000000000 0.0000000000 0.0001050367 0.0016582536
-0.0007386378 0.0014493808 -22.1258029938 30.7622432709 0.0000000000 0.0000000000 0.0001063546 0.0016752249
-0.0007457535 0.0014654471 -22.0968322754 30.7634925842 0.0000000000 0.0000000000 0.0001076638 0.0016922787
-0.0007528849 0.0014815591 -22.0690536499 30.7651500702 0.0000000000 0.0000000000 0.0001089650 0.0017093590
-0.0007600372 0.0014977073 -22.0426025391 30.7672023773 0.0000000000 0.0000000000 0.0001102581 0.0017264826
-0.0007672100 0.0015139007 -22.0174674988 30.7696609497 0.0000000000 0.0000000000 0.0001115571 0.0017436558
-0.0007744100 0.0015301370 -21.9935054779 30.7724876404 0.0000000000 0.0000000000 0.0001128393 0.0017608942
-0.0007816292 0.0015464259 -21.9704627991 30.7754917145 0.0000000000 0.0000000000 0.0001141339 0.0017781785
-0.0007888651 0.0015627574 -21.9481201172 30.7785682678 0.0000000000 0.0000000000 0.0001154213 0.0017955146
-0.0007961223 0.0015791246 -21.9261894226 30.7815608978 0.0000000000 0.0000000000 0.0001166904 0.0018129281
-0.0008033969 0.0015955309 -21.9045162201 30.7844238281 0.0000000000 0.0000000000 0.0001179682 0.0018303628
-0.0008106913 0.0016119658 -21.8829498291 30.7870845795 0.0000000000 0.0000000000 0.0001192490 0.0018478639
-0.0008180015 0.0016284357 -21.8615303040 30.7895679474 0.0000000000 0.0000000000 0.0001205356 0.0018654072
-0.0008253349 0.0016449507 -21.8403682709 30.7918682098 0.0000000000 0.0000000000 0.0001218265 0.0018829938
-0.0008326874 0.0016615073 -21.8191947937 30.7939434052 0.0000000000 0.0000000000 0.0001231161 0.0019006173
-0.0008400552 0.0016780939 -21.7980384827 30.7957897186 0.0000000000 0.0000000000 0.0001244034 0.0019182708
-0.0008474396 0.0016947187 -21.7769260406 30.7973365784 0.0000000000 0.0000000000 0.0001256856 0.0019359736
-0.0008548426 0.0017113832 -21.7557678223 30.7985935211 0.0000000000 0.0000000000 0.0001269569 0.0019537297
-0.0008622609 0.0017280688 -21.7346630096 30.7995700836 0.0000000000 0.0000000000 0.0001282202 0.0019715265
-0.0008696958 0.0017447856 -21.7137928009 30.8003063202 0.0000000000 0.0000000000 0.0001294915 0.0019893697
-0.0008771517 0.0017615395 -21.6932334900 30.8008327484 0.0000000000 0.0000000000 0.0001307460 0.0020072553
-0.0008846183 0.0017783263 -21.6730461121 30.8011894226 0.0000000000 0.0000000000 0.0001320049 0.0020251351
-0.0008921047 0.0017951470 -21.6532058716 30.8013648987 0.0000000000 0.0000000000 0.0001332507 0.0020430388
-0.0008996066 0.0018120065 -21.6337108612 30.8013706207 0.0000000000 0.0000000000 0.0001345067 0.0020609747
-0.0009071232 0.0018288874 -21.6144695282 30.8011875153 0.0000000000 0.0000000000 0.0001357510 0.0020789416
-0.0009146631 0.0018458047 -21.5955924988 30.8009319305 0.0000000000 0.0000000000 0.0001369888 0.0020969738
-0.0009222188 0.0018627531 -21.5772399902 30.8006114960 0.0000000000 0.0000000000 0.0001382251 0.0021150303
-0.0009297919 0.0018797253 -21.5595378876 30.8003520966 0.0000000000 0.0000000000 0.0001394658 0.0021331429
-0.0009373807 0.0018967247 -21.5426044464 30.8001670837 0.0000000000 0.0000000000 0.0001407145 0.0021513102
-0.0009449835 0.0019137594 -21.5266075134 30.8001194000 0.0000000000 0.0000000000 0.0001419661 0.0021695108
-0.0009526014 0.0019308183 -21.5113182068 30.8001804352 0.0000000000 0.0000000000 0.0001432155 0.0021877738
-0.0009602418 0.0019479061 -21.4966144562 30.8002777100 0.0000000000 0.0000000000 0.0001444701 0.0022060662
-0.0009678963 0.0019650196 -21.4826107025 30.8004245758 0.0000000000 0.0000000000 0.0001457290 0.0022243934
-0.0009755642 0.0019821548 -21.4689559937 30.8004951477 0.0000000000 0.0000000000 0.0001469718 0.0022427537
-0.0009832496 0.0019993077 -21.4554252625 30.8004341125 0.0000000000 0.0000000000 0.0001482497 0.0022611485
-0.0009909539 0.0020164954 -21.4422111511 30.8002700806 0.0000000000 0.0000000000 0.0001495173 0.0022795829
-0.0009986671 0.0020337077 -21.4292240143 30.8000659943 0.0000000000 0.0000000000 0.0001507886 0.0022980648
-0.0010063911 0.0020509453 -21.4166107178 30.7998313904 0.0000000000 0.0000000000 0.0001520599 0.0023165643
-0.0010141233 0.0020682083 -21.4044036865 30.7996215820 0.0000000000 0.0000000000 0.0001533392 0.0023350662
-0.0010218670 0.0020854997 -21.3926239014 30.7994823456 0.0000000000 0.0000000000 0.0001545930 0.0023536263
-0.0010296286 0.0021028158 -21.3812732697 30.7994098663 0.0000000000 0.0000000000 0.0001558315 0.0023722053
-0.0010374032 0.0021201503 -21.3704185486 30.7994499207 0.0000000000 0.0000000000 0.0001570839 0.0023908163
-0.0010451877 0.0021375101 -21.3599739075 30.7995681763 0.0000000000 0.0000000000 0.0001583304 0.0024094859
-0.0010529798 0.0021548863 -21.3497867584 30.7996978760 0.0000000000 0.0000000000 0.0001595725 0.0024282071
-0.0010607878 0.0021722855 -21.3397846222 30.7998065948 0.0000000000 0.0000000000 0.0001607892 0.0024469281
-0.0010686000 0.0021897033 -21.3298549652 30.7999076843 0.0000000000 0.0000000000 0.0001620022 0.0024656917
-0.0010764246 0.0022071430 -21.3199443817 30.7999610901 0.0000000000 0.0000000000 0.0001632232 0.0024844997
-0.0010842636 0.0022246037 -21.3101234436 30.7999782562 0.0000000000 0.0000000000 0.0001644471 0.0025033189
-0.0010921068 0.0022420844 -21.3002929688 30.7999496460 0.0000000000 0.0000000000 0.0001656812 0.0025221673
-0.0010999601 0.0022595818 -21.2906417847 30.7999343872 0.0000000000 0.0000000000 0.0001669124 0.0025410606
-0.0011078224 0.0022770965 -21.2811336517 30.7999134064 0.0000000000 0.0000000000 0.0001681538 0.0025599760
-0.0011156927 0.0022946338 -21.2716979980 30.7998409271 0.0000000000 0.0000000000 0.0001693923 0.0025789523
-0.0011235831 0.0023121920 -21.2624282837 30.7997703552 0.0000000000 0.0000000000 0.0001706279 0.0025979574
-0.0011314912 0.0023297742 -21.2533149719 30.7997035980 0.0000000000 0.0000000000 0.0001718591 0.0026169876
-0.0011394090 0.0023473736 -21.2443981171 30.7996520996 0.0000000000 0.0000000000 0.0001730940 0.0026360468
-0.0011473375 0.0023649854 -21.2357273102 30.7996578217 0.0000000000 0.0000000000 0.0001743402 0.0026551280
-0.0011552700 0.0023826004 -21.2272243500 30.7996997833 0.0000000000 0.0000000000 0.0001755980 0.0026742446
-0.0011632172 0.0024002413 -21.2188968658 30.7997875214 0.0000000000 0.0000000000 0.0001768660 0.0026934077
-0.0011711838 0.0024179062 -21.2107982635 30.7999248505 0.0000000000 0.0000000000 0.0001781424 0.0027125571
-0.0011791545 0.0024355841 -21.2029895782 30.8001594543 0.0000000000 0.0000000000 0.0001794217 0.0027317309
-0.0011871349 0.0024532834 -21.1955471039 30.8005123138 0.0000000000 0.0000000000 0.0001807010 0.0027509124
-0.0011951255 0.0024710104 -21.1883754730 30.8009643555 0.0000000000 0.0000000000 0.0001819766 0.0027701410
-0.0012031262 0.0024887554 -21.1813907623 30.8014888763 0.0000000000 0.0000000000 0.0001832341 0.0027894042
-0.0012111334 0.0025065085 -21.1745281219 30.8020420074 0.0000000000 0.0000000000 0.0001844864 0.0028087073
-0.0012191521 0.0025242735 -21.1676998138 30.8025951385 0.0000000000 0.0000000000 0.0001857289 0.0028280378
-0.0012271733 0.0025420343 -21.1606063843 30.8030509949 0.0000000000 0.0000000000 0.0001870101 0.0028473681
-0.0012352091 0.0025598172 -21.1533355713 30.8034458160 0.0000000000 0.0000000000 0.0001882978 0.0028666924
-0.0012432502 0.0025776168 -21.1458339691 30.8037528992 0.0000000000 0.0000000000 0.0001895789 0.0028860155
-0.0012512989 0.0025954177 -21.1380939484 30.8039836884 0.0000000000 0.0000000000 0.0001908323 0.0029053816
-0.0012593546 0.0026132294 -21.1301879883 30.8042087555 0.0000000000 0.0000000000 0.0001920821 0.0029247904
-0.0012674201 0.0026310440 -21.1219635010 30.8043823242 0.0000000000 0.0000000000 0.0001933294 0.0029441866
-0.0012754943 0.0026488770 -21.1134891510 30.8045196533 0.0000000000 0.0000000000 0.0001945679 0.0029635949
-0.0012835724 0.0026667216 -21.1049518585 30.8047142029 0.0000000000 0.0000000000 0.0001958056 0.0029830399
-0.0012916579 0.0026845855 -21.0965957642 30.8050212860 0.0000000000 0.0000000000 0.0001970536 0.0030025169
-0.0012997491 0.0027024576 -21.0882816315 30.8054065704 0.0000000000 0.0000000000 0.0001983074 0.0030220265
-0.0013078500 0.0027203409 -21.0801715851 30.8059005737 0.0000000000 0.0000000000 0.0001995729 0.0030415743
-0.0013159572 0.0027382299 -21.0722198486 30.8064899445 0.0000000000 0.0000000000 0.0002008536 0.0030611618
-0.0013240655 0.0027561197 -21.0644588470 30.8072013855 0.0000000000 0.0000000000 0.0002021213 0.0030807571
-0.0013321838 0.0027740221 -21.0569286346 30.8080806732 0.0000000000 0.0000000000 0.0002033977 0.0031003505
-0.0013403101 0.0027919358 -21.0497379303 30.8091297150 0.0000000000 0.0000000000 0.0002046894 0.0031199360
-0.0013484473 0.0028098656 -21.0429439545 30.8103847504 0.0000000000 0.0000000000 0.0002060022 0.0031395191
-0.0013565934 0.0028278057 -21.0364341736 30.8118267059 0.0000000000 0.0000000000 0.0002073099 0.0031590983
-0.0013647502 0.0028457565 -21.0301227570 30.8134002686 0.0000000000 0.0000000000 0.0002086067 0.0031786803
-0.0013729121 0.0028637240 -21.0239696503 30.8150463104 0.0000000000 0.0000000000 0.0002098948 0.0031982686
-0.0013810839 0.0028817065 -21.0178508759 30.8167495728 0.0000000000 0.0000000000 0.0002111894 0.0032178529
-0.0013892658 0.0028996952 -21.0117168427 30.8184776306 0.0000000000 0.0000000000 0.0002125037 0.0032374479
-0.0013974559 0.0029176839 -21.0054721832 30.8201808929 0.0000000000 0.0000000000 0.0002138209 0.0032570502
-0.0014056526 0.0029356880 -20.9992561340 30.8219127655 0.0000000000 0.0000000000 0.0002151556 0.0032766515
-0.0014138594 0.0029537051 -20.9929504395 30.8236236572 0.0000000000 0.0000000000 0.0002164866 0.0032962915
-0.0014220652 0.0029717244 -20.9864635468 30.8252639771 0.0000000000 0.0000000000 0.0002178038 0.0033159321
-0.0014302722 0.0029897583 -20.9797496796 30.8267993927 0.0000000000 0.0000000000 0.0002191101 0.0033355823
-0.0014384871 0.0030078043 -20.9727764130 30.8282432556 0.0000000000 0.0000000000 0.0002204033 0.0033552509
-0.0014467137 0.0030258677 -20.9654464722 30.8295783997 0.0000000000 0.0000000000 0.0002217037 0.0033749340
-0.0014549422 0.0030439349 -20.9579563141 30.8308582306 0.0000000000 0.0000000000 0.0002230289 0.0033946647
-0.0014631827 0.0030620138 -20.9502658844 30.8320732117 0.0000000000 0.0000000000 0.0002243636 0.0034143883
-0.0014714354 0.0030801054 -20.9424152374 30.8332557678 0.0000000000 0.0000000000 0.0002256947 0.0034341600
-0.0014797017 0.0030982085 -20.9347038269 30.8344936371 0.0000000000 0.0000000000 0.0002270410 0.0034539497
-0.0014879775 0.0031163187 -20.9272174835 30.8358364105 0.0000000000 0.0000000000 0.0002283881 0.0034737792
-0.0014962606 0.0031344437 -20.9199352264 30.8372516632 0.0000000000 0.0000000000 0.0002297177 0.0034936089
-0.0015045510 0.0031525819 -20.9128017426 30.8387126923 0.0000000000 0.0000000000 0.0002310342 0.0035134722
-0.0015128478 0.0031707252 -20.9057540894 30.8401756287 0.0000000000 0.0000000000 0.0002323339 0.0035333536
-0.0015211528 0.0031888736 -20.8987617493 30.8416500092 0.0000000000 0.0000000000 0.0002336241 0.0035532415
-0.0015294707 0.0032070393 -20.8918647766 30.8431301117 0.0000000000 0.0000000000 0.0002349217 0.0035731411
-0.0015377866 0.0032252099 -20.8851165771 30.8446846008 0.0000000000 0.0000000000 0.0002362301 0.0035930404
-0.0015461112 0.0032433905 -20.8786468506 30.8463706970 0.0000000000 0.0000000000 0.0002375655 0.0036129493
-0.0015544436 0.0032615778 -20.8725738525 30.8481426239 0.0000000000 0.0000000000 0.0002388977 0.0036328428
-0.0015627814 0.0032797735 -20.8667125702 30.8499813080 0.0000000000 0.0000000000 0.0002402109 0.0036527487
-0.0015711301 0.0032979753 -20.8610305786 30.8518772125 0.0000000000 0.0000000000 0.0002415161 0.0036726575
-0.0015794921 0.0033161901 -20.8554763794 30.8537807465 0.0000000000 0.0000000000 0.0002428336 0.0036926204
-0.0015878626 0.0033344179 -20.8500480652 30.8557357788 0.0000000000 0.0000000000 0.0002441534 0.0037126066
-0.0015962387 0.0033526469 -20.8447456360 30.8577556610 0.0000000000 0.0000000000 0.0002454782 0.0037326240
-0.0016046176 0.0033708815 -20.8395919800 30.8598670959 0.0000000000 0.0000000000 0.0002468235 0.0037526693
-0.0016130040 0.0033891215 -20.8345947266 30.8621120453 0.0000000000 0.0000000000 0.0002481586 0.0037727123
-0.0016213937 0.0034073601 -20.8295650482 30.8644580841 0.0000000000 0.0000000000 0.0002494987 0.0037927786
-0.0016297945 0.0034256158 -20.8246536255 30.8669147491 0.0000000000 0.0000000000 0.0002508327 0.0038128390
-0.0016381987 0.0034438786 -20.8198127747 30.8694934845 0.0000000000 0.0000000000 0.0002521564 0.0038329174
-0.0016466071 0.0034621484 -20.8149795532 30.8721694946 0.0000000000 0.0000000000 0.0002534816 0.0038530363
-0.0016550132 0.0034804069 -20.8101196289 30.8749027252 0.0000000000 0.0000000000 0.0002548054 0.0038731464
-0.0016634288 0.0034986788 -20.8052368164 30.8777294159 0.0000000000 0.0000000000 0.0002561325 0.0038932788
-0.0016718500 0.0035169572 -20.8002414703 30.8806476593 0.0000000000 0.0000000000 0.0002574602 0.0039134221
-0.0016802761 0.0035352416 -20.7948226929 30.8835067749 0.0000000000 0.0000000000 0.0002588019 0.0039335964
-0.0016887038 0.0035535325 -20.7890644073 30.8863296509 0.0000000000 0.0000000000 0.0002601515 0.0039537949
-0.0016971391 0.0035718314 -20.7829627991 30.8891906738 0.0000000000 0.0000000000 0.0002615062 0.0039740182
-0.0017055792 0.0035901398 -20.7766685486 30.8921089172 0.0000000000 0.0000000000 0.0002628821 0.0039942376
-0.0017140261 0.0036084596 -20.7703571320 30.8951358795 0.0000000000 0.0000000000 0.0002642747 0.0040144613
-0.0017224773 0.0036267864 -20.7640914917 30.8983249664 0.0000000000 0.0000000000 0.0002656695 0.0040346971
-0.0017309282 0.0036451221 -20.7578773499 30.9016628265 0.0000000000 0.0000000000 0.0002670680 0.0040549613
-0.0017393836 0.0036634600 -20.7518234253 30.9051475525 0.0000000000 0.0000000000 0.0002684825 0.0040752469
-0.0017478460 0.0036818034 -20.7459754944 30.9087963104 0.0000000000 0.0000000000 0.0002698991 0.0040955585
-0.0017563215 0.0037001609 -20.7404327393 30.9126262665 0.0000000000 0.0000000000 0.0002713122 0.0041158642
-0.0017647963 0.0037185210 -20.7353191376 30.9166812897 0.0000000000 0.0000000000 0.0002727230 0.0041362047
-0.0017732753 0.0037368822 -20.7303256989 30.9208393097 0.0000000000 0.0000000000 0.0002741244 0.0041565532
-0.0017817578 0.0037552489 -20.7256259918 30.9251499176 0.0000000000 0.0000000000 0.0002755228 0.0041769166
-0.0017902360 0.0037736285 -20.7210979462 30.9295883179 0.0000000000 0.0000000000 0.0002769308 0.0041973023
-0.0017987172 0.0037920219 -20.7165603638 30.9340839386 0.0000000000 0.0000000000 0.0002783292 0.0042177336
-0.0018072033 0.0038104269 -20.7119674683 30.9386024475 0.0000000000 0.0000000000 0.0002797263 0.0042381762
-0.0018156951 0.0038288413 -20.7071952820 30.9430809021 0.0000000000 0.0000000000 0.0002811101 0.0042586564
-0.0018241948 0.0038472628 -20.7023029327 30.9475536346 0.0000000000 0.0000000000 0.0002824889 0.0042791623
-0.0018326999 0.0038657004 -20.6974010468 30.9520225525 0.0000000000 0.0000000000 0.0002838786 0.0042996909
-0.0018412081 0.0038841406 -20.6924724579 30.9564819336 0.0000000000 0.0000000000 0.0002852851 0.0043202275
-0.0018497237 0.0039025869 -20.6874656677 30.9609279633 0.0000000000 0.0000000000 0.0002866843 0.0043407842
-0.0018582355 0.0039210389 -20.6822681427 30.9652786255 0.0000000000 0.0000000000 0.0002880835 0.0043613901
-0.0018667558 0.0039395043 -20.6768207550 30.9695205688 0.0000000000 0.0000000000 0.0002894783 0.0043820110
-0.0018752799 0.0039579733 -20.6713104248 30.9736709595 0.0000000000 0.0000000000 0.0002908614 0.0044026417
-0.0018838100 0.0039764503 -20.6655921936 30.9777240753 0.0000000000 0.0000000000 0.0002922672 0.0044233226
-0.0018923432 0.0039949389 -20.6597518921 30.9817180634 0.0000000000 0.0000000000 0.0002936649 0.0044440501
-0.0019008795 0.0040134341 -20.6538677216 30.9856758118 0.0000000000 0.0000000000 0.0002950663 0.0044647958
-0.0019094176 0.0040319334 -20.6478652954 30.9895725250 0.0000000000 0.0000000000 0.0002964669 0.0044855610
-0.0019179647 0.0040504434 -20.6417827606 30.9934825897 0.0000000000 0.0000000000 0.0002978778 0.0045063379
-0.0019265158 0.0040689670 -20.6355705261 30.9973411560 0.0000000000 0.0000000000 0.0002992777 0.0045271055
-0.0019350763 0.0040875045 -20.6293125153 31.0011711121 0.0000000000 0.0000000000 0.0003006718 0.0045478735
-0.0019436409 0.0041060559 -20.6231613159 31.0050067902 0.0000000000 0.0000000000 0.0003020608 0.0045686630
-0.0019522122 0.0041246172 -20.6171474457 31.0088500977 0.0000000000 0.0000000000 0.0003034497 0.0045894706
-0.0019607840 0.0041431929 -20.6111793518 31.0126972198 0.0000000000 0.0000000000 0.0003048468 0.0046102908
-0.0019693638 0.0041617793 -20.6053256989 31.0165729523 0.0000000000 0.0000000000 0.0003062379 0.0046311296
-0.0019779471 0.0041803829 -20.5994968414 31.0204601288 0.0000000000 0.0000000000 0.0003076131 0.0046520163
-0.0019865371 0.0041989973 -20.5937099457 31.0243358612 0.0000000000 0.0000000000 0.0003090006 0.0046729236
-0.0019951328 0.0042176261 -20.5877838135 31.0281639099 0.0000000000 0.0000000000 0.0003103910 0.0046938616
-0.0020037324 0.0042362632 -20.5816936493 31.0319366455 0.0000000000 0.0000000000 0.0003117749 0.0047148126
-0.0020123359 0.0042549111 -20.5754146576 31.0356540680 0.0000000000 0.0000000000 0.0003131719 0.0047357590
-0.0020209458 0.0042735785 -20.5689010620 31.0393295288 0.0000000000 0.0000000000 0.0003145660 0.0047567124
-0.0020295612 0.0042922520 -20.5621929169 31.0429267883 0.0000000000 0.0000000000 0.0003159747 0.0047776951
-0.0020381783 0.0043109306 -20.5552997589 31.0464782715 0.0000000000 0.0000000000 0.0003173921 0.0047986894
-0.0020468007 0.0043296185 -20.5482845306 31.0499992371 0.0000000000 0.0000000000 0.0003188022 0.0048197354
-0.0020554243 0.0043483097 -20.5411930084 31.0535106659 0.0000000000 0.0000000000 0.0003202108 0.0048408103
-0.0020640562 0.0043670158 -20.5340423584 31.0570392609 0.0000000000 0.0000000000 0.0003216210 0.0048618740
-0.0020726947 0.0043857372 -20.5269432068 31.0606212616 0.0000000000 0.0000000000 0.0003230092 0.0048829336
-0.0020813423 0.0044044778 -20.5199127197 31.0642299652 0.0000000000 0.0000000000 0.0003243989 0.0049040169
-0.0020899947 0.0044232365 -20.5129642487 31.0678672791 0.0000000000 0.0000000000 0.0003257974 0.0049251178
-0.0020986511 0.0044419998 -20.5060596466 31.0715351105 0.0000000000 0.0000000000 0.0003272090 0.0049462635
-0.0021073171 0.0044607832 -20.4993152618 31.0752525330 0.0000000000 0.0000000000 0.0003286081 0.0049674259
-0.0021159865 0.0044795773 -20.4926967621 31.0790176392 0.0000000000 0.0000000000 0.0003300059 0.0049886126
-0.0021246595 0.0044983793 -20.4863777161 31.0828361511 0.0000000000 0.0000000000 0.0003314058 0.0050098142
-0.0021333366 0.0045171930 -20.4802913666 31.0866985321 0.0000000000 0.0000000000 0.0003328101 0.0050310530
-0.0021420200 0.0045360206 -20.4744033813 31.0905818939 0.0000000000 0.0000000000 0.0003342100 0.0050523058
-0.0021507067 0.0045548589 -20.4686698914 31.0944614410 0.0000000000 0.0000000000 0.0003355946 0.0050735697
-0.0021594050 0.0045737075 -20.4629631042 31.0983009338 0.0000000000 0.0000000000 0.0003369756 0.0050948565
-0.0021681110 0.0045925644 -20.4570865631 31.1020832062 0.0000000000 0.0000000000 0.0003383551 0.0051161642
-0.0021768278 0.0046114349 -20.4511222839 31.1058025360 0.0000000000 0.0000000000 0.0003397411 0.0051374906
-0.0021855489 0.0046303151 -20.4449825287 31.1094512939 0.0000000000 0.0000000000 0.0003411170 0.0051588314
-0.0021942731 0.0046492019 -20.4385471344 31.1130237579 0.0000000000 0.0000000000 0.0003424900 0.0051802071
-0.0022029998 0.0046680942 -20.4320373535 31.1166000366 0.0000000000 0.0000000000 0.0003438615 0.0052015902
-0.0022117349 0.0046869931 -20.4256057739 31.1202430725 0.0000000000 0.0000000000 0.0003452286 0.0052230107
-0.0022204763 0.0047059124 -20.4193458557 31.1239490509 0.0000000000 0.0000000000 0.0003465812 0.0052444353
-0.0022292244 0.0047248360 -20.4130973816 31.1276741028 0.0000000000 0.0000000000 0.0003479301 0.0052658725
-0.0022379812 0.0047437754 -20.4069118500 31.1314201355 0.0000000000 0.0000000000 0.0003492797 0.0052873213
-0.0022467431 0.0047627212 -20.4009113312 31.1352024078 0.0000000000 0.0000000000 0.0003506351 0.0053088027
-0.0022555059 0.0047816746 -20.3950729370 31.1390151978 0.0000000000 0.0000000000 0.0003519870 0.0053303088
-0.0022642694 0.0048006345 -20.3893966675 31.1428585052 0.0000000000 0.0000000000 0.0003533308 0.0053518172
-0.0022730355 0.0048196092 -20.3839302063 31.1467418671 0.0000000000 0.0000000000 0.0003546636 0.0053733410
-0.0022818006 0.0048385896 -20.3785877228 31.1506690979 0.0000000000 0.0000000000 0.0003559980 0.0053948867
-0.0022905744 0.0048575834 -20.3732604980 31.1545753479 0.0000000000 0.0000000000 0.0003573272 0.0054164617
-0.0022993484 0.0048765787 -20.3679103851 31.1584720612 0.0000000000 0.0000000000 0.0003586422 0.0054380479
-0.0023081275 0.0048955870 -20.3625373840 31.1623477936 0.0000000000 0.0000000000 0.0003599674 0.0054596425
-0.0023169115 0.0049146009 -20.3569755554 31.1661586761 0.0000000000 0.0000000000 0.0003612919 0.0054812720
-0.0023256997 0.0049336189 -20.3510360718 31.1698913574 0.0000000000 0.0000000000 0.0003626004 0.0055029173
-0.0023344909 0.0049526449 -20.3448238373 31.1735572815 0.0000000000 0.0000000000 0.0003639132 0.0055245864
-0.0023432891 0.0049716728 -20.3383235931 31.1771202087 0.0000000000 0.0000000000 0.0003652282 0.0055462774
-0.0023520922 0.0049907099 -20.3316936493 31.1806793213 0.0000000000 0.0000000000 0.0003665440 0.0055679921
-0.0023608992 0.0050097513 -20.3250370026 31.1842308044 0.0000000000 0.0000000000 0.0003678532 0.0055897245
-0.0023697072 0.0050287955 -20.3183784485 31.1877918243 0.0000000000 0.0000000000 0.0003691645 0.0056114853
-0.0023785203 0.0050478498 -20.3118247986 31.1913948059 0.0000000000 0.0000000000 0.0003704723 0.0056332750
-0.0023873392 0.0050669173 -20.3054161072 31.1950397491 0.0000000000 0.0000000000 0.0003717793 0.0056550778
-0.0023961638 0.0050859931 -20.2990283966 31.1986980438 0.0000000000 0.0000000000 0.0003730994 0.0056769191
-0.0024049915 0.0051050778 -20.2927532196 31.2023811340 0.0000000000 0.0000000000 0.0003744202 0.0056987889
-0.0024138277 0.0051241713 -20.2866268158 31.2060966492 0.0000000000 0.0000000000 0.0003757331 0.0057206783
-0.0024226641 0.0051432708 -20.2806472778 31.2098464966 0.0000000000 0.0000000000 0.0003770437 0.0057425760
-0.0024315093 0.0051623844 -20.2748241425 31.2136402130 0.0000000000 0.0000000000 0.0003783543 0.0057644905
-0.0024403543 0.0051815021 -20.2690887451 31.2174777985 0.0000000000 0.0000000000 0.0003796723 0.0057864301
-0.0024492075 0.0052006338 -20.2633991241 31.2213516235 0.0000000000 0.0000000000 0.0003809822 0.0058083981
-0.0024580618 0.0052197748 -20.2576599121 31.2251968384 0.0000000000 0.0000000000 0.0003822761 0.0058303704
-0.0024669229 0.0052389167 -20.2518100739 31.2290229797 0.0000000000 0.0000000000 0.0003835488 0.0058523780
-0.0024757872 0.0052580698 -20.2457733154 31.2328205109 0.0000000000 0.0000000000 0.0003848260 0.0058744159
-0.0024846517 0.0052772341 -20.2394733429 31.2365589142 0.0000000000 0.0000000000 0.0003860845 0.0058964733
-0.0024935247 0.0052964077 -20.2329635620 31.2402591705 0.0000000000 0.0000000000 0.0003873299 0.0059185559
-0.0025024011 0.0053155920 -20.2261123657 31.2438774109 0.0000000000 0.0000000000 0.0003885812 0.0059406706
-0.0025112850 0.0053347880 -20.2190551758 31.2474651337 0.0000000000 0.0000000000 0.0003898215 0.0059627802
-0.0025201770 0.0053539975 -20.2119579315 31.2510471344 0.0000000000 0.0000000000 0.0003910560 0.0059848987
-0.0025290765 0.0053732190 -20.2051448822 31.2547245026 0.0000000000 0.0000000000 0.0003922817 0.0060070441
-0.0025379809 0.0053924406 -20.1987972260 31.2585334778 0.0000000000 0.0000000000 0.0003935148 0.0060291789
-0.0025468862 0.0054116668 -20.1928062439 31.2624492645 0.0000000000 0.0000000000 0.0003947500 0.0060513001
-0.0025558013 0.0054309010 -20.1870994568 31.2664928436 0.0000000000 0.0000000000 0.0003959728 0.0060734460
-0.0025647215 0.0054501430 -20.1818389893 31.2706356049 0.0000000000 0.0000000000 0.0003972022 0.0060956161
-0.0025736429 0.0054693907 -20.1767253876 31.2748336792 0.0000000000 0.0000000000 0.0003984454 0.0061178086
-0.0025825673 0.0054886444 -20.1717357635 31.2790336609 0.0000000000 0.0000000000 0.0003996916 0.0061400281
-0.0025914940 0.0055079074 -20.1666984558 31.2831649780 0.0000000000 0.0000000000 0.0004009370 0.0061622756
-0.0026004233 0.0055271825 -20.1614532471 31.2872180939 0.0000000000 0.0000000000 0.0004021919 0.0061845318
-0.0026093568 0.0055464585 -20.1558971405 31.2911682129 0.0000000000 0.0000000000 0.0004034665 0.0062067942
-0.0026182940 0.0055657490 -20.1500110626 31.2949924469 0.0000000000 0.0000000000 0.0004047447 0.0062290761
-0.0026272326 0.0055850381 -20.1438312531 31.2987174988 0.0000000000 0.0000000000 0.0004060149 0.0062513645
-0.0026361775 0.0056043398 -20.1374568939 31.3023529053 0.0000000000 0.0000000000 0.0004072902 0.0062736459
-0.0026451305 0.0056236526 -20.1310005188 31.3059387207 0.0000000000 0.0000000000 0.0004085677 0.0062959376
-0.0026540863 0.0056429673 -20.1246814728 31.3095397949 0.0000000000 0.0000000000 0.0004098415 0.0063182451
-0.0026630517 0.0056622950 -20.1186580658 31.3132038116 0.0000000000 0.0000000000 0.0004111139 0.0063405903
-0.0026720241 0.0056816312 -20.1128959656 31.3169059753 0.0000000000 0.0000000000 0.0004123856 0.0063629607
-0.0026810067 0.0057009766 -20.1072254181 31.3206291199 0.0000000000 0.0000000000 0.0004136492 0.0063853594
-0.0026899884 0.0057203253 -20.1015586853 31.3243885040 0.0000000000 0.0000000000 0.0004149055 0.0064077894
-0.0026989779 0.0057396842 -20.0957984924 31.3281364441 0.0000000000 0.0000000000 0.0004161707 0.0064302441
-0.0027079724 0.0057590511 -20.0900039673 31.3318386078 0.0000000000 0.0000000000 0.0004174277 0.0064527271
-0.0027169732 0.0057784338 -20.0841999054 31.3355350494 0.0000000000 0.0000000000 0.0004186702 0.0064752344
-0.0027259779 0.0057978178 -20.0783462524 31.3391761780 0.0000000000 0.0000000000 0.0004199273 0.0064977505
-0.0027349829 0.0058172052 -20.0724010468 31.3427562714 0.0000000000 0.0000000000 0.0004211808 0.0065202881
-0.0027439927 0.0058366004 -20.0663566589 31.3462638855 0.0000000000 0.0000000000 0.0004224393 0.0065428503
-0.0027530128 0.0058560045 -20.0602474213 31.3497238159 0.0000000000 0.0000000000 0.0004237219 0.0065654269
-0.0027620324 0.0058754049 -20.0543003082 31.3531398773 0.0000000000 0.0000000000 0.0004249870 0.0065880120
-0.0027710625 0.0058948165 -20.0485248566 31.3565349579 0.0000000000 0.0000000000 0.0004262630 0.0066106287
-0.0027800989 0.0059142322 -20.0430469513 31.3599586487 0.0000000000 0.0000000000 0.0004275376 0.0066332580
-0.0027891346 0.0059336536 -20.0378971100 31.3634357452 0.0000000000 0.0000000000 0.0004288136 0.0066558793
-0.0027981747 0.0059530837 -20.0329799652 31.3669204712 0.0000000000 0.0000000000 0.0004300736 0.0066785086
-0.0028072251 0.0059725279 -20.0282802582 31.3704109192 0.0000000000 0.0000000000 0.0004313292 0.0067011663
-0.0028162741 0.0059919823 -20.0237979889 31.3739376068 0.0000000000 0.0000000000 0.0004325768 0.0067238393
-0.0028253293 0.0060114400 -20.0194549561 31.3774929047 0.0000000000 0.0000000000 0.0004338292 0.0067465301
-0.0028343899 0.0060309037 -20.0152072906 31.3810825348 0.0000000000 0.0000000000 0.0004350990 0.0067692264
-0.0028434517 0.0060503809 -20.0108833313 31.3846855164 0.0000000000 0.0000000000 0.0004363754 0.0067919488
-0.0028525172 0.0060698688 -20.0063571930 31.3882560730 0.0000000000 0.0000000000 0.0004376489 0.0068146782
-0.0028615808 0.0060893595 -20.0016384125 31.3917789459 0.0000000000 0.0000000000 0.0004389355 0.0068374248
-0.0028706477 0.0061088451 -19.9967517853 31.3952541351 0.0000000000 0.0000000000 0.0004402323 0.0068602036
-0.0028797162 0.0061283405 -19.9915885925 31.3986797333 0.0000000000 0.0000000000 0.0004415422 0.0068829977
-0.0028887934 0.0061478443 -19.9858932495 31.4019737244 0.0000000000 0.0000000000 0.0004428470 0.0069058095
-0.0028978745 0.0061673536 -19.9796047211 31.4051475525 0.0000000000 0.0000000000 0.0004441621 0.0069286446
-0.0029069607 0.0061868737 -19.9727134705 31.4081668854 0.0000000000 0.0000000000 0.0004454836 0.0069515118
-0.0029160504 0.0062064012 -19.9655456543 31.4111328125 0.0000000000 0.0000000000 0.0004468132 0.0069743758
-0.0029251438 0.0062259333 -19.9581699371 31.4140853882 0.0000000000 0.0000000000 0.0004481647 0.0069972575
-0.0029342435 0.0062454687 -19.9507446289 31.4170360565 0.0000000000 0.0000000000 0.0004495321 0.0070201573
-0.0029433495 0.0062650172 -19.9434318542 31.4200572968 0.0000000000 0.0000000000 0.0004508923 0.0070430799
-0.0029524558 0.0062845708 -19.9364395142 31.4231815338 0.0000000000 0.0000000000 0.0004522664 0.0070660184
-0.0029615725 0.0063041397 -19.9299507141 31.4264183044 0.0000000000 0.0000000000 0.0004536543 0.0070889774
-0.0029706957 0.0063237185 -19.9241447449 31.4298610687 0.0000000000 0.0000000000 0.0004550560 0.0071119694
-0.0029798229 0.0063433023 -19.9188957214 31.4334678650 0.0000000000 0.0000000000 0.0004564585 0.0071349628
-0.0029889538 0.0063628871 -19.9141426086 31.4372005463 0.0000000000 0.0000000000 0.0004578704 0.0071579586
-0.0029980922 0.0063824821 -19.9097690582 31.4410018921 0.0000000000 0.0000000000 0.0004592692 0.0071809599
-0.0030072320 0.0064020837 -19.9055976868 31.4448928833 0.0000000000 0.0000000000 0.0004606805 0.0072039757
-0.0030163799 0.0064217006 -19.9015102386 31.4487934113 0.0000000000 0.0000000000 0.0004621106 0.0072270161
-0.0030255334 0.0064413263 -19.8972682953 31.4526710510 0.0000000000 0.0000000000 0.0004635546 0.0072500906
-0.0030346902 0.0064609628 -19.8927936554 31.4565086365 0.0000000000 0.0000000000 0.0004650132 0.0072731813
-0.0030438520 0.0064806086 -19.8878479004 31.4602680206 0.0000000000 0.0000000000 0.0004664783 0.0072962889
-0.0030530193 0.0065002614 -19.8824310303 31.4639186859 0.0000000000 0.0000000000 0.0004679588 0.0073193936
-0.0030621928 0.0065199244 -19.8766498566 31.4675006866 0.0000000000 0.0000000000 0.0004694341 0.0073425299
-0.0030713652 0.0065395869 -19.8705635071 31.4710178375 0.0000000000 0.0000000000 0.0004709058 0.0073656868
-0.0030805385 0.0065592537 -19.8643646240 31.4745178223 0.0000000000 0.0000000000 0.0004723753 0.0073888521
-0.0030897188 0.0065789241 -19.8577709198 31.4779682159 0.0000000000 0.0000000000 0.0004738507 0.0074120155
-0.0030988986 0.0065986030 -19.8510036469 31.4814071655 0.0000000000 0.0000000000 0.0004753428 0.0074351961
-0.0031080886 0.0066182893 -19.8440589905 31.4848403931 0.0000000000 0.0000000000 0.0004768305 0.0074584032
-0.0031172808 0.0066379849 -19.8369388580 31.4882564545 0.0000000000 0.0000000000 0.0004783080 0.0074816430
-0.0031264762 0.0066576852 -19.8298702240 31.4916648865 0.0000000000 0.0000000000 0.0004797892 0.0075048986
-0.0031356728 0.0066773891 -19.8229484558 31.4951438904 0.0000000000 0.0000000000 0.0004812595 0.0075281812
-0.0031448712 0.0066971020 -19.8163185120 31.4986934662 0.0000000000 0.0000000000 0.0004827224 0.0075514740
-0.0031540741 0.0067168237 -19.8101158142 31.5023460388 0.0000000000 0.0000000000 0.0004841934 0.0075747771
-0.0031632788 0.0067365514 -19.8043251038 31.5061035156 0.0000000000 0.0000000000 0.0004856541 0.0075981081
-0.0031724880 0.0067562838 -19.7990531921 31.5099792480 0.0000000000 0.0000000000 0.0004871127 0.0076214657
-0.0031817027 0.0067760265 -19.7943000793 31.5139484406 0.0000000000 0.0000000000 0.0004885662 0.0076448438
-0.0031909172 0.0067957682 -19.7898960114 31.5179672241 0.0000000000 0.0000000000 0.0004900270 0.0076682251
-0.0032001303 0.0068155089 -19.7855796814 31.5219688416 0.0000000000 0.0000000000 0.0004914921 0.0076916064
-0.0032093446 0.0068352544 -19.7811145782 31.5259227753 0.0000000000 0.0000000000 0.0004929550 0.0077149780
-0.0032185584 0.0068550035 -19.7762374878 31.5298042297 0.0000000000 0.0000000000 0.0004944063 0.0077383630
-0.0032277752 0.0068747601 -19.7709064484 31.5335979462 0.0000000000 0.0000000000 0.0004958627 0.0077617583
-0.0032369981 0.0068945191 -19.7651462555 31.5373058319 0.0000000000 0.0000000000 0.0004973373 0.0077851624
-0.0032462238 0.0069142720 -19.7590389252 31.5409126282 0.0000000000 0.0000000000 0.0004988098 0.0078085726
-0.0032554551 0.0069340244 -19.7525272369 31.5444221497 0.0000000000 0.0000000000 0.0005002756 0.0078319907
-0.0032646891 0.0069537819 -19.7456569672 31.5478839874 0.0000000000 0.0000000000 0.0005017335 0.0078554219
-0.0032739278 0.0069735446 -19.7385597229 31.5513057709 0.0000000000 0.0000000000 0.0005032219 0.0078788269
-0.0032831694 0.0069933049 -19.7315311432 31.5547428131 0.0000000000 0.0000000000 0.0005047148 0.0079022599
-0.0032924151 0.0070130806 -19.7246303558 31.5581912994 0.0000000000 0.0000000000 0.0005062142 0.0079257293
-0.0033016694 0.0070328624 -19.7180347443 31.5617313385 0.0000000000 0.0000000000 0.0005077106 0.0079492088
-0.0033109291 0.0070526521 -19.7117443085 31.5653438568 0.0000000000 0.0000000000 0.0005092209 0.0079726893
-0.0033201876 0.0070724366 -19.7058830261 31.5690307617 0.0000000000 0.0000000000 0.0005107298 0.0079961754
-0.0033294493 0.0070922272 -19.7003459930 31.5727653503 0.0000000000 0.0000000000 0.0005122518 0.0080196736
-0.0033387144 0.0071120244 -19.6950035095 31.5765132904 0.0000000000 0.0000000000 0.0005137913 0.0080431923
-0.0033479834 0.0071318219 -19.6898899078 31.5802497864 0.0000000000 0.0000000000 0.0005153461 0.0080667315
-0.0033572535 0.0071516200 -19.6847991943 31.5839481354 0.0000000000 0.0000000000 0.0005168877 0.0080902828
-0.0033665295 0.0071714241 -19.6798057556 31.5875968933 0.0000000000 0.0000000000 0.0005184454 0.0081138490
-0.0033758099 0.0071912366 -19.6747951508 31.5911521912 0.0000000000 0.0000000000 0.0005200162 0.0081374310
-0.0033850926 0.0072110523 -19.6697711945 31.5946464539 0.0000000000 0.0000000000 0.0005215877 0.0081610326
-0.0033943814 0.0072308779 -19.6646556854 31.5980815887 0.0000000000 0.0000000000 0.0005231490 0.0081846565
-0.0034036774 0.0072507127 -19.6594409943 31.6014614105 0.0000000000 0.0000000000 0.0005247111 0.0082082925
-0.0034129762 0.0072705490 -19.6540126801 31.6047649384 0.0000000000 0.0000000000 0.0005262637 0.0082319388
-0.0034222805 0.0072903964 -19.6482620239 31.6080055237 0.0000000000 0.0000000000 0.0005278097 0.0082556074
-0.0034315863 0.0073102475 -19.6420936584 31.6111354828 0.0000000000 0.0000000000 0.0005293536 0.0082793143
-0.0034408940 0.0073300987 -19.6356868744 31.6142292023 0.0000000000 0.0000000000 0.0005309077 0.0083030313
-0.0034502032 0.0073499577 -19.6290550232 31.6173095703 0.0000000000 0.0000000000 0.0005324850 0.0083267335
-0.0034595164 0.0073698186 -19.6223793030 31.6204376221 0.0000000000 0.0000000000 0.0005340820 0.0083504552
-0.0034688355 0.0073896884 -19.6158981323 31.6236419678 0.0000000000 0.0000000000 0.0005356834 0.0083741825
-0.0034781601 0.0074095647 -19.6096820831 31.6269626617 0.0000000000 0.0000000000 0.0005373023 0.0083979182
-0.0034874869 0.0074294438 -19.6039600372 31.6304244995 0.0000000000 0.0000000000 0.0005389351 0.0084216464
-0.0034968175 0.0074493294 -19.5987663269 31.6340446472 0.0000000000 0.0000000000 0.0005405489 0.0084453719
-0.0035061482 0.0074692219 -19.5940914154 31.6378231049 0.0000000000 0.0000000000 0.0005421736 0.0084691197
-0.0035154813 0.0074891299 -19.5896644592 31.6416606903 0.0000000000 0.0000000000 0.0005437831 0.0084928861
-0.0035248164 0.0075090444 -19.5851898193 31.6455173492 0.0000000000 0.0000000000 0.0005453837 0.0085166693
-0.0035341568 0.0075289630 -19.5805873871 31.6493186951 0.0000000000 0.0000000000 0.0005469793 0.0085404627
-0.0035435027 0.0075488817 -19.5757255554 31.6530647278 0.0000000000 0.0000000000 0.0005485680 0.0085642599
-0.0035528564 0.0075688083 -19.5706825256 31.6568050385 0.0000000000 0.0000000000 0.0005501705 0.0085881064
-0.0035622171 0.0075887418 -19.5654773712 31.6605033875 0.0000000000 0.0000000000 0.0005517722 0.0086119482
-0.0035715771 0.0076086782 -19.5601158142 31.6641521454 0.0000000000 0.0000000000 0.0005533565 0.0086358106
-0.0035809423 0.0076286201 -19.5546875000 31.6677837372 0.0000000000 0.0000000000 0.0005549219 0.0086596869
-0.0035903133 0.0076485714 -19.5494079590 31.6714019775 0.0000000000 0.0000000000 0.0005564887 0.0086835772
-0.0035996919 0.0076685334 -19.5439014435 31.6749496460 0.0000000000 0.0000000000 0.0005580584 0.0087074619
-0.0036090696 0.0076884953 -19.5381755829 31.6784553528 0.0000000000 0.0000000000 0.0005596434 0.0087313754
-0.0036184553 0.0077084680 -19.5321960449 31.6818847656 0.0000000000 0.0000000000 0.0005612474 0.0087552946
-0.0036278446 0.0077284472 -19.5261020660 31.6852703094 0.0000000000 0.0000000000 0.0005628485 0.0087792240
-0.0036372421 0.0077484432 -19.5198822021 31.6886081696 0.0000000000 0.0000000000 0.0005644626 0.0088031497
-0.0036466408 0.0077684354 -19.5136775970 31.6919345856 0.0000000000 0.0000000000 0.0005660884 0.0088270810
-0.0036560511 0.0077884411 -19.5076351166 31.6952724457 0.0000000000 0.0000000000 0.0005677419 0.0088510439
-0.0036654656 0.0078084553 -19.5019226074 31.6986598969 0.0000000000 0.0000000000 0.0005694173 0.0088750301
-0.0036748787 0.0078284703 -19.4966335297 31.7021236420 0.0000000000 0.0000000000 0.0005711051 0.0088990191
-0.0036842967 0.0078484882 -19.4916934967 31.7056446075 0.0000000000 0.0000000000 0.0005728096 0.0089230156
-0.0036937210 0.0078685144 -19.4871063232 31.7092437744 0.0000000000 0.0000000000 0.0005745171 0.0089470083
-0.0037031502 0.0078885527 -19.4827823639 31.7129249573 0.0000000000 0.0000000000 0.0005762231 0.0089710196
-0.0037125843 0.0079085948 -19.4786529541 31.7166671753 0.0000000000 0.0000000000 0.0005779364 0.0089950496
-0.0037220172 0.0079286350 -19.4744396210 31.7203807831 0.0000000000 0.0000000000 0.0005796518 0.0090190796
-0.0037314547 0.0079486789 -19.4699306488 31.7240829468 0.0000000000 0.0000000000 0.0005813672 0.0090431320
-0.0037408916 0.0079687219 -19.4651393890 31.7277698517 0.0000000000 0.0000000000 0.0005830915 0.0090671936
-0.0037503289 0.0079887602 -19.4598865509 31.7313861847 0.0000000000 0.0000000000 0.0005848149 0.0090912580
-0.0037597658 0.0080088023 -19.4541320801 31.7349224091 0.0000000000 0.0000000000 0.0005865261 0.0091153225
-0.0037692070 0.0080288537 -19.4480628967 31.7384128571 0.0000000000 0.0000000000 0.0005882452 0.0091394130
-0.0037786530 0.0080489116 -19.4416751862 31.7418308258 0.0000000000 0.0000000000 0.0005899686 0.0091635287
-0.0037880966 0.0080689676 -19.4351329803 31.7452201843 0.0000000000 0.0000000000 0.0005916928 0.0091876434
-0.0037975465 0.0080890357 -19.4287223816 31.7486534119 0.0000000000 0.0000000000 0.0005934054 0.0092117665
-0.0038069997 0.0081091067 -19.4226856232 31.7521266937 0.0000000000 0.0000000000 0.0005951136 0.0092359064
-0.0038164645 0.0081291897 -19.4170112610 31.7556648254 0.0000000000 0.0000000000 0.0005968334 0.0092600472
-0.0038259260 0.0081492672 -19.4117736816 31.7592849731 0.0000000000 0.0000000000 0.0005985613 0.0092841797
-0.0038353894 0.0081693484 -19.4068889618 31.7630043030 0.0000000000 0.0000000000 0.0006002949 0.0093083140
-0.0038448614 0.0081894323 -19.4022426605 31.7667732239 0.0000000000 0.0000000000 0.0006020366 0.0093324520
-0.0038543388 0.0082095228 -19.3977584839 31.7705841064 0.0000000000 0.0000000000 0.0006037659 0.0093565835
-0.0038638208 0.0082296189 -19.3931827545 31.7743663788 0.0000000000 0.0000000000 0.0006054828 0.0093807075
-0.0038733073 0.0082497243 -19.3885307312 31.7781448364 0.0000000000 0.0000000000 0.0006072063 0.0094048446
-0.0038827935 0.0082698315 -19.3836135864 31.7818603516 0.0000000000 0.0000000000 0.0006089203 0.0094289863
-0.0038922781 0.0082899397 -19.3784599304 31.7855052948 0.0000000000 0.0000000000 0.0006106350 0.0094531458
-0.0039017710 0.0083100665 -19.3730945587 31.7890644073 0.0000000000 0.0000000000 0.0006123578 0.0094773127
-0.0039112703 0.0083301989 -19.3675117493 31.7925415039 0.0000000000 0.0000000000 0.0006140776 0.0095015001
-0.0039207707 0.0083503379 -19.3619155884 31.7959995270 0.0000000000 0.0000000000 0.0006158011 0.0095257061
-0.0039302693 0.0083704749 -19.3563385010 31.7994995117 0.0000000000 0.0000000000 0.0006175348 0.0095499363
-0.0039397720 0.0083906129 -19.3506813049 31.8030185699 0.0000000000 0.0000000000 0.0006192802 0.0095741963
-0.0039492813 0.0084107574 -19.3450870514 31.8065967560 0.0000000000 0.0000000000 0.0006210488 0.0095984591
-0.0039587975 0.0084309103 -19.3395996094 31.8102226257 0.0000000000 0.0000000000 0.0006228203 0.0096227201
-0.0039683180 0.0084510706 -19.3343086243 31.8139324188 0.0000000000 0.0000000000 0.0006245970 0.0096470071
-0.0039778380 0.0084712375 -19.3290996552 31.8176860809 0.0000000000 0.0000000000 0.0006263861 0.0096713006
-0.0039873584 0.0084914127 -19.3239765167 31.8214836121 0.0000000000 0.0000000000 0.0006281788 0.0096955923
-0.0039968817 0.0085115954 -19.3188591003 31.8252677917 0.0000000000 0.0000000000 0.0006299635 0.0097198905
-0.0040064072 0.0085317874 -19.3137111664 31.8290481567 0.0000000000 0.0000000000 0.0006317606 0.0097442139
-0.0040159356 0.0085519813 -19.3085823059 31.8328151703 0.0000000000 0.0000000000 0.0006335511 0.0097685633
-0.0040254695 0.0085721798 -19.3035144806 31.8365783691 0.0000000000 0.0000000000 0.0006353533 0.0097929211
-0.0040350053 0.0085923877 -19.2986965179 31.8403663635 0.0000000000 0.0000000000 0.0006371504 0.0098173032
-0.0040445463 0.0086126011 -19.2939605713 31.8441543579 0.0000000000 0.0000000000 0.0006389518 0.0098417038
-0.0040540900 0.0086328173 -19.2891426086 31.8479042053 0.0000000000 0.0000000000 0.0006407737 0.0098660989
-0.0040636351 0.0086530326 -19.2840843201 31.8515796661 0.0000000000 0.0000000000 0.0006425890 0.0098905126
-0.0040731840 0.0086732544 -19.2789192200 31.8552169800 0.0000000000 0.0000000000 0.0006444021 0.0099149197
-0.0040827310 0.0086934818 -19.2735462189 31.8587913513 0.0000000000 0.0000000000 0.0006462116 0.0099393418
-0.0040922831 0.0087137101 -19.2681007385 31.8623104095 0.0000000000 0.0000000000 0.0006480094 0.0099637872
-0.0041018324 0.0087339366 -19.2626132965 31.8658084869 0.0000000000 0.0000000000 0.0006497977 0.0099882539
-0.0041113845 0.0087541742 -19.2571372986 31.8692588806 0.0000000000 0.0000000000 0.0006515882 0.0100127235
