#         COST_U        COST_H      COST_D       COST_S       REGU_H       REGU_S          HPO           COSTGLEN 
294.1456604004 0.0000000000 0.0000000000 0.0000000000 36.8487854004 0.0000000000 1.7718808651
102.8523635864 0.0000000000 0.0000000000 0.1215183511 36.1088485718 0.0000000000 -0.1090916395
74.1232910156 0.0000000000 0.0000000000 0.3888691068 34.7608566284 0.0000000000 -0.3742369413
67.8335266113 0.0000000000 0.0000000000 0.7325779200 34.1846580505 0.0000000000 -0.3903121948
62.2695350647 0.0000000000 0.0000000000 1.1136100292 34.4213294983 0.0000000000 -0.3635896444
55.7455177307 0.0000000000 0.0000000000 1.5088796616 35.2650947571 0.0000000000 -0.3368293047
48.7913131714 0.0000000000 0.0000000000 1.9011216164 35.3866271973 0.0000000000 -0.3209943771
42.0446243286 0.0000000000 0.0000000000 2.2766385078 35.6652412415 0.0000000000 -0.3174705505
35.7927780151 0.0000000000 0.0000000000 2.6247017384 35.4732360840 0.0000000000 -0.3230862617
30.2754039764 0.0000000000 0.0000000000 2.9365661144 34.8610382080 0.0000000000 -0.3343374133
25.7497138977 0.0000000000 0.0000000000 3.2059445381 34.3330039978 0.0000000000 -0.3467686176
22.3478431702 0.0000000000 0.0000000000 3.4286079407 33.8768768311 0.0000000000 -0.3561249971
19.9897823334 0.0000000000 0.0000000000 3.6020367146 33.1478195190 0.0000000000 -0.3606399894
18.4538955688 0.0000000000 0.0000000000 3.7256398201 32.6309890747 0.0000000000 -0.3606140614
17.4899845123 0.0000000000 0.0000000000 3.8009271622 32.2200889587 0.0000000000 -0.3578369319
16.8949069977 0.0000000000 0.0000000000 3.8310177326 32.0660705566 0.0000000000 -0.3540792465
16.5024776459 0.0000000000 0.0000000000 3.8205146790 31.9393634796 0.0000000000 -0.3504006863
16.2031707764 0.0000000000 0.0000000000 3.7747225761 31.8012504578 0.0000000000 -0.3477111459
15.9392957687 0.0000000000 0.0000000000 3.6994335651 31.6814231873 0.0000000000 -0.3461188674
15.6819086075 0.0000000000 0.0000000000 3.6003479958 31.5947341919 0.0000000000 -0.3458300233
15.4259252548 0.0000000000 0.0000000000 3.4828267097 31.5610847473 0.0000000000 -0.3470455408
15.1807851791 0.0000000000 0.0000000000 3.3519549370 31.5583858490 0.0000000000 -0.3495071828
14.9678354263 0.0000000000 0.0000000000 3.2123563290 31.5621299744 0.0000000000 -0.3530760109
14.8145456314 0.0000000000 0.0000000000 3.0680477619 31.5564479828 0.0000000000 -0.3576453030
14.7481555939 0.0000000000 0.0000000000 2.9226586819 31.5502567291 0.0000000000 -0.3630505800
14.7977619171 0.0000000000 0.0000000000 2.7790925503 31.5385990143 0.0000000000 -0.3691157997
14.9892864227 0.0000000000 0.0000000000 2.6398024559 31.5179653168 0.0000000000 -0.3756448328
15.3504610062 0.0000000000 0.0000000000 2.5066423416 31.4903564453 0.0000000000 -0.3825070858
15.8994426727 0.0000000000 0.0000000000 2.3811607361 31.4470577240 0.0000000000 -0.3891204000
16.6495723724 0.0000000000 0.0000000000 2.2644219398 31.3913192749 0.0000000000 -0.3953029513
17.5998001099 0.0000000000 0.0000000000 2.1572206020 31.3405151367 0.0000000000 -0.4008557200
18.7436828613 0.0000000000 0.0000000000 2.0602686405 31.2606391907 0.0000000000 -0.4053403139
20.0610942841 0.0000000000 0.0000000000 1.9742805958 31.1883277893 0.0000000000 -0.4083892107
21.4734516144 0.0000000000 0.0000000000 1.8998572826 31.1495399475 0.0000000000 -0.4096167684
22.8806209564 0.0000000000 0.0000000000 1.8376359940 31.1336326599 0.0000000000 -0.4096249342
24.1534461975 0.0000000000 0.0000000000 1.7881395817 31.1099643707 0.0000000000 -0.4079819918
25.1480522156 0.0000000000 0.0000000000 1.7520158291 31.0773620605 0.0000000000 -0.4061939716
25.7416076660 0.0000000000 0.0000000000 1.7299276590 31.0335884094 0.0000000000 -0.4039704800
25.8646373749 0.0000000000 0.0000000000 1.7221705914 30.9715919495 0.0000000000 -0.4024649858
25.5177497864 0.0000000000 0.0000000000 1.7287836075 30.8971557617 0.0000000000 -0.4015040994
24.7814483643 0.0000000000 0.0000000000 1.7492289543 30.8220481873 0.0000000000 -0.4003412127
23.7753276825 0.0000000000 0.0000000000 1.7823278904 30.7341480255 0.0000000000 -0.3992055655
22.6332149506 0.0000000000 0.0000000000 1.8262374401 30.6549224854 0.0000000000 -0.3972827196
21.4771690369 0.0000000000 0.0000000000 1.8787758350 30.5834598541 0.0000000000 -0.3948581219
20.3967285156 0.0000000000 0.0000000000 1.9371455908 30.5168495178 0.0000000000 -0.3920502663
19.4478702545 0.0000000000 0.0000000000 1.9984974861 30.4506111145 0.0000000000 -0.3885369897
18.6509361267 0.0000000000 0.0000000000 2.0601251125 30.3727035522 0.0000000000 -0.3849354386
18.0118980408 0.0000000000 0.0000000000 2.1197056770 30.2998085022 0.0000000000 -0.3813388348
17.5279941559 0.0000000000 0.0000000000 2.1754763126 30.2346572876 0.0000000000 -0.3779386878
17.1840991974 0.0000000000 0.0000000000 2.2261605263 30.1727466583 0.0000000000 -0.3745425940
16.9631080627 0.0000000000 0.0000000000 2.2711622715 30.1131534576 0.0000000000 -0.3713808060
16.8344268799 0.0000000000 0.0000000000 2.3102498055 30.0538425446 0.0000000000 -0.3687095642
16.7693920135 0.0000000000 0.0000000000 2.3435888290 29.9925918579 0.0000000000 -0.3661242723
16.7400798798 0.0000000000 0.0000000000 2.3714549541 29.9280624390 0.0000000000 -0.3637811542
16.7139148712 0.0000000000 0.0000000000 2.3943910599 29.8642730713 0.0000000000 -0.3611195683
16.6702327728 0.0000000000 0.0000000000 2.4130084515 29.7999687195 0.0000000000 -0.3591245413
16.5902404785 0.0000000000 0.0000000000 2.4279878139 29.7383842468 0.0000000000 -0.3567539454
16.4638442993 0.0000000000 0.0000000000 2.4398405552 29.6809329987 0.0000000000 -0.3544479012
16.2884159088 0.0000000000 0.0000000000 2.4489123821 29.6217021942 0.0000000000 -0.3514980078
16.0686168671 0.0000000000 0.0000000000 2.4553284645 29.5615406036 0.0000000000 -0.3490940332
15.8047809601 0.0000000000 0.0000000000 2.4592072964 29.4979133606 0.0000000000 -0.3463022709
15.5019798279 0.0000000000 0.0000000000 2.4605894089 29.4276618958 0.0000000000 -0.3436079025
15.1609745026 0.0000000000 0.0000000000 2.4593620300 29.3506469727 0.0000000000 -0.3409303427
14.7919120789 0.0000000000 0.0000000000 2.4553282261 29.2716503143 0.0000000000 -0.3386220932
14.4077568054 0.0000000000 0.0000000000 2.4483609200 29.1877498627 0.0000000000 -0.3363937140
14.0212268829 0.0000000000 0.0000000000 2.4381861687 29.1024608612 0.0000000000 -0.3343728781
13.6370506287 0.0000000000 0.0000000000 2.4245786667 29.0209770203 0.0000000000 -0.3324345350
13.2603263855 0.0000000000 0.0000000000 2.4073166847 28.9426670074 0.0000000000 -0.3300743699
12.8909454346 0.0000000000 0.0000000000 2.3861875534 28.8668727875 0.0000000000 -0.3282921910
12.5312385559 0.0000000000 0.0000000000 2.3611667156 28.7956123352 0.0000000000 -0.3263453841
12.1824789047 0.0000000000 0.0000000000 2.3322892189 28.7303333282 0.0000000000 -0.3245043159
11.8537693024 0.0000000000 0.0000000000 2.2997262478 28.6703147888 0.0000000000 -0.3227123618
11.5526170731 0.0000000000 0.0000000000 2.2636330128 28.6106224060 0.0000000000 -0.3208355308
11.2864456177 0.0000000000 0.0000000000 2.2242729664 28.5520877838 0.0000000000 -0.3196031451
11.0580968857 0.0000000000 0.0000000000 2.1820690632 28.4951286316 0.0000000000 -0.3180875182
10.8691816330 0.0000000000 0.0000000000 2.1374700069 28.4405651093 0.0000000000 -0.3167089224
10.7151012421 0.0000000000 0.0000000000 2.0909948349 28.3861446381 0.0000000000 -0.3151757121
10.5892591476 0.0000000000 0.0000000000 2.0432887077 28.3321762085 0.0000000000 -0.3141289353
10.4860763550 0.0000000000 0.0000000000 1.9949263334 28.2771053314 0.0000000000 -0.3128341436
10.3962917328 0.0000000000 0.0000000000 1.9464089870 28.2223148346 0.0000000000 -0.3114723563
10.3101005554 0.0000000000 0.0000000000 1.8983125687 28.1661453247 0.0000000000 -0.3105782866
10.2167100906 0.0000000000 0.0000000000 1.8511453867 28.1116600037 0.0000000000 -0.3092228174
10.1093502045 0.0000000000 0.0000000000 1.8053040504 28.0581531525 0.0000000000 -0.3077973723
9.9847698212 0.0000000000 0.0000000000 1.7609374523 28.0037612915 0.0000000000 -0.3068263531
9.8447303772 0.0000000000 0.0000000000 1.7181081772 27.9509525299 0.0000000000 -0.3056131601
9.6933822632 0.0000000000 0.0000000000 1.6768810749 27.8983039856 0.0000000000 -0.3046023250
9.5386648178 0.0000000000 0.0000000000 1.6371626854 27.8465003967 0.0000000000 -0.3033861518
9.3887996674 0.0000000000 0.0000000000 1.5989183187 27.7949085236 0.0000000000 -0.3021777868
9.2477083206 0.0000000000 0.0000000000 1.5620861053 27.7446746826 0.0000000000 -0.3009368777
9.1192016602 0.0000000000 0.0000000000 1.5266351700 27.6946620941 0.0000000000 -0.2996520996
9.0041933060 0.0000000000 0.0000000000 1.4924525023 27.6436176300 0.0000000000 -0.2986940742
8.9030132294 0.0000000000 0.0000000000 1.4595203400 27.5940742493 0.0000000000 -0.2975721359
8.8150568008 0.0000000000 0.0000000000 1.4277365208 27.5458259583 0.0000000000 -0.2963761091
8.7368535995 0.0000000000 0.0000000000 1.3971337080 27.4984951019 0.0000000000 -0.2952011228
8.6647195816 0.0000000000 0.0000000000 1.3677489758 27.4524078369 0.0000000000 -0.2942124605
8.5936813354 0.0000000000 0.0000000000 1.3396459818 27.4081192017 0.0000000000 -0.2930828333
8.5216360092 0.0000000000 0.0000000000 1.3128745556 27.3662719727 0.0000000000 -0.2920491695
8.4464521408 0.0000000000 0.0000000000 1.2873626947 27.3260707855 0.0000000000 -0.2909623981
8.3671760559 0.0000000000 0.0000000000 1.2630710602 27.2869358063 0.0000000000 -0.2897723913
8.2837505341 0.0000000000 0.0000000000 1.2399852276 27.2483005524 0.0000000000 -0.2887576222
8.1969718933 0.0000000000 0.0000000000 1.2180885077 27.2103652954 0.0000000000 -0.2877920270
8.1082735062 0.0000000000 0.0000000000 1.1972664595 27.1732196808 0.0000000000 -0.2865851521
8.0190649033 0.0000000000 0.0000000000 1.1774156094 27.1361255646 0.0000000000 -0.2855170369
7.9299111366 0.0000000000 0.0000000000 1.1584842205 27.0989570618 0.0000000000 -0.2846030593
7.8417310715 0.0000000000 0.0000000000 1.1403924227 27.0612392426 0.0000000000 -0.2836546898
7.7553863525 0.0000000000 0.0000000000 1.1230325699 27.0228176117 0.0000000000 -0.2825828791
7.6705689430 0.0000000000 0.0000000000 1.1062978506 26.9845199585 0.0000000000 -0.2815003395
7.5873551369 0.0000000000 0.0000000000 1.0900692940 26.9471778870 0.0000000000 -0.2806398869
7.5052304268 0.0000000000 0.0000000000 1.0743061304 26.9102764130 0.0000000000 -0.2796916366
7.4239234924 0.0000000000 0.0000000000 1.0589355230 26.8740425110 0.0000000000 -0.2787497044
7.3432769775 0.0000000000 0.0000000000 1.0439298153 26.8381366730 0.0000000000 -0.2774069309
7.2631773949 0.0000000000 0.0000000000 1.0291979313 26.8024520874 0.0000000000 -0.2768630385
7.1838312149 0.0000000000 0.0000000000 1.0147384405 26.7667884827 0.0000000000 -0.2758979797
7.1050162315 0.0000000000 0.0000000000 1.0005756617 26.7300205231 0.0000000000 -0.2752299309
7.0275526047 0.0000000000 0.0000000000 0.9866617322 26.6924839020 0.0000000000 -0.2743915319
6.9522538185 0.0000000000 0.0000000000 0.9729900360 26.6547679901 0.0000000000 -0.2735518217
6.8795146942 0.0000000000 0.0000000000 0.9595867395 26.6175594330 0.0000000000 -0.2728057504
6.8092751503 0.0000000000 0.0000000000 0.9464546442 26.5797939301 0.0000000000 -0.2720316052
6.7410430908 0.0000000000 0.0000000000 0.9335794449 26.5426864624 0.0000000000 -0.2712647319
6.6744031906 0.0000000000 0.0000000000 0.9209610820 26.5055999756 0.0000000000 -0.2705061436
6.6089811325 0.0000000000 0.0000000000 0.9086248279 26.4678096771 0.0000000000 -0.2695488334
6.5447931290 0.0000000000 0.0000000000 0.8965780139 26.4296150208 0.0000000000 -0.2690059543
6.4815974236 0.0000000000 0.0000000000 0.8848136663 26.3908271790 0.0000000000 -0.2682247758
6.4189500809 0.0000000000 0.0000000000 0.8733001947 26.3505325317 0.0000000000 -0.2676070333
6.3572716713 0.0000000000 0.0000000000 0.8620316386 26.3109245300 0.0000000000 -0.2669389844
6.2970123291 0.0000000000 0.0000000000 0.8509839773 26.2724914551 0.0000000000 -0.2661662698
6.2377367020 0.0000000000 0.0000000000 0.8401882648 26.2350502014 0.0000000000 -0.2655163407
6.1786761284 0.0000000000 0.0000000000 0.8296244144 26.1998519897 0.0000000000 -0.2649611235
6.1202707291 0.0000000000 0.0000000000 0.8192619681 26.1643505096 0.0000000000 -0.2640783787
6.0628604889 0.0000000000 0.0000000000 0.8090922236 26.1304397583 0.0000000000 -0.2636404037
6.0067076683 0.0000000000 0.0000000000 0.7991340756 26.0968685150 0.0000000000 -0.2630569935
5.9518013000 0.0000000000 0.0000000000 0.7893842459 26.0643024445 0.0000000000 -0.2624461651
5.8977847099 0.0000000000 0.0000000000 0.7798567414 26.0325565338 0.0000000000 -0.2618695498
5.8446722031 0.0000000000 0.0000000000 0.7705608606 26.0016670227 0.0000000000 -0.2612554431
5.7919979095 0.0000000000 0.0000000000 0.7614918351 25.9698371887 0.0000000000 -0.2606825829
5.7400550842 0.0000000000 0.0000000000 0.7526363730 25.9369316101 0.0000000000 -0.2600907087
5.6886558533 0.0000000000 0.0000000000 0.7440025806 25.9039745331 0.0000000000 -0.2595187426
5.6377406120 0.0000000000 0.0000000000 0.7355986238 25.8709678650 0.0000000000 -0.2589449286
5.5874142647 0.0000000000 0.0000000000 0.7274214029 25.8374786377 0.0000000000 -0.2584046125
5.5380153656 0.0000000000 0.0000000000 0.7194452882 25.8040771484 0.0000000000 -0.2578553557
5.4892187119 0.0000000000 0.0000000000 0.7116801739 25.7703037262 0.0000000000 -0.2573130727
5.4413957596 0.0000000000 0.0000000000 0.7041576505 25.7361621857 0.0000000000 -0.2566658258
5.3947196007 0.0000000000 0.0000000000 0.6968824863 25.7018718719 0.0000000000 -0.2562659383
5.3485655785 0.0000000000 0.0000000000 0.6898239851 25.6680393219 0.0000000000 -0.2557346821
5.3031311035 0.0000000000 0.0000000000 0.6829568744 25.6348991394 0.0000000000 -0.2552522421
5.2578372955 0.0000000000 0.0000000000 0.6762626171 25.6023368835 0.0000000000 -0.2547122836
5.2130022049 0.0000000000 0.0000000000 0.6697517633 25.5703392029 0.0000000000 -0.2541298270
5.1687626839 0.0000000000 0.0000000000 0.6634247303 25.5387096405 0.0000000000 -0.2538130283
5.1248226166 0.0000000000 0.0000000000 0.6573005319 25.5073242188 0.0000000000 -0.2533258200
5.0814328194 0.0000000000 0.0000000000 0.6513500810 25.4765491486 0.0000000000 -0.2528777122
5.0383224487 0.0000000000 0.0000000000 0.6455683708 25.4463996887 0.0000000000 -0.2524278760
4.9952340126 0.0000000000 0.0000000000 0.6399098635 25.4159793854 0.0000000000 -0.2519523501
4.9527935982 0.0000000000 0.0000000000 0.6343375444 25.3852672577 0.0000000000 -0.2515417337
4.9112977982 0.0000000000 0.0000000000 0.6288324594 25.3568706512 0.0000000000 -0.2511078417
4.8705544472 0.0000000000 0.0000000000 0.6233181953 25.3287162781 0.0000000000 -0.2506135106
4.8299202919 0.0000000000 0.0000000000 0.6177752018 25.3012638092 0.0000000000 -0.2502596974
4.7896099091 0.0000000000 0.0000000000 0.6122040749 25.2745513916 0.0000000000 -0.2498590350
4.7496542931 0.0000000000 0.0000000000 0.6066095233 25.2477817535 0.0000000000 -0.2494621873
4.7101740837 0.0000000000 0.0000000000 0.6009615660 25.2223548889 0.0000000000 -0.2490596771
4.6708235741 0.0000000000 0.0000000000 0.5952698588 25.1970481873 0.0000000000 -0.2485857606
4.6323800087 0.0000000000 0.0000000000 0.5895400643 25.1720218658 0.0000000000 -0.2483080626
4.5944342613 0.0000000000 0.0000000000 0.5837761164 25.1469745636 0.0000000000 -0.2479335368
4.5575599670 0.0000000000 0.0000000000 0.5779818892 25.1217651367 0.0000000000 -0.2475377023
4.5216784477 0.0000000000 0.0000000000 0.5721649528 25.0961723328 0.0000000000 -0.2471935153
4.4864597321 0.0000000000 0.0000000000 0.5663406849 25.0703792572 0.0000000000 -0.2468581796
4.4519333839 0.0000000000 0.0000000000 0.5605135560 25.0445022583 0.0000000000 -0.2465690076
4.4180865288 0.0000000000 0.0000000000 0.5547206998 25.0186328888 0.0000000000 -0.2462888062
4.3847537041 0.0000000000 0.0000000000 0.5489831567 24.9929485321 0.0000000000 -0.2459889352
4.3518824577 0.0000000000 0.0000000000 0.5433517098 24.9667797089 0.0000000000 -0.2456881702
4.3195595741 0.0000000000 0.0000000000 0.5378367305 24.9406757355 0.0000000000 -0.2454439402
4.2876701355 0.0000000000 0.0000000000 0.5324378610 24.9156894684 0.0000000000 -0.2450714111
4.2563195229 0.0000000000 0.0000000000 0.5271280408 24.8893947601 0.0000000000 -0.2448529005
4.2252898216 0.0000000000 0.0000000000 0.5219316483 24.8645610809 0.0000000000 -0.2445701659
4.1946887970 0.0000000000 0.0000000000 0.5168384314 24.8406276703 0.0000000000 -0.2443629503
4.1641554832 0.0000000000 0.0000000000 0.5118291378 24.8170795441 0.0000000000 -0.2440576553
4.1339235306 0.0000000000 0.0000000000 0.5069109797 24.7935695648 0.0000000000 -0.2437474132
4.1042690277 0.0000000000 0.0000000000 0.5020923018 24.7699851990 0.0000000000 -0.2434788346
4.0754685402 0.0000000000 0.0000000000 0.4973764122 24.7461318970 0.0000000000 -0.2432601154
4.0474543571 0.0000000000 0.0000000000 0.4927849174 24.7224102020 0.0000000000 -0.2430397868
4.0201859474 0.0000000000 0.0000000000 0.4883285165 24.6976070404 0.0000000000 -0.2427543998
3.9937582016 0.0000000000 0.0000000000 0.4840098023 24.6730461121 0.0000000000 -0.2425535023
3.9680311680 0.0000000000 0.0000000000 0.4798510969 24.6485462189 0.0000000000 -0.2423121333
3.9430577755 0.0000000000 0.0000000000 0.4758325219 24.6238651276 0.0000000000 -0.2420206368
3.9189271927 0.0000000000 0.0000000000 0.4719471931 24.5993881226 0.0000000000 -0.2418597937
3.8950085640 0.0000000000 0.0000000000 0.4682022631 24.5747928619 0.0000000000 -0.2415276468
3.8712046146 0.0000000000 0.0000000000 0.4646247029 24.5504474640 0.0000000000 -0.2414075732
3.8475182056 0.0000000000 0.0000000000 0.4611869454 24.5273647308 0.0000000000 -0.2411969900
3.8239192963 0.0000000000 0.0000000000 0.4578682482 24.5030193329 0.0000000000 -0.2409277558
3.8002967834 0.0000000000 0.0000000000 0.4546557069 24.4793891907 0.0000000000 -0.2407146692
3.7767145634 0.0000000000 0.0000000000 0.4515264630 24.4561767578 0.0000000000 -0.2404881120
3.7530872822 0.0000000000 0.0000000000 0.4484706819 24.4333553314 0.0000000000 -0.2402555346
3.7294361591 0.0000000000 0.0000000000 0.4454873502 24.4113674164 0.0000000000 -0.2399108410
3.7060143948 0.0000000000 0.0000000000 0.4425513744 24.3899688721 0.0000000000 -0.2397873402
3.6825432777 0.0000000000 0.0000000000 0.4396471083 24.3699188232 0.0000000000 -0.2395397723
3.6591475010 0.0000000000 0.0000000000 0.4367445707 24.3507270813 0.0000000000 -0.2393278182
3.6361982822 0.0000000000 0.0000000000 0.4338318110 24.3287105560 0.0000000000 -0.2390995026
3.6138024330 0.0000000000 0.0000000000 0.4309212565 24.3080062866 0.0000000000 -0.2388687432
3.5917413235 0.0000000000 0.0000000000 0.4280419648 24.2880420685 0.0000000000 -0.2386335135
3.5700397491 0.0000000000 0.0000000000 0.4252153337 24.2677116394 0.0000000000 -0.2384163737
3.5487315655 0.0000000000 0.0000000000 0.4224025011 24.2478122711 0.0000000000 -0.2381931543
3.5278234482 0.0000000000 0.0000000000 0.4196186662 24.2287502289 0.0000000000 -0.2379717827
3.5072593689 0.0000000000 0.0000000000 0.4168784618 24.2100658417 0.0000000000 -0.2375542819
3.4868433475 0.0000000000 0.0000000000 0.4141695797 24.1930122375 0.0000000000 -0.2375238836
3.4666821957 0.0000000000 0.0000000000 0.4114490151 24.1765480042 0.0000000000 -0.2372999787
3.4469902515 0.0000000000 0.0000000000 0.4087371528 24.1603584290 0.0000000000 -0.2370944619
3.4277117252 0.0000000000 0.0000000000 0.4060498774 24.1445617676 0.0000000000 -0.2368653417
3.4089512825 0.0000000000 0.0000000000 0.4034076929 24.1291904449 0.0000000000 -0.2366825938
3.3906872272 0.0000000000 0.0000000000 0.4008030891 24.1138324738 0.0000000000 -0.2364367247
3.3727982044 0.0000000000 0.0000000000 0.3981973827 24.0984115601 0.0000000000 -0.2361790538
3.3556334972 0.0000000000 0.0000000000 0.3956015408 24.0834674835 0.0000000000 -0.2360122502
3.3391306400 0.0000000000 0.0000000000 0.3930487931 24.0685558319 0.0000000000 -0.2358477712
3.3230035305 0.0000000000 0.0000000000 0.3905756474 24.0537490845 0.0000000000 -0.2356529236
3.3071501255 0.0000000000 0.0000000000 0.3882209361 24.0392055511 0.0000000000 -0.2354330420
3.2917563915 0.0000000000 0.0000000000 0.3859510422 24.0257644653 0.0000000000 -0.2352540493
3.2768819332 0.0000000000 0.0000000000 0.3837748468 24.0114784241 0.0000000000 -0.2350493073
3.2622528076 0.0000000000 0.0000000000 0.3816731572 23.9972152710 0.0000000000 -0.2348465919
3.2478375435 0.0000000000 0.0000000000 0.3796462119 23.9804439545 0.0000000000 -0.2346507311
3.2335867882 0.0000000000 0.0000000000 0.3776567876 23.9645099640 0.0000000000 -0.2343857884
3.2194752693 0.0000000000 0.0000000000 0.3756701946 23.9484024048 0.0000000000 -0.2342312038
3.2056622505 0.0000000000 0.0000000000 0.3736985624 23.9315834045 0.0000000000 -0.2340011001
3.1925077438 0.0000000000 0.0000000000 0.3717379272 23.9149513245 0.0000000000 -0.2338096499
3.1794757843 0.0000000000 0.0000000000 0.3697695732 23.8992366791 0.0000000000 -0.2335814238
3.1670222282 0.0000000000 0.0000000000 0.3678073883 23.8842201233 0.0000000000 -0.2333401740
3.1552946568 0.0000000000 0.0000000000 0.3658539653 23.8697433472 0.0000000000 -0.2331625223
3.1442668438 0.0000000000 0.0000000000 0.3639216721 23.8552627563 0.0000000000 -0.2329384089
3.1339669228 0.0000000000 0.0000000000 0.3620124161 23.8413963318 0.0000000000 -0.2326988876
3.1243209839 0.0000000000 0.0000000000 0.3601513505 23.8268833160 0.0000000000 -0.2324635684
3.1150672436 0.0000000000 0.0000000000 0.3583641052 23.8122024536 0.0000000000 -0.2321838737
3.1062076092 0.0000000000 0.0000000000 0.3566114008 23.7977733612 0.0000000000 -0.2319812477
3.0973856449 0.0000000000 0.0000000000 0.3549026549 23.7828998566 0.0000000000 -0.2317376435
3.0886576176 0.0000000000 0.0000000000 0.3532208204 23.7677936554 0.0000000000 -0.2314874530
3.0799906254 0.0000000000 0.0000000000 0.3515658081 23.7524032593 0.0000000000 -0.2312344909
3.0712876320 0.0000000000 0.0000000000 0.3499318659 23.7368354797 0.0000000000 -0.2309797704
3.0624005795 0.0000000000 0.0000000000 0.3483229578 23.7208728790 0.0000000000 -0.2307222486
3.0532314777 0.0000000000 0.0000000000 0.3467523158 23.7049388885 0.0000000000 -0.2304511070
3.0438051224 0.0000000000 0.0000000000 0.3451913297 23.6887607574 0.0000000000 -0.2301700413
3.0340919495 0.0000000000 0.0000000000 0.3436370194 23.6721973419 0.0000000000 -0.2299206257
3.0241541862 0.0000000000 0.0000000000 0.3420825601 23.6557178497 0.0000000000 -0.2296376228
3.0138928890 0.0000000000 0.0000000000 0.3405376971 23.6396274567 0.0000000000 -0.2293274105
3.0036542416 0.0000000000 0.0000000000 0.3389900327 23.6223468781 0.0000000000 -0.2290736437
2.9931163788 0.0000000000 0.0000000000 0.3374689221 23.6052627563 0.0000000000 -0.2287294567
2.9825489521 0.0000000000 0.0000000000 0.3359936178 23.5892601013 0.0000000000 -0.2285038233
2.9717462063 0.0000000000 0.0000000000 0.3345676661 23.5732841492 0.0000000000 -0.2282179594
2.9608108997 0.0000000000 0.0000000000 0.3331863582 23.5575771332 0.0000000000 -0.2279313505
2.9498436451 0.0000000000 0.0000000000 0.3318696320 23.5420665741 0.0000000000 -0.2276613116
2.9388639927 0.0000000000 0.0000000000 0.3306016028 23.5280647278 0.0000000000 -0.2273443937
2.9281423092 0.0000000000 0.0000000000 0.3293592334 23.5143470764 0.0000000000 -0.2270258963
2.9180767536 0.0000000000 0.0000000000 0.3281199038 23.5015602112 0.0000000000 -0.2267262936
2.9085485935 0.0000000000 0.0000000000 0.3268683255 23.4888286591 0.0000000000 -0.2265518904
2.8993418217 0.0000000000 0.0000000000 0.3255979121 23.4757671356 0.0000000000 -0.2262880206
2.8904643059 0.0000000000 0.0000000000 0.3242994845 23.4634246826 0.0000000000 -0.2259747982
2.8820624352 0.0000000000 0.0000000000 0.3229903281 23.4517498016 0.0000000000 -0.2257657945
2.8739304543 0.0000000000 0.0000000000 0.3216871917 23.4405288696 0.0000000000 -0.2255083323
2.8659954071 0.0000000000 0.0000000000 0.3203902245 23.4298610687 0.0000000000 -0.2252609134
2.8582363129 0.0000000000 0.0000000000 0.3191138208 23.4192085266 0.0000000000 -0.2249460816
2.8507430553 0.0000000000 0.0000000000 0.3178392947 23.4080333710 0.0000000000 -0.2247375250
2.8434054852 0.0000000000 0.0000000000 0.3165791929 23.3978958130 0.0000000000 -0.2244810462
2.8364958763 0.0000000000 0.0000000000 0.3153308332 23.3875675201 0.0000000000 -0.2242526710
2.8299190998 0.0000000000 0.0000000000 0.3140746951 23.3770427704 0.0000000000 -0.2240052819
2.8238158226 0.0000000000 0.0000000000 0.3127986789 23.3655052185 0.0000000000 -0.2237566710
2.8180797100 0.0000000000 0.0000000000 0.3115274608 23.3544960022 0.0000000000 -0.2235090733
2.8127253056 0.0000000000 0.0000000000 0.3102556467 23.3430080414 0.0000000000 -0.2232464552
2.8076684475 0.0000000000 0.0000000000 0.3090199828 23.3321342468 0.0000000000 -0.2230170965
2.8027796745 0.0000000000 0.0000000000 0.3078398407 23.3208637238 0.0000000000 -0.2227730453
2.7981126308 0.0000000000 0.0000000000 0.3066810966 23.3096885681 0.0000000000 -0.2225308120
2.7936208248 0.0000000000 0.0000000000 0.3055058420 23.2982158661 0.0000000000 -0.2222876549
2.7893958092 0.0000000000 0.0000000000 0.3043289185 23.2861824036 0.0000000000 -0.2220360041
2.7854313850 0.0000000000 0.0000000000 0.3031634092 23.2747192383 0.0000000000 -0.2218015790
2.7815990448 0.0000000000 0.0000000000 0.3020243943 23.2634792328 0.0000000000 -0.2215619087
2.7778110504 0.0000000000 0.0000000000 0.3009273708 23.2522525787 0.0000000000 -0.2212923169
2.7740697861 0.0000000000 0.0000000000 0.2998802662 23.2412719727 0.0000000000 -0.2211289704
2.7702121735 0.0000000000 0.0000000000 0.2988914251 23.2298965454 0.0000000000 -0.2207192779
2.7667009830 0.0000000000 0.0000000000 0.2979609668 23.2188110352 0.0000000000 -0.2206197083
2.7630290985 0.0000000000 0.0000000000 0.2970397472 23.2083435059 0.0000000000 -0.2203924656
2.7591924667 0.0000000000 0.0000000000 0.2961264253 23.1980533600 0.0000000000 -0.2201759517
2.7552633286 0.0000000000 0.0000000000 0.2952063680 23.1873207092 0.0000000000 -0.2199512720
2.7513968945 0.0000000000 0.0000000000 0.2942816615 23.1759281158 0.0000000000 -0.2197299004
2.7476711273 0.0000000000 0.0000000000 0.2933641672 23.1642398834 0.0000000000 -0.2195132375
2.7441899776 0.0000000000 0.0000000000 0.2924882770 23.1514377594 0.0000000000 -0.2192905545
2.7409696579 0.0000000000 0.0000000000 0.2916551232 23.1382598877 0.0000000000 -0.2190775275
2.7380962372 0.0000000000 0.0000000000 0.2908475101 23.1247482300 0.0000000000 -0.2188593149
2.7354748249 0.0000000000 0.0000000000 0.2900743484 23.1111850739 0.0000000000 -0.2186622620
2.7329306602 0.0000000000 0.0000000000 0.2892934680 23.0975341797 0.0000000000 -0.2184388041
2.7304685116 0.0000000000 0.0000000000 0.2885199785 23.0844631195 0.0000000000 -0.2182317376
2.7280130386 0.0000000000 0.0000000000 0.2877261937 23.0715637207 0.0000000000 -0.2180067301
2.7256305218 0.0000000000 0.0000000000 0.2869246304 23.0594024658 0.0000000000 -0.2177857757
2.7230308056 0.0000000000 0.0000000000 0.2861354947 23.0476226807 0.0000000000 -0.2175626457
2.7200367451 0.0000000000 0.0000000000 0.2853932679 23.0368347168 0.0000000000 -0.2173460722
2.7164616585 0.0000000000 0.0000000000 0.2846677005 23.0272006989 0.0000000000 -0.2170935869
2.7124831676 0.0000000000 0.0000000000 0.2839483321 23.0189971924 0.0000000000 -0.2169291973
2.7080478668 0.0000000000 0.0000000000 0.2832175195 23.0106601715 0.0000000000 -0.2167171240
2.7032043934 0.0000000000 0.0000000000 0.2824752033 23.0019321442 0.0000000000 -0.2165265977
2.6980304718 0.0000000000 0.0000000000 0.2817285359 22.9930324554 0.0000000000 -0.2163389325
2.6925892830 0.0000000000 0.0000000000 0.2809676528 22.9837837219 0.0000000000 -0.2161436081
2.6868615150 0.0000000000 0.0000000000 0.2801997662 22.9743995667 0.0000000000 -0.2159472108
2.6809422970 0.0000000000 0.0000000000 0.2794562280 22.9658012390 0.0000000000 -0.2157711685
2.6749212742 0.0000000000 0.0000000000 0.2787553668 22.9568271637 0.0000000000 -0.2155858576
2.6688644886 0.0000000000 0.0000000000 0.2781332135 22.9472122192 0.0000000000 -0.2153993845
2.6629426479 0.0000000000 0.0000000000 0.2776120007 22.9365406036 0.0000000000 -0.2152151465
2.6572909355 0.0000000000 0.0000000000 0.2771836221 22.9245014191 0.0000000000 -0.2150260806
2.6520247459 0.0000000000 0.0000000000 0.2768115401 22.9113903046 0.0000000000 -0.2148228288
2.6471548080 0.0000000000 0.0000000000 0.2765020728 22.8975467682 0.0000000000 -0.2146481872
2.6425919533 0.0000000000 0.0000000000 0.2762421370 22.8828945160 0.0000000000 -0.2144617438
2.6382346153 0.0000000000 0.0000000000 0.2760538161 22.8682498932 0.0000000000 -0.2142689228
2.6341869831 0.0000000000 0.0000000000 0.2759216130 22.8528518677 0.0000000000 -0.2140781879
2.6304223537 0.0000000000 0.0000000000 0.2758308947 22.8370208740 0.0000000000 -0.2138440013
2.6270420551 0.0000000000 0.0000000000 0.2757301033 22.8215808868 0.0000000000 -0.2136967778
2.6238389015 0.0000000000 0.0000000000 0.2756473422 22.8065471649 0.0000000000 -0.2135989070
2.6205782890 0.0000000000 0.0000000000 0.2756019831 22.7924842834 0.0000000000 -0.2133336663
2.6173467636 0.0000000000 0.0000000000 0.2755576372 22.7784576416 0.0000000000 -0.2131574750
2.6141941547 0.0000000000 0.0000000000 0.2755016088 22.7646598816 0.0000000000 -0.2130049765
2.6111202240 0.0000000000 0.0000000000 0.2754407525 22.7511348724 0.0000000000 -0.2128106356
2.6080632210 0.0000000000 0.0000000000 0.2753773928 22.7376499176 0.0000000000 -0.2126391530
2.6050791740 0.0000000000 0.0000000000 0.2752854526 22.7240543365 0.0000000000 -0.2124677300
2.6021356583 0.0000000000 0.0000000000 0.2752037048 22.7104434967 0.0000000000 -0.2122963369
2.5992531776 0.0000000000 0.0000000000 0.2751012743 22.6967239380 0.0000000000 -0.2121242881
2.5964426994 0.0000000000 0.0000000000 0.2749222815 22.6829814911 0.0000000000 -0.2119527459
2.5937654972 0.0000000000 0.0000000000 0.2746877670 22.6692085266 0.0000000000 -0.2117797732
2.5911598206 0.0000000000 0.0000000000 0.2744277418 22.6554565430 0.0000000000 -0.2116074264
2.5886025429 0.0000000000 0.0000000000 0.2741551697 22.6411838531 0.0000000000 -0.2114361525
2.5860898495 0.0000000000 0.0000000000 0.2739023268 22.6279792786 0.0000000000 -0.2112660408
2.5836448669 0.0000000000 0.0000000000 0.2736806273 22.6109695435 0.0000000000 -0.2110941112
2.5813171864 0.0000000000 0.0000000000 0.2734630108 22.5952968597 0.0000000000 -0.2109180689
2.5791714191 0.0000000000 0.0000000000 0.2732842565 22.5797958374 0.0000000000 -0.2107275128
2.5772285461 0.0000000000 0.0000000000 0.2731122971 22.5646839142 0.0000000000 -0.2105780542
2.5752925873 0.0000000000 0.0000000000 0.2729502916 22.5494918823 0.0000000000 -0.2103586197
2.5735487938 0.0000000000 0.0000000000 0.2727809846 22.5344085693 0.0000000000 -0.2102300525
2.5718507767 0.0000000000 0.0000000000 0.2726102769 22.5193405151 0.0000000000 -0.2100556493
2.5702250004 0.0000000000 0.0000000000 0.2724509239 22.5036411285 0.0000000000 -0.2098786831
2.5685641766 0.0000000000 0.0000000000 0.2723208070 22.4874458313 0.0000000000 -0.2096959949
2.5669963360 0.0000000000 0.0000000000 0.2722418606 22.4710998535 0.0000000000 -0.2095220089
2.5653340816 0.0000000000 0.0000000000 0.2721982598 22.4545745850 0.0000000000 -0.2093413472
2.5636601448 0.0000000000 0.0000000000 0.2721660435 22.4385032654 0.0000000000 -0.2091598511
2.5619490147 0.0000000000 0.0000000000 0.2721561193 22.4229736328 0.0000000000 -0.2089791894
2.5602600574 0.0000000000 0.0000000000 0.2721646726 22.4076137543 0.0000000000 -0.2087969184
2.5585770607 0.0000000000 0.0000000000 0.2721745968 22.3907394409 0.0000000000 -0.2086092830
2.5568509102 0.0000000000 0.0000000000 0.2722021043 22.3756313324 0.0000000000 -0.2084231973
2.5551078320 0.0000000000 0.0000000000 0.2722758055 22.3608226776 0.0000000000 -0.2082419395
2.5534079075 0.0000000000 0.0000000000 0.2723640203 22.3430805206 0.0000000000 -0.2080503106
2.5518503189 0.0000000000 0.0000000000 0.2724301219 22.3272991180 0.0000000000 -0.2078673244
2.5503492355 0.0000000000 0.0000000000 0.2724959254 22.3116912842 0.0000000000 -0.2076811492
2.5490162373 0.0000000000 0.0000000000 0.2725608945 22.2953491211 0.0000000000 -0.2074987292
2.5478608608 0.0000000000 0.0000000000 0.2726080120 22.2813034058 0.0000000000 -0.2073130012
2.5468771458 0.0000000000 0.0000000000 0.2726327181 22.2630748749 0.0000000000 -0.2071383595
2.5460898876 0.0000000000 0.0000000000 0.2726156414 22.2473602295 0.0000000000 -0.2069584727
2.5454916954 0.0000000000 0.0000000000 0.2725675106 22.2318363190 0.0000000000 -0.2067382336
2.5450198650 0.0000000000 0.0000000000 0.2724872828 22.2166442871 0.0000000000 -0.2066179514
2.5445692539 0.0000000000 0.0000000000 0.2723768950 22.2018470764 0.0000000000 -0.2064391375
2.5442214012 0.0000000000 0.0000000000 0.2721754313 22.1873073578 0.0000000000 -0.2062696218
2.5439951420 0.0000000000 0.0000000000 0.2719125748 22.1724891663 0.0000000000 -0.2061030865
2.5439181328 0.0000000000 0.0000000000 0.2715965211 22.1576881409 0.0000000000 -0.2059346139
2.5440278053 0.0000000000 0.0000000000 0.2712540329 22.1434135437 0.0000000000 -0.2057684958
2.5443561077 0.0000000000 0.0000000000 0.2709169388 22.1285667419 0.0000000000 -0.2056022584
2.5449182987 0.0000000000 0.0000000000 0.2705858648 22.1135177612 0.0000000000 -0.2054388225
2.5458450317 0.0000000000 0.0000000000 0.2702499628 22.0979766846 0.0000000000 -0.2052828670
2.5471875668 0.0000000000 0.0000000000 0.2698715329 22.0823726654 0.0000000000 -0.2051207423
2.5488092899 0.0000000000 0.0000000000 0.2694589496 22.0664024353 0.0000000000 -0.2049608529
2.5505690575 0.0000000000 0.0000000000 0.2690078616 22.0502777100 0.0000000000 -0.2048121691
2.5523695946 0.0000000000 0.0000000000 0.2685202360 22.0335750580 0.0000000000 -0.2046581209
2.5542869568 0.0000000000 0.0000000000 0.2679770887 22.0168228149 0.0000000000 -0.2045115530
2.5562629700 0.0000000000 0.0000000000 0.2673735321 22.0005226135 0.0000000000 -0.2043592036
2.5582220554 0.0000000000 0.0000000000 0.2667498291 21.9843807220 0.0000000000 -0.2042153180
2.5603146553 0.0000000000 0.0000000000 0.2660441101 21.9684047699 0.0000000000 -0.2040202618
2.5626263618 0.0000000000 0.0000000000 0.2652906477 21.9529819489 0.0000000000 -0.2039377093
2.5649523735 0.0000000000 0.0000000000 0.2644834518 21.9378070831 0.0000000000 -0.2037999332
2.5671086311 0.0000000000 0.0000000000 0.2636540830 21.9232120514 0.0000000000 -0.2036713958
2.5690460205 0.0000000000 0.0000000000 0.2628314197 21.9081630707 0.0000000000 -0.2035275698
2.5709509850 0.0000000000 0.0000000000 0.2620646060 21.8928432465 0.0000000000 -0.2033934593
2.5727727413 0.0000000000 0.0000000000 0.2614077032 21.8776397705 0.0000000000 -0.2032602429
2.5745034218 0.0000000000 0.0000000000 0.2608346045 21.8626708984 0.0000000000 -0.2031284571
2.5759596825 0.0000000000 0.0000000000 0.2603591681 21.8480033875 0.0000000000 -0.2030340433
2.5770592690 0.0000000000 0.0000000000 0.2599814832 21.8342208862 0.0000000000 -0.2028645873
2.5780270100 0.0000000000 0.0000000000 0.2597095072 21.8208713531 0.0000000000 -0.2027335763
2.5789439678 0.0000000000 0.0000000000 0.2595092654 21.8081703186 0.0000000000 -0.2026040554
2.5798764229 0.0000000000 0.0000000000 0.2593518496 21.7959918976 0.0000000000 -0.2024706006
2.5809137821 0.0000000000 0.0000000000 0.2592131495 21.7842845917 0.0000000000 -0.2023424506
2.5820279121 0.0000000000 0.0000000000 0.2590680718 21.7729167938 0.0000000000 -0.2022109628
2.5831003189 0.0000000000 0.0000000000 0.2589035630 21.7618923187 0.0000000000 -0.2020860910
2.5842478275 0.0000000000 0.0000000000 0.2587300837 21.7508888245 0.0000000000 -0.2019554377
2.5855069160 0.0000000000 0.0000000000 0.2584887147 21.7398071289 0.0000000000 -0.2018235028
2.5867733955 0.0000000000 0.0000000000 0.2582064569 21.7289333344 0.0000000000 -0.2016955018
2.5882003307 0.0000000000 0.0000000000 0.2578815520 21.7181320190 0.0000000000 -0.2015716434
2.5898823738 0.0000000000 0.0000000000 0.2574727535 21.7080001831 0.0000000000 -0.2014413774
2.5917611122 0.0000000000 0.0000000000 0.2570357025 21.6960105896 0.0000000000 -0.2013161182
2.5938575268 0.0000000000 0.0000000000 0.2566297352 21.6844406128 0.0000000000 -0.2011885047
2.5960769653 0.0000000000 0.0000000000 0.2562557757 21.6729907990 0.0000000000 -0.2010592222
2.5983757973 0.0000000000 0.0000000000 0.2559254169 21.6616077423 0.0000000000 -0.2009347677
2.6006953716 0.0000000000 0.0000000000 0.2556451857 21.6498374939 0.0000000000 -0.2008144259
2.6030483246 0.0000000000 0.0000000000 0.2553870082 21.6383438110 0.0000000000 -0.2006883025
2.6053831577 0.0000000000 0.0000000000 0.2551745176 21.6270084381 0.0000000000 -0.2005657256
2.6075797081 0.0000000000 0.0000000000 0.2550047636 21.6157855988 0.0000000000 -0.2004436851
2.6096668243 0.0000000000 0.0000000000 0.2548138499 21.6051692963 0.0000000000 -0.2003253102
2.6116647720 0.0000000000 0.0000000000 0.2545772791 21.5950279236 0.0000000000 -0.2002052963
2.6134982109 0.0000000000 0.0000000000 0.2543154657 21.5853347778 0.0000000000 -0.2000863254
2.6149940491 0.0000000000 0.0000000000 0.2540485859 21.5760345459 0.0000000000 -0.1999678314
2.6162972450 0.0000000000 0.0000000000 0.2537489533 21.5671119690 0.0000000000 -0.1998498142
2.6175048351 0.0000000000 0.0000000000 0.2534406781 21.5581703186 0.0000000000 -0.1997334361
2.6186931133 0.0000000000 0.0000000000 0.2531737387 21.5494441986 0.0000000000 -0.1996074617
2.6199655533 0.0000000000 0.0000000000 0.2529706657 21.5411548615 0.0000000000 -0.1994922161
2.6213409901 0.0000000000 0.0000000000 0.2528073192 21.5325641632 0.0000000000 -0.1993735135
2.6229226589 0.0000000000 0.0000000000 0.2526908815 21.5235862732 0.0000000000 -0.1992535591
2.6247439384 0.0000000000 0.0000000000 0.2525910139 21.5143833160 0.0000000000 -0.1991316080
2.6268641949 0.0000000000 0.0000000000 0.2524390221 21.5051002502 0.0000000000 -0.1990082860
2.6292266846 0.0000000000 0.0000000000 0.2522285283 21.4958171844 0.0000000000 -0.1988844872
2.6317427158 0.0000000000 0.0000000000 0.2519998550 21.4861545563 0.0000000000 -0.1987540722
2.6341574192 0.0000000000 0.0000000000 0.2518087924 21.4759788513 0.0000000000 -0.1986178160
2.6364524364 0.0000000000 0.0000000000 0.2516303957 21.4654903412 0.0000000000 -0.1985091865
2.6385052204 0.0000000000 0.0000000000 0.2514061034 21.4542236328 0.0000000000 -0.1983861923
2.6403131485 0.0000000000 0.0000000000 0.2511368394 21.4428195953 0.0000000000 -0.1982634664
2.6419451237 0.0000000000 0.0000000000 0.2508782744 21.4316387177 0.0000000000 -0.1981405616
2.6435902119 0.0000000000 0.0000000000 0.2505926490 21.4206142426 0.0000000000 -0.1980184615
2.6452691555 0.0000000000 0.0000000000 0.2502467334 21.4095153809 0.0000000000 -0.1978912354
2.6468954086 0.0000000000 0.0000000000 0.2499237210 21.3995304108 0.0000000000 -0.1977754831
2.6485507488 0.0000000000 0.0000000000 0.2496180385 21.3895282745 0.0000000000 -0.1976524591
2.6503095627 0.0000000000 0.0000000000 0.2492819130 21.3794193268 0.0000000000 -0.1975314617
2.6523797512 0.0000000000 0.0000000000 0.2488907129 21.3686370850 0.0000000000 -0.1974102855
2.6548187733 0.0000000000 0.0000000000 0.2484412044 21.3568630219 0.0000000000 -0.1972897053
2.6574869156 0.0000000000 0.0000000000 0.2479743510 21.3453826904 0.0000000000 -0.1971693933
2.6603634357 0.0000000000 0.0000000000 0.2475419790 21.3344326019 0.0000000000 -0.1970460415
2.6634237766 0.0000000000 0.0000000000 0.2471400946 21.3236637115 0.0000000000 -0.1969249845
2.6666460037 0.0000000000 0.0000000000 0.2467522323 21.3127803802 0.0000000000 -0.1968061924
2.6699836254 0.0000000000 0.0000000000 0.2463639379 21.3023300171 0.0000000000 -0.1966882944
2.6733112335 0.0000000000 0.0000000000 0.2459931970 21.2919254303 0.0000000000 -0.1965711713
2.6765227318 0.0000000000 0.0000000000 0.2456503659 21.2813644409 0.0000000000 -0.1964579821
2.6796801090 0.0000000000 0.0000000000 0.2453376353 21.2719192505 0.0000000000 -0.1963434815
2.6827397346 0.0000000000 0.0000000000 0.2450750321 21.2623996735 0.0000000000 -0.1962345243
2.6858599186 0.0000000000 0.0000000000 0.2448482811 21.2524280548 0.0000000000 -0.1961210370
2.6889708042 0.0000000000 0.0000000000 0.2446892560 21.2421550751 0.0000000000 -0.1960109472
2.6920275688 0.0000000000 0.0000000000 0.2445594668 21.2316474915 0.0000000000 -0.1959078908
2.6950485706 0.0000000000 0.0000000000 0.2445005327 21.2212238312 0.0000000000 -0.1957991421
2.6979217529 0.0000000000 0.0000000000 0.2444873303 21.2107448578 0.0000000000 -0.1956962943
2.7006216049 0.0000000000 0.0000000000 0.2445181161 21.2000656128 0.0000000000 -0.1955972016
2.7030899525 0.0000000000 0.0000000000 0.2446125597 21.1892223358 0.0000000000 -0.1954961419
2.7054414749 0.0000000000 0.0000000000 0.2447780967 21.1789207458 0.0000000000 -0.1954246759
2.7077705860 0.0000000000 0.0000000000 0.2449604571 21.1686763763 0.0000000000 -0.1952854991
2.7101302147 0.0000000000 0.0000000000 0.2451406121 21.1585826874 0.0000000000 -0.1951968670
2.7126002312 0.0000000000 0.0000000000 0.2452974916 21.1486473083 0.0000000000 -0.1950961351
2.7152118683 0.0000000000 0.0000000000 0.2454130650 21.1390132904 0.0000000000 -0.1949977875
2.7178535461 0.0000000000 0.0000000000 0.2454367131 21.1290359497 0.0000000000 -0.1949020028
2.7204284668 0.0000000000 0.0000000000 0.2453607470 21.1189956665 0.0000000000 -0.1948078871
2.7229888439 0.0000000000 0.0000000000 0.2452430129 21.1088676453 0.0000000000 -0.1947159171
2.7255325317 0.0000000000 0.0000000000 0.2450751066 21.0982151031 0.0000000000 -0.1946282387
2.7279651165 0.0000000000 0.0000000000 0.2448535711 21.0875835419 0.0000000000 -0.1945328712
2.7302730083 0.0000000000 0.0000000000 0.2445881367 21.0766086578 0.0000000000 -0.1944420636
2.7322771549 0.0000000000 0.0000000000 0.2443243861 21.0654525757 0.0000000000 -0.1943519115
2.7339565754 0.0000000000 0.0000000000 0.2441207021 21.0543994904 0.0000000000 -0.1942561865
2.7354524136 0.0000000000 0.0000000000 0.2439884692 21.0437717438 0.0000000000 -0.1941695809
2.7368097305 0.0000000000 0.0000000000 0.2439221889 21.0330390930 0.0000000000 -0.1940783560
2.7381205559 0.0000000000 0.0000000000 0.2439025789 21.0220890045 0.0000000000 -0.1939869523
2.7395279408 0.0000000000 0.0000000000 0.2438785434 21.0112457275 0.0000000000 -0.1938959956
2.7412779331 0.0000000000 0.0000000000 0.2438433617 21.0003471375 0.0000000000 -0.1938052773
2.7433054447 0.0000000000 0.0000000000 0.2438068986 20.9896659851 0.0000000000 -0.1937618256
2.7455706596 0.0000000000 0.0000000000 0.2437734604 20.9792194366 0.0000000000 -0.1936288774
2.7479948997 0.0000000000 0.0000000000 0.2437685132 20.9683494568 0.0000000000 -0.1935313940
2.7505125999 0.0000000000 0.0000000000 0.2437901199 20.9580478668 0.0000000000 -0.1934545338
2.7532579899 0.0000000000 0.0000000000 0.2437898666 20.9472198486 0.0000000000 -0.1933718324
2.7561025620 0.0000000000 0.0000000000 0.2437521219 20.9363784790 0.0000000000 -0.1932889819
2.7590293884 0.0000000000 0.0000000000 0.2436505407 20.9256668091 0.0000000000 -0.1932102442
2.7618305683 0.0000000000 0.0000000000 0.2435007691 20.9148330688 0.0000000000 -0.1931328177
2.7644784451 0.0000000000 0.0000000000 0.2433160841 20.9038162231 0.0000000000 -0.1930527985
2.7669527531 0.0000000000 0.0000000000 0.2431829423 20.8927078247 0.0000000000 -0.1929796636
2.7692780495 0.0000000000 0.0000000000 0.2430835366 20.8812770844 0.0000000000 -0.1929060817
2.7714378834 0.0000000000 0.0000000000 0.2429824173 20.8696823120 0.0000000000 -0.1928409040
2.7737038136 0.0000000000 0.0000000000 0.2428776622 20.8581104279 0.0000000000 -0.1927605271
2.7759923935 0.0000000000 0.0000000000 0.2427306026 20.8468627930 0.0000000000 -0.1926997900
2.7782096863 0.0000000000 0.0000000000 0.2425621748 20.8361988068 0.0000000000 -0.1926161349
2.7804253101 0.0000000000 0.0000000000 0.2423947006 20.8255672455 0.0000000000 -0.1925427318
2.7827303410 0.0000000000 0.0000000000 0.2422697842 20.8150386810 0.0000000000 -0.1924683452
2.7849922180 0.0000000000 0.0000000000 0.2421763837 20.8046684265 0.0000000000 -0.1923940778
2.7872164249 0.0000000000 0.0000000000 0.2420763522 20.7943077087 0.0000000000 -0.1923209429
2.7893056870 0.0000000000 0.0000000000 0.2419597059 20.7838840485 0.0000000000 -0.1922485232
2.7910702229 0.0000000000 0.0000000000 0.2418399155 20.7733802795 0.0000000000 -0.1921671033
2.7925546169 0.0000000000 0.0000000000 0.2417481393 20.7636413574 0.0000000000 -0.1921139359
2.7937803268 0.0000000000 0.0000000000 0.2416653335 20.7538852692 0.0000000000 -0.1920459569
2.7949435711 0.0000000000 0.0000000000 0.2415742278 20.7440185547 0.0000000000 -0.1919907331
2.7962446213 0.0000000000 0.0000000000 0.2414314300 20.7344570160 0.0000000000 -0.1919156611
2.7977116108 0.0000000000 0.0000000000 0.2412546575 20.7253379822 0.0000000000 -0.1918489337
2.7993032932 0.0000000000 0.0000000000 0.2410705686 20.7160511017 0.0000000000 -0.1917839348
2.8009164333 0.0000000000 0.0000000000 0.2408968359 20.7069396973 0.0000000000 -0.1917189658
2.8025395870 0.0000000000 0.0000000000 0.2407552898 20.6992454529 0.0000000000 -0.1916539669
2.8042049408 0.0000000000 0.0000000000 0.2406391650 20.6913738251 0.0000000000 -0.1915888488
2.8058321476 0.0000000000 0.0000000000 0.2405480295 20.6832122803 0.0000000000 -0.1915273666
2.8073325157 0.0000000000 0.0000000000 0.2405277193 20.6759796143 0.0000000000 -0.1914685369
2.8086645603 0.0000000000 0.0000000000 0.2405733615 20.6686496735 0.0000000000 -0.1914076805
2.8097488880 0.0000000000 0.0000000000 0.2406765968 20.6613979340 0.0000000000 -0.1913514733
2.8107621670 0.0000000000 0.0000000000 0.2408027798 20.6548614502 0.0000000000 -0.1912947595
2.8118319511 0.0000000000 0.0000000000 0.2408731878 20.6485233307 0.0000000000 -0.1912406683
2.8130435944 0.0000000000 0.0000000000 0.2408463359 20.6425476074 0.0000000000 -0.1911813617
2.8144223690 0.0000000000 0.0000000000 0.2407520115 20.6376285553 0.0000000000 -0.1911228895
2.8162355423 0.0000000000 0.0000000000 0.2406367064 20.6333465576 0.0000000000 -0.1910706758
2.8184835911 0.0000000000 0.0000000000 0.2404890358 20.6290817261 0.0000000000 -0.1910178065
2.8210411072 0.0000000000 0.0000000000 0.2403226942 20.6241016388 0.0000000000 -0.1909694076
2.8236982822 0.0000000000 0.0000000000 0.2401123494 20.6185245514 0.0000000000 -0.1909179389
2.8263778687 0.0000000000 0.0000000000 0.2398625165 20.6124992371 0.0000000000 -0.1908789277
2.8289844990 0.0000000000 0.0000000000 0.2395612150 20.6061992645 0.0000000000 -0.1908196807
2.8312451839 0.0000000000 0.0000000000 0.2392172962 20.5995483398 0.0000000000 -0.1907714605
2.8331158161 0.0000000000 0.0000000000 0.2388778180 20.5930004120 0.0000000000 -0.1907253861
2.8347244263 0.0000000000 0.0000000000 0.2385883331 20.5875110626 0.0000000000 -0.1906751096
2.8361668587 0.0000000000 0.0000000000 0.2383654118 20.5817985535 0.0000000000 -0.1906318367
2.8374512196 0.0000000000 0.0000000000 0.2381884158 20.5753631592 0.0000000000 -0.1905891299
