#         rmsthk      stdthk       rmsvel       stdvel       rmsdiv       stddiv       rmsusurf       stdusurf
0.0000000000 0.0000000000 89.5015106201 78.0862045288 0.0000000000 0.0000000000 0.0000000000 0.0000000000
-0.1520909965 0.4546721280 54.2580757141 50.8426322937 0.0000000000 0.0000000000 -0.0801790655 0.9827097654
-0.3079239726 0.8269395232 49.8876953125 43.0458145142 0.0000000000 0.0000000000 -0.1496492028 1.7574293613
-0.4666767120 1.1729938984 48.7504005432 40.4104537964 0.0000000000 0.0000000000 -0.2031984031 2.4123294353
-0.6275625229 1.5062421560 46.2004928589 38.2341308594 0.0000000000 0.0000000000 -0.2422997653 2.9749236107
-0.7890405655 1.8323249817 42.4001846313 36.2937507629 0.0000000000 0.0000000000 -0.2682305872 3.4639701843
-0.9494061470 2.1520497799 37.8659210205 34.5812911987 0.0000000000 0.0000000000 -0.2826802731 3.8896100521
-1.1070132256 2.4654126167 33.0037269592 33.1569442749 0.0000000000 0.0000000000 -0.2876624763 4.2579760551
-1.2602671385 2.7711572647 28.0263004303 31.9770202637 0.0000000000 0.0000000000 -0.2835950553 4.5735311508
-1.4079302549 3.0681867599 23.0553150177 31.0585670471 0.0000000000 0.0000000000 -0.2711725235 4.8393177986
-1.5489059687 3.3552796841 18.2935962677 30.4219131470 0.0000000000 0.0000000000 -0.2510747015 5.0581140518
-1.6820949316 3.6309876442 13.9568357468 30.0731563568 0.0000000000 0.0000000000 -0.2240551263 5.2324628830
-1.8067916632 3.8943350315 10.1895246506 29.9607830048 0.0000000000 0.0000000000 -0.1909916550 5.3646821976
-1.9226577282 4.1448755264 7.0828838348 29.9729404449 0.0000000000 0.0000000000 -0.1529482752 5.4572634697
-2.0297896862 4.3827972412 4.6266298294 30.0416297913 0.0000000000 0.0000000000 -0.1110867783 5.5131731033
-2.1283659935 4.6084737778 2.7581670284 30.1255950928 0.0000000000 0.0000000000 -0.0666795820 5.5356750488
-2.2187838554 4.8226780891 1.4048744440 30.1766700745 0.0000000000 0.0000000000 -0.0208882075 5.5284428596
-2.3016402721 5.0265231133 0.5014109612 30.1655616760 0.0000000000 0.0000000000 0.0252431575 5.4951930046
-2.3775851727 5.2211103439 -0.0116822962 30.0866355896 0.0000000000 0.0000000000 0.0707812384 5.4397110939
-2.4472789764 5.4075360298 -0.1852312982 29.9425468445 0.0000000000 0.0000000000 0.1150027215 5.3655905724
-2.5113205910 5.5868029594 -0.0615893751 29.7453498840 0.0000000000 0.0000000000 0.1572412401 5.2761621475
-2.5704309940 5.7601609230 0.3230860233 29.5117950439 0.0000000000 0.0000000000 0.1969168186 5.1746363640
-2.6252582073 5.9286451340 0.9367275238 29.2632560730 0.0000000000 0.0000000000 0.2335991561 5.0640182495
-2.6763858795 6.0931420326 1.7542053461 29.0239715576 0.0000000000 0.0000000000 0.2669107020 4.9470334053
-2.7245230675 6.2547588348 2.7518153191 28.8172130585 0.0000000000 0.0000000000 0.2965842783 4.8263139725
-2.7703411579 6.4145345688 3.9122452736 28.6656417847 0.0000000000 0.0000000000 0.3224883676 4.7041196823
-2.8144245148 6.5732522011 5.2166290283 28.5875415802 0.0000000000 0.0000000000 0.3445349038 4.5825443268
-2.8574297428 6.7317814827 6.6518597603 28.6011791229 0.0000000000 0.0000000000 0.3627076745 4.4633598328
-2.8999214172 6.8908143044 8.1940326691 28.7162475586 0.0000000000 0.0000000000 0.3770620525 4.3482308388
-2.9425771236 7.0512943268 9.8209095001 28.9377326965 0.0000000000 0.0000000000 0.3876712918 4.2385239601
-2.9860389233 7.2140750885 11.5126934052 29.2558364868 0.0000000000 0.0000000000 0.3946202695 4.1354613304
-3.0308427811 7.3798093796 13.2436771393 29.6587448120 0.0000000000 0.0000000000 0.3981344402 4.0402522087
-3.0775613785 7.5492181778 14.9812202454 30.1286067963 0.0000000000 0.0000000000 0.3984102607 3.9541766644
-3.1267552376 7.7229566574 16.6583003998 30.6212444305 0.0000000000 0.0000000000 0.3958044946 3.8784270287
-3.1788659096 7.9015064240 18.2128410339 31.0917396545 0.0000000000 0.0000000000 0.3906480372 3.8142471313
-3.2344124317 8.0853118896 19.5729827881 31.4832820892 0.0000000000 0.0000000000 0.3833085895 3.7627370358
-3.2935745716 8.2742443085 20.6677742004 31.7406768799 0.0000000000 0.0000000000 0.3740709722 3.7250766754
-3.3566443920 8.4688472748 21.4398021698 31.8205299377 0.0000000000 0.0000000000 0.3633083105 3.7023544312
-3.4235250950 8.6686916351 21.8609237671 31.6990776062 0.0000000000 0.0000000000 0.3514118195 3.6951148510
-3.4940769672 8.8734741211 21.9354305267 31.3783435822 0.0000000000 0.0000000000 0.3389201760 3.7034311295
-3.5678942204 9.0824108124 21.7045745850 30.8931369781 0.0000000000 0.0000000000 0.3263655305 3.7265691757
-3.6445620060 9.2949495316 21.2287387848 30.2941417694 0.0000000000 0.0000000000 0.3143832982 3.7629489899
-3.7234790325 9.5101127625 20.5807895660 29.6406059265 0.0000000000 0.0000000000 0.3033934832 3.8102297783
-3.8039810658 9.7268543243 19.8325023651 28.9914951324 0.0000000000 0.0000000000 0.2937785089 3.8657343388
-3.8855555058 9.9444532394 19.0446701050 28.3966484070 0.0000000000 0.0000000000 0.2859342396 3.9262456894
-3.9676434994 10.1620025635 18.2728004456 27.8882198334 0.0000000000 0.0000000000 0.2800456583 3.9886784554
-4.0500693321 10.3794202805 17.5565223694 27.4765300751 0.0000000000 0.0000000000 0.2762559950 4.0502696037
-4.1325507164 10.5962505341 16.9278411865 27.1624259949 0.0000000000 0.0000000000 0.2745542526 4.1088032722
-4.2148947716 10.8122339249 16.4140605927 26.9404125214 0.0000000000 0.0000000000 0.2748091221 4.1627264023
-4.2967615128 11.0268144608 16.0317554474 26.7944450378 0.0000000000 0.0000000000 0.2768816054 4.2110118866
-4.3781685829 11.2401809692 15.7963142395 26.7023048401 0.0000000000 0.0000000000 0.2805911005 4.2533006668
-4.4589829445 11.4520521164 15.7052354813 26.6333732605 0.0000000000 0.0000000000 0.2856468558 4.2895693779
-4.5392527580 11.6625013351 15.7480831146 26.5611381531 0.0000000000 0.0000000000 0.2917433381 4.3201384544
-4.6191487312 11.8718852997 15.9059238434 26.4627151489 0.0000000000 0.0000000000 0.2985576987 4.3453998566
-4.6987910271 12.0803003311 16.1446800232 26.3172245026 0.0000000000 0.0000000000 0.3057841957 4.3659620285
-4.7783088684 12.2879123688 16.4280128479 26.1190719604 0.0000000000 0.0000000000 0.3130582273 4.3824720383
-4.8580770493 12.4953107834 16.7156944275 25.8674240112 0.0000000000 0.0000000000 0.3200648129 4.3956179619
-4.9383244514 12.7028141022 16.9687442780 25.5722694397 0.0000000000 0.0000000000 0.3265584707 4.4059143066
-5.0191893578 12.9104776382 17.1530647278 25.2520046234 0.0000000000 0.0000000000 0.3324039578 4.4137067795
-5.1007118225 13.1182365417 17.2431812286 24.9309272766 0.0000000000 0.0000000000 0.3374133110 4.4191379547
-5.1828918457 13.3259801865 17.2190074921 24.6269855499 0.0000000000 0.0000000000 0.3414286673 4.4223394394
-5.2657952309 13.5337247849 17.0740737915 24.3544502258 0.0000000000 0.0000000000 0.3444624841 4.4233541489
-5.3492665291 13.7411375046 16.8065929413 24.1165428162 0.0000000000 0.0000000000 0.3464711905 4.4220871925
-5.4330883026 13.9478349686 16.4306964874 23.9141597748 0.0000000000 0.0000000000 0.3474599123 4.4183588028
-5.5170888901 14.1537799835 15.9688272476 23.7437191010 0.0000000000 0.0000000000 0.3475086391 4.4120435715
-5.6010441780 14.3588838577 15.4481306076 23.5980663300 0.0000000000 0.0000000000 0.3467149436 4.4028716087
-5.6847238541 14.5629043579 14.8972578049 23.4601135254 0.0000000000 0.0000000000 0.3451478779 4.3906149864
-5.7678923607 14.7657184601 14.3456897736 23.3157043457 0.0000000000 0.0000000000 0.3428901434 4.3750386238
-5.8503122330 14.9670524597 13.8148698807 23.1518058777 0.0000000000 0.0000000000 0.3400517404 4.3559002876
-5.9318861961 15.1668834686 13.3243455887 22.9621124268 0.0000000000 0.0000000000 0.3367957473 4.3331170082
-6.0125374794 15.3652429581 12.8852481842 22.7446269989 0.0000000000 0.0000000000 0.3332619071 4.3066515923
-6.0921730995 15.5620126724 12.5092077255 22.5085163116 0.0000000000 0.0000000000 0.3295485079 4.2765884399
-6.1706295013 15.7569265366 12.2015552521 22.2642879486 0.0000000000 0.0000000000 0.3256844282 4.2429933548
-6.2478194237 15.9497938156 11.9604692459 22.0263557434 0.0000000000 0.0000000000 0.3216879070 4.2060313225
-6.3238759041 16.1408100128 11.7798976898 21.8050651550 0.0000000000 0.0000000000 0.3175594211 4.1660184860
-6.3988757133 16.3300666809 11.6497440338 21.6105632782 0.0000000000 0.0000000000 0.3132837415 4.1233015060
-6.4728341103 16.5175209045 11.5558366776 21.4453735352 0.0000000000 0.0000000000 0.3089109063 4.0782999992
-6.5458717346 16.7032546997 11.4841279984 21.3080444336 0.0000000000 0.0000000000 0.3044651747 4.0315766335
-6.6180982590 16.8873863220 11.4231262207 21.1967868805 0.0000000000 0.0000000000 0.3000020087 3.9836428165
-6.6895265579 17.0697460175 11.3610544205 21.1039371490 0.0000000000 0.0000000000 0.2955409884 3.9349617958
-6.7602953911 17.2506694794 11.2879571915 21.0199432373 0.0000000000 0.0000000000 0.2910998166 3.8860983849
-6.8305301666 17.4304084778 11.1943054199 20.9337463379 0.0000000000 0.0000000000 0.2866559327 3.8375763893
-6.9002532959 17.6088981628 11.0769433975 20.8368473053 0.0000000000 0.0000000000 0.2822484970 3.7898242474
-6.9695954323 17.7863597870 10.9332227707 20.7255268097 0.0000000000 0.0000000000 0.2779404521 3.7430264950
-7.0385093689 17.9625320435 10.7667284012 20.5999431610 0.0000000000 0.0000000000 0.2737665176 3.6972849369
-7.1070261002 18.1376323700 10.5824317932 20.4629135132 0.0000000000 0.0000000000 0.2697264254 3.6527109146
-7.1751723289 18.3117485046 10.3889331818 20.3219890594 0.0000000000 0.0000000000 0.2658357918 3.6092426777
-7.2428836823 18.4847850800 10.1965951920 20.1844291687 0.0000000000 0.0000000000 0.2620904446 3.5668830872
-7.3100605011 18.6566181183 10.0122079849 20.0534648895 0.0000000000 0.0000000000 0.2585249543 3.5255994797
-7.3767323494 18.8273525238 9.8427934647 19.9325408936 0.0000000000 0.0000000000 0.2551752925 3.4853935242
-7.4429478645 18.9971141815 9.6909360886 19.8230628967 0.0000000000 0.0000000000 0.2520888746 3.4461674690
-7.5086812973 19.1658821106 9.5595912933 19.7250556946 0.0000000000 0.0000000000 0.2493050098 3.4079334736
-7.5738945007 19.3335704803 9.4514665604 19.6368732452 0.0000000000 0.0000000000 0.2468679249 3.3706007004
-7.6386294365 19.5003032684 9.3646898270 19.5542469025 0.0000000000 0.0000000000 0.2448031604 3.3342375755
-7.7029132843 19.6661281586 9.2960319519 19.4726810455 0.0000000000 0.0000000000 0.2431175113 3.2989218235
-7.7668061256 19.8311328888 9.2404823303 19.3862514496 0.0000000000 0.0000000000 0.2417790443 3.2647681236
-7.8303160667 19.9953002930 9.1933813095 19.2935199738 0.0000000000 0.0000000000 0.2407292724 3.2318794727
-7.8934817314 20.1587047577 9.1496257782 19.1932640076 0.0000000000 0.0000000000 0.2399071604 3.2002100945
-7.9563202858 20.3212757111 9.1051187515 19.0857715607 0.0000000000 0.0000000000 0.2392555773 3.1697514057
-8.0188245773 20.4829044342 9.0552215576 18.9732170105 0.0000000000 0.0000000000 0.2387408018 3.1405227184
-8.0810871124 20.6439037323 8.9963550568 18.8586196899 0.0000000000 0.0000000000 0.2382973582 3.1125426292
-8.1431179047 20.8042125702 8.9253950119 18.7461681366 0.0000000000 0.0000000000 0.2378870547 3.0856993198
-8.2048492432 20.9638271332 8.8418722153 18.6384696960 0.0000000000 0.0000000000 0.2374861985 3.0598895550
-8.2662572861 21.1225967407 8.7451791763 18.5369033813 0.0000000000 0.0000000000 0.2370498627 3.0350749493
-8.3274421692 21.2807083130 8.6370401382 18.4422225952 0.0000000000 0.0000000000 0.2365419716 3.0111768246
-8.3884401321 21.4382801056 8.5207405090 18.3540992737 0.0000000000 0.0000000000 0.2359611392 2.9880733490
-8.4491291046 21.5950870514 8.4001941681 18.2699661255 0.0000000000 0.0000000000 0.2353127450 2.9656383991
-8.5094137192 21.7509899139 8.2785720825 18.1882419586 0.0000000000 0.0000000000 0.2346196771 2.9437236786
-8.5693149567 21.9061565399 8.1585960388 18.1067962646 0.0000000000 0.0000000000 0.2338943630 2.9222838879
-8.6288299561 22.0606212616 8.0431976318 18.0235519409 0.0000000000 0.0000000000 0.2331581861 2.9012272358
-8.6880483627 22.2145729065 7.9339461327 17.9374675751 0.0000000000 0.0000000000 0.2324174494 2.8805243969
-8.7468576431 22.3677730560 7.8301634789 17.8485298157 0.0000000000 0.0000000000 0.2316783369 2.8600535393
-8.8052749634 22.5202865601 7.7342662811 17.7560615540 0.0000000000 0.0000000000 0.2309724391 2.8398168087
-8.8632726669 22.6720733643 7.6440587044 17.6608333588 0.0000000000 0.0000000000 0.2302819192 2.8198537827
-8.9209604263 22.8233585358 7.5587010384 17.5649147034 0.0000000000 0.0000000000 0.2296300232 2.8001005650
-8.9782886505 22.9740371704 7.4769883156 17.4704341888 0.0000000000 0.0000000000 0.2289988548 2.7805535793
-9.0352697372 23.1241035461 7.3974637985 17.3787746429 0.0000000000 0.0000000000 0.2283739150 2.7612566948
-9.0918874741 23.2734813690 7.3182854652 17.2907829285 0.0000000000 0.0000000000 0.2277649790 2.7422180176
-9.1481523514 23.4221973419 7.2380003929 17.2061328888 0.0000000000 0.0000000000 0.2271602601 2.7234230042
-9.2040596008 23.5701866150 7.1559119225 17.1242980957 0.0000000000 0.0000000000 0.2265589237 2.7048771381
-9.2595825195 23.7174434662 7.0713734627 17.0448207855 0.0000000000 0.0000000000 0.2259316891 2.6866250038
-9.3146667480 23.8637943268 6.9850988388 16.9672374725 0.0000000000 0.0000000000 0.2252335995 2.6686878204
-9.3694057465 24.0094146729 6.8969888687 16.8910484314 0.0000000000 0.0000000000 0.2244468480 2.6510627270
-9.4237403870 24.1542568207 6.8067188263 16.8154468536 0.0000000000 0.0000000000 0.2235785723 2.6337072849
-9.4776620865 24.2983150482 6.7158617973 16.7408428192 0.0000000000 0.0000000000 0.2226377577 2.6166172028
-9.5311937332 24.4416103363 6.6253004074 16.6677207947 0.0000000000 0.0000000000 0.2216259390 2.5997602940
-9.5843286514 24.5841941833 6.5350556374 16.5952510834 0.0000000000 0.0000000000 0.2205388546 2.5831894875
-9.6371059418 24.7261123657 6.4448199272 16.5220909119 0.0000000000 0.0000000000 0.2194013000 2.5668771267
-9.6894598007 24.8672542572 6.3552970886 16.4490222931 0.0000000000 0.0000000000 0.2182303071 2.5507783890
-9.7413740158 25.0076065063 6.2683582306 16.3759326935 0.0000000000 0.0000000000 0.2170317173 2.5348834991
-9.7929592133 25.1472721100 6.1850204468 16.3032531738 0.0000000000 0.0000000000 0.2158395052 2.5192232132
-9.8442249298 25.2862987518 6.1047644615 16.2312583923 0.0000000000 0.0000000000 0.2146841288 2.5037939548
-9.8952083588 25.4247245789 6.0266299248 16.1596527100 0.0000000000 0.0000000000 0.2135743052 2.4886219501
-9.9458866119 25.5625305176 5.9509329796 16.0881977081 0.0000000000 0.0000000000 0.2125428617 2.4737246037
-9.9962549210 25.6997013092 5.8767156601 16.0162487030 0.0000000000 0.0000000000 0.2116022855 2.4590973854
-10.0462465286 25.8360881805 5.8043251038 15.9442272186 0.0000000000 0.0000000000 0.2107437551 2.4447243214
-10.0959501266 25.9719257355 5.7320928574 15.8724803925 0.0000000000 0.0000000000 0.2099238634 2.4306280613
-10.1453695297 26.1072368622 5.6591248512 15.8013343811 0.0000000000 0.0000000000 0.2091263086 2.4168274403
-10.1945142746 26.2419967651 5.5845017433 15.7315320969 0.0000000000 0.0000000000 0.2083438039 2.4033236504
-10.2433557510 26.3761272430 5.5083622932 15.6634130478 0.0000000000 0.0000000000 0.2075687647 2.3900790215
-10.2919406891 26.5097198486 5.4292273521 15.5969238281 0.0000000000 0.0000000000 0.2067909092 2.3771154881
-10.3402624130 26.6427612305 5.3477125168 15.5326633453 0.0000000000 0.0000000000 0.2059811503 2.3644940853
-10.3882379532 26.7750644684 5.2657370567 15.4703884125 0.0000000000 0.0000000000 0.2051449567 2.3522276878
-10.4359531403 26.9068298340 5.1832141876 15.4088201523 0.0000000000 0.0000000000 0.2042816579 2.3402693272
-10.4833545685 27.0379638672 5.1015815735 15.3478536606 0.0000000000 0.0000000000 0.2034221292 2.3285777569
-10.5304613113 27.1685218811 5.0224108696 15.2855739594 0.0000000000 0.0000000000 0.2025725693 2.3171243668
-10.5772237778 27.2983741760 4.9459023476 15.2225923538 0.0000000000 0.0000000000 0.2017431557 2.3059301376
-10.6236724854 27.4275989532 4.8707380295 15.1597633362 0.0000000000 0.0000000000 0.2009542286 2.2949979305
-10.6698455811 27.5562629700 4.7972693443 15.0966901779 0.0000000000 0.0000000000 0.2001987547 2.2843651772
-10.7157058716 27.6842708588 4.7247104645 15.0341424942 0.0000000000 0.0000000000 0.1994370073 2.2739889622
-10.7612895966 27.8117198944 4.6530785561 14.9716644287 0.0000000000 0.0000000000 0.1986409426 2.2638659477
-10.8066120148 27.9386672974 4.5811672211 14.9089784622 0.0000000000 0.0000000000 0.1978142112 2.2539184093
-10.8517017365 28.0651226044 4.5087251663 14.8475456238 0.0000000000 0.0000000000 0.1969404668 2.2440843582
-10.8965463638 28.1910743713 4.4359598160 14.7880239487 0.0000000000 0.0000000000 0.1959963590 2.2343332767
-10.9411411285 28.3165512085 4.3618936539 14.7302370071 0.0000000000 0.0000000000 0.1950052828 2.2245266438
-10.9854116440 28.4414844513 4.2848286629 14.6731796265 0.0000000000 0.0000000000 0.1939837486 2.2146267891
-11.0293560028 28.5658512115 4.2054615021 14.6170530319 0.0000000000 0.0000000000 0.1929746419 2.2046301365
-11.0730447769 28.6897525787 4.1242032051 14.5616645813 0.0000000000 0.0000000000 0.1919940263 2.1945419312
-11.1164712906 28.8131771088 4.0419631004 14.5068693161 0.0000000000 0.0000000000 0.1910671145 2.1843044758
-11.1595869064 28.9360809326 3.9598877430 14.4515552521 0.0000000000 0.0000000000 0.1902141422 2.1739313602
-11.2024431229 29.0585403442 3.8792212009 14.3969631195 0.0000000000 0.0000000000 0.1894012541 2.1634340286
-11.2450284958 29.1805477142 3.8008134365 14.3420953751 0.0000000000 0.0000000000 0.1886429340 2.1528172493
-11.2873258591 29.3020954132 3.7256026268 14.2879381180 0.0000000000 0.0000000000 0.1879457086 2.1420855522
-11.3293228149 29.4231853485 3.6547265053 14.2340221405 0.0000000000 0.0000000000 0.1873038262 2.1312522888
-11.3710136414 29.5437889099 3.5865879059 14.1801719666 0.0000000000 0.0000000000 0.1867039353 2.1203458309
-11.4124269485 29.6639175415 3.5207338333 14.1268310547 0.0000000000 0.0000000000 0.1861331314 2.1093750000
-11.4535827637 29.7836246490 3.4571988583 14.0736389160 0.0000000000 0.0000000000 0.1855660230 2.0984113216
-11.4944839478 29.9028873444 3.3957571983 14.0204191208 0.0000000000 0.0000000000 0.1850199550 2.0874941349
-11.5351858139 30.0217533112 3.3368148804 13.9672203064 0.0000000000 0.0000000000 0.1844796538 2.0767235756
-11.5756740570 30.1402072906 3.2801899910 13.9142990112 0.0000000000 0.0000000000 0.1839384288 2.0661220551
-11.6159172058 30.2581386566 3.2255649567 13.8611736298 0.0000000000 0.0000000000 0.1833768189 2.0556933880
-11.6558933258 30.3755664825 3.1721272469 13.8082942963 0.0000000000 0.0000000000 0.1828054041 2.0453865528
-11.6956434250 30.4924869537 3.1196706295 13.7552309036 0.0000000000 0.0000000000 0.1822090894 2.0352525711
-11.7351961136 30.6089439392 3.0681707859 13.7022924423 0.0000000000 0.0000000000 0.1815773547 2.0252747536
-11.7744379044 30.7247390747 3.0172851086 13.6486463547 0.0000000000 0.0000000000 0.1809367090 2.0154142380
-11.8134288788 30.8400363922 2.9687473774 13.5946846008 0.0000000000 0.0000000000 0.1803040355 2.0056865215
-11.8522472382 30.9548377991 2.9219708443 13.5412178040 0.0000000000 0.0000000000 0.1797119975 1.9961067438
-11.8908519745 31.0690460205 2.8776707649 13.4889869690 0.0000000000 0.0000000000 0.1791766435 1.9866824150
-11.9292821884 31.1827163696 2.8363800049 13.4376440048 0.0000000000 0.0000000000 0.1786980778 1.9774594307
-11.9676017761 31.2959651947 2.7976865768 13.3872175217 0.0000000000 0.0000000000 0.1782930791 1.9684611559
-12.0057420731 31.4086570740 2.7616810799 13.3379850388 0.0000000000 0.0000000000 0.1779408753 1.9596977234
-12.0436801910 31.5207729340 2.7274978161 13.2899875641 0.0000000000 0.0000000000 0.1776379794 1.9512183666
-12.0814466476 31.6323909760 2.6951251030 13.2431020737 0.0000000000 0.0000000000 0.1773621142 1.9429881573
-12.1190700531 31.7434844971 2.6631116867 13.1980047226 0.0000000000 0.0000000000 0.1770883352 1.9349977970
-12.1565647125 31.8540325165 2.6309998035 13.1532783508 0.0000000000 0.0000000000 0.1768104881 1.9272663593
-12.1939287186 31.9640827179 2.5972962379 13.1089401245 0.0000000000 0.0000000000 0.1765134335 1.9198542833
-12.2311306000 32.0736389160 2.5625679493 13.0649127960 0.0000000000 0.0000000000 0.1761997789 1.9127073288
-12.2682056427 32.1827239990 2.5265450478 13.0211229324 0.0000000000 0.0000000000 0.1758865416 1.9057832956
-12.3052158356 32.2912788391 2.4876565933 12.9777040482 0.0000000000 0.0000000000 0.1755818874 1.8990566730
-12.3421478271 32.3994216919 2.4462013245 12.9346694946 0.0000000000 0.0000000000 0.1752881259 1.8924813271
-12.3790702820 32.5072212219 2.4022648335 12.8917655945 0.0000000000 0.0000000000 0.1749920994 1.8860390186
-12.4159336090 32.6146163940 2.3564152718 12.8488826752 0.0000000000 0.0000000000 0.1747057587 1.8797277212
-12.4526367188 32.7214202881 2.3098342419 12.8062448502 0.0000000000 0.0000000000 0.1744377166 1.8734946251
-12.4892921448 32.8278808594 2.2627363205 12.7632532120 0.0000000000 0.0000000000 0.1741844118 1.8673071861
-12.5258140564 32.9338684082 2.2158784866 12.7202644348 0.0000000000 0.0000000000 0.1739643365 1.8610999584
-12.5622692108 33.0395050049 2.1708092690 12.6777572632 0.0000000000 0.0000000000 0.1737673730 1.8548475504
-12.5986547470 33.1447296143 2.1278772354 12.6359720230 0.0000000000 0.0000000000 0.1735959500 1.8485764265
-12.6349954605 33.2495803833 2.0856459141 12.5946197510 0.0000000000 0.0000000000 0.1734371036 1.8423503637
-12.6712350845 33.3539733887 2.0450720787 12.5535907745 0.0000000000 0.0000000000 0.1733001918 1.8362160921
-12.7073650360 33.4579277039 2.0062456131 12.5127267838 0.0000000000 0.0000000000 0.1731716990 1.8300904036
-12.7433795929 33.5613937378 1.9685344696 12.4720258713 0.0000000000 0.0000000000 0.1730211377 1.8240101337
-12.7792911530 33.6644172668 1.9318904877 12.4315071106 0.0000000000 0.0000000000 0.1728513688 1.8180069923
-12.8150730133 33.7669830322 1.8959827423 12.3907918930 0.0000000000 0.0000000000 0.1726465076 1.8120566607
-12.8508119583 33.8691978455 1.8610330820 12.3501367569 0.0000000000 0.0000000000 0.1724333316 1.8060617447
-12.8864908218 33.9710121155 1.8267501593 12.3103799820 0.0000000000 0.0000000000 0.1722209305 1.8000658751
-12.9221467972 34.0724716187 1.7922643423 12.2715492249 0.0000000000 0.0000000000 0.1720354855 1.7941020727
-12.9577579498 34.1735229492 1.7572406530 12.2340068817 0.0000000000 0.0000000000 0.1718933880 1.7882152796
-12.9932975769 34.2740516663 1.7210884094 12.1978492737 0.0000000000 0.0000000000 0.1718252301 1.7823861837
-13.0288152695 34.3741607666 1.6841100454 12.1627597809 0.0000000000 0.0000000000 0.1718437523 1.7765270472
-13.0642051697 34.4736289978 1.6463510990 12.1295785904 0.0000000000 0.0000000000 0.1719173938 1.7706656456
-13.0995750427 34.5727233887 1.6080912352 12.0980625153 0.0000000000 0.0000000000 0.1720024496 1.7648811340
-13.1349086761 34.6714096069 1.5695862770 12.0672874451 0.0000000000 0.0000000000 0.1720696241 1.7592602968
-13.1702089310 34.7696838379 1.5312553644 12.0371055603 0.0000000000 0.0000000000 0.1720950454 1.7538958788
-13.2054347992 34.8674545288 1.4940470457 12.0076789856 0.0000000000 0.0000000000 0.1721060276 1.7487102747
-13.2405700684 34.9645729065 1.4575319290 11.9793109894 0.0000000000 0.0000000000 0.1721146107 1.7437245846
-13.2756757736 35.0611839294 1.4226208925 11.9513072968 0.0000000000 0.0000000000 0.1721506566 1.7388930321
-13.3107404709 35.1572723389 1.3891435862 11.9236898422 0.0000000000 0.0000000000 0.1723022461 1.7342091799
-13.3457841873 35.2528343201 1.3574926853 11.8962802887 0.0000000000 0.0000000000 0.1724286377 1.7296017408
-13.3807754517 35.3478393555 1.3277592659 11.8690357208 0.0000000000 0.0000000000 0.1725079268 1.7249935865
-13.4158573151 35.4424819946 1.2985818386 11.8424463272 0.0000000000 0.0000000000 0.1725330800 1.7204129696
-13.4509792328 35.5365715027 1.2697460651 11.8173561096 0.0000000000 0.0000000000 0.1724859327 1.7158530951
-13.4861297607 35.6301727295 1.2393758297 11.7926321030 0.0000000000 0.0000000000 0.1724064350 1.7112663984
-13.5213270187 35.7232398987 1.2070692778 11.7691574097 0.0000000000 0.0000000000 0.1723483503 1.7066794634
-13.5564889908 35.8156127930 1.1730824709 11.7474460602 0.0000000000 0.0000000000 0.1723353565 1.7020963430
-13.5916748047 35.9074478149 1.1383464336 11.7273063660 0.0000000000 0.0000000000 0.1723449975 1.6975482702
-13.6269102097 35.9987411499 1.1035151482 11.7087430954 0.0000000000 0.0000000000 0.1723619699 1.6930419207
-13.6621713638 36.0894584656 1.0687375069 11.6918382645 0.0000000000 0.0000000000 0.1723639667 1.6886388063
-13.6975231171 36.1796302795 1.0338635445 11.6759176254 0.0000000000 0.0000000000 0.1723369062 1.6844027042
-13.7328357697 36.2690162659 0.9992293119 11.6609544754 0.0000000000 0.0000000000 0.1723042876 1.6802388430
-13.7681913376 36.3578453064 0.9647875428 11.6462116241 0.0000000000 0.0000000000 0.1722914726 1.6761672497
-13.8035964966 36.4461174011 0.9310132265 11.6317453384 0.0000000000 0.0000000000 0.1722803116 1.6721500158
-13.8390359879 36.5338478088 0.8977028728 11.6175794601 0.0000000000 0.0000000000 0.1722717732 1.6681872606
-13.8745155334 36.6210937500 0.8653908968 11.6031007767 0.0000000000 0.0000000000 0.1722430587 1.6642677784
-13.9100599289 36.7078819275 0.8341864944 11.5876989365 0.0000000000 0.0000000000 0.1722012609 1.6604006290
-13.9455919266 36.7940444946 0.8044552207 11.5709495544 0.0000000000 0.0000000000 0.1721585244 1.6566170454
-13.9810733795 36.8795967102 0.7760030031 11.5529088974 0.0000000000 0.0000000000 0.1721288413 1.6528466940
-14.0165262222 36.9645919800 0.7485813498 11.5335845947 0.0000000000 0.0000000000 0.1721228659 1.6490815878
-14.0519161224 37.0490112305 0.7220377922 11.5131416321 0.0000000000 0.0000000000 0.1721320301 1.6453056335
-14.0873422623 37.1330299377 0.6949365139 11.4916696548 0.0000000000 0.0000000000 0.1721247435 1.6415463686
-14.1227512360 37.2165832520 0.6675142646 11.4701061249 0.0000000000 0.0000000000 0.1720968932 1.6377737522
-14.1581850052 37.2997322083 0.6399689317 11.4475898743 0.0000000000 0.0000000000 0.1720573455 1.6340585947
-14.1935462952 37.3823089600 0.6120044589 11.4250717163 0.0000000000 0.0000000000 0.1720364988 1.6304454803
-14.2289390564 37.4644851685 0.5829342604 11.4021883011 0.0000000000 0.0000000000 0.1720432192 1.6269426346
-14.2643728256 37.5462989807 0.5514302850 11.3793325424 0.0000000000 0.0000000000 0.1720809937 1.6235390902
-14.2998266220 37.6277503967 0.5175098777 11.3566665649 0.0000000000 0.0000000000 0.1721454412 1.6202849150
-14.3352289200 37.7087974548 0.4804214537 11.3341979980 0.0000000000 0.0000000000 0.1722137481 1.6171441078
-14.3705224991 37.7893714905 0.4412130415 11.3124685287 0.0000000000 0.0000000000 0.1722991019 1.6140590906
-14.4056129456 37.8693466187 0.4004399478 11.2924289703 0.0000000000 0.0000000000 0.1723950654 1.6109745502
-14.4404859543 37.9487419128 0.3589664400 11.2730417252 0.0000000000 0.0000000000 0.1725118011 1.6078513861
-14.4752683640 38.0277633667 0.3166265488 11.2542638779 0.0000000000 0.0000000000 0.1726498753 1.6046729088
-14.5098829269 38.1063461304 0.2737517655 11.2360095978 0.0000000000 0.0000000000 0.1728032082 1.6014164686
-14.5442562103 38.1843643188 0.2314432114 11.2186508179 0.0000000000 0.0000000000 0.1729444861 1.5981279612
-14.5785217285 38.2620277405 0.1900589019 11.2017240524 0.0000000000 0.0000000000 0.1730438322 1.5948520899
-14.6126632690 38.3393211365 0.1501382440 11.1851806641 0.0000000000 0.0000000000 0.1730871797 1.5915912390
-14.6466283798 38.4162063599 0.1123462766 11.1690635681 0.0000000000 0.0000000000 0.1730614007 1.5883828402
-14.6804294586 38.4926948547 0.0769227892 11.1536884308 0.0000000000 0.0000000000 0.1729868352 1.5851781368
-14.7140169144 38.5687294006 0.0446530282 11.1387042999 0.0000000000 0.0000000000 0.1728662997 1.5820083618
-14.7474708557 38.6443939209 0.0148219494 11.1247682571 0.0000000000 0.0000000000 0.1726882160 1.5788681507
-14.7808332443 38.7197990417 -0.0134282261 11.1117086411 0.0000000000 0.0000000000 0.1724375784 1.5757101774
-14.8140153885 38.7948951721 -0.0406841710 11.0999555588 0.0000000000 0.0000000000 0.1721094996 1.5725036860
-14.8470315933 38.8696441650 -0.0673488155 11.0890941620 0.0000000000 0.0000000000 0.1717074662 1.5693106651
-14.8799629211 38.9441299438 -0.0939100906 11.0789203644 0.0000000000 0.0000000000 0.1712443680 1.5661163330
-14.9127550125 39.0183067322 -0.1203365549 11.0692777634 0.0000000000 0.0000000000 0.1707639694 1.5630097389
-14.9455051422 39.0922584534 -0.1465868354 11.0597562790 0.0000000000 0.0000000000 0.1702963561 1.5600376129
-14.9782085419 39.1659774780 -0.1732462794 11.0506277084 0.0000000000 0.0000000000 0.1698386222 1.5571137667
-15.0108375549 39.2394256592 -0.2003348023 11.0419092178 0.0000000000 0.0000000000 0.1693806946 1.5541417599
-15.0434150696 39.3125915527 -0.2280631065 11.0338830948 0.0000000000 0.0000000000 0.1689054370 1.5511615276
-15.0758218765 39.3853416443 -0.2560029924 11.0267267227 0.0000000000 0.0000000000 0.1684172601 1.5482062101
-15.1081056595 39.4577751160 -0.2838277519 11.0200843811 0.0000000000 0.0000000000 0.1679291129 1.5453138351
-15.1403923035 39.5300979614 -0.3115936816 11.0135660172 0.0000000000 0.0000000000 0.1674458086 1.5425242186
-15.1725912094 39.6021995544 -0.3395164311 11.0071468353 0.0000000000 0.0000000000 0.1669637412 1.5398588181
-15.2046918869 39.6740798950 -0.3674982190 11.0003700256 0.0000000000 0.0000000000 0.1664704531 1.5373414755
-15.2366437912 39.7456703186 -0.3949635029 10.9944877625 0.0000000000 0.0000000000 0.1659314334 1.5349770784
-15.2684335709 39.8169479370 -0.4221684635 10.9879894257 0.0000000000 0.0000000000 0.1653483510 1.5326374769
-15.3001337051 39.8879699707 -0.4490548968 10.9806346893 0.0000000000 0.0000000000 0.1647266746 1.5303189754
-15.3317747116 39.9588546753 -0.4747143090 10.9727840424 0.0000000000 0.0000000000 0.1641031355 1.5279793739
-15.3633537292 40.0296173096 -0.4994050860 10.9649734497 0.0000000000 0.0000000000 0.1635014117 1.5256212950
-15.3948230743 40.1001739502 -0.5226755738 10.9575347900 0.0000000000 0.0000000000 0.1629525274 1.5232727528
-15.4262228012 40.1705741882 -0.5452949405 10.9508819580 0.0000000000 0.0000000000 0.1624850482 1.5210210085
-15.4575242996 40.2406883240 -0.5680493712 10.9451599121 0.0000000000 0.0000000000 0.1621045321 1.5188689232
-15.4886751175 40.3105239868 -0.5911903381 10.9404420853 0.0000000000 0.0000000000 0.1617979705 1.5167733431
-15.5197181702 40.3800849915 -0.6152378917 10.9364080429 0.0000000000 0.0000000000 0.1615218669 1.5147625208
-15.5505924225 40.4493789673 -0.6392229795 10.9324674606 0.0000000000 0.0000000000 0.1612323523 1.5127298832
-15.5812597275 40.5182571411 -0.6639845371 10.9284210205 0.0000000000 0.0000000000 0.1609047353 1.5107181072
-15.6117630005 40.5868492126 -0.6900621057 10.9239768982 0.0000000000 0.0000000000 0.1605481207 1.5086529255
-15.6421861649 40.6552925110 -0.7171657681 10.9191970825 0.0000000000 0.0000000000 0.1602067947 1.5065624714
-15.6725435257 40.7236289978 -0.7442418337 10.9133501053 0.0000000000 0.0000000000 0.1599368304 1.5044946671
-15.7027568817 40.7917823792 -0.7704374194 10.9060449600 0.0000000000 0.0000000000 0.1597563177 1.5025392771
-15.7328224182 40.8596878052 -0.7956902385 10.8969497681 0.0000000000 0.0000000000 0.1596444547 1.5006182194
-15.7626829147 40.9273071289 -0.8200696707 10.8866062164 0.0000000000 0.0000000000 0.1595632583 1.4987081289
-15.7923927307 40.9947662354 -0.8430423737 10.8749561310 0.0000000000 0.0000000000 0.1594731808 1.4967659712
-15.8219442368 41.0620269775 -0.8646779060 10.8620634079 0.0000000000 0.0000000000 0.1593485773 1.4947941303
-15.8513193130 41.1290473938 -0.8847050667 10.8481340408 0.0000000000 0.0000000000 0.1591775566 1.4928131104
-15.8805179596 41.1958770752 -0.9038603306 10.8332309723 0.0000000000 0.0000000000 0.1589752436 1.4907944202
-15.9096012115 41.2626152039 -0.9223722219 10.8172931671 0.0000000000 0.0000000000 0.1587743759 1.4887540340
-15.9385623932 41.3292007446 -0.9406918287 10.8006563187 0.0000000000 0.0000000000 0.1586044878 1.4867730141
-15.9674425125 41.3956947327 -0.9586364627 10.7837953568 0.0000000000 0.0000000000 0.1584920883 1.4848983288
-15.9962491989 41.4620628357 -0.9761160612 10.7669839859 0.0000000000 0.0000000000 0.1584177017 1.4832293987
-16.0249805450 41.5283241272 -0.9933765531 10.7507715225 0.0000000000 0.0000000000 0.1583676040 1.4818285704
-16.0535964966 41.5943679810 -1.0105386972 10.7354516983 0.0000000000 0.0000000000 0.1583221257 1.4806765318
-16.0821132660 41.6601791382 -1.0274231434 10.7214126587 0.0000000000 0.0000000000 0.1582663208 1.4796769619
-16.1105442047 41.7258071899 -1.0441823006 10.7085247040 0.0000000000 0.0000000000 0.1582052410 1.4788466692
-16.1389274597 41.7912712097 -1.0617073774 10.6966152191 0.0000000000 0.0000000000 0.1581416726 1.4781502485
-16.1672172546 41.8565254211 -1.0805604458 10.6853876114 0.0000000000 0.0000000000 0.1580749750 1.4776476622
-16.1954841614 41.9216575623 -1.1006897688 10.6751194000 0.0000000000 0.0000000000 0.1580251455 1.4772950411
-16.2236843109 41.9866180420 -1.1222980022 10.6656274796 0.0000000000 0.0000000000 0.1579917520 1.4770531654
-16.2517719269 42.0513763428 -1.1455653906 10.6571874619 0.0000000000 0.0000000000 0.1579735428 1.4767819643
-16.2797927856 42.1159515381 -1.1701575518 10.6492242813 0.0000000000 0.0000000000 0.1579399109 1.4765614271
-16.3076648712 42.1802673340 -1.1955384016 10.6408443451 0.0000000000 0.0000000000 0.1578425616 1.4764490128
-16.3355007172 42.2444686890 -1.2212251425 10.6325225830 0.0000000000 0.0000000000 0.1576383859 1.4763506651
-16.3632736206 42.3084983826 -1.2465065718 10.6244745255 0.0000000000 0.0000000000 0.1573071331 1.4762341976
-16.3908157349 42.3721656799 -1.2721030712 10.6166458130 0.0000000000 0.0000000000 0.1568729877 1.4761154652
-16.4183464050 42.4357414246 -1.2972655296 10.6088819504 0.0000000000 0.0000000000 0.1563703269 1.4759969711
-16.4458332062 42.4991950989 -1.3225150108 10.6013507843 0.0000000000 0.0000000000 0.1558384448 1.4758040905
-16.4732666016 42.5625152588 -1.3478472233 10.5939292908 0.0000000000 0.0000000000 0.1553084552 1.4756383896
-16.5006465912 42.6256904602 -1.3729516268 10.5866575241 0.0000000000 0.0000000000 0.1547877342 1.4754154682
-16.5279693604 42.6886901855 -1.3974823952 10.5794487000 0.0000000000 0.0000000000 0.1542829722 1.4749830961
-16.5551910400 42.7514762878 -1.4217089415 10.5723485947 0.0000000000 0.0000000000 0.1537863463 1.4743988514
-16.5823040009 42.8139991760 -1.4457672834 10.5652236938 0.0000000000 0.0000000000 0.1532968879 1.4737440348
-16.6093635559 42.8763275146 -1.4688850641 10.5580558777 0.0000000000 0.0000000000 0.1528084725 1.4730550051
-16.6363811493 42.9384880066 -1.4910424948 10.5509605408 0.0000000000 0.0000000000 0.1523261219 1.4724181890
-16.6633338928 43.0004768372 -1.5126992464 10.5440692902 0.0000000000 0.0000000000 0.1518647671 1.4718633890
-16.6902599335 43.0622978210 -1.5344598293 10.5374851227 0.0000000000 0.0000000000 0.1514341682 1.4713162184
-16.7170581818 43.1238174438 -1.5563136339 10.5314912796 0.0000000000 0.0000000000 0.1510335952 1.4708714485
-16.7437858582 43.1850891113 -1.5784718990 10.5262079239 0.0000000000 0.0000000000 0.1506727338 1.4704407454
-16.7704849243 43.2461051941 -1.6000577211 10.5209407806 0.0000000000 0.0000000000 0.1503386050 1.4700341225
-16.7971363068 43.3068656921 -1.6211596727 10.5161695480 0.0000000000 0.0000000000 0.1500421762 1.4696036577
-16.8237915039 43.3675003052 -1.6424466372 10.5113658905 0.0000000000 0.0000000000 0.1497736573 1.4691663980
-16.8503932953 43.4279479980 -1.6635234356 10.5065374374 0.0000000000 0.0000000000 0.1495258659 1.4687577486
-16.8769779205 43.4882049561 -1.6838637590 10.5014886856 0.0000000000 0.0000000000 0.1492990553 1.4684263468
-16.9035110474 43.5482292175 -1.7039195299 10.4965686798 0.0000000000 0.0000000000 0.1491030306 1.4682313204
-16.9300251007 43.6080551147 -1.7236323357 10.4913244247 0.0000000000 0.0000000000 0.1489578336 1.4681271315
-16.9565181732 43.6676712036 -1.7436882257 10.4859638214 0.0000000000 0.0000000000 0.1488637924 1.4680489302
-16.9829750061 43.7270774841 -1.7636823654 10.4805803299 0.0000000000 0.0000000000 0.1488263756 1.4680258036
-17.0093784332 43.7862129211 -1.7845079899 10.4753227234 0.0000000000 0.0000000000 0.1488137245 1.4680502415
-17.0356960297 43.8449707031 -1.8057708740 10.4701862335 0.0000000000 0.0000000000 0.1488167495 1.4680770636
-17.0620136261 43.9035644531 -1.8275578022 10.4650526047 0.0000000000 0.0000000000 0.1488053501 1.4681531191
-17.0883502960 43.9620170593 -1.8500418663 10.4598693848 0.0000000000 0.0000000000 0.1487682611 1.4683578014
-17.1146259308 44.0201988220 -1.8735952377 10.4545974731 0.0000000000 0.0000000000 0.1486950517 1.4686053991
-17.1409225464 44.0782699585 -1.8985779285 10.4493360519 0.0000000000 0.0000000000 0.1485958844 1.4687954187
-17.1671714783 44.1361541748 -1.9247163534 10.4440078735 0.0000000000 0.0000000000 0.1484701037 1.4689873457
-17.1933879852 44.1939086914 -1.9522787333 10.4389162064 0.0000000000 0.0000000000 0.1483294070 1.4691785574
-17.2195491791 44.2514991760 -1.9807028770 10.4341058731 0.0000000000 0.0000000000 0.1481796205 1.4693219662
-17.2456264496 44.3088874817 -2.0100340843 10.4296588898 0.0000000000 0.0000000000 0.1480429620 1.4694027901
-17.2716293335 44.3660202026 -2.0398156643 10.4256820679 0.0000000000 0.0000000000 0.1479075104 1.4693701267
-17.2975654602 44.4229927063 -2.0701892376 10.4221668243 0.0000000000 0.0000000000 0.1477735788 1.4692525864
-17.3233833313 44.4797554016 -2.1004917622 10.4190006256 0.0000000000 0.0000000000 0.1476522386 1.4690463543
-17.3490886688 44.5362892151 -2.1305418015 10.4158468246 0.0000000000 0.0000000000 0.1475248039 1.4687584639
-17.3747119904 44.5926170349 -2.1595752239 10.4129657745 0.0000000000 0.0000000000 0.1473772973 1.4682245255
-17.4002056122 44.6487350464 -2.1872167587 10.4104194641 0.0000000000 0.0000000000 0.1472025961 1.4675258398
-17.4255695343 44.7046318054 -2.2133469582 10.4084367752 0.0000000000 0.0000000000 0.1469973773 1.4666848183
-17.4507389069 44.7601623535 -2.2386727333 10.4070615768 0.0000000000 0.0000000000 0.1467787772 1.4657720327
-17.4757690430 44.8154640198 -2.2630259991 10.4063806534 0.0000000000 0.0000000000 0.1465651095 1.4648734331
-17.5007057190 44.8705711365 -2.2870521545 10.4062805176 0.0000000000 0.0000000000 0.1463407725 1.4639915228
-17.5255470276 44.9254913330 -2.3107645512 10.4070615768 0.0000000000 0.0000000000 0.1460871249 1.4630987644
-17.5502567291 44.9801368713 -2.3340647221 10.4089736938 0.0000000000 0.0000000000 0.1458001733 1.4620923996
-17.5748939514 45.0345764160 -2.3570303917 10.4114933014 0.0000000000 0.0000000000 0.1454781890 1.4609953165
-17.5993843079 45.0887565613 -2.3791940212 10.4141693115 0.0000000000 0.0000000000 0.1451326758 1.4597941637
-17.6237678528 45.1427688599 -2.4009900093 10.4166698456 0.0000000000 0.0000000000 0.1447817087 1.4584923983
-17.6480903625 45.1966209412 -2.4233164787 10.4192123413 0.0000000000 0.0000000000 0.1444268674 1.4570373297
-17.6723003387 45.2502593994 -2.4458191395 10.4217805862 0.0000000000 0.0000000000 0.1440684348 1.4554150105
-17.6964054108 45.3036422729 -2.4676353931 10.4243125916 0.0000000000 0.0000000000 0.1437191069 1.4537342787
-17.7204437256 45.3568572998 -2.4892568588 10.4271821976 0.0000000000 0.0000000000 0.1434054673 1.4518222809
-17.7442817688 45.4097938538 -2.5110454559 10.4305725098 0.0000000000 0.0000000000 0.1431251466 1.4497724771
-17.7679424286 45.4624710083 -2.5318453312 10.4340686798 0.0000000000 0.0000000000 0.1428795159 1.4475679398
-17.7915000916 45.5149879456 -2.5508935452 10.4371995926 0.0000000000 0.0000000000 0.1426822841 1.4452939034
-17.8149414062 45.5672798157 -2.5686397552 10.4398107529 0.0000000000 0.0000000000 0.1425236613 1.4430309534
-17.8383178711 45.6194114685 -2.5858485699 10.4424104691 0.0000000000 0.0000000000 0.1423983872 1.4409161806
-17.8616504669 45.6714019775 -2.6027295589 10.4448728561 0.0000000000 0.0000000000 0.1422877014 1.4391024113
-17.8849201202 45.7232284546 -2.6194844246 10.4471664429 0.0000000000 0.0000000000 0.1421710551 1.4375200272
-17.9080829620 45.7748336792 -2.6361439228 10.4486780167 0.0000000000 0.0000000000 0.1420354992 1.4362099171
-17.9310169220 45.8260421753 -2.6527836323 10.4491405487 0.0000000000 0.0000000000 0.1418824047 1.4351729155
-17.9538841248 45.8770675659 -2.6697885990 10.4493026733 0.0000000000 0.0000000000 0.1416860670 1.4344340563
-17.9766616821 45.9278678894 -2.6868543625 10.4493780136 0.0000000000 0.0000000000 0.1414756477 1.4338961840
-17.9993972778 45.9785118103 -2.7044684887 10.4494581223 0.0000000000 0.0000000000 0.1412575692 1.4334787130
-18.0220260620 46.0289993286 -2.7225587368 10.4499273300 0.0000000000 0.0000000000 0.1410261840 1.4331144094
-18.0445613861 46.0792236328 -2.7406852245 10.4507570267 0.0000000000 0.0000000000 0.1407707036 1.4327344894
-18.0669555664 46.1292152405 -2.7586195469 10.4515819550 0.0000000000 0.0000000000 0.1404828429 1.4323034286
-18.0892639160 46.1789817810 -2.7761306763 10.4527788162 0.0000000000 0.0000000000 0.1401642263 1.4318501949
-18.1114730835 46.2285346985 -2.7932281494 10.4543266296 0.0000000000 0.0000000000 0.1398319304 1.4312080145
-18.1335620880 46.2779006958 -2.8095099926 10.4559516907 0.0000000000 0.0000000000 0.1395240873 1.4304490089
-18.1555652618 46.3270950317 -2.8254375458 10.4579858780 0.0000000000 0.0000000000 0.1392370164 1.4295682907
-18.1774177551 46.3759994507 -2.8415391445 10.4606447220 0.0000000000 0.0000000000 0.1389841586 1.4284485579
-18.1992549896 46.4248199463 -2.8577675819 10.4637241364 0.0000000000 0.0000000000 0.1387777925 1.4272443056
-18.2209873199 46.4734687805 -2.8743174076 10.4672031403 0.0000000000 0.0000000000 0.1386117041 1.4261221886
-18.2426795959 46.5219764709 -2.8913161755 10.4708719254 0.0000000000 0.0000000000 0.1384951919 1.4250842333
-18.2643566132 46.5703887939 -2.9084317684 10.4746742249 0.0000000000 0.0000000000 0.1384087205 1.4241651297
-18.2859649658 46.6186447144 -2.9257650375 10.4784336090 0.0000000000 0.0000000000 0.1383873522 1.4233798981
-18.3074035645 46.6665077209 -2.9427266121 10.4822978973 0.0000000000 0.0000000000 0.1384109408 1.4226517677
-18.3287601471 46.7142143250 -2.9597914219 10.4860649109 0.0000000000 0.0000000000 0.1384996921 1.4220457077
-18.3500766754 46.7617835999 -2.9763913155 10.4895458221 0.0000000000 0.0000000000 0.1386208981 1.4215562344
-18.3713569641 46.8092422485 -2.9922683239 10.4927396774 0.0000000000 0.0000000000 0.1387342513 1.4210078716
-18.3925914764 46.8565368652 -3.0077302456 10.4957370758 0.0000000000 0.0000000000 0.1388106793 1.4203343391
-18.4138183594 46.9037551880 -3.0226023197 10.4984397888 0.0000000000 0.0000000000 0.1388385445 1.4195940495
-18.4350261688 46.9509201050 -3.0367231369 10.5003223419 0.0000000000 0.0000000000 0.1388250440 1.4188432693
-18.4562034607 46.9980354309 -3.0503516197 10.5016698837 0.0000000000 0.0000000000 0.1387791485 1.4180028439
-18.4773311615 47.0450935364 -3.0638272762 10.5026473999 0.0000000000 0.0000000000 0.1387239397 1.4171383381
-18.4983806610 47.0920143127 -3.0773663521 10.5034828186 0.0000000000 0.0000000000 0.1386488229 1.4163920879
-18.5192871094 47.1387023926 -3.0910611153 10.5044965744 0.0000000000 0.0000000000 0.1385613233 1.4158269167
-18.5401096344 47.1853103638 -3.1054329872 10.5055227280 0.0000000000 0.0000000000 0.1384753287 1.4153738022
-18.5608577728 47.2318000793 -3.1209068298 10.5068235397 0.0000000000 0.0000000000 0.1383576840 1.4150561094
-18.5815601349 47.2781600952 -3.1374342442 10.5084486008 0.0000000000 0.0000000000 0.1381831765 1.4147909880
-18.6022644043 47.3244361877 -3.1549172401 10.5106477737 0.0000000000 0.0000000000 0.1379581094 1.4143831730
-18.6229457855 47.3705902100 -3.1729922295 10.5133972168 0.0000000000 0.0000000000 0.1377167255 1.4138113260
-18.6435813904 47.4166374207 -3.1910443306 10.5166587830 0.0000000000 0.0000000000 0.1374663860 1.4131884575
-18.6641635895 47.4625663757 -3.2080075741 10.5200233459 0.0000000000 0.0000000000 0.1372309774 1.4126704931
-18.6846485138 47.5083618164 -3.2237684727 10.5233745575 0.0000000000 0.0000000000 0.1370242089 1.4121853113
-18.7051334381 47.5540580750 -3.2378072739 10.5265340805 0.0000000000 0.0000000000 0.1368598938 1.4115657806
-18.7256240845 47.5996780396 -3.2505054474 10.5293722153 0.0000000000 0.0000000000 0.1367354542 1.4108146429
-18.7460670471 47.6451759338 -3.2625560760 10.5318775177 0.0000000000 0.0000000000 0.1366474926 1.4100899696
-18.7664985657 47.6905593872 -3.2742283344 10.5345010757 0.0000000000 0.0000000000 0.1365817040 1.4092857838
-18.7869167328 47.7358131409 -3.2856259346 10.5372486115 0.0000000000 0.0000000000 0.1365341097 1.4083081484
-18.8071842194 47.7807121277 -3.2965462208 10.5400342941 0.0000000000 0.0000000000 0.1364810765 1.4073956013
-18.8273754120 47.8254356384 -3.3079726696 10.5427017212 0.0000000000 0.0000000000 0.1364032328 1.4065340757
-18.8474941254 47.8700866699 -3.3201422691 10.5453586578 0.0000000000 0.0000000000 0.1362877339 1.4055891037
-18.8675994873 47.9146842957 -3.3336615562 10.5485029221 0.0000000000 0.0000000000 0.1361485422 1.4044889212
-18.8876590729 47.9592018127 -3.3488049507 10.5521564484 0.0000000000 0.0000000000 0.1359990388 1.4032226801
-18.9076995850 48.0036392212 -3.3650453091 10.5561437607 0.0000000000 0.0000000000 0.1358755082 1.4019031525
-18.9276733398 48.0479583740 -3.3820688725 10.5605640411 0.0000000000 0.0000000000 0.1357848495 1.4006778002
-18.9476127625 48.0921859741 -3.4000418186 10.5652761459 0.0000000000 0.0000000000 0.1356929541 1.3995385170
-18.9675045013 48.1363029480 -3.4183962345 10.5703382492 0.0000000000 0.0000000000 0.1355702728 1.3984415531
-18.9872760773 48.1802558899 -3.4370250702 10.5756616592 0.0000000000 0.0000000000 0.1353718489 1.3973494768
-19.0069408417 48.2240753174 -3.4554684162 10.5810117722 0.0000000000 0.0000000000 0.1351070404 1.3963135481
-19.0265407562 48.2678031921 -3.4729735851 10.5862865448 0.0000000000 0.0000000000 0.1347925812 1.3953615427
-19.0460224152 48.3113327026 -3.4893906116 10.5916566849 0.0000000000 0.0000000000 0.1344385445 1.3944989443
-19.0654659271 48.3547515869 -3.5053622723 10.5969448090 0.0000000000 0.0000000000 0.1340571344 1.3937822580
-19.0848178864 48.3979263306 -3.5208370686 10.6024789810 0.0000000000 0.0000000000 0.1336588413 1.3931695223
-19.1041431427 48.4410209656 -3.5360879898 10.6081104279 0.0000000000 0.0000000000 0.1332729161 1.3927497864
-19.1232929230 48.4838409424 -3.5508213043 10.6136522293 0.0000000000 0.0000000000 0.1329161972 1.3924112320
-19.1423664093 48.5265121460 -3.5653605461 10.6191949844 0.0000000000 0.0000000000 0.1326374114 1.3922684193
-19.1614112854 48.5691375732 -3.5791699886 10.6245317459 0.0000000000 0.0000000000 0.1324264705 1.3922505379
-19.1803455353 48.6116180420 -3.5924034119 10.6295080185 0.0000000000 0.0000000000 0.1322659701 1.3923543692
-19.1991996765 48.6539115906 -3.6052718163 10.6337928772 0.0000000000 0.0000000000 0.1321474612 1.3926367760
-19.2179870605 48.6960754395 -3.6185624599 10.6376829147 0.0000000000 0.0000000000 0.1320768446 1.3931189775
-19.2367038727 48.7381477356 -3.6321327686 10.6413574219 0.0000000000 0.0000000000 0.1320491135 1.3936450481
-19.2553367615 48.7800445557 -3.6458339691 10.6451683044 0.0000000000 0.0000000000 0.1320486218 1.3941621780
-19.2738971710 48.8219261169 -3.6598703861 10.6493778229 0.0000000000 0.0000000000 0.1320669502 1.3946102858
-19.2923717499 48.8636322021 -3.6740217209 10.6540184021 0.0000000000 0.0000000000 0.1321128309 1.3949375153
-19.3108234406 48.9053306580 -3.6879842281 10.6587867737 0.0000000000 0.0000000000 0.1321721077 1.3949996233
-19.3292503357 48.9470100403 -3.7012820244 10.6633615494 0.0000000000 0.0000000000 0.1322219223 1.3947771788
-19.3476371765 48.9886512756 -3.7141575813 10.6678218842 0.0000000000 0.0000000000 0.1322595030 1.3944357634
-19.3659572601 49.0302162170 -3.7268340588 10.6720399857 0.0000000000 0.0000000000 0.1322753727 1.3939527273
-19.3841609955 49.0716018677 -3.7389974594 10.6758050919 0.0000000000 0.0000000000 0.1322385520 1.3933203220
-19.4023437500 49.1129035950 -3.7506401539 10.6791648865 0.0000000000 0.0000000000 0.1321423203 1.3925671577
-19.4205093384 49.1541290283 -3.7614560127 10.6817684174 0.0000000000 0.0000000000 0.1320134699 1.3918216228
-19.4386234283 49.1951675415 -3.7714154720 10.6836452484 0.0000000000 0.0000000000 0.1318897754 1.3912477493
-19.4566020966 49.2360191345 -3.7807688713 10.6852197647 0.0000000000 0.0000000000 0.1317691505 1.3908790350
-19.4745845795 49.2768325806 -3.7897722721 10.6867189407 0.0000000000 0.0000000000 0.1316608340 1.3906986713
-19.4925594330 49.3176231384 -3.7981829643 10.6884107590 0.0000000000 0.0000000000 0.1315537393 1.3906522989
-19.5105228424 49.3584060669 -3.8066360950 10.6904182434 0.0000000000 0.0000000000 0.1314162463 1.3905962706
-19.5284309387 49.3990783691 -3.8159344196 10.6932477951 0.0000000000 0.0000000000 0.1312211603 1.3905135393
-19.5462684631 49.4396591187 -3.8263647556 10.6966457367 0.0000000000 0.0000000000 0.1309972852 1.3904297352
-19.5640316010 49.4801177979 -3.8383102417 10.7000789642 0.0000000000 0.0000000000 0.1307838261 1.3903534412
-19.5816631317 49.5204277039 -3.8512203693 10.7037620544 0.0000000000 0.0000000000 0.1305962205 1.3903571367
-19.5992107391 49.5606689453 -3.8639659882 10.7077369690 0.0000000000 0.0000000000 0.1304187924 1.3904358149
-19.6167049408 49.6007995605 -3.8768343925 10.7122278214 0.0000000000 0.0000000000 0.1302436143 1.3904515505
-19.6342029572 49.6409263611 -3.8899166584 10.7168760300 0.0000000000 0.0000000000 0.1300748140 1.3903586864
-19.6516284943 49.6809082031 -3.9029762745 10.7217130661 0.0000000000 0.0000000000 0.1299033016 1.3900824785
-19.6690044403 49.7207450867 -3.9154255390 10.7263355255 0.0000000000 0.0000000000 0.1297461092 1.3896660805
-19.6862163544 49.7604522705 -3.9273176193 10.7306871414 0.0000000000 0.0000000000 0.1295985579 1.3891482353
-19.7033615112 49.7999916077 -3.9384467602 10.7348613739 0.0000000000 0.0000000000 0.1294437945 1.3887791634
-19.7205352783 49.8395538330 -3.9490160942 10.7388858795 0.0000000000 0.0000000000 0.1292756647 1.3885085583
-19.7377338409 49.8791351318 -3.9587237835 10.7427883148 0.0000000000 0.0000000000 0.1291067749 1.3882329464
-19.7547836304 49.9184646606 -3.9681503773 10.7469825745 0.0000000000 0.0000000000 0.1289418787 1.3879464865
-19.7717933655 49.9577178955 -3.9772133827 10.7512006760 0.0000000000 0.0000000000 0.1287853420 1.3875371218
-19.7886104584 49.9967079163 -3.9862270355 10.7551431656 0.0000000000 0.0000000000 0.1286321431 1.3870656490
-19.8054618835 50.0357208252 -3.9956948757 10.7590188980 0.0000000000 0.0000000000 0.1285031885 1.3865946531
-19.8223476410 50.0747222900 -4.0060477257 10.7628908157 0.0000000000 0.0000000000 0.1283960491 1.3862439394
-19.8392372131 50.1136779785 -4.0166411400 10.7666435242 0.0000000000 0.0000000000 0.1282914579 1.3859843016
-19.8561267853 50.1526145935 -4.0275511742 10.7702074051 0.0000000000 0.0000000000 0.1281775087 1.3857060671
-19.8729667664 50.1914672852 -4.0384278297 10.7733554840 0.0000000000 0.0000000000 0.1280516535 1.3853809834
-19.8897686005 50.2302742004 -4.0483894348 10.7757787704 0.0000000000 0.0000000000 0.1279125065 1.3850479126
-19.9063987732 50.2687759399 -4.0576057434 10.7775440216 0.0000000000 0.0000000000 0.1277625412 1.3847966194
-19.9229393005 50.3070907593 -4.0663037300 10.7788047791 0.0000000000 0.0000000000 0.1276009530 1.3845722675
-19.9394855499 50.3453979492 -4.0751528740 10.7798395157 0.0000000000 0.0000000000 0.1274136901 1.3843263388
-19.9559211731 50.3835182190 -4.0843472481 10.7811422348 0.0000000000 0.0000000000 0.1271957755 1.3839336634
-19.9723358154 50.4216728210 -4.0937967300 10.7828731537 0.0000000000 0.0000000000 0.1269730181 1.3834431171
-19.9887619019 50.4598731995 -4.1032166481 10.7850971222 0.0000000000 0.0000000000 0.1267722845 1.3829292059
-20.0051422119 50.4980468750 -4.1125631332 10.7875194550 0.0000000000 0.0000000000 0.1265888810 1.3824434280
-20.0214290619 50.5359878540 -4.1216306686 10.7902088165 0.0000000000 0.0000000000 0.1264369935 1.3820477724
-20.0376892090 50.5739288330 -4.1310424805 10.7930984497 0.0000000000 0.0000000000 0.1262915730 1.3817248344
-20.0539569855 50.6118774414 -4.1406455040 10.7958631516 0.0000000000 0.0000000000 0.1261562407 1.3814734221
-20.0701332092 50.6496276855 -4.1501865387 10.7983512878 0.0000000000 0.0000000000 0.1259894520 1.3814297915
-20.0862121582 50.6871337891 -4.1594104767 10.8003902435 0.0000000000 0.0000000000 0.1258168668 1.3815776110
-20.1022014618 50.7245445251 -4.1684989929 10.8018150330 0.0000000000 0.0000000000 0.1256428808 1.3818924427
-20.1180477142 50.7618331909 -4.1780285835 10.8029317856 0.0000000000 0.0000000000 0.1254876256 1.3822716475
-20.1338176727 50.7990455627 -4.1884312630 10.8038005829 0.0000000000 0.0000000000 0.1253453940 1.3824883699
-20.1495170593 50.8361892700 -4.1995711327 10.8046360016 0.0000000000 0.0000000000 0.1251999587 1.3824238777
-20.1651268005 50.8732185364 -4.2112550735 10.8056879044 0.0000000000 0.0000000000 0.1251057684 1.3821593523
-20.1806583405 50.9101219177 -4.2238278389 10.8077650070 0.0000000000 0.0000000000 0.1250861138 1.3818273544
-20.1961288452 50.9469070435 -4.2365875244 10.8110113144 0.0000000000 0.0000000000 0.1251201481 1.3813967705
-20.2115116119 50.9836196899 -4.2493448257 10.8151082993 0.0000000000 0.0000000000 0.1251679957 1.3809106350
-20.2268180847 51.0202713013 -4.2614355087 10.8195753098 0.0000000000 0.0000000000 0.1252407581 1.3802946806
-20.2420806885 51.0568351746 -4.2725386620 10.8242845535 0.0000000000 0.0000000000 0.1253390014 1.3795616627
-20.2572212219 51.0930557251 -4.2826209068 10.8289012909 0.0000000000 0.0000000000 0.1254315376 1.3786793947
-20.2723407745 51.1291847229 -4.2909288406 10.8328781128 0.0000000000 0.0000000000 0.1254847497 1.3776761293
-20.2874202728 51.1651802063 -4.2978796959 10.8360919952 0.0000000000 0.0000000000 0.1255115569 1.3766878843
-20.3024253845 51.2009963989 -4.3038225174 10.8388633728 0.0000000000 0.0000000000 0.1255066842 1.3758468628
-20.3174457550 51.2367782593 -4.3093934059 10.8412952423 0.0000000000 0.0000000000 0.1254940182 1.3751999140
-20.3324222565 51.2724266052 -4.3142714500 10.8435497284 0.0000000000 0.0000000000 0.1254610568 1.3746879101
