#         COST_U        COST_H      COST_D       COST_S       REGU_H       REGU_S          HPO           COSTGLEN 
158.0032043457 0.0000000000 0.0000000000 0.0000000000 31.0338535309 0.0000000000 74.0684509277
75.1340942383 0.0000000000 0.0000000000 0.0000000000 31.2394714355 0.0000000000 45.0010528564
27.4405593872 0.0000000000 0.0000000000 0.0000000000 32.4109764099 0.0000000000 22.4121837616
9.6218061447 0.0000000001 0.0000000000 0.0000000000 34.7594070435 0.0000000000 10.3979396820
6.7888593674 0.0000000001 0.0000000000 0.0000000000 39.7598762512 0.0000000000 7.0646948814
7.5599212646 0.0000000002 0.0000000000 0.0000000000 41.4557952881 0.0000000000 6.8458938599
6.8486890793 0.0000000003 0.0000000000 0.0000000000 42.0426940918 0.0000000000 6.3730726242
5.3279047012 0.0000000004 0.0000000000 0.0000000000 42.6858901978 0.0000000000 5.2667427063
3.7892279625 0.0000000005 0.0000000000 0.0000000000 43.1352005005 0.0000000000 3.7060956955
2.5928452015 0.0000000006 0.0000000000 0.0000000000 43.5157661438 0.0000000000 2.3711314201
1.7807478905 0.0000000007 0.0000000000 0.0000000000 43.1007080078 0.0000000000 1.4107971191
1.3272550106 0.0000000008 0.0000000000 0.0000000000 42.7001152039 0.0000000000 0.8167099953
1.0741840601 0.0000000010 0.0000000000 0.0000000000 42.6005897522 0.0000000000 0.5068120956
0.9123828411 0.0000000011 0.0000000000 0.0000000000 42.2082557678 0.0000000000 0.3236466646
0.7995920777 0.0000000013 0.0000000000 0.0000000000 41.6994934082 0.0000000000 0.1799147129
0.7183662653 0.0000000015 0.0000000000 0.0000000000 41.2730979919 0.0000000000 0.0505979061
0.6629384756 0.0000000017 0.0000000000 0.0000000000 41.1040687561 0.0000000000 -0.0589075089
0.6299544573 0.0000000019 0.0000000000 0.0000000000 41.0372848511 0.0000000000 -0.1418730617
0.6130141020 0.0000000021 0.0000000000 0.0000000000 40.9202995300 0.0000000000 -0.2039526701
0.6056916118 0.0000000023 0.0000000000 0.0000000000 40.8651008606 0.0000000000 -0.2523912787
0.6041611433 0.0000000026 0.0000000000 0.0000000000 40.8409500122 0.0000000000 -0.2917400002
0.6059306860 0.0000000028 0.0000000000 0.0000000000 40.7716865540 0.0000000000 -0.3230196238
0.6097247005 0.0000000031 0.0000000000 0.0000000000 40.6050758362 0.0000000000 -0.3460161090
0.6139144897 0.0000000034 0.0000000000 0.0000000000 40.4131507874 0.0000000000 -0.3628353477
0.6182089448 0.0000000037 0.0000000000 0.0000000000 40.2736473083 0.0000000000 -0.3745006919
0.6225543618 0.0000000040 0.0000000000 0.0000000000 40.1474037170 0.0000000000 -0.3829687238
0.6267681122 0.0000000044 0.0000000000 0.0000000000 40.0164985657 0.0000000000 -0.3899638653
0.6307201982 0.0000000047 0.0000000000 0.0000000000 39.9196624756 0.0000000000 -0.3961110711
0.6344562173 0.0000000051 0.0000000000 0.0000000000 39.8187332153 0.0000000000 -0.4017365873
0.6380235553 0.0000000055 0.0000000000 0.0000000000 39.6901626587 0.0000000000 -0.4068539739
0.6414454579 0.0000000059 0.0000000000 0.0000000000 39.5527114868 0.0000000000 -0.4115958810
0.6447458863 0.0000000063 0.0000000000 0.0000000000 39.4354515076 0.0000000000 -0.4160317183
0.6478710771 0.0000000067 0.0000000000 0.0000000000 39.3345184326 0.0000000000 -0.4203586578
0.6508500576 0.0000000072 0.0000000000 0.0000000000 39.2501907349 0.0000000000 -0.4245604873
0.6536971927 0.0000000077 0.0000000000 0.0000000000 39.1797790527 0.0000000000 -0.4287428856
0.6564244032 0.0000000082 0.0000000000 0.0000000000 39.1297340393 0.0000000000 -0.4329827726
0.6590502262 0.0000000087 0.0000000000 0.0000000000 39.0695228577 0.0000000000 -0.4373548329
0.6615892053 0.0000000092 0.0000000000 0.0000000000 39.0082740784 0.0000000000 -0.4419066608
0.6640583873 0.0000000097 0.0000000000 0.0000000000 38.9546928406 0.0000000000 -0.4466929436
0.6664639115 0.0000000103 0.0000000000 0.0000000000 38.9087104797 0.0000000000 -0.4517552257
0.6688221097 0.0000000109 0.0000000000 0.0000000000 38.8682708740 0.0000000000 -0.4571112990
0.6711511612 0.0000000115 0.0000000000 0.0000000000 38.8347511292 0.0000000000 -0.4627939463
0.6734617949 0.0000000121 0.0000000000 0.0000000000 38.8086395264 0.0000000000 -0.4687802196
0.6757597923 0.0000000128 0.0000000000 0.0000000000 38.7890930176 0.0000000000 -0.4750307202
0.6780504584 0.0000000134 0.0000000000 0.0000000000 38.7753067017 0.0000000000 -0.4815494418
0.6803423762 0.0000000141 0.0000000000 0.0000000000 38.7677803040 0.0000000000 -0.4882799387
0.6826386452 0.0000000148 0.0000000000 0.0000000000 38.7668113708 0.0000000000 -0.4952178001
0.6849458218 0.0000000155 0.0000000000 0.0000000000 38.7712593079 0.0000000000 -0.5023379922
0.6872730255 0.0000000162 0.0000000000 0.0000000000 38.7815513611 0.0000000000 -0.5096964836
0.6896296144 0.0000000170 0.0000000000 0.0000000000 38.7986564636 0.0000000000 -0.5173138976
0.6920284629 0.0000000178 0.0000000000 0.0000000000 38.8250732422 0.0000000000 -0.5252076983
0.6944920421 0.0000000186 0.0000000000 0.0000000000 38.8587951660 0.0000000000 -0.5333138108
0.6970577836 0.0000000194 0.0000000000 0.0000000000 38.8996849060 0.0000000000 -0.5415986180
0.6997531652 0.0000000202 0.0000000000 0.0000000000 38.9417304993 0.0000000000 -0.5499211550
0.7026154995 0.0000000211 0.0000000000 0.0000000000 38.9847297668 0.0000000000 -0.5581752062
0.7056560516 0.0000000220 0.0000000000 0.0000000000 39.0254402161 0.0000000000 -0.5663306117
0.7088634372 0.0000000229 0.0000000000 0.0000000000 39.0658798218 0.0000000000 -0.5744013786
0.7122210264 0.0000000238 0.0000000000 0.0000000000 39.1073532104 0.0000000000 -0.5824052691
0.7157092094 0.0000000248 0.0000000000 0.0000000000 39.1487121582 0.0000000000 -0.5904445648
0.7193458080 0.0000000257 0.0000000000 0.0000000000 39.1900520325 0.0000000000 -0.5984215736
0.7231696248 0.0000000267 0.0000000000 0.0000000000 39.2292137146 0.0000000000 -0.6063712835
0.7272007465 0.0000000278 0.0000000000 0.0000000000 39.2668342590 0.0000000000 -0.6142631769
0.7314396501 0.0000000288 0.0000000000 0.0000000000 39.3035583496 0.0000000000 -0.6220341921
0.7358540893 0.0000000299 0.0000000000 0.0000000000 39.3377265930 0.0000000000 -0.6297159195
0.7404306531 0.0000000310 0.0000000000 0.0000000000 39.3706512451 0.0000000000 -0.6373684406
0.7451183200 0.0000000321 0.0000000000 0.0000000000 39.3997077942 0.0000000000 -0.6450187564
0.7498770952 0.0000000332 0.0000000000 0.0000000000 39.4241752625 0.0000000000 -0.6527171135
0.7546732426 0.0000000344 0.0000000000 0.0000000000 39.4422645569 0.0000000000 -0.6605383754
0.7594847679 0.0000000355 0.0000000000 0.0000000000 39.4536895752 0.0000000000 -0.6684614420
0.7642780542 0.0000000367 0.0000000000 0.0000000000 39.4578475952 0.0000000000 -0.6765053272
0.7690145373 0.0000000380 0.0000000000 0.0000000000 39.4551849365 0.0000000000 -0.6846801043
0.7736611962 0.0000000392 0.0000000000 0.0000000000 39.4474334717 0.0000000000 -0.6929992437
0.7781887054 0.0000000405 0.0000000000 0.0000000000 39.4351501465 0.0000000000 -0.7014708519
0.7825904489 0.0000000418 0.0000000000 0.0000000000 39.4185371399 0.0000000000 -0.7101006508
0.7868545055 0.0000000431 0.0000000000 0.0000000000 39.3973846436 0.0000000000 -0.7188879251
0.7909741402 0.0000000445 0.0000000000 0.0000000000 39.3717880249 0.0000000000 -0.7278301716
0.7949411869 0.0000000458 0.0000000000 0.0000000000 39.3411445618 0.0000000000 -0.7369217873
0.7987728119 0.0000000472 0.0000000000 0.0000000000 39.3064689636 0.0000000000 -0.7461801767
0.8024659157 0.0000000486 0.0000000000 0.0000000000 39.2679290771 0.0000000000 -0.7556301355
0.8060363531 0.0000000501 0.0000000000 0.0000000000 39.2261505127 0.0000000000 -0.7652434111
0.8094851971 0.0000000515 0.0000000000 0.0000000000 39.1824798584 0.0000000000 -0.7750256062
0.8128365874 0.0000000530 0.0000000000 0.0000000000 39.1370735168 0.0000000000 -0.7849955559
0.8161070347 0.0000000545 0.0000000000 0.0000000000 39.0910110474 0.0000000000 -0.7951622009
0.8193141818 0.0000000561 0.0000000000 0.0000000000 39.0454864502 0.0000000000 -0.8054862022
0.8224682808 0.0000000576 0.0000000000 0.0000000000 39.0008239746 0.0000000000 -0.8159744740
0.8255954385 0.0000000592 0.0000000000 0.0000000000 38.9569015503 0.0000000000 -0.8266737461
0.8287276030 0.0000000608 0.0000000000 0.0000000000 38.9126663208 0.0000000000 -0.8375649452
0.8319087029 0.0000000624 0.0000000000 0.0000000000 38.8684654236 0.0000000000 -0.8486366272
0.8351764083 0.0000000640 0.0000000000 0.0000000000 38.8251152039 0.0000000000 -0.8598828316
0.8385569453 0.0000000657 0.0000000000 0.0000000000 38.7826156616 0.0000000000 -0.8712760210
0.8420798182 0.0000000674 0.0000000000 0.0000000000 38.7421531677 0.0000000000 -0.8828530312
0.8457942009 0.0000000691 0.0000000000 0.0000000000 38.7033462524 0.0000000000 -0.8946615458
0.8497320414 0.0000000708 0.0000000000 0.0000000000 38.6665840149 0.0000000000 -0.9067375660
0.8539445996 0.0000000726 0.0000000000 0.0000000000 38.6322517395 0.0000000000 -0.9190301895
0.8585158587 0.0000000743 0.0000000000 0.0000000000 38.6007575989 0.0000000000 -0.9316127300
0.8634852767 0.0000000761 0.0000000000 0.0000000000 38.5715789795 0.0000000000 -0.9444823265
0.8688395619 0.0000000780 0.0000000000 0.0000000000 38.5424766541 0.0000000000 -0.9576897621
0.8746357560 0.0000000798 0.0000000000 0.0000000000 38.5152854919 0.0000000000 -0.9712604284
0.8808869123 0.0000000817 0.0000000000 0.0000000000 38.4896545410 0.0000000000 -0.9851917028
0.8876128793 0.0000000836 0.0000000000 0.0000000000 38.4648513794 0.0000000000 -0.9995551109
0.8948674202 0.0000000855 0.0000000000 0.0000000000 38.4391746521 0.0000000000 -1.0144011974
0.9027040005 0.0000000874 0.0000000000 0.0000000000 38.4139785767 0.0000000000 -1.0297142267
0.9111457467 0.0000000894 0.0000000000 0.0000000000 38.3866386414 0.0000000000 -1.0454840660
0.9202324152 0.0000000913 0.0000000000 0.0000000000 38.3584442139 0.0000000000 -1.0616486073
0.9299548864 0.0000000933 0.0000000000 0.0000000000 38.3304672241 0.0000000000 -1.0781867504
0.9401572347 0.0000000953 0.0000000000 0.0000000000 38.3041076660 0.0000000000 -1.0949856043
0.9507250786 0.0000000974 0.0000000000 0.0000000000 38.2789192200 0.0000000000 -1.1119744778
0.9615486264 0.0000000995 0.0000000000 0.0000000000 38.2559852600 0.0000000000 -1.1291537285
0.9725438356 0.0000001015 0.0000000000 0.0000000000 38.2348556519 0.0000000000 -1.1464903355
0.9836788774 0.0000001037 0.0000000000 0.0000000000 38.2152976990 0.0000000000 -1.1640253067
0.9950089455 0.0000001058 0.0000000000 0.0000000000 38.1990623474 0.0000000000 -1.1818060875
1.0065590143 0.0000001079 0.0000000000 0.0000000000 38.1848640442 0.0000000000 -1.1998289824
1.0184913874 0.0000001101 0.0000000000 0.0000000000 38.1692199707 0.0000000000 -1.2181608677
1.0310311317 0.0000001123 0.0000000000 0.0000000000 38.1554107666 0.0000000000 -1.2367994785
1.0443801880 0.0000001146 0.0000000000 0.0000000000 38.1471252441 0.0000000000 -1.2557728291
1.0588124990 0.0000001168 0.0000000000 0.0000000000 38.1429405212 0.0000000000 -1.2751431465
1.0746324062 0.0000001191 0.0000000000 0.0000000000 38.1396827698 0.0000000000 -1.2949380875
1.0920531750 0.0000001214 0.0000000000 0.0000000000 38.1434249878 0.0000000000 -1.3150293827
1.1109229326 0.0000001237 0.0000000000 0.0000000000 38.1471405029 0.0000000000 -1.3351070881
1.1309554577 0.0000001261 0.0000000000 0.0000000000 38.1579780579 0.0000000000 -1.3551553488
1.1519143581 0.0000001284 0.0000000000 0.0000000000 38.1725273132 0.0000000000 -1.3751461506
1.1735095978 0.0000001308 0.0000000000 0.0000000000 38.1860160828 0.0000000000 -1.3950748444
1.1954500675 0.0000001333 0.0000000000 0.0000000000 38.1986198425 0.0000000000 -1.4148757458
1.2173306942 0.0000001357 0.0000000000 0.0000000000 38.2047500610 0.0000000000 -1.4345989227
1.2389262915 0.0000001382 0.0000000000 0.0000000000 38.2088165283 0.0000000000 -1.4542361498
1.2600518465 0.0000001407 0.0000000000 0.0000000000 38.2074508667 0.0000000000 -1.4738328457
1.2805134058 0.0000001432 0.0000000000 0.0000000000 38.2009811401 0.0000000000 -1.4934020042
1.3001937866 0.0000001457 0.0000000000 0.0000000000 38.1922836304 0.0000000000 -1.5130262375
1.3188860416 0.0000001483 0.0000000000 0.0000000000 38.1844215393 0.0000000000 -1.5327956676
1.3366295099 0.0000001509 0.0000000000 0.0000000000 38.1759185791 0.0000000000 -1.5526659489
1.3536669016 0.0000001536 0.0000000000 0.0000000000 38.1686668396 0.0000000000 -1.5726675987
1.3702286482 0.0000001562 0.0000000000 0.0000000000 38.1589546204 0.0000000000 -1.5927805901
1.3864765167 0.0000001589 0.0000000000 0.0000000000 38.1529006958 0.0000000000 -1.6129057407
1.4028652906 0.0000001616 0.0000000000 0.0000000000 38.1533470154 0.0000000000 -1.6331541538
1.4201763868 0.0000001643 0.0000000000 0.0000000000 38.1601867676 0.0000000000 -1.6535556316
1.4390377998 0.0000001671 0.0000000000 0.0000000000 38.1765975952 0.0000000000 -1.6740746498
1.4601838589 0.0000001698 0.0000000000 0.0000000000 38.2018127441 0.0000000000 -1.6950135231
1.4844031334 0.0000001726 0.0000000000 0.0000000000 38.2330131531 0.0000000000 -1.7164154053
1.5123009682 0.0000001755 0.0000000000 0.0000000000 38.2676124573 0.0000000000 -1.7380568981
1.5438113213 0.0000001783 0.0000000000 0.0000000000 38.3045425415 0.0000000000 -1.7595195770
1.5783190727 0.0000001812 0.0000000000 0.0000000000 38.3453712463 0.0000000000 -1.7806999683
1.6145740747 0.0000001841 0.0000000000 0.0000000000 38.3858566284 0.0000000000 -1.8013823032
1.6501599550 0.0000001870 0.0000000000 0.0000000000 38.4238929749 0.0000000000 -1.8213698864
1.6829338074 0.0000001900 0.0000000000 0.0000000000 38.4608078003 0.0000000000 -1.8409130573
1.7112747431 0.0000001930 0.0000000000 0.0000000000 38.4869041443 0.0000000000 -1.8600847721
1.7334576845 0.0000001960 0.0000000000 0.0000000000 38.5018272400 0.0000000000 -1.8787245750
1.7485295534 0.0000001990 0.0000000000 0.0000000000 38.5087852478 0.0000000000 -1.8968546391
1.7566031218 0.0000002021 0.0000000000 0.0000000000 38.5047035217 0.0000000000 -1.9145164490
1.7592400312 0.0000002052 0.0000000000 0.0000000000 38.4900970459 0.0000000000 -1.9319500923
1.7588977814 0.0000002083 0.0000000000 0.0000000000 38.4671783447 0.0000000000 -1.9490082264
1.7576786280 0.0000002114 0.0000000000 0.0000000000 38.4305038452 0.0000000000 -1.9657282829
1.7577934265 0.0000002146 0.0000000000 0.0000000000 38.3871192932 0.0000000000 -1.9821662903
1.7609699965 0.0000002178 0.0000000000 0.0000000000 38.3525276184 0.0000000000 -1.9984724522
1.7683160305 0.0000002210 0.0000000000 0.0000000000 38.3381652832 0.0000000000 -2.0147948265
1.7804129124 0.0000002242 0.0000000000 0.0000000000 38.3431282043 0.0000000000 -2.0311791897
1.7973555326 0.0000002275 0.0000000000 0.0000000000 38.3625946045 0.0000000000 -2.0475788116
1.8182011843 0.0000002307 0.0000000000 0.0000000000 38.4090576172 0.0000000000 -2.0638613701
1.8411529064 0.0000002340 0.0000000000 0.0000000000 38.4740447998 0.0000000000 -2.0799536705
1.8641231060 0.0000002373 0.0000000000 0.0000000000 38.5563964844 0.0000000000 -2.0958251953
1.8853932619 0.0000002407 0.0000000000 0.0000000000 38.6132125854 0.0000000000 -2.1114153862
1.9030822515 0.0000002440 0.0000000000 0.0000000000 38.6514968872 0.0000000000 -2.1268601418
1.9164764881 0.0000002474 0.0000000000 0.0000000000 38.6795616150 0.0000000000 -2.1422173977
1.9257739782 0.0000002508 0.0000000000 0.0000000000 38.6859359741 0.0000000000 -2.1574606895
1.9319803715 0.0000002543 0.0000000000 0.0000000000 38.6711730957 0.0000000000 -2.1726400852
1.9366568327 0.0000002577 0.0000000000 0.0000000000 38.6381950378 0.0000000000 -2.1877689362
1.9416042566 0.0000002612 0.0000000000 0.0000000000 38.5892753601 0.0000000000 -2.2029209137
1.9480158091 0.0000002647 0.0000000000 0.0000000000 38.5409927368 0.0000000000 -2.2181572914
1.9572246075 0.0000002682 0.0000000000 0.0000000000 38.4901695251 0.0000000000 -2.2333309650
1.9706918001 0.0000002718 0.0000000000 0.0000000000 38.4389305115 0.0000000000 -2.2485291958
1.9896874428 0.0000002753 0.0000000000 0.0000000000 38.3897285461 0.0000000000 -2.2638309002
2.0141928196 0.0000002789 0.0000000000 0.0000000000 38.3401832581 0.0000000000 -2.2792327404
2.0435392857 0.0000002825 0.0000000000 0.0000000000 38.2878074646 0.0000000000 -2.2946784496
2.0763673782 0.0000002862 0.0000000000 0.0000000000 38.2313766479 0.0000000000 -2.3102371693
2.1109991074 0.0000002898 0.0000000000 0.0000000000 38.1710968018 0.0000000000 -2.3258161545
2.1453163624 0.0000002935 0.0000000000 0.0000000000 38.1026878357 0.0000000000 -2.3412597179
2.1770837307 0.0000002972 0.0000000000 0.0000000000 38.0268096924 0.0000000000 -2.3563821316
2.2058348656 0.0000003010 0.0000000000 0.0000000000 37.9489593506 0.0000000000 -2.3712062836
2.2321293354 0.0000003047 0.0000000000 0.0000000000 37.8695564270 0.0000000000 -2.3858146667
2.2570669651 0.0000003085 0.0000000000 0.0000000000 37.7909851074 0.0000000000 -2.4001901150
2.2831840515 0.0000003123 0.0000000000 0.0000000000 37.7173767090 0.0000000000 -2.4143548012
2.3123455048 0.0000003162 0.0000000000 0.0000000000 37.6496505737 0.0000000000 -2.4284329414
2.3464500904 0.0000003200 0.0000000000 0.0000000000 37.5891456604 0.0000000000 -2.4425382614
2.3859665394 0.0000003239 0.0000000000 0.0000000000 37.5401420593 0.0000000000 -2.4567632675
2.4300568104 0.0000003278 0.0000000000 0.0000000000 37.4964370728 0.0000000000 -2.4710264206
2.4766628742 0.0000003317 0.0000000000 0.0000000000 37.4548225403 0.0000000000 -2.4852869511
2.5224165916 0.0000003357 0.0000000000 0.0000000000 37.4131278992 0.0000000000 -2.4994020462
2.5648169518 0.0000003397 0.0000000000 0.0000000000 37.3684844971 0.0000000000 -2.5134317875
2.6031031609 0.0000003437 0.0000000000 0.0000000000 37.3192672729 0.0000000000 -2.5274057388
2.6372315884 0.0000003478 0.0000000000 0.0000000000 37.2682113647 0.0000000000 -2.5413067341
2.6682608128 0.0000003518 0.0000000000 0.0000000000 37.2110786438 0.0000000000 -2.5551416874
2.6985783577 0.0000003559 0.0000000000 0.0000000000 37.1497688293 0.0000000000 -2.5688869953
2.7303535938 0.0000003600 0.0000000000 0.0000000000 37.0863304138 0.0000000000 -2.5825619698
2.7654798031 0.0000003642 0.0000000000 0.0000000000 37.0270042419 0.0000000000 -2.5961966515
2.8048632145 0.0000003683 0.0000000000 0.0000000000 36.9730300903 0.0000000000 -2.6097831726
2.8481729031 0.0000003725 0.0000000000 0.0000000000 36.9227714539 0.0000000000 -2.6233839989
2.8940942287 0.0000003767 0.0000000000 0.0000000000 36.8734664917 0.0000000000 -2.6369147301
2.9412145615 0.0000003809 0.0000000000 0.0000000000 36.8245506287 0.0000000000 -2.6504318714
2.9874029160 0.0000003852 0.0000000000 0.0000000000 36.7761306763 0.0000000000 -2.6639590263
3.0314784050 0.0000003895 0.0000000000 0.0000000000 36.7278022766 0.0000000000 -2.6775116920
3.0724997520 0.0000003938 0.0000000000 0.0000000000 36.6800994873 0.0000000000 -2.6910305023
3.1109130383 0.0000003981 0.0000000000 0.0000000000 36.6339530945 0.0000000000 -2.7045426369
3.1471989155 0.0000004025 0.0000000000 0.0000000000 36.5899620056 0.0000000000 -2.7180647850
3.1827669144 0.0000004069 0.0000000000 0.0000000000 36.5492668152 0.0000000000 -2.7316455841
3.2184672356 0.0000004113 0.0000000000 0.0000000000 36.5111198425 0.0000000000 -2.7453117371
3.2544875145 0.0000004158 0.0000000000 0.0000000000 36.4761924744 0.0000000000 -2.7591245174
3.2910556793 0.0000004202 0.0000000000 0.0000000000 36.4460754395 0.0000000000 -2.7730674744
3.3269581795 0.0000004247 0.0000000000 0.0000000000 36.4222373962 0.0000000000 -2.7871427536
3.3614516258 0.0000004293 0.0000000000 0.0000000000 36.4038505554 0.0000000000 -2.8013226986
3.3941738605 0.0000004338 0.0000000000 0.0000000000 36.3855705261 0.0000000000 -2.8155932426
3.4249494076 0.0000004384 0.0000000000 0.0000000000 36.3697471619 0.0000000000 -2.8300819397
3.4563734531 0.0000004430 0.0000000000 0.0000000000 36.3560295105 0.0000000000 -2.8448920250
3.4917147160 0.0000004476 0.0000000000 0.0000000000 36.3423805237 0.0000000000 -2.8601233959
3.5338571072 0.0000004523 0.0000000000 0.0000000000 36.3296356201 0.0000000000 -2.8759191036
3.5829255581 0.0000004570 0.0000000000 0.0000000000 36.3163146973 0.0000000000 -2.8923101425
3.6397047043 0.0000004617 0.0000000000 0.0000000000 36.3025588989 0.0000000000 -2.9091763496
3.7024056911 0.0000004664 0.0000000000 0.0000000000 36.2878532410 0.0000000000 -2.9264142513
3.7676367760 0.0000004712 0.0000000000 0.0000000000 36.2693252563 0.0000000000 -2.9440650940
3.8345129490 0.0000004760 0.0000000000 0.0000000000 36.2487030029 0.0000000000 -2.9623448849
3.9034605026 0.0000004808 0.0000000000 0.0000000000 36.2239875793 0.0000000000 -2.9815559387
3.9789526463 0.0000004856 0.0000000000 0.0000000000 36.1989288330 0.0000000000 -3.0021350384
4.0651459694 0.0000004905 0.0000000000 0.0000000000 36.1727409363 0.0000000000 -3.0235390663
4.1614565849 0.0000004954 0.0000000000 0.0000000000 36.1456146240 0.0000000000 -3.0455956459
4.2690777779 0.0000005003 0.0000000000 0.0000000000 36.1189880371 0.0000000000 -3.0681672096
4.3914108276 0.0000005053 0.0000000000 0.0000000000 36.0945930481 0.0000000000 -3.0905141830
4.5262780190 0.0000005103 0.0000000000 0.0000000000 36.0718879700 0.0000000000 -3.1118111610
4.6651506424 0.0000005153 0.0000000000 0.0000000000 36.0491790771 0.0000000000 -3.1319184303
4.8004612923 0.0000005204 0.0000000000 0.0000000000 36.0257644653 0.0000000000 -3.1507740021
4.9232983589 0.0000005255 0.0000000000 0.0000000000 35.9980392456 0.0000000000 -3.1685266495
5.0321297646 0.0000005306 0.0000000000 0.0000000000 35.9656257629 0.0000000000 -3.1852178574
5.1256785393 0.0000005357 0.0000000000 0.0000000000 35.9324722290 0.0000000000 -3.2006936073
5.2038564682 0.0000005409 0.0000000000 0.0000000000 35.9004592896 0.0000000000 -3.2153215408
5.2706613541 0.0000005461 0.0000000000 0.0000000000 35.8718452454 0.0000000000 -3.2294359207
5.3329935074 0.0000005514 0.0000000000 0.0000000000 35.8578529358 0.0000000000 -3.2432594299
5.3964214325 0.0000005567 0.0000000000 0.0000000000 35.8557319641 0.0000000000 -3.2568545341
5.4626092911 0.0000005620 0.0000000000 0.0000000000 35.8557357788 0.0000000000 -3.2702198029
5.5297985077 0.0000005673 0.0000000000 0.0000000000 35.8626861572 0.0000000000 -3.2833070755
5.5893001556 0.0000005727 0.0000000000 0.0000000000 35.8709106445 0.0000000000 -3.2960200310
5.6358027458 0.0000005781 0.0000000000 0.0000000000 35.8817596436 0.0000000000 -3.3084201813
5.6642494202 0.0000005836 0.0000000000 0.0000000000 35.8918457031 0.0000000000 -3.3204936981
5.6750674248 0.0000005890 0.0000000000 0.0000000000 35.8963356018 0.0000000000 -3.3322420120
5.6730160713 0.0000005946 0.0000000000 0.0000000000 35.8949928284 0.0000000000 -3.3436408043
5.6675624847 0.0000006001 0.0000000000 0.0000000000 35.9118690491 0.0000000000 -3.3546266556
5.6696071625 0.0000006057 0.0000000000 0.0000000000 35.9784469604 0.0000000000 -3.3651680946
5.6843519211 0.0000006113 0.0000000000 0.0000000000 36.0562095642 0.0000000000 -3.3753786087
5.7115955353 0.0000006169 0.0000000000 0.0000000000 36.1142311096 0.0000000000 -3.3853006363
5.7460498810 0.0000006226 0.0000000000 0.0000000000 36.1533203125 0.0000000000 -3.3949580193
5.7816023827 0.0000006282 0.0000000000 0.0000000000 36.1798248291 0.0000000000 -3.4043812752
5.8127079010 0.0000006340 0.0000000000 0.0000000000 36.2026443481 0.0000000000 -3.4136209488
5.8370847702 0.0000006397 0.0000000000 0.0000000000 36.2297058105 0.0000000000 -3.4227390289
5.8579564095 0.0000006455 0.0000000000 0.0000000000 36.2652091980 0.0000000000 -3.4317712784
5.8802256584 0.0000006514 0.0000000000 0.0000000000 36.3024482727 0.0000000000 -3.4406962395
5.9082231522 0.0000006572 0.0000000000 0.0000000000 36.3366432190 0.0000000000 -3.4495124817
5.9444446564 0.0000006631 0.0000000000 0.0000000000 36.3669013977 0.0000000000 -3.4582362175
5.9885478020 0.0000006691 0.0000000000 0.0000000000 36.3941307068 0.0000000000 -3.4668068886
6.0375652313 0.0000006751 0.0000000000 0.0000000000 36.4184494019 0.0000000000 -3.4752397537
6.0874533653 0.0000006811 0.0000000000 0.0000000000 36.4396820068 0.0000000000 -3.4835042953
6.1328334808 0.0000006871 0.0000000000 0.0000000000 36.4573707581 0.0000000000 -3.4915609360
6.1709403992 0.0000006932 0.0000000000 0.0000000000 36.4710731506 0.0000000000 -3.4994153976
6.2028174400 0.0000006993 0.0000000000 0.0000000000 36.4812164307 0.0000000000 -3.5071105957
6.2301831245 0.0000007055 0.0000000000 0.0000000000 36.4880027771 0.0000000000 -3.5146737099
6.2552366257 0.0000007117 0.0000000000 0.0000000000 36.4961662292 0.0000000000 -3.5221252441
6.2796673775 0.0000007179 0.0000000000 0.0000000000 36.5073547363 0.0000000000 -3.5294675827
6.3047189713 0.0000007242 0.0000000000 0.0000000000 36.5179023743 0.0000000000 -3.5367541313
6.3303418159 0.0000007305 0.0000000000 0.0000000000 36.5279846191 0.0000000000 -3.5439882278
6.3540382385 0.0000007368 0.0000000000 0.0000000000 36.5368385315 0.0000000000 -3.5511546135
6.3745160103 0.0000007432 0.0000000000 0.0000000000 36.5426597595 0.0000000000 -3.5582866669
6.3938002586 0.0000007496 0.0000000000 0.0000000000 36.5453033447 0.0000000000 -3.5653409958
6.4131336212 0.0000007561 0.0000000000 0.0000000000 36.5449829102 0.0000000000 -3.5723452568
6.4345922470 0.0000007625 0.0000000000 0.0000000000 36.5426292419 0.0000000000 -3.5793499947
6.4590611458 0.0000007690 0.0000000000 0.0000000000 36.5383186340 0.0000000000 -3.5863437653
6.4856610298 0.0000007756 0.0000000000 0.0000000000 36.5321464539 0.0000000000 -3.5933361053
6.5127124786 0.0000007821 0.0000000000 0.0000000000 36.5241775513 0.0000000000 -3.6003417969
6.5420293808 0.0000007887 0.0000000000 0.0000000000 36.5164985657 0.0000000000 -3.6073732376
6.5747375488 0.0000007953 0.0000000000 0.0000000000 36.5091209412 0.0000000000 -3.6144390106
6.6106796265 0.0000008020 0.0000000000 0.0000000000 36.4999656677 0.0000000000 -3.6215729713
6.6491994858 0.0000008087 0.0000000000 0.0000000000 36.4883232117 0.0000000000 -3.6288313866
6.6898665428 0.0000008154 0.0000000000 0.0000000000 36.4716758728 0.0000000000 -3.6362504959
6.7340660095 0.0000008222 0.0000000000 0.0000000000 36.4492683411 0.0000000000 -3.6438226700
6.7839984894 0.0000008289 0.0000000000 0.0000000000 36.4247360229 0.0000000000 -3.6514921188
6.8399906158 0.0000008357 0.0000000000 0.0000000000 36.4027404785 0.0000000000 -3.6591682434
6.8981146812 0.0000008426 0.0000000000 0.0000000000 36.3845481873 0.0000000000 -3.6668291092
6.9545111656 0.0000008494 0.0000000000 0.0000000000 36.3682861328 0.0000000000 -3.6744146347
7.0082445145 0.0000008563 0.0000000000 0.0000000000 36.3520278931 0.0000000000 -3.6819920540
7.0542054176 0.0000008632 0.0000000000 0.0000000000 36.3355102539 0.0000000000 -3.6897010803
7.0932230949 0.0000008701 0.0000000000 0.0000000000 36.3161773682 0.0000000000 -3.6976718903
7.1284646988 0.0000008770 0.0000000000 0.0000000000 36.2969398499 0.0000000000 -3.7060284615
7.1649985313 0.0000008840 0.0000000000 0.0000000000 36.2804222107 0.0000000000 -3.7149038315
7.2041778564 0.0000008910 0.0000000000 0.0000000000 36.2680740356 0.0000000000 -3.7243146896
7.2415370941 0.0000008980 0.0000000000 0.0000000000 36.2592353821 0.0000000000 -3.7338552475
7.2706737518 0.0000009050 0.0000000000 0.0000000000 36.2518692017 0.0000000000 -3.7429656982
7.2853822708 0.0000009121 0.0000000000 0.0000000000 36.2441902161 0.0000000000 -3.7516164780
7.2848229408 0.0000009192 0.0000000000 0.0000000000 36.2392501831 0.0000000000 -3.7599163055
7.2741036415 0.0000009263 0.0000000000 0.0000000000 36.2376556396 0.0000000000 -3.7678365707
7.2577180862 0.0000009334 0.0000000000 0.0000000000 36.2425422668 0.0000000000 -3.7753677368
7.2426605225 0.0000009405 0.0000000000 0.0000000000 36.2512702942 0.0000000000 -3.7824125290
7.2288680077 0.0000009477 0.0000000000 0.0000000000 36.2622833252 0.0000000000 -3.7890481949
7.2135343552 0.0000009549 0.0000000000 0.0000000000 36.2725296021 0.0000000000 -3.7954592705
7.1907010078 0.0000009621 0.0000000000 0.0000000000 36.2811012268 0.0000000000 -3.8018050194
7.1592612267 0.0000009694 0.0000000000 0.0000000000 36.2871742249 0.0000000000 -3.8080835342
7.1229023933 0.0000009766 0.0000000000 0.0000000000 36.2885398865 0.0000000000 -3.8142285347
7.0899987221 0.0000009839 0.0000000000 0.0000000000 36.2884635925 0.0000000000 -3.8201889992
7.0701622963 0.0000009912 0.0000000000 0.0000000000 36.2875289917 0.0000000000 -3.8259816170
7.0655236244 0.0000009986 0.0000000000 0.0000000000 36.2840690613 0.0000000000 -3.8317003250
7.0739345551 0.0000010059 0.0000000000 0.0000000000 36.2765808105 0.0000000000 -3.8374199867
7.0930233002 0.0000010133 0.0000000000 0.0000000000 36.2653732300 0.0000000000 -3.8431806564
7.1206521988 0.0000010207 0.0000000000 0.0000000000 36.2498626709 0.0000000000 -3.8489942551
7.1531434059 0.0000010282 0.0000000000 0.0000000000 36.2296333313 0.0000000000 -3.8548359871
7.1889619827 0.0000010357 0.0000000000 0.0000000000 36.2056388855 0.0000000000 -3.8606595993
7.2284197807 0.0000010431 0.0000000000 0.0000000000 36.1809883118 0.0000000000 -3.8663787842
7.2708559036 0.0000010507 0.0000000000 0.0000000000 36.1582489014 0.0000000000 -3.8719911575
7.3159632683 0.0000010582 0.0000000000 0.0000000000 36.1388702393 0.0000000000 -3.8774962425
7.3608508110 0.0000010658 0.0000000000 0.0000000000 36.1276130676 0.0000000000 -3.8829326630
7.4026517868 0.0000010734 0.0000000000 0.0000000000 36.1235351562 0.0000000000 -3.8883242607
7.4361033440 0.0000010810 0.0000000000 0.0000000000 36.1242828369 0.0000000000 -3.8937182426
7.4583754539 0.0000010887 0.0000000000 0.0000000000 36.1273918152 0.0000000000 -3.8991651535
7.4697470665 0.0000010964 0.0000000000 0.0000000000 36.1307029724 0.0000000000 -3.9045920372
7.4753503799 0.0000011041 0.0000000000 0.0000000000 36.1338195801 0.0000000000 -3.9099473953
7.4775648117 0.0000011118 0.0000000000 0.0000000000 36.1358413696 0.0000000000 -3.9152121544
7.4813632965 0.0000011196 0.0000000000 0.0000000000 36.1365509033 0.0000000000 -3.9203796387
7.4868040085 0.0000011274 0.0000000000 0.0000000000 36.1353988647 0.0000000000 -3.9254202843
7.4954910278 0.0000011352 0.0000000000 0.0000000000 36.1334571838 0.0000000000 -3.9303503036
7.5090761185 0.0000011431 0.0000000000 0.0000000000 36.1311988831 0.0000000000 -3.9351706505
7.5248651505 0.0000011510 0.0000000000 0.0000000000 36.1287269592 0.0000000000 -3.9398984909
7.5403776169 0.0000011589 0.0000000000 0.0000000000 36.1250076294 0.0000000000 -3.9445371628
7.5547804832 0.0000011669 0.0000000000 0.0000000000 36.1196594238 0.0000000000 -3.9491128922
7.5709218979 0.0000011748 0.0000000000 0.0000000000 36.1142311096 0.0000000000 -3.9536161423
7.5907735825 0.0000011829 0.0000000000 0.0000000000 36.1090965271 0.0000000000 -3.9580526352
7.6152195930 0.0000011909 0.0000000000 0.0000000000 36.1049652100 0.0000000000 -3.9623985291
7.6433162689 0.0000011990 0.0000000000 0.0000000000 36.1020240784 0.0000000000 -3.9666781425
7.6722526550 0.0000012072 0.0000000000 0.0000000000 36.0989074707 0.0000000000 -3.9709162712
7.6960849762 0.0000012153 0.0000000000 0.0000000000 36.0949668884 0.0000000000 -3.9751014709
7.7135696411 0.0000012236 0.0000000000 0.0000000000 36.0897636414 0.0000000000 -3.9792480469
7.7266340256 0.0000012318 0.0000000000 0.0000000000 36.0843696594 0.0000000000 -3.9833683968
7.7385144234 0.0000012401 0.0000000000 0.0000000000 36.0797348022 0.0000000000 -3.9874539375
7.7535576820 0.0000012484 0.0000000000 0.0000000000 36.0777626038 0.0000000000 -3.9915099144
7.7719702721 0.0000012568 0.0000000000 0.0000000000 36.0782432556 0.0000000000 -3.9955368042
7.7900395393 0.0000012652 0.0000000000 0.0000000000 36.0798912048 0.0000000000 -3.9995207787
7.8048558235 0.0000012736 0.0000000000 0.0000000000 36.0807380676 0.0000000000 -4.0034632683
7.8145360947 0.0000012821 0.0000000000 0.0000000000 36.0801467896 0.0000000000 -4.0073595047
7.8223781586 0.0000012906 0.0000000000 0.0000000000 36.0779609680 0.0000000000 -4.0112075806
7.8324160576 0.0000012991 0.0000000000 0.0000000000 36.0761184692 0.0000000000 -4.0150218010
7.8457641602 0.0000013077 0.0000000000 0.0000000000 36.0738945007 0.0000000000 -4.0188140869
7.8621902466 0.0000013163 0.0000000000 0.0000000000 36.0702133179 0.0000000000 -4.0225863457
7.8802609444 0.0000013250 0.0000000000 0.0000000000 36.0661087036 0.0000000000 -4.0263185501
7.8969841003 0.0000013336 0.0000000000 0.0000000000 36.0608406067 0.0000000000 -4.0300269127
7.9122877121 0.0000013424 0.0000000000 0.0000000000 36.0548553467 0.0000000000 -4.0336928368
7.9264287949 0.0000013511 0.0000000000 0.0000000000 36.0491294861 0.0000000000 -4.0373258591
7.9406900406 0.0000013599 0.0000000000 0.0000000000 36.0451812744 0.0000000000 -4.0409317017
7.9558978081 0.0000013687 0.0000000000 0.0000000000 36.0433082581 0.0000000000 -4.0445013046
7.9720406532 0.0000013776 0.0000000000 0.0000000000 36.0431137085 0.0000000000 -4.0480308533
7.9859271049 0.0000013865 0.0000000000 0.0000000000 36.0425758362 0.0000000000 -4.0515193939
7.9965553284 0.0000013954 0.0000000000 0.0000000000 36.0412673950 0.0000000000 -4.0549716949
8.0043659210 0.0000014044 0.0000000000 0.0000000000 36.0389823914 0.0000000000 -4.0583992004
8.0120792389 0.0000014134 0.0000000000 0.0000000000 36.0367012024 0.0000000000 -4.0617947578
8.0209636688 0.0000014225 0.0000000000 0.0000000000 36.0350799561 0.0000000000 -4.0651512146
8.0316467285 0.0000014315 0.0000000000 0.0000000000 36.0347709656 0.0000000000 -4.0684671402
8.0436325073 0.0000014407 0.0000000000 0.0000000000 36.0352554321 0.0000000000 -4.0717573166
8.0549449921 0.0000014498 0.0000000000 0.0000000000 36.0354957581 0.0000000000 -4.0750179291
8.0657529831 0.0000014590 0.0000000000 0.0000000000 36.0353279114 0.0000000000 -4.0782575607
8.0769214630 0.0000014682 0.0000000000 0.0000000000 36.0349159241 0.0000000000 -4.0814862251
8.0898742676 0.0000014774 0.0000000000 0.0000000000 36.0342521667 0.0000000000 -4.0847139359
8.1042470932 0.0000014867 0.0000000000 0.0000000000 36.0327262878 0.0000000000 -4.0879292488
8.1186418533 0.0000014960 0.0000000000 0.0000000000 36.0296630859 0.0000000000 -4.0911388397
8.1311321259 0.0000015054 0.0000000000 0.0000000000 36.0247421265 0.0000000000 -4.0943465233
8.1415805817 0.0000015148 0.0000000000 0.0000000000 36.0183525085 0.0000000000 -4.0975389481
8.1521549225 0.0000015242 0.0000000000 0.0000000000 36.0113410950 0.0000000000 -4.1007399559
8.1656017303 0.0000015336 0.0000000000 0.0000000000 36.0053787231 0.0000000000 -4.1039409637
8.1810779572 0.0000015431 0.0000000000 0.0000000000 36.0003166199 0.0000000000 -4.1071510315
8.1967220306 0.0000015526 0.0000000000 0.0000000000 35.9969558716 0.0000000000 -4.1103496552
8.2098751068 0.0000015622 0.0000000000 0.0000000000 35.9948196411 0.0000000000 -4.1135463715
8.2190198898 0.0000015717 0.0000000000 0.0000000000 35.9929580688 0.0000000000 -4.1167259216
8.2237615585 0.0000015813 0.0000000000 0.0000000000 35.9913940430 0.0000000000 -4.1198830605
8.2275028229 0.0000015910 0.0000000000 0.0000000000 35.9904975891 0.0000000000 -4.1230320930
8.2343387604 0.0000016006 0.0000000000 0.0000000000 35.9913368225 0.0000000000 -4.1261582375
8.2449083328 0.0000016103 0.0000000000 0.0000000000 35.9938011169 0.0000000000 -4.1292753220
8.2558279037 0.0000016201 0.0000000000 0.0000000000 35.9969177246 0.0000000000 -4.1323823929
8.2647418976 0.0000016298 0.0000000000 0.0000000000 35.9997444153 0.0000000000 -4.1354923248
8.2724142075 0.0000016396 0.0000000000 0.0000000000 36.0024681091 0.0000000000 -4.1385965347
8.2799415588 0.0000016495 0.0000000000 0.0000000000 36.0054931641 0.0000000000 -4.1416974068
8.2880945206 0.0000016593 0.0000000000 0.0000000000 36.0089340210 0.0000000000 -4.1448054314
8.2987585068 0.0000016692 0.0000000000 0.0000000000 36.0127868652 0.0000000000 -4.1479244232
8.3105554581 0.0000016792 0.0000000000 0.0000000000 36.0161132812 0.0000000000 -4.1510686874
8.3217220306 0.0000016891 0.0000000000 0.0000000000 36.0192337036 0.0000000000 -4.1542234421
8.3315954208 0.0000016991 0.0000000000 0.0000000000 36.0218582153 0.0000000000 -4.1574602127
8.3393316269 0.0000017092 0.0000000000 0.0000000000 36.0242691040 0.0000000000 -4.1610145569
8.3446941376 0.0000017192 0.0000000000 0.0000000000 36.0269317627 0.0000000000 -4.1651506424
8.3531627655 0.0000017293 0.0000000000 0.0000000000 36.0324287415 0.0000000000 -4.1701321602
8.3674688339 0.0000017395 0.0000000000 0.0000000000 36.0439147949 0.0000000000 -4.1753110886
8.3903741837 0.0000017496 0.0000000000 0.0000000000 36.0622253418 0.0000000000 -4.1791296005
8.4164123535 0.0000017598 0.0000000000 0.0000000000 36.0842018127 0.0000000000 -4.1820998192
8.4362592697 0.0000017700 0.0000000000 0.0000000000 36.1010169983 0.0000000000 -4.1846399307
8.4483680725 0.0000017803 0.0000000000 0.0000000000 36.1064872742 0.0000000000 -4.1871767044
8.4578237534 0.0000017906 0.0000000000 0.0000000000 36.1004104614 0.0000000000 -4.1899809837
8.4719419479 0.0000018009 0.0000000000 0.0000000000 36.0872383118 0.0000000000 -4.1930522919
8.4943408966 0.0000018112 0.0000000000 0.0000000000 36.0726089478 0.0000000000 -4.1962256432
8.5208082199 0.0000018216 0.0000000000 0.0000000000 36.0608024597 0.0000000000 -4.1994714737
8.5427694321 0.0000018320 0.0000000000 0.0000000000 36.0530586243 0.0000000000 -4.2027044296
8.5512962341 0.0000018425 0.0000000000 0.0000000000 36.0477943420 0.0000000000 -4.2058744431
8.5409412384 0.0000018530 0.0000000000 0.0000000000 36.0419235229 0.0000000000 -4.2089099884
8.5172452927 0.0000018635 0.0000000000 0.0000000000 36.0334129333 0.0000000000 -4.2118387222
8.4990720749 0.0000018741 0.0000000000 0.0000000000 36.0241813660 0.0000000000 -4.2146930695
8.4970102310 0.0000018847 0.0000000000 0.0000000000 36.0161361694 0.0000000000 -4.2174806595
8.5082225800 0.0000018953 0.0000000000 0.0000000000 36.0115661621 0.0000000000 -4.2201647758
8.5227766037 0.0000019060 0.0000000000 0.0000000000 36.0147514343 0.0000000000 -4.2227988243
8.5308570862 0.0000019167 0.0000000000 0.0000000000 36.0240135193 0.0000000000 -4.2254514694
8.5326337814 0.0000019274 0.0000000000 0.0000000000 36.0347213745 0.0000000000 -4.2281446457
8.5395412445 0.0000019382 0.0000000000 0.0000000000 36.0430145264 0.0000000000 -4.2308907509
8.5604314804 0.0000019490 0.0000000000 0.0000000000 36.0480117798 0.0000000000 -4.2336988449
8.5976448059 0.0000019599 0.0000000000 0.0000000000 36.0526962280 0.0000000000 -4.2365088463
8.6403398514 0.0000019707 0.0000000000 0.0000000000 36.0566864014 0.0000000000 -4.2392325401
8.6751489639 0.0000019816 0.0000000000 0.0000000000 36.0617294312 0.0000000000 -4.2418518066
8.6961536407 0.0000019926 0.0000000000 0.0000000000 36.0685195923 0.0000000000 -4.2444009781
8.7045297623 0.0000020036 0.0000000000 0.0000000000 36.0755386353 0.0000000000 -4.2469186783
8.7086381912 0.0000020146 0.0000000000 0.0000000000 36.0811729431 0.0000000000 -4.2494344711
8.7147512436 0.0000020257 0.0000000000 0.0000000000 36.0843582153 0.0000000000 -4.2519989014
8.7212743759 0.0000020368 0.0000000000 0.0000000000 36.0851173401 0.0000000000 -4.2545967102
8.7216138840 0.0000020479 0.0000000000 0.0000000000 36.0843276978 0.0000000000 -4.2571802139
8.7138090134 0.0000020591 0.0000000000 0.0000000000 36.0824089050 0.0000000000 -4.2597293854
8.7016286850 0.0000020703 0.0000000000 0.0000000000 36.0808448792 0.0000000000 -4.2622466087
8.6928510666 0.0000020815 0.0000000000 0.0000000000 36.0792274475 0.0000000000 -4.2647361755
8.6923141479 0.0000020928 0.0000000000 0.0000000000 36.0795631409 0.0000000000 -4.2671961784
8.7008066177 0.0000021041 0.0000000000 0.0000000000 36.0801773071 0.0000000000 -4.2696523666
8.7146539688 0.0000021154 0.0000000000 0.0000000000 36.0799102783 0.0000000000 -4.2721152306
8.7285146713 0.0000021268 0.0000000000 0.0000000000 36.0782737732 0.0000000000 -4.2745714188
8.7419843674 0.0000021382 0.0000000000 0.0000000000 36.0776977539 0.0000000000 -4.2770128250
8.7571172714 0.0000021497 0.0000000000 0.0000000000 36.0798568726 0.0000000000 -4.2794466019
8.7769651413 0.0000021612 0.0000000000 0.0000000000 36.0854568481 0.0000000000 -4.2818708420
8.7987976074 0.0000021727 0.0000000000 0.0000000000 36.0922584534 0.0000000000 -4.2842841148
8.8207912445 0.0000021843 0.0000000000 0.0000000000 36.0978775024 0.0000000000 -4.2866878510
8.8378791809 0.0000021958 0.0000000000 0.0000000000 36.1005134583 0.0000000000 -4.2890911102
8.8501482010 0.0000022075 0.0000000000 0.0000000000 36.1009788513 0.0000000000 -4.2914791107
8.8591871262 0.0000022191 0.0000000000 0.0000000000 36.1008987427 0.0000000000 -4.2938451767
8.8677091599 0.0000022308 0.0000000000 0.0000000000 36.1021728516 0.0000000000 -4.2961969376
8.8778057098 0.0000022426 0.0000000000 0.0000000000 36.1053161621 0.0000000000 -4.2985429764
8.8876972198 0.0000022543 0.0000000000 0.0000000000 36.1090812683 0.0000000000 -4.3008828163
8.8940114975 0.0000022661 0.0000000000 0.0000000000 36.1111907959 0.0000000000 -4.3032217026
8.8964939117 0.0000022780 0.0000000000 0.0000000000 36.1107482910 0.0000000000 -4.3055582047
8.8987941742 0.0000022899 0.0000000000 0.0000000000 36.1094474792 0.0000000000 -4.3078765869
8.9028472900 0.0000023018 0.0000000000 0.0000000000 36.1093101501 0.0000000000 -4.3101787567
8.9090433121 0.0000023137 0.0000000000 0.0000000000 36.1119422913 0.0000000000 -4.3124680519
8.9156923294 0.0000023257 0.0000000000 0.0000000000 36.1167716980 0.0000000000 -4.3147478104
8.9214620590 0.0000023377 0.0000000000 0.0000000000 36.1228485107 0.0000000000 -4.3170185089
8.9279556274 0.0000023497 0.0000000000 0.0000000000 36.1292800903 0.0000000000 -4.3192825317
8.9357328415 0.0000023618 0.0000000000 0.0000000000 36.1351280212 0.0000000000 -4.3215432167
8.9470119476 0.0000023739 0.0000000000 0.0000000000 36.1399650574 0.0000000000 -4.3237967491
8.9606580734 0.0000023861 0.0000000000 0.0000000000 36.1446037292 0.0000000000 -4.3260450363
8.9750204086 0.0000023983 0.0000000000 0.0000000000 36.1495628357 0.0000000000 -4.3282756805
8.9875001907 0.0000024105 0.0000000000 0.0000000000 36.1546707153 0.0000000000 -4.3304967880
8.9975299835 0.0000024228 0.0000000000 0.0000000000 36.1596603394 0.0000000000 -4.3327093124
9.0065975189 0.0000024351 0.0000000000 0.0000000000 36.1637954712 0.0000000000 -4.3349123001
9.0162782669 0.0000024474 0.0000000000 0.0000000000 36.1669998169 0.0000000000 -4.3371086121
9.0277843475 0.0000024598 0.0000000000 0.0000000000 36.1684646606 0.0000000000 -4.3393044472
9.0377645493 0.0000024722 0.0000000000 0.0000000000 36.1683425903 0.0000000000 -4.3414916992
9.0438432693 0.0000024846 0.0000000000 0.0000000000 36.1678771973 0.0000000000 -4.3436732292
9.0480165482 0.0000024971 0.0000000000 0.0000000000 36.1686477661 0.0000000000 -4.3458433151
9.0539512634 0.0000025096 0.0000000000 0.0000000000 36.1707382202 0.0000000000 -4.3480081558
9.0625190735 0.0000025221 0.0000000000 0.0000000000 36.1732559204 0.0000000000 -4.3501634598
9.0722684860 0.0000025347 0.0000000000 0.0000000000 36.1753273010 0.0000000000 -4.3523058891
9.0798873901 0.0000025473 0.0000000000 0.0000000000 36.1760940552 0.0000000000 -4.3544445038
9.0855150223 0.0000025599 0.0000000000 0.0000000000 36.1763839722 0.0000000000 -4.3565754890
9.0915861130 0.0000025726 0.0000000000 0.0000000000 36.1775627136 0.0000000000 -4.3586912155
9.0994796753 0.0000025853 0.0000000000 0.0000000000 36.1803398132 0.0000000000 -4.3608016968
9.1088886261 0.0000025980 0.0000000000 0.0000000000 36.1841201782 0.0000000000 -4.3629093170
9.1179103851 0.0000026108 0.0000000000 0.0000000000 36.1866645813 0.0000000000 -4.3650093079
9.1265649796 0.0000026236 0.0000000000 0.0000000000 36.1878509521 0.0000000000 -4.3670988083
9.1329975128 0.0000026364 0.0000000000 0.0000000000 36.1879081726 0.0000000000 -4.3691835403
9.1398487091 0.0000026493 0.0000000000 0.0000000000 36.1884155273 0.0000000000 -4.3712534904
9.1469097137 0.0000026622 0.0000000000 0.0000000000 36.1908988953 0.0000000000 -4.3733201027
9.1551885605 0.0000026752 0.0000000000 0.0000000000 36.1958122253 0.0000000000 -4.3753805161
9.1642637253 0.0000026882 0.0000000000 0.0000000000 36.2015914917 0.0000000000 -4.3774385452
9.1743621826 0.0000027012 0.0000000000 0.0000000000 36.2084999084 0.0000000000 -4.3794841766
9.1846351624 0.0000027142 0.0000000000 0.0000000000 36.2154235840 0.0000000000 -4.3815231323
9.1924667358 0.0000027273 0.0000000000 0.0000000000 36.2216262817 0.0000000000 -4.3835611343
9.1985006332 0.0000027404 0.0000000000 0.0000000000 36.2269477844 0.0000000000 -4.3855867386
9.2039804459 0.0000027536 0.0000000000 0.0000000000 36.2316360474 0.0000000000 -4.3876104355
9.2113075256 0.0000027668 0.0000000000 0.0000000000 36.2357215881 0.0000000000 -4.3896279335
9.2212839127 0.0000027800 0.0000000000 0.0000000000 36.2388534546 0.0000000000 -4.3916392326
9.2299118042 0.0000027933 0.0000000000 0.0000000000 36.2407035828 0.0000000000 -4.3936471939
9.2342271805 0.0000028066 0.0000000000 0.0000000000 36.2421493530 0.0000000000 -4.3956499100
9.2376623154 0.0000028199 0.0000000000 0.0000000000 36.2440567017 0.0000000000 -4.3976449966
9.2439527512 0.0000028333 0.0000000000 0.0000000000 36.2429809570 0.0000000000 -4.3996362686
9.2537441254 0.0000028467 0.0000000000 0.0000000000 36.2459869385 0.0000000000 -4.4016246796
9.2653074265 0.0000028601 0.0000000000 0.0000000000 36.2494316101 0.0000000000 -4.4036064148
9.2736415863 0.0000028736 0.0000000000 0.0000000000 36.2534408569 0.0000000000 -4.4055795670
9.2798671722 0.0000028871 0.0000000000 0.0000000000 36.2574844360 0.0000000000 -4.4075503349
9.2875661850 0.0000029006 0.0000000000 0.0000000000 36.2613677979 0.0000000000 -4.4095211029
9.2981710434 0.0000029142 0.0000000000 0.0000000000 36.2651443481 0.0000000000 -4.4114809036
9.3101348877 0.0000029278 0.0000000000 0.0000000000 36.2684822083 0.0000000000 -4.4134368896
9.3195810318 0.0000029415 0.0000000000 0.0000000000 36.2714996338 0.0000000000 -4.4153823853
9.3264226913 0.0000029552 0.0000000000 0.0000000000 36.2742347717 0.0000000000 -4.4173221588
9.3323059082 0.0000029689 0.0000000000 0.0000000000 36.2768630981 0.0000000000 -4.4192600250
9.3384141922 0.0000029826 0.0000000000 0.0000000000 36.2798843384 0.0000000000 -4.4211897850
9.3454256058 0.0000029964 0.0000000000 0.0000000000 36.2838668823 0.0000000000 -4.4231128693
9.3530092239 0.0000030103 0.0000000000 0.0000000000 36.2887496948 0.0000000000 -4.4250354767
9.3605680466 0.0000030241 0.0000000000 0.0000000000 36.2934722900 0.0000000000 -4.4269475937
9.3672199249 0.0000030380 0.0000000000 0.0000000000 36.2978248596 0.0000000000 -4.4288563728
9.3736782074 0.0000030520 0.0000000000 0.0000000000 36.3012962341 0.0000000000 -4.4307584763
9.3823442459 0.0000030659 0.0000000000 0.0000000000 36.3041267395 0.0000000000 -4.4326567650
9.3910188675 0.0000030799 0.0000000000 0.0000000000 36.3062553406 0.0000000000 -4.4345493317
9.3980855942 0.0000030940 0.0000000000 0.0000000000 36.3079681396 0.0000000000 -4.4364366531
