#         rmsthk      stdthk       rmsvel       stdvel       rmsdiv       stddiv       rmsusurf       stdusurf
0.0000000000 0.0000000000 800.6322021484 295.2228088379 0.0000000000 0.0000000000 0.0000000000 0.0000000000
-0.0000047315 0.0000225370 515.3562011719 252.5543060303 0.0000000000 0.0000000000 0.0000000000 0.0000000000
-0.0000085725 0.0000444176 265.6703186035 206.7334594727 0.0000000000 0.0000000000 0.0000000000 0.0000000000
-0.0000121054 0.0000655756 135.3446197510 141.1226501465 0.0000000000 0.0000000000 0.0000000000 0.0000000000
-0.0000165727 0.0000846339 130.1393280029 94.6323089600 0.0000000000 0.0000000000 0.0000000000 0.0000000000
-0.0000224423 0.0001019023 148.4848480225 87.1330947876 0.0000000000 0.0000000000 0.0000000000 0.0000000000
-0.0000296575 0.0001177438 140.3247680664 81.3726348877 0.0000000000 0.0000000000 0.0000000000 0.0000000000
-0.0000378036 0.0001326479 117.7254791260 70.2956314087 0.0000000000 0.0000000000 0.0000000000 0.0000000000
-0.0000464591 0.0001471211 90.3830337524 55.9452056885 0.0000000000 0.0000000000 0.0000000000 0.0000000000
-0.0000552842 0.0001614356 65.1827774048 41.9084510803 0.0000000000 0.0000000000 0.0000000000 0.0000000000
-0.0000641517 0.0001757799 44.9300613403 30.9463729858 0.0000000000 0.0000000000 0.0000000000 0.0000000000
-0.0000729829 0.0001901985 30.3492374420 25.9372272491 0.0000000000 0.0000000000 0.0000000000 0.0000000000
-0.0000817095 0.0002047573 19.9464435577 24.7075519562 0.0000000000 0.0000000000 0.0000000000 0.0000000000
-0.0000903486 0.0002194416 12.0848083496 24.9806537628 0.0000000000 0.0000000000 0.0000000000 0.0000000000
-0.0000988804 0.0002342428 5.8376183510 25.9537487030 0.0000000000 0.0000000000 0.0000000000 0.0000000000
-0.0001073088 0.0002492124 0.7597856522 27.2912883759 0.0000000000 0.0000000000 0.0000000000 0.0000000000
-0.0001156194 0.0002643589 -3.3127267361 28.6379585266 0.0000000000 0.0000000000 0.0000000000 0.0000000000
-0.0001238348 0.0002796857 -6.4748811722 29.7927417755 0.0000000000 0.0000000000 0.0000000000 0.0000000000
-0.0001319687 0.0002951886 -8.9105281830 30.7027072906 0.0000000000 0.0000000000 0.0000000000 0.0000000000
-0.0001400644 0.0003108302 -10.8139820099 31.4421234131 0.0000000000 0.0000000000 0.0000000000 0.0000000000
-0.0001481429 0.0003266220 -12.3068265915 32.0405197144 0.0000000000 0.0000000000 0.0000000000 0.0000000000
-0.0001562090 0.0003425510 -13.4689970016 32.5190505981 0.0000000000 0.0000000000 0.0000000000 0.0000000000
-0.0001642748 0.0003586288 -14.3475027084 32.8540306091 0.0000000000 0.0000000000 0.0000000000 0.0000000000
-0.0001723318 0.0003748547 -14.9951000214 33.0764694214 0.0000000000 0.0000000000 0.0000000000 0.0000000000
-0.0001803854 0.0003911956 -15.4732341766 33.2247810364 0.0000000000 0.0000000000 0.0000000000 0.0000000000
-0.0001884476 0.0004076744 -15.8204889297 33.3157234192 0.0000000000 0.0000000000 0.0000000000 0.0000000000
-0.0001965004 0.0004242752 -16.0695362091 33.3642730713 0.0000000000 0.0000000000 0.0000000000 0.0000000000
-0.0002045440 0.0004409972 -16.2422180176 33.3827629089 0.0000000000 0.0000000000 0.0000000000 0.0000000000
-0.0002125775 0.0004578446 -16.3552875519 33.3801269531 0.0000000000 0.0000000000 0.0000000000 0.0000000000
-0.0002206320 0.0004748312 -16.4188442230 33.3594436646 0.0000000000 0.0000000000 0.0000000000 0.0000000000
-0.0002286961 0.0004919504 -16.4405479431 33.3240089417 0.0000000000 0.0000000000 0.0000000000 0.0000000000
-0.0002367775 0.0005092018 -16.4261150360 33.2769393921 0.0000000000 0.0000000000 0.0000000000 0.0000000000
-0.0002448580 0.0005265768 -16.3813152313 33.2220993042 0.0000000000 0.0000000000 0.0000000000 0.0000000000
-0.0002529461 0.0005440839 -16.3092861176 33.1615524292 0.0000000000 0.0000000000 0.0000000000 0.0000000000
-0.0002610318 0.0005617051 -16.2129516602 33.0965614319 0.0000000000 0.0000000000 0.0000000000 0.0000000000
-0.0002691165 0.0005794449 -16.0944881439 33.0273971558 0.0000000000 0.0000000000 0.0000000000 0.0000000000
-0.0002772015 0.0005973119 -15.9546651840 32.9547920227 0.0000000000 0.0000000000 0.0000000000 0.0000000000
-0.0002852892 0.0006152978 -15.7941932678 32.8788948059 0.0000000000 0.0000000000 0.0000000000 0.0000000000
-0.0002933797 0.0006333861 -15.6131124496 32.8003349304 0.0000000000 0.0000000000 0.0000000000 0.0000000000
-0.0003014774 0.0006515679 -15.4116649628 32.7197189331 0.0000000000 0.0000000000 0.0000000000 0.0000000000
-0.0003095802 0.0006698487 -15.1901445389 32.6369552612 0.0000000000 0.0000000000 0.0000000000 0.0000000000
-0.0003176822 0.0006882301 -14.9481515884 32.5519714355 0.0000000000 0.0000000000 0.0000000000 0.0000000000
-0.0003257897 0.0007067082 -14.6854677200 32.4649963379 0.0000000000 0.0000000000 0.0000000000 0.0000000000
-0.0003339009 0.0007252818 -14.4025955200 32.3768692017 0.0000000000 0.0000000000 0.0000000000 0.0000000000
-0.0003420148 0.0007439521 -14.0994462967 32.2881660461 0.0000000000 0.0000000000 0.0000000000 0.0000000000
-0.0003501282 0.0007627190 -13.7762184143 32.1999702454 0.0000000000 0.0000000000 0.0000000000 0.0000000000
-0.0003582474 0.0007815732 -13.4337177277 32.1129264832 0.0000000000 0.0000000000 0.0000000000 0.0000000000
-0.0003663714 0.0008005218 -13.0725154877 32.0275611877 0.0000000000 0.0000000000 0.0000000000 0.0000000000
-0.0003745037 0.0008195657 -12.6921606064 31.9437103271 0.0000000000 0.0000000000 0.0000000000 0.0000000000
-0.0003826437 0.0008387042 -12.2916870117 31.8612766266 0.0000000000 0.0000000000 0.0000000000 0.0000000000
-0.0003907885 0.0008579360 -11.8694515228 31.7806186676 0.0000000000 0.0000000000 0.0000000000 0.0000000000
-0.0003989444 0.0008772570 -11.4243383408 31.7026634216 0.0000000000 0.0000000000 0.0000000000 0.0000000000
-0.0004071108 0.0008966710 -10.9544591904 31.6296977997 0.0000000000 0.0000000000 0.0000000000 0.0000000000
-0.0004152952 0.0009161742 -10.4606056213 31.5634174347 0.0000000000 0.0000000000 0.0000000000 0.0000000000
-0.0004234964 0.0009357654 -9.9423608780 31.5068225861 0.0000000000 0.0000000000 0.0000000000 0.0000000000
-0.0004317100 0.0009554394 -9.4035511017 31.4608955383 0.0000000000 0.0000000000 0.0000000000 0.0000000000
-0.0004399419 0.0009752061 -8.8466558456 31.4254341125 0.0000000000 0.0000000000 0.0000000000 0.0000000000
-0.0004482032 0.0009950623 -8.2744092941 31.3997211456 0.0000000000 0.0000000000 0.0000000000 0.0000000000
-0.0004564862 0.0010150068 -7.6879386902 31.3825073242 0.0000000000 0.0000000000 0.0000000000 0.0000000000
-0.0004647936 0.0010350326 -7.0891814232 31.3730182648 0.0000000000 0.0000000000 0.0000000000 0.0000000000
-0.0004731228 0.0010551307 -6.4817695618 31.3712177277 0.0000000000 0.0000000000 0.0000000000 0.0000000000
-0.0004814741 0.0010753048 -5.8694496155 31.3763637543 0.0000000000 0.0000000000 0.0000000000 0.0000000000
-0.0004898512 0.0010955521 -5.2573599815 31.3878135681 0.0000000000 0.0000000000 0.0000000000 0.0000000000
-0.0004982591 0.0011158702 -4.6508045197 31.4054222107 0.0000000000 0.0000000000 0.0000000000 0.0000000000
-0.0005066938 0.0011362606 -4.0525484085 31.4278564453 0.0000000000 0.0000000000 0.0000000000 0.0000000000
-0.0005151503 0.0011567106 -3.4675104618 31.4537315369 0.0000000000 0.0000000000 0.0000000000 0.0000000000
-0.0005236383 0.0011772226 -2.8980014324 31.4824504852 0.0000000000 0.0000000000 0.0000000000 0.0000000000
-0.0005321509 0.0011978048 -2.3458108902 31.5125846863 0.0000000000 0.0000000000 0.0000000000 0.0000000000
-0.0005406896 0.0012184564 -1.8123731613 31.5440063477 0.0000000000 0.0000000000 0.0000000000 0.0000000000
-0.0005492480 0.0012391640 -1.2982140779 31.5760517120 0.0000000000 0.0000000000 0.0000000000 0.0000000000
-0.0005578304 0.0012599258 -0.8063704371 31.6079654694 0.0000000000 0.0000000000 0.0000000000 0.0000000000
-0.0005664365 0.0012807413 -0.3379865289 31.6388988495 0.0000000000 0.0000000000 0.0000000000 0.0000000000
-0.0005750624 0.0013016110 0.1052465737 31.6690883636 0.0000000000 0.0000000000 0.0000000000 0.0000000000
-0.0005837049 0.0013225278 0.5231527090 31.6982650757 0.0000000000 0.0000000000 0.0000000000 0.0000000000
-0.0005923640 0.0013434930 0.9160897136 31.7251052856 0.0000000000 0.0000000000 0.0000000000 0.0000000000
-0.0006010436 0.0013644980 1.2841693163 31.7488536835 0.0000000000 0.0000000000 0.0000000000 0.0000000000
-0.0006097474 0.0013855429 1.6264538765 31.7693386078 0.0000000000 0.0000000000 0.0000000000 0.0000000000
-0.0006184725 0.0014066267 1.9443014860 31.7858562469 0.0000000000 0.0000000000 0.0000000000 0.0000000000
-0.0006272075 0.0014277447 2.2379150391 31.7981147766 0.0000000000 0.0000000000 0.0000000000 0.0000000000
-0.0006359570 0.0014488967 2.5082211494 31.8060245514 0.0000000000 0.0000000000 0.0000000000 0.0000000000
-0.0006447232 0.0014700779 2.7560310364 31.8098278046 0.0000000000 0.0000000000 0.0000000000 0.0000000000
-0.0006534993 0.0014912873 2.9841988087 31.8095264435 0.0000000000 0.0000000000 0.0000000000 0.0000000000
-0.0006622865 0.0015125086 3.1946094036 31.8049736023 0.0000000000 0.0000000000 0.0000000000 0.0000000000
-0.0006710852 0.0015337482 3.3899407387 31.7973480225 0.0000000000 0.0000000000 0.0000000000 0.0000000000
-0.0006799035 0.0015550029 3.5718741417 31.7873229980 0.0000000000 0.0000000000 0.0000000000 0.0000000000
-0.0006887336 0.0015762683 3.7434017658 31.7754058838 0.0000000000 0.0000000000 0.0000000000 0.0000000000
-0.0006975759 0.0015975444 3.9074864388 31.7621402740 0.0000000000 0.0000000000 0.0000000000 0.0000000000
-0.0007064316 0.0016188263 4.0683493614 31.7483463287 0.0000000000 0.0000000000 0.0000000000 0.0000000000
-0.0007152924 0.0016401308 4.2298440933 31.7350234985 0.0000000000 0.0000000000 0.0000000000 0.0000000000
-0.0007241662 0.0016614437 4.3949208260 31.7231330872 0.0000000000 0.0000000000 0.0000000000 0.0000000000
-0.0007330463 0.0016827655 4.5674428940 31.7133693695 0.0000000000 0.0000000000 0.0000000000 0.0000000000
-0.0007419301 0.0017041041 4.7516083717 31.7060756683 0.0000000000 0.0000000000 0.0000000000 0.0000000000
-0.0007508150 0.0017254598 4.9512572289 31.7020950317 0.0000000000 0.0000000000 0.0000000000 0.0000000000
-0.0007597040 0.0017468308 5.1703095436 31.7019824982 0.0000000000 0.0000000000 0.0000000000 0.0000000000
-0.0007685926 0.0017682210 5.4147381783 31.7069320679 0.0000000000 0.0000000000 0.0000000000 0.0000000000
-0.0007774744 0.0017896252 5.6869435310 31.7172889709 0.0000000000 0.0000000000 0.0000000000 0.0000000000
-0.0007863514 0.0018110361 5.9860577583 31.7329311371 0.0000000000 0.0000000000 0.0000000000 0.0000000000
-0.0007952310 0.0018324598 6.3137392998 31.7552814484 0.0000000000 0.0000000000 0.0000000000 0.0000000000
-0.0008041094 0.0018538953 6.6697092056 31.7850646973 0.0000000000 0.0000000000 0.0000000000 0.0000000000
-0.0008129881 0.0018753500 7.0534129143 31.8229122162 0.0000000000 0.0000000000 0.0000000000 0.0000000000
-0.0008218591 0.0018968200 7.4663920403 31.8689365387 0.0000000000 0.0000000000 0.0000000000 0.0000000000
-0.0008307294 0.0019182947 7.9094944000 31.9237289429 0.0000000000 0.0000000000 0.0000000000 0.0000000000
-0.0008396008 0.0019397715 8.3815536499 31.9858436584 0.0000000000 0.0000000000 0.0000000000 0.0000000000
-0.0008484697 0.0019612610 8.8811969757 32.0555686951 0.0000000000 0.0000000000 0.0000000000 0.0000000000
-0.0008573330 0.0019827599 9.4032468796 32.1354560852 0.0000000000 0.0000000000 0.0000000000 0.0000000000
-0.0008662008 0.0020042611 9.9367885590 32.2258377075 0.0000000000 0.0000000000 0.0000000000 0.0000000000
-0.0008750618 0.0020257654 10.4749269485 32.3282814026 0.0000000000 0.0000000000 0.0000000000 0.0000000000
-0.0008839218 0.0020472901 11.0116157532 32.4431724548 0.0000000000 0.0000000000 0.0000000000 0.0000000000
-0.0008927814 0.0020688225 11.5415239334 32.5705108643 0.0000000000 0.0000000000 0.0000000000 0.0000000000
-0.0009016414 0.0020903703 12.0626516342 32.7113037109 0.0000000000 0.0000000000 0.0000000000 0.0000000000
-0.0009105008 0.0021119372 12.5780630112 32.8665046692 0.0000000000 0.0000000000 0.0000000000 0.0000000000
-0.0009193610 0.0021335296 13.0900259018 33.0349235535 0.0000000000 0.0000000000 0.0000000000 0.0000000000
-0.0009282225 0.0021551359 13.6077528000 33.2178077698 0.0000000000 0.0000000000 0.0000000000 0.0000000000
-0.0009370841 0.0021767651 14.1438779831 33.4184837341 0.0000000000 0.0000000000 0.0000000000 0.0000000000
-0.0009459485 0.0021984044 14.7078514099 33.6397590637 0.0000000000 0.0000000000 0.0000000000 0.0000000000
-0.0009548193 0.0022200611 15.3118581772 33.8817176819 0.0000000000 0.0000000000 0.0000000000 0.0000000000
-0.0009636938 0.0022417398 15.9670057297 34.1470146179 0.0000000000 0.0000000000 0.0000000000 0.0000000000
-0.0009725831 0.0022634452 16.6801452637 34.4369277954 0.0000000000 0.0000000000 0.0000000000 0.0000000000
-0.0009814908 0.0022851662 17.4418468475 34.7511177063 0.0000000000 0.0000000000 0.0000000000 0.0000000000
-0.0009904153 0.0023069123 18.2353076935 35.0872230530 0.0000000000 0.0000000000 0.0000000000 0.0000000000
-0.0009993614 0.0023286750 19.0440788269 35.4452743530 0.0000000000 0.0000000000 0.0000000000 0.0000000000
-0.0010083349 0.0023504514 19.8517990112 35.8220977783 0.0000000000 0.0000000000 0.0000000000 0.0000000000
-0.0010173408 0.0023722479 20.6449909210 36.2131690979 0.0000000000 0.0000000000 0.0000000000 0.0000000000
-0.0010263742 0.0023940573 21.4047584534 36.6157226562 0.0000000000 0.0000000000 0.0000000000 0.0000000000
-0.0010354354 0.0024158980 22.1248798370 37.0272521973 0.0000000000 0.0000000000 0.0000000000 0.0000000000
-0.0010445246 0.0024377462 22.7965888977 37.4492835999 0.0000000000 0.0000000000 0.0000000000 0.0000000000
-0.0010536460 0.0024596176 23.4151039124 37.8791923523 0.0000000000 0.0000000000 0.0000000000 0.0000000000
-0.0010628006 0.0024815062 23.9782352448 38.3161888123 0.0000000000 0.0000000000 0.0000000000 0.0000000000
-0.0010719914 0.0025034242 24.4798698425 38.7604103088 0.0000000000 0.0000000000 0.0000000000 0.0000000000
-0.0010812178 0.0025253566 24.9254779816 39.2097053528 0.0000000000 0.0000000000 0.0000000000 0.0000000000
-0.0010904807 0.0025472997 25.3263816833 39.6681251526 0.0000000000 0.0000000000 0.0000000000 0.0000000000
-0.0010997656 0.0025692594 25.6943511963 40.1382331848 0.0000000000 0.0000000000 0.0000000000 0.0000000000
-0.0011090798 0.0025912209 26.0390911102 40.6196517944 0.0000000000 0.0000000000 0.0000000000 0.0000000000
-0.0011184210 0.0026131896 26.3785133362 41.1175231934 0.0000000000 0.0000000000 0.0000000000 0.0000000000
-0.0011277933 0.0026351626 26.7438297272 41.6383056641 0.0000000000 0.0000000000 0.0000000000 0.0000000000
-0.0011371919 0.0026571359 27.1594257355 42.1892738342 0.0000000000 0.0000000000 0.0000000000 0.0000000000
-0.0011466283 0.0026791054 27.6507568359 42.7827224731 0.0000000000 0.0000000000 0.0000000000 0.0000000000
-0.0011561032 0.0027010781 28.2458744049 43.4259757996 0.0000000000 0.0000000000 0.0000000000 0.0000000000
-0.0011656106 0.0027230610 28.9643115997 44.1252555847 0.0000000000 0.0000000000 0.0000000000 0.0000000000
-0.0011751541 0.0027450481 29.7953300476 44.8814735413 0.0000000000 0.0000000000 0.0000000000 0.0000000000
-0.0011847261 0.0027670427 30.7103443146 45.6856880188 0.0000000000 0.0000000000 0.0000000000 0.0000000000
-0.0011943376 0.0027890513 31.6624965668 46.5203590393 0.0000000000 0.0000000000 0.0000000000 0.0000000000
-0.0012039996 0.0028110819 32.5703048706 47.3490447998 0.0000000000 0.0000000000 0.0000000000 0.0000000000
-0.0012137115 0.0028331256 33.3643569946 48.1414146423 0.0000000000 0.0000000000 0.0000000000 0.0000000000
-0.0012234838 0.0028551710 33.9933776855 48.8764305115 0.0000000000 0.0000000000 0.0000000000 0.0000000000
-0.0012333164 0.0028772422 34.4103965759 49.5248832703 0.0000000000 0.0000000000 0.0000000000 0.0000000000
-0.0012431901 0.0028993227 34.5943641663 50.0661506653 0.0000000000 0.0000000000 0.0000000000 0.0000000000
-0.0012531170 0.0029213987 34.5525817871 50.4993667603 0.0000000000 0.0000000000 0.0000000000 0.0000000000
-0.0012630841 0.0029434764 34.3366737366 50.8421058655 0.0000000000 0.0000000000 0.0000000000 0.0000000000
-0.0012730818 0.0029655488 34.0302085876 51.1205139160 0.0000000000 0.0000000000 0.0000000000 0.0000000000
-0.0012831030 0.0029876078 33.7058601379 51.3635711670 0.0000000000 0.0000000000 0.0000000000 0.0000000000
-0.0012931465 0.0030096618 33.4396934509 51.6022300720 0.0000000000 0.0000000000 0.0000000000 0.0000000000
-0.0013032142 0.0030316934 33.2901802063 51.8629798889 0.0000000000 0.0000000000 0.0000000000 0.0000000000
-0.0013132974 0.0030536992 33.2934341431 52.1636734009 0.0000000000 0.0000000000 0.0000000000 0.0000000000
-0.0013233926 0.0030756844 33.4663314819 52.5145149231 0.0000000000 0.0000000000 0.0000000000 0.0000000000
-0.0013334989 0.0030976359 33.8066291809 52.9190177917 0.0000000000 0.0000000000 0.0000000000 0.0000000000
-0.0013436119 0.0031195558 34.2802925110 53.3648757935 0.0000000000 0.0000000000 0.0000000000 0.0000000000
-0.0013537369 0.0031414567 34.8232727051 53.8295211792 0.0000000000 0.0000000000 0.0000000000 0.0000000000
-0.0013638746 0.0031633573 35.3637962341 54.2903022766 0.0000000000 0.0000000000 0.0000000000 0.0000000000
-0.0013740319 0.0031852422 35.8441162109 54.7275772095 0.0000000000 0.0000000000 0.0000000000 0.0000000000
-0.0013842166 0.0032071322 36.2062263489 55.1207427979 0.0000000000 0.0000000000 0.0000000000 0.0000000000
-0.0013944226 0.0032290104 36.4277420044 55.4627838135 0.0000000000 0.0000000000 0.0000000000 0.0000000000
-0.0014046594 0.0032508906 36.5163040161 55.7569465637 0.0000000000 0.0000000000 0.0000000000 0.0000000000
-0.0014149203 0.0032727674 36.5015296936 56.0154609680 0.0000000000 0.0000000000 0.0000000000 0.0000000000
-0.0014252031 0.0032946325 36.4306068420 56.2585182190 0.0000000000 0.0000000000 0.0000000000 0.0000000000
-0.0014355088 0.0033164874 36.3572311401 56.5089607239 0.0000000000 0.0000000000 0.0000000000 0.0000000000
-0.0014458358 0.0033383409 36.3163528442 56.7803840637 0.0000000000 0.0000000000 0.0000000000 0.0000000000
-0.0014561751 0.0033601765 36.3483963013 57.0880165100 0.0000000000 0.0000000000 0.0000000000 0.0000000000
-0.0014665190 0.0033819999 36.4975090027 57.4484291077 0.0000000000 0.0000000000 0.0000000000 0.0000000000
-0.0014768657 0.0034038036 36.8004455566 57.8755187988 0.0000000000 0.0000000000 0.0000000000 0.0000000000
-0.0014872187 0.0034255956 37.2540740967 58.3665161133 0.0000000000 0.0000000000 0.0000000000 0.0000000000
-0.0014975743 0.0034473648 37.8338317871 58.9102210999 0.0000000000 0.0000000000 0.0000000000 0.0000000000
-0.0015079490 0.0034691431 38.4947509766 59.4864463806 0.0000000000 0.0000000000 0.0000000000 0.0000000000
-0.0015183302 0.0034909337 39.1872024536 60.0702133179 0.0000000000 0.0000000000 0.0000000000 0.0000000000
-0.0015287191 0.0035127227 39.8481369019 60.6330566406 0.0000000000 0.0000000000 0.0000000000 0.0000000000
-0.0015391185 0.0035345184 40.4153022766 61.1452903748 0.0000000000 0.0000000000 0.0000000000 0.0000000000
-0.0015495270 0.0035563237 40.8789710999 61.6025962830 0.0000000000 0.0000000000 0.0000000000 0.0000000000
-0.0015599392 0.0035781406 41.2578010559 62.0136528015 0.0000000000 0.0000000000 0.0000000000 0.0000000000
-0.0015703642 0.0035999676 41.5825767517 62.3960075378 0.0000000000 0.0000000000 0.0000000000 0.0000000000
-0.0015808009 0.0036217964 41.9271659851 62.7857894897 0.0000000000 0.0000000000 0.0000000000 0.0000000000
-0.0015912449 0.0036436194 42.3512115479 63.2033538818 0.0000000000 0.0000000000 0.0000000000 0.0000000000
-0.0016017043 0.0036654477 42.9094123840 63.6705093384 0.0000000000 0.0000000000 0.0000000000 0.0000000000
-0.0016121760 0.0036872830 43.6131019592 64.1893157959 0.0000000000 0.0000000000 0.0000000000 0.0000000000
-0.0016226586 0.0037091309 44.4385108948 64.7473907471 0.0000000000 0.0000000000 0.0000000000 0.0000000000
-0.0016331652 0.0037309814 45.3271217346 65.3179702759 0.0000000000 0.0000000000 0.0000000000 0.0000000000
-0.0016436956 0.0037528379 46.1879806519 65.8583374023 0.0000000000 0.0000000000 0.0000000000 0.0000000000
-0.0016542550 0.0037747065 46.9553108215 66.3408203125 0.0000000000 0.0000000000 0.0000000000 0.0000000000
-0.0016648459 0.0037965844 47.6122016907 66.7552719116 0.0000000000 0.0000000000 0.0000000000 0.0000000000
-0.0016754555 0.0038184572 48.1583633423 67.1027069092 0.0000000000 0.0000000000 0.0000000000 0.0000000000
-0.0016860955 0.0038403287 48.6212654114 67.3959960938 0.0000000000 0.0000000000 0.0000000000 0.0000000000
-0.0016967566 0.0038621929 49.0606880188 67.6638107300 0.0000000000 0.0000000000 0.0000000000 0.0000000000
-0.0017074556 0.0038840470 49.5299720764 67.9329681396 0.0000000000 0.0000000000 0.0000000000 0.0000000000
-0.0017181741 0.0039058889 50.0723609924 68.2270507812 0.0000000000 0.0000000000 0.0000000000 0.0000000000
-0.0017289175 0.0039277193 50.7077751160 68.5578460693 0.0000000000 0.0000000000 0.0000000000 0.0000000000
-0.0017396805 0.0039495318 51.4253463745 68.9238357544 0.0000000000 0.0000000000 0.0000000000 0.0000000000
-0.0017504665 0.0039713387 52.1910400391 69.3125457764 0.0000000000 0.0000000000 0.0000000000 0.0000000000
-0.0017612816 0.0039931391 52.9706764221 69.7117080688 0.0000000000 0.0000000000 0.0000000000 0.0000000000
-0.0017721299 0.0040149395 53.7140007019 70.1005783081 0.0000000000 0.0000000000 0.0000000000 0.0000000000
-0.0017830055 0.0040367399 54.3967742920 70.4701919556 0.0000000000 0.0000000000 0.0000000000 0.0000000000
-0.0017939085 0.0040585403 55.0007209778 70.8126983643 0.0000000000 0.0000000000 0.0000000000 0.0000000000
-0.0018048428 0.0040803524 55.5408401489 71.1348648071 0.0000000000 0.0000000000 0.0000000000 0.0000000000
-0.0018158141 0.0041021667 56.0336570740 71.4436340332 0.0000000000 0.0000000000 0.0000000000 0.0000000000
-0.0018268175 0.0041239941 56.5165367126 71.7548446655 0.0000000000 0.0000000000 0.0000000000 0.0000000000
-0.0018378489 0.0041458276 57.0104827881 72.0784606934 0.0000000000 0.0000000000 0.0000000000 0.0000000000
-0.0018489035 0.0041676708 57.5220031738 72.4170532227 0.0000000000 0.0000000000 0.0000000000 0.0000000000
-0.0018599897 0.0041895243 58.0556793213 72.7710952759 0.0000000000 0.0000000000 0.0000000000 0.0000000000
-0.0018711002 0.0042113932 58.5822334290 73.1265640259 0.0000000000 0.0000000000 0.0000000000 0.0000000000
-0.0018822316 0.0042332653 59.0825080872 73.4746780396 0.0000000000 0.0000000000 0.0000000000 0.0000000000
-0.0018933851 0.0042551402 59.5448036194 73.8103637695 0.0000000000 0.0000000000 0.0000000000 0.0000000000
-0.0019045536 0.0042770184 59.9602508545 74.1309738159 0.0000000000 0.0000000000 0.0000000000 0.0000000000
-0.0019157431 0.0042988993 60.3805656433 74.4590148926 0.0000000000 0.0000000000 0.0000000000 0.0000000000
-0.0019269470 0.0043207789 60.8686637878 74.8152236938 0.0000000000 0.0000000000 0.0000000000 0.0000000000
-0.0019381759 0.0043426529 61.4770774841 75.2174224854 0.0000000000 0.0000000000 0.0000000000 0.0000000000
-0.0019494267 0.0043645264 62.2005577087 75.6561279297 0.0000000000 0.0000000000 0.0000000000 0.0000000000
-0.0019607039 0.0043863873 63.0481033325 76.1294021606 0.0000000000 0.0000000000 0.0000000000 0.0000000000
-0.0019720027 0.0044082436 63.9812126160 76.6190032959 0.0000000000 0.0000000000 0.0000000000 0.0000000000
-0.0019833287 0.0044300924 64.9312362671 77.0895690918 0.0000000000 0.0000000000 0.0000000000 0.0000000000
-0.0019946729 0.0044519436 65.8803787231 77.5315933228 0.0000000000 0.0000000000 0.0000000000 0.0000000000
-0.0020060402 0.0044738087 66.8333129883 77.9469070435 0.0000000000 0.0000000000 0.0000000000 0.0000000000
-0.0020174482 0.0044956775 67.8680419922 78.3646697998 0.0000000000 0.0000000000 0.0000000000 0.0000000000
-0.0020288920 0.0045175524 69.0565567017 78.8210830688 0.0000000000 0.0000000000 0.0000000000 0.0000000000
-0.0020403825 0.0045394362 70.3827133179 79.3162002563 0.0000000000 0.0000000000 0.0000000000 0.0000000000
-0.0020519209 0.0045613390 71.8514938354 79.8497314453 0.0000000000 0.0000000000 0.0000000000 0.0000000000
-0.0020635235 0.0045832517 73.5199050903 80.4447174072 0.0000000000 0.0000000000 0.0000000000 0.0000000000
-0.0020751874 0.0046051699 75.3493804932 81.0935668945 0.0000000000 0.0000000000 0.0000000000 0.0000000000
-0.0020869237 0.0046270806 77.1927642822 81.7490692139 0.0000000000 0.0000000000 0.0000000000 0.0000000000
-0.0020987424 0.0046490096 78.9253997803 82.3782958984 0.0000000000 0.0000000000 0.0000000000 0.0000000000
-0.0021106477 0.0046709469 80.4091491699 82.9297103882 0.0000000000 0.0000000000 0.0000000000 0.0000000000
-0.0021226362 0.0046928730 81.6374130249 83.4123764038 0.0000000000 0.0000000000 0.0000000000 0.0000000000
-0.0021347166 0.0047148024 82.6225738525 83.8334732056 0.0000000000 0.0000000000 0.0000000000 0.0000000000
-0.0021468909 0.0047367350 83.3966445923 84.2068176270 0.0000000000 0.0000000000 0.0000000000 0.0000000000
-0.0021591489 0.0047586630 84.0483093262 84.5657043457 0.0000000000 0.0000000000 0.0000000000 0.0000000000
-0.0021715006 0.0047805761 84.6979904175 84.9574890137 0.0000000000 0.0000000000 0.0000000000 0.0000000000
-0.0021839321 0.0048024794 85.4389114380 85.4180526733 0.0000000000 0.0000000000 0.0000000000 0.0000000000
-0.0021964486 0.0048243823 86.2880249023 85.9480590820 0.0000000000 0.0000000000 0.0000000000 0.0000000000
-0.0022090564 0.0048462907 87.2049026489 86.5235366821 0.0000000000 0.0000000000 0.0000000000 0.0000000000
-0.0022217347 0.0048682145 88.0399856567 87.0717391968 0.0000000000 0.0000000000 0.0000000000 0.0000000000
-0.0022344808 0.0048901471 88.6995544434 87.5458602905 0.0000000000 0.0000000000 0.0000000000 0.0000000000
-0.0022472758 0.0049120691 89.0981674194 87.9035873413 0.0000000000 0.0000000000 0.0000000000 0.0000000000
-0.0022601257 0.0049339943 89.2340621948 88.1419982910 0.0000000000 0.0000000000 0.0000000000 0.0000000000
-0.0022730110 0.0049559306 89.1788482666 88.2897872925 0.0000000000 0.0000000000 0.0000000000 0.0000000000
-0.0022859292 0.0049778782 89.0795898438 88.4123611450 0.0000000000 0.0000000000 0.0000000000 0.0000000000
-0.0022988676 0.0049998271 89.1083526611 88.5868759155 0.0000000000 0.0000000000 0.0000000000 0.0000000000
-0.0023118297 0.0050217989 89.3417816162 88.8463058472 0.0000000000 0.0000000000 0.0000000000 0.0000000000
-0.0023248240 0.0050437795 89.7716827393 89.1861267090 0.0000000000 0.0000000000 0.0000000000 0.0000000000
-0.0023378327 0.0050657778 90.3027191162 89.5654602051 0.0000000000 0.0000000000 0.0000000000 0.0000000000
-0.0023508684 0.0050878013 90.8324203491 89.9409713745 0.0000000000 0.0000000000 0.0000000000 0.0000000000
-0.0023639395 0.0051098471 91.2709579468 90.2738265991 0.0000000000 0.0000000000 0.0000000000 0.0000000000
-0.0023770472 0.0051319199 91.5793380737 90.5486984253 0.0000000000 0.0000000000 0.0000000000 0.0000000000
-0.0023901907 0.0051540299 91.8080215454 90.7884521484 0.0000000000 0.0000000000 0.0000000000 0.0000000000
-0.0024033452 0.0051761530 92.0352783203 91.0275573730 0.0000000000 0.0000000000 0.0000000000 0.0000000000
-0.0024165309 0.0051983017 92.3333587646 91.2995605469 0.0000000000 0.0000000000 0.0000000000 0.0000000000
-0.0024297498 0.0052204742 92.7470245361 91.6246566772 0.0000000000 0.0000000000 0.0000000000 0.0000000000
-0.0024430058 0.0052426802 93.2746353149 92.0026779175 0.0000000000 0.0000000000 0.0000000000 0.0000000000
-0.0024563118 0.0052649202 93.8754425049 92.4164581299 0.0000000000 0.0000000000 0.0000000000 0.0000000000
-0.0024696565 0.0052871876 94.4902725220 92.8388366699 0.0000000000 0.0000000000 0.0000000000 0.0000000000
-0.0024830429 0.0053094947 95.0337066650 93.2327041626 0.0000000000 0.0000000000 0.0000000000 0.0000000000
-0.0024964644 0.0053318301 95.4654693604 93.5825500488 0.0000000000 0.0000000000 0.0000000000 0.0000000000
-0.0025099244 0.0053541851 95.8054656982 93.8960800171 0.0000000000 0.0000000000 0.0000000000 0.0000000000
-0.0025234171 0.0053765629 96.0830764771 94.1878204346 0.0000000000 0.0000000000 0.0000000000 0.0000000000
-0.0025369467 0.0053989654 96.3327865601 94.4721984863 0.0000000000 0.0000000000 0.0000000000 0.0000000000
-0.0025505142 0.0054213889 96.5792999268 94.7570419312 0.0000000000 0.0000000000 0.0000000000 0.0000000000
-0.0025641012 0.0054438296 96.8427047729 95.0523681641 0.0000000000 0.0000000000 0.0000000000 0.0000000000
-0.0025777174 0.0054662912 97.1171264648 95.3544616699 0.0000000000 0.0000000000 0.0000000000 0.0000000000
-0.0025913627 0.0054887827 97.3637542725 95.6440582275 0.0000000000 0.0000000000 0.0000000000 0.0000000000
-0.0026050310 0.0055112937 97.5638885498 95.9127426147 0.0000000000 0.0000000000 0.0000000000 0.0000000000
-0.0026187161 0.0055338172 97.7471008301 96.1711654663 0.0000000000 0.0000000000 0.0000000000 0.0000000000
-0.0026324124 0.0055563506 97.9318695068 96.4248580933 0.0000000000 0.0000000000 0.0000000000 0.0000000000
-0.0026461226 0.0055789012 98.1484451294 96.6847076416 0.0000000000 0.0000000000 0.0000000000 0.0000000000
-0.0026598454 0.0056014662 98.4093856812 96.9555358887 0.0000000000 0.0000000000 0.0000000000 0.0000000000
-0.0026735796 0.0056240461 98.7022628784 97.2314453125 0.0000000000 0.0000000000 0.0000000000 0.0000000000
-0.0026873085 0.0056466372 99.0024719238 97.5015640259 0.0000000000 0.0000000000 0.0000000000 0.0000000000
-0.0027010476 0.0056692455 99.3337402344 97.7760009766 0.0000000000 0.0000000000 0.0000000000 0.0000000000
-0.0027147846 0.0056918543 99.7072296143 98.0603103638 0.0000000000 0.0000000000 0.0000000000 0.0000000000
-0.0027285272 0.0057144822 100.1176147461 98.3522186279 0.0000000000 0.0000000000 0.0000000000 0.0000000000
-0.0027422844 0.0057371203 100.5486907959 98.6442489624 0.0000000000 0.0000000000 0.0000000000 0.0000000000
-0.0027560350 0.0057597598 100.9917602539 98.9321517944 0.0000000000 0.0000000000 0.0000000000 0.0000000000
-0.0027697997 0.0057824021 101.4583663940 99.2194290161 0.0000000000 0.0000000000 0.0000000000 0.0000000000
-0.0027835625 0.0058050333 101.9856491089 99.5242309570 0.0000000000 0.0000000000 0.0000000000 0.0000000000
-0.0027973354 0.0058276528 102.5851058960 99.8525619507 0.0000000000 0.0000000000 0.0000000000 0.0000000000
-0.0028111141 0.0058502569 103.2137451172 100.1883010864 0.0000000000 0.0000000000 0.0000000000 0.0000000000
-0.0028248813 0.0058728452 103.8229904175 100.5117416382 0.0000000000 0.0000000000 0.0000000000 0.0000000000
-0.0028386624 0.0058954158 104.4063720703 100.8235397339 0.0000000000 0.0000000000 0.0000000000 0.0000000000
-0.0028524566 0.0059179678 104.9005432129 101.0955886841 0.0000000000 0.0000000000 0.0000000000 0.0000000000
-0.0028662614 0.0059404974 105.3141784668 101.3318557739 0.0000000000 0.0000000000 0.0000000000 0.0000000000
-0.0028800629 0.0059630033 105.6865005493 101.5452957153 0.0000000000 0.0000000000 0.0000000000 0.0000000000
-0.0028938607 0.0059854793 106.0766983032 101.7589035034 0.0000000000 0.0000000000 0.0000000000 0.0000000000
-0.0029076645 0.0060079279 106.4976119995 101.9743194580 0.0000000000 0.0000000000 0.0000000000 0.0000000000
-0.0029214742 0.0060303486 106.8900375366 102.1662979126 0.0000000000 0.0000000000 0.0000000000 0.0000000000
-0.0029352827 0.0060527502 107.1734161377 102.3040161133 0.0000000000 0.0000000000 0.0000000000 0.0000000000
-0.0029490995 0.0060751210 107.2815475464 102.3642425537 0.0000000000 0.0000000000 0.0000000000 0.0000000000
-0.0029629176 0.0060974727 107.2140884399 102.3527603149 0.0000000000 0.0000000000 0.0000000000 0.0000000000
-0.0029767253 0.0061198063 107.0452728271 102.3018035889 0.0000000000 0.0000000000 0.0000000000 0.0000000000
-0.0029905413 0.0061421418 106.8399963379 102.2423858643 0.0000000000 0.0000000000 0.0000000000 0.0000000000
-0.0030043572 0.0061644581 106.6843032837 102.2131195068 0.0000000000 0.0000000000 0.0000000000 0.0000000000
-0.0030181499 0.0061867507 106.5755157471 102.2166519165 0.0000000000 0.0000000000 0.0000000000 0.0000000000
-0.0030319318 0.0062090484 106.4730300903 102.2353057861 0.0000000000 0.0000000000 0.0000000000 0.0000000000
-0.0030456972 0.0062313401 106.2924880981 102.2294769287 0.0000000000 0.0000000000 0.0000000000 0.0000000000
-0.0030594426 0.0062536248 106.0105895996 102.1856155396 0.0000000000 0.0000000000 0.0000000000 0.0000000000
-0.0030731573 0.0062758997 105.6650772095 102.1163940430 0.0000000000 0.0000000000 0.0000000000 0.0000000000
-0.0030868580 0.0062981807 105.3578720093 102.0625457764 0.0000000000 0.0000000000 0.0000000000 0.0000000000
-0.0031005335 0.0063204579 105.2068328857 102.0714874268 0.0000000000 0.0000000000 0.0000000000 0.0000000000
-0.0031141841 0.0063427282 105.2319793701 102.1515731812 0.0000000000 0.0000000000 0.0000000000 0.0000000000
-0.0031278192 0.0063649993 105.3944168091 102.2844543457 0.0000000000 0.0000000000 0.0000000000 0.0000000000
-0.0031414342 0.0063872868 105.6598358154 102.4559249878 0.0000000000 0.0000000000 0.0000000000 0.0000000000
-0.0031550280 0.0064095790 105.9969940186 102.6513290405 0.0000000000 0.0000000000 0.0000000000 0.0000000000
-0.0031686106 0.0064318804 106.3550186157 102.8517532349 0.0000000000 0.0000000000 0.0000000000 0.0000000000
-0.0031821805 0.0064541753 106.7227020264 103.0554199219 0.0000000000 0.0000000000 0.0000000000 0.0000000000
-0.0031957398 0.0064764665 107.1183242798 103.2758331299 0.0000000000 0.0000000000 0.0000000000 0.0000000000
-0.0032093006 0.0064987708 107.5479354858 103.5200653076 0.0000000000 0.0000000000 0.0000000000 0.0000000000
-0.0032228576 0.0065210792 108.0154724121 103.7925186157 0.0000000000 0.0000000000 0.0000000000 0.0000000000
-0.0032364149 0.0065433816 108.4911651611 104.0832138062 0.0000000000 0.0000000000 0.0000000000 0.0000000000
-0.0032499658 0.0065656803 108.9393844604 104.3773040771 0.0000000000 0.0000000000 0.0000000000 0.0000000000
-0.0032635157 0.0065879682 109.2972412109 104.6476135254 0.0000000000 0.0000000000 0.0000000000 0.0000000000
-0.0032770711 0.0066102478 109.5298233032 104.8762130737 0.0000000000 0.0000000000 0.0000000000 0.0000000000
-0.0032906258 0.0066325236 109.6374130249 105.0588912964 0.0000000000 0.0000000000 0.0000000000 0.0000000000
-0.0033041895 0.0066548046 109.6848144531 105.2214279175 0.0000000000 0.0000000000 0.0000000000 0.0000000000
-0.0033177489 0.0066770767 109.6975631714 105.3721694946 0.0000000000 0.0000000000 0.0000000000 0.0000000000
-0.0033313171 0.0066993623 109.7386627197 105.5356750488 0.0000000000 0.0000000000 0.0000000000 0.0000000000
-0.0033448851 0.0067216591 109.8014526367 105.7040557861 0.0000000000 0.0000000000 0.0000000000 0.0000000000
-0.0033584631 0.0067439736 109.9048614502 105.8806686401 0.0000000000 0.0000000000 0.0000000000 0.0000000000
-0.0033720355 0.0067663020 110.0664062500 106.0703048706 0.0000000000 0.0000000000 0.0000000000 0.0000000000
-0.0033856120 0.0067886515 110.2447509766 106.2519607544 0.0000000000 0.0000000000 0.0000000000 0.0000000000
-0.0033992035 0.0068110186 110.4031295776 106.4094009399 0.0000000000 0.0000000000 0.0000000000 0.0000000000
-0.0034127999 0.0068334015 110.5280685425 106.5352554321 0.0000000000 0.0000000000 0.0000000000 0.0000000000
-0.0034264077 0.0068557938 110.6636199951 106.6531143188 0.0000000000 0.0000000000 0.0000000000 0.0000000000
-0.0034400281 0.0068782121 110.8383865356 106.7776412964 0.0000000000 0.0000000000 0.0000000000 0.0000000000
-0.0034536640 0.0069006537 111.0730972290 106.9230117798 0.0000000000 0.0000000000 0.0000000000 0.0000000000
-0.0034673167 0.0069231195 111.3607864380 107.0888900757 0.0000000000 0.0000000000 0.0000000000 0.0000000000
-0.0034809806 0.0069456054 111.6638031006 107.2605590820 0.0000000000 0.0000000000 0.0000000000 0.0000000000
-0.0034946671 0.0069681252 111.9055786133 107.4047164917 0.0000000000 0.0000000000 0.0000000000 0.0000000000
-0.0035083725 0.0069906609 112.0666198730 107.5143890381 0.0000000000 0.0000000000 0.0000000000 0.0000000000
-0.0035220950 0.0070132269 112.1755294800 107.6030197144 0.0000000000 0.0000000000 0.0000000000 0.0000000000
-0.0035358325 0.0070358212 112.2775650024 107.6904296875 0.0000000000 0.0000000000 0.0000000000 0.0000000000
-0.0035495863 0.0070584412 112.4347457886 107.8031463623 0.0000000000 0.0000000000 0.0000000000 0.0000000000
-0.0035633591 0.0070810872 112.6493530273 107.9402542114 0.0000000000 0.0000000000 0.0000000000 0.0000000000
-0.0035771425 0.0071037505 112.8685684204 108.0757904053 0.0000000000 0.0000000000 0.0000000000 0.0000000000
-0.0035909419 0.0071264305 113.0467453003 108.1869430542 0.0000000000 0.0000000000 0.0000000000 0.0000000000
-0.0036047418 0.0071491352 113.1561355591 108.2605514526 0.0000000000 0.0000000000 0.0000000000 0.0000000000
-0.0036185521 0.0071718711 113.2410278320 108.3152084351 0.0000000000 0.0000000000 0.0000000000 0.0000000000
-0.0036323629 0.0071946224 113.3564376831 108.3771514893 0.0000000000 0.0000000000 0.0000000000 0.0000000000
-0.0036461854 0.0072173951 113.5129318237 108.4499282837 0.0000000000 0.0000000000 0.0000000000 0.0000000000
-0.0036600193 0.0072401897 113.7042617798 108.5324096680 0.0000000000 0.0000000000 0.0000000000 0.0000000000
-0.0036738601 0.0072629992 113.9116821289 108.6183013916 0.0000000000 0.0000000000 0.0000000000 0.0000000000
-0.0036877063 0.0072858282 114.1015930176 108.6928024292 0.0000000000 0.0000000000 0.0000000000 0.0000000000
-0.0037015676 0.0073086871 114.2739791870 108.7575988770 0.0000000000 0.0000000000 0.0000000000 0.0000000000
-0.0037154381 0.0073315715 114.4364318848 108.8169860840 0.0000000000 0.0000000000 0.0000000000 0.0000000000
-0.0037293185 0.0073544676 114.6072998047 108.8783340454 0.0000000000 0.0000000000 0.0000000000 0.0000000000
-0.0037432062 0.0073773768 114.7991409302 108.9480285645 0.0000000000 0.0000000000 0.0000000000 0.0000000000
-0.0037571029 0.0074003069 115.0080947876 109.0250167847 0.0000000000 0.0000000000 0.0000000000 0.0000000000
-0.0037710173 0.0074232589 115.1849975586 109.0873641968 0.0000000000 0.0000000000 0.0000000000 0.0000000000
-0.0037849464 0.0074462281 115.3146743774 109.1292877197 0.0000000000 0.0000000000 0.0000000000 0.0000000000
-0.0037988902 0.0074692150 115.4027862549 109.1534881592 0.0000000000 0.0000000000 0.0000000000 0.0000000000
-0.0038128432 0.0074922238 115.4890747070 109.1779403687 0.0000000000 0.0000000000 0.0000000000 0.0000000000
-0.0038268042 0.0075152386 115.5934371948 109.2108154297 0.0000000000 0.0000000000 0.0000000000 0.0000000000
-0.0038407801 0.0075382697 115.7242050171 109.2561187744 0.0000000000 0.0000000000 0.0000000000 0.0000000000
-0.0038547656 0.0075613144 115.8711471558 109.3092651367 0.0000000000 0.0000000000 0.0000000000 0.0000000000
-0.0038687566 0.0075843777 116.0070343018 109.3570327759 0.0000000000 0.0000000000 0.0000000000 0.0000000000
-0.0038827583 0.0076074563 116.1332855225 109.4011764526 0.0000000000 0.0000000000 0.0000000000 0.0000000000
-0.0038967638 0.0076305433 116.2634963989 109.4471130371 0.0000000000 0.0000000000 0.0000000000 0.0000000000
-0.0039107706 0.0076536345 116.4174880981 109.5040893555 0.0000000000 0.0000000000 0.0000000000 0.0000000000
-0.0039247810 0.0076767327 116.5872344971 109.5695953369 0.0000000000 0.0000000000 0.0000000000 0.0000000000
-0.0039387946 0.0076998430 116.7525405884 109.6336822510 0.0000000000 0.0000000000 0.0000000000 0.0000000000
-0.0039528157 0.0077229608 116.8880157471 109.6845550537 0.0000000000 0.0000000000 0.0000000000 0.0000000000
-0.0039668488 0.0077461028 116.9937286377 109.7220077515 0.0000000000 0.0000000000 0.0000000000 0.0000000000
-0.0039808839 0.0077692536 117.0985031128 109.7599868774 0.0000000000 0.0000000000 0.0000000000 0.0000000000
-0.0039949208 0.0077924128 117.2432708740 109.8166885376 0.0000000000 0.0000000000 0.0000000000 0.0000000000
-0.0040089614 0.0078155790 117.4186935425 109.8880615234 0.0000000000 0.0000000000 0.0000000000 0.0000000000
-0.0040229987 0.0078387465 117.6032333374 109.9643478394 0.0000000000 0.0000000000 0.0000000000 0.0000000000
-0.0040370449 0.0078619262 117.7619781494 110.0302200317 0.0000000000 0.0000000000 0.0000000000 0.0000000000
-0.0040510981 0.0078851087 117.8708496094 110.0748443604 0.0000000000 0.0000000000 0.0000000000 0.0000000000
-0.0040651537 0.0079082930 117.9235534668 110.0964584351 0.0000000000 0.0000000000 0.0000000000 0.0000000000
-0.0040792110 0.0079314830 117.9635391235 110.1143264771 0.0000000000 0.0000000000 0.0000000000 0.0000000000
-0.0040932675 0.0079546804 118.0458602905 110.1515502930 0.0000000000 0.0000000000 0.0000000000 0.0000000000
-0.0041073319 0.0079778815 118.1784286499 110.2096176147 0.0000000000 0.0000000000 0.0000000000 0.0000000000
-0.0041214018 0.0080010807 118.3158264160 110.2669982910 0.0000000000 0.0000000000 0.0000000000 0.0000000000
-0.0041354857 0.0080243004 118.4231567383 110.3066101074 0.0000000000 0.0000000000 0.0000000000 0.0000000000
-0.0041495748 0.0080475258 118.5106735229 110.3340377808 0.0000000000 0.0000000000 0.0000000000 0.0000000000
-0.0041636731 0.0080707623 118.5939331055 110.3557281494 0.0000000000 0.0000000000 0.0000000000 0.0000000000
-0.0041777715 0.0080939997 118.6843719482 110.3785095215 0.0000000000 0.0000000000 0.0000000000 0.0000000000
-0.0041918796 0.0081172474 118.8067550659 110.4153289795 0.0000000000 0.0000000000 0.0000000000 0.0000000000
-0.0042059976 0.0081405081 118.9435958862 110.4592132568 0.0000000000 0.0000000000 0.0000000000 0.0000000000
-0.0042201132 0.0081637800 119.0721893311 110.5000991821 0.0000000000 0.0000000000 0.0000000000 0.0000000000
-0.0042342343 0.0081870612 119.1826553345 110.5335693359 0.0000000000 0.0000000000 0.0000000000 0.0000000000
-0.0042483574 0.0082103554 119.2630462646 110.5602798462 0.0000000000 0.0000000000 0.0000000000 0.0000000000
-0.0042624753 0.0082336497 119.3108749390 110.5845336914 0.0000000000 0.0000000000 0.0000000000 0.0000000000
-0.0042765969 0.0082569551 119.3979263306 110.6502075195 0.0000000000 0.0000000000 0.0000000000 0.0000000000
-0.0042907163 0.0082802614 119.5824432373 110.7588119507 0.0000000000 0.0000000000 0.0000000000 0.0000000000
-0.0043048323 0.0083035808 119.9242782593 110.9010848999 0.0000000000 0.0000000000 0.0000000000 0.0000000000
-0.0043189446 0.0083269021 120.3493652344 111.0342407227 0.0000000000 0.0000000000 0.0000000000 0.0000000000
-0.0043330560 0.0083502280 120.6946029663 111.1038131714 0.0000000000 0.0000000000 0.0000000000 0.0000000000
-0.0043471581 0.0083735576 120.8992767334 111.1099243164 0.0000000000 0.0000000000 0.0000000000 0.0000000000
-0.0043612733 0.0083968937 121.0013275146 111.0905532837 0.0000000000 0.0000000000 0.0000000000 0.0000000000
-0.0043753902 0.0084202290 121.1035308838 111.1017684937 0.0000000000 0.0000000000 0.0000000000 0.0000000000
-0.0043895119 0.0084435847 121.2851943970 111.1788177490 0.0000000000 0.0000000000 0.0000000000 0.0000000000
-0.0044036401 0.0084669543 121.5309143066 111.3090133667 0.0000000000 0.0000000000 0.0000000000 0.0000000000
-0.0044177710 0.0084903250 121.7539367676 111.4422988892 0.0000000000 0.0000000000 0.0000000000 0.0000000000
-0.0044319108 0.0085137095 121.8435516357 111.5242385864 0.0000000000 0.0000000000 0.0000000000 0.0000000000
-0.0044460576 0.0085371062 121.7102127075 111.5138931274 0.0000000000 0.0000000000 0.0000000000 0.0000000000
-0.0044602202 0.0085605094 121.4031600952 111.4354553223 0.0000000000 0.0000000000 0.0000000000 0.0000000000
-0.0044743959 0.0085839238 121.1528549194 111.3990020752 0.0000000000 0.0000000000 0.0000000000 0.0000000000
-0.0044885776 0.0086073447 121.1025619507 111.4622039795 0.0000000000 0.0000000000 0.0000000000 0.0000000000
-0.0045027710 0.0086307796 121.2270126343 111.6020050049 0.0000000000 0.0000000000 0.0000000000 0.0000000000
-0.0045169746 0.0086542312 121.4066162109 111.7544555664 0.0000000000 0.0000000000 0.0000000000 0.0000000000
-0.0045311791 0.0086776931 121.5139541626 111.8576126099 0.0000000000 0.0000000000 0.0000000000 0.0000000000
-0.0045453887 0.0087011689 121.5322952271 111.9054870605 0.0000000000 0.0000000000 0.0000000000 0.0000000000
-0.0045596054 0.0087246634 121.5871734619 111.9610900879 0.0000000000 0.0000000000 0.0000000000 0.0000000000
-0.0045738253 0.0087481700 121.7831115723 112.0751190186 0.0000000000 0.0000000000 0.0000000000 0.0000000000
-0.0045880494 0.0087716850 122.1620101929 112.2699050903 0.0000000000 0.0000000000 0.0000000000 0.0000000000
-0.0046022786 0.0087952046 122.6032943726 112.4884262085 0.0000000000 0.0000000000 0.0000000000 0.0000000000
-0.0046165152 0.0088187410 122.9598083496 112.6624298096 0.0000000000 0.0000000000 0.0000000000 0.0000000000
-0.0046307552 0.0088422876 123.1681365967 112.7657775879 0.0000000000 0.0000000000 0.0000000000 0.0000000000
-0.0046450016 0.0088658482 123.2427215576 112.8118820190 0.0000000000 0.0000000000 0.0000000000 0.0000000000
-0.0046592648 0.0088894237 123.2769393921 112.8506317139 0.0000000000 0.0000000000 0.0000000000 0.0000000000
-0.0046735401 0.0089130094 123.3385391235 112.9174270630 0.0000000000 0.0000000000 0.0000000000 0.0000000000
-0.0046878196 0.0089366026 123.4063339233 113.0004348755 0.0000000000 0.0000000000 0.0000000000 0.0000000000
-0.0047021047 0.0089602061 123.4004821777 113.0567398071 0.0000000000 0.0000000000 0.0000000000 0.0000000000
-0.0047163973 0.0089838272 123.3015289307 113.0680847168 0.0000000000 0.0000000000 0.0000000000 0.0000000000
-0.0047306893 0.0090074567 123.1579589844 113.0532608032 0.0000000000 0.0000000000 0.0000000000 0.0000000000
-0.0047449809 0.0090310965 123.0557556152 113.0498199463 0.0000000000 0.0000000000 0.0000000000 0.0000000000
-0.0047592744 0.0090547455 123.0463867188 113.0827331543 0.0000000000 0.0000000000 0.0000000000 0.0000000000
-0.0047735726 0.0090784049 123.1304397583 113.1537322998 0.0000000000 0.0000000000 0.0000000000 0.0000000000
-0.0047878772 0.0091020791 123.2597274780 113.2410736084 0.0000000000 0.0000000000 0.0000000000 0.0000000000
-0.0048021912 0.0091257691 123.3748016357 113.3153991699 0.0000000000 0.0000000000 0.0000000000 0.0000000000
-0.0048165093 0.0091494732 123.4819488525 113.3796539307 0.0000000000 0.0000000000 0.0000000000 0.0000000000
-0.0048308256 0.0091731846 123.6186828613 113.4520492554 0.0000000000 0.0000000000 0.0000000000 0.0000000000
-0.0048451452 0.0091969129 123.8275451660 113.5559539795 0.0000000000 0.0000000000 0.0000000000 0.0000000000
-0.0048594694 0.0092206541 124.0702056885 113.6756439209 0.0000000000 0.0000000000 0.0000000000 0.0000000000
-0.0048738020 0.0092444019 124.3133316040 113.8000183105 0.0000000000 0.0000000000 0.0000000000 0.0000000000
-0.0048881350 0.0092681507 124.4895019531 113.8983078003 0.0000000000 0.0000000000 0.0000000000 0.0000000000
-0.0049024737 0.0092919078 124.6029205322 113.9725494385 0.0000000000 0.0000000000 0.0000000000 0.0000000000
-0.0049168169 0.0093156695 124.6839675903 114.0335311890 0.0000000000 0.0000000000 0.0000000000 0.0000000000
-0.0049311686 0.0093394453 124.7727279663 114.0968704224 0.0000000000 0.0000000000 0.0000000000 0.0000000000
-0.0049455301 0.0093632294 124.8946914673 114.1740341187 0.0000000000 0.0000000000 0.0000000000 0.0000000000
-0.0049598971 0.0093870228 125.0163726807 114.2515411377 0.0000000000 0.0000000000 0.0000000000 0.0000000000
-0.0049742702 0.0094108256 125.0859451294 114.3060607910 0.0000000000 0.0000000000 0.0000000000 0.0000000000
-0.0049886433 0.0094346404 125.0982131958 114.3349761963 0.0000000000 0.0000000000 0.0000000000 0.0000000000
-0.0050030132 0.0094584571 125.1044616699 114.3605575562 0.0000000000 0.0000000000 0.0000000000 0.0000000000
-0.0050173840 0.0094822869 125.1343841553 114.3965988159 0.0000000000 0.0000000000 0.0000000000 0.0000000000
-0.0050317566 0.0095061231 125.1988906860 114.4453887939 0.0000000000 0.0000000000 0.0000000000 0.0000000000
-0.0050461274 0.0095299603 125.2752685547 114.4956588745 0.0000000000 0.0000000000 0.0000000000 0.0000000000
-0.0050605056 0.0095538087 125.3416442871 114.5388565063 0.0000000000 0.0000000000 0.0000000000 0.0000000000
-0.0050748880 0.0095776729 125.4138183594 114.5819778442 0.0000000000 0.0000000000 0.0000000000 0.0000000000
-0.0050892700 0.0096015474 125.4933471680 114.6289596558 0.0000000000 0.0000000000 0.0000000000 0.0000000000
-0.0051036617 0.0096254367 125.6066360474 114.6927337646 0.0000000000 0.0000000000 0.0000000000 0.0000000000
-0.0051180576 0.0096493429 125.7430801392 114.7686004639 0.0000000000 0.0000000000 0.0000000000 0.0000000000
-0.0051324577 0.0096732536 125.8894348145 114.8500213623 0.0000000000 0.0000000000 0.0000000000 0.0000000000
-0.0051468639 0.0096971728 126.0179901123 114.9239959717 0.0000000000 0.0000000000 0.0000000000 0.0000000000
-0.0051612700 0.0097210994 126.1205673218 114.9875488281 0.0000000000 0.0000000000 0.0000000000 0.0000000000
-0.0051756818 0.0097450307 126.2121429443 115.0483322144 0.0000000000 0.0000000000 0.0000000000 0.0000000000
-0.0051900968 0.0097689657 126.3096466064 115.1156997681 0.0000000000 0.0000000000 0.0000000000 0.0000000000
-0.0052045193 0.0097929062 126.4284362793 115.1962051392 0.0000000000 0.0000000000 0.0000000000 0.0000000000
-0.0052189385 0.0098168515 126.5279159546 115.2689056396 0.0000000000 0.0000000000 0.0000000000 0.0000000000
-0.0052333605 0.0098407986 126.5798797607 115.3181915283 0.0000000000 0.0000000000 0.0000000000 0.0000000000
-0.0052477876 0.0098647559 126.6120986938 115.3556213379 0.0000000000 0.0000000000 0.0000000000 0.0000000000
-0.0052622156 0.0098887198 126.6702270508 115.4024047852 0.0000000000 0.0000000000 0.0000000000 0.0000000000
-0.0052766460 0.0099126855 126.7610778809 115.4623870850 0.0000000000 0.0000000000 0.0000000000 0.0000000000
-0.0052910801 0.0099366577 126.8634490967 115.5271911621 0.0000000000 0.0000000000 0.0000000000 0.0000000000
-0.0053055170 0.0099606346 126.9345855713 115.5774002075 0.0000000000 0.0000000000 0.0000000000 0.0000000000
-0.0053199562 0.0099846190 126.9792709351 115.6151199341 0.0000000000 0.0000000000 0.0000000000 0.0000000000
-0.0053343982 0.0100086080 127.0320663452 115.6556854248 0.0000000000 0.0000000000 0.0000000000 0.0000000000
-0.0053488417 0.0100326007 127.1126174927 115.7082519531 0.0000000000 0.0000000000 0.0000000000 0.0000000000
-0.0053632879 0.0100566028 127.2147827148 115.7704238892 0.0000000000 0.0000000000 0.0000000000 0.0000000000
-0.0053777345 0.0100806141 127.3097610474 115.8296432495 0.0000000000 0.0000000000 0.0000000000 0.0000000000
-0.0053921863 0.0101046348 127.3965911865 115.8870315552 0.0000000000 0.0000000000 0.0000000000 0.0000000000
-0.0054066405 0.0101286601 127.4531860352 115.9316482544 0.0000000000 0.0000000000 0.0000000000 0.0000000000
-0.0054210969 0.0101526948 127.5135192871 115.9807052612 0.0000000000 0.0000000000 0.0000000000 0.0000000000
-0.0054355548 0.0101767369 127.5789337158 116.0332412720 0.0000000000 0.0000000000 0.0000000000 0.0000000000
-0.0054500164 0.0102007827 127.6621322632 116.0963439941 0.0000000000 0.0000000000 0.0000000000 0.0000000000
-0.0054644821 0.0102248313 127.7545928955 116.1653747559 0.0000000000 0.0000000000 0.0000000000 0.0000000000
-0.0054789470 0.0102488892 127.8570098877 116.2416000366 0.0000000000 0.0000000000 0.0000000000 0.0000000000
-0.0054934137 0.0102729490 127.9585952759 116.3171386719 0.0000000000 0.0000000000 0.0000000000 0.0000000000
-0.0055078878 0.0102970153 128.0297088623 116.3783950806 0.0000000000 0.0000000000 0.0000000000 0.0000000000
-0.0055223648 0.0103210872 128.0812683105 116.4294281006 0.0000000000 0.0000000000 0.0000000000 0.0000000000
-0.0055368464 0.0103451740 128.1303100586 116.4776229858 0.0000000000 0.0000000000 0.0000000000 0.0000000000
-0.0055513298 0.0103692655 128.2051239014 116.5355758667 0.0000000000 0.0000000000 0.0000000000 0.0000000000
-0.0055658156 0.0103933634 128.3128356934 116.6072311401 0.0000000000 0.0000000000 0.0000000000 0.0000000000
-0.0055803051 0.0104174688 128.4023132324 116.6695785522 0.0000000000 0.0000000000 0.0000000000 0.0000000000
-0.0055948016 0.0104415808 128.4358520508 116.7055816650 0.0000000000 0.0000000000 0.0000000000 0.0000000000
-0.0056093014 0.0104656965 128.4581451416 116.7351608276 0.0000000000 0.0000000000 0.0000000000 0.0000000000
-0.0056238049 0.0104898177 128.5150604248 116.7802124023 0.0000000000 0.0000000000 0.0000000000 0.0000000000
-0.0056383139 0.0105139436 128.6152954102 116.8440322876 0.0000000000 0.0000000000 0.0000000000 0.0000000000
-0.0056528249 0.0105380761 128.7364501953 116.9169387817 0.0000000000 0.0000000000 0.0000000000 0.0000000000
-0.0056673409 0.0105622141 128.8147430420 116.9694671631 0.0000000000 0.0000000000 0.0000000000 0.0000000000
-0.0056818621 0.0105863540 128.8641662598 117.0090103149 0.0000000000 0.0000000000 0.0000000000 0.0000000000
-0.0056963908 0.0106105004 128.9313964844 117.0574264526 0.0000000000 0.0000000000 0.0000000000 0.0000000000
-0.0057109264 0.0106346542 129.0359344482 117.1238555908 0.0000000000 0.0000000000 0.0000000000 0.0000000000
-0.0057254620 0.0106588155 129.1585540771 117.1991195679 0.0000000000 0.0000000000 0.0000000000 0.0000000000
-0.0057400065 0.0106829824 129.2528076172 117.2620697021 0.0000000000 0.0000000000 0.0000000000 0.0000000000
-0.0057545528 0.0107071539 129.3148651123 117.3111648560 0.0000000000 0.0000000000 0.0000000000 0.0000000000
-0.0057691005 0.0107313348 129.3638916016 117.3553237915 0.0000000000 0.0000000000 0.0000000000 0.0000000000
-0.0057836543 0.0107555185 129.4155731201 117.4019393921 0.0000000000 0.0000000000 0.0000000000 0.0000000000
-0.0057982123 0.0107797096 129.4799957275 117.4537582397 0.0000000000 0.0000000000 0.0000000000 0.0000000000
-0.0058127791 0.0108039118 129.5550079346 117.5102005005 0.0000000000 0.0000000000 0.0000000000 0.0000000000
-0.0058273482 0.0108281178 129.6308898926 117.5655670166 0.0000000000 0.0000000000 0.0000000000 0.0000000000
-0.0058419188 0.0108523322 129.6965026855 117.6165618896 0.0000000000 0.0000000000 0.0000000000 0.0000000000
-0.0058564949 0.0108765541 129.7572174072 117.6659011841 0.0000000000 0.0000000000 0.0000000000 0.0000000000
-0.0058710780 0.0109007834 129.8412780762 117.7279129028 0.0000000000 0.0000000000 0.0000000000 0.0000000000
-0.0058856662 0.0109250145 129.9248046875 117.7900238037 0.0000000000 0.0000000000 0.0000000000 0.0000000000
-0.0059002615 0.0109492494 129.9888153076 117.8418121338 0.0000000000 0.0000000000 0.0000000000 0.0000000000
