#         COST_U        COST_H      COST_D       COST_S       REGU_H       REGU_S          HPO           COSTGLEN 
1792.0057373047 0.0000000000 0.0000000000 0.0000000000 508.0600585938 0.0000000000 6.2977867126
1375.0650634766 0.0000000000 0.0000000000 0.0000000000 489.2467346191 0.9211809039 3.3181171417
1029.0528564453 0.0000000000 0.0000000000 0.0000000000 473.1534729004 2.3813083172 1.5850915909
758.7525634766 0.0000000000 0.0000000000 0.0000000000 462.7023620605 4.1378784180 0.4865703583
568.1343994141 0.0000000000 0.0000000000 0.0000000000 452.0829467773 6.0650434494 -0.1449060440
442.6619262695 0.0000000000 0.0000000000 0.0000000000 441.6539611816 8.0337429047 -0.4736461639
361.8440246582 0.0000000000 0.0000000000 0.0000000000 432.1395874023 9.9541597366 -0.6207575798
308.9877624512 0.0000000000 0.0000000000 0.0000000000 422.9867858887 11.7771949768 -0.6694245338
273.9799194336 0.0000000000 0.0000000000 0.0000000000 414.8554382324 13.4621829987 -0.6687669754
250.9295501709 0.0000000000 0.0000000000 0.0000000000 406.1948242188 14.9734373093 -0.6417880058
235.5977172852 0.0000000000 0.0000000000 0.0000000000 396.9490356445 16.3126049042 -0.6013023853
225.2167053223 0.0000000000 0.0000000000 0.0000000000 389.9938354492 17.5004959106 -0.5562319756
217.8820037842 0.0000000000 0.0000000000 0.0000000000 384.9595031738 18.5328559875 -0.5088453293
212.3627319336 0.0000000000 0.0000000000 0.0000000000 383.5567626953 19.4106788635 -0.4622006416
207.8059844971 0.0000000000 0.0000000000 0.0000000000 380.2108154297 20.1600017548 -0.4165904522
203.8011779785 0.0000000000 0.0000000000 0.0000000000 376.0064697266 20.8101387024 -0.3712852001
200.2218017578 0.0000000000 0.0000000000 0.0000000000 372.6622619629 21.3711643219 -0.3255565166
196.9184570312 0.0000000000 0.0000000000 0.0000000000 368.5439758301 21.8787040710 -0.2797660828
193.7691802979 0.0000000000 0.0000000000 0.0000000000 365.5053405762 22.3422813416 -0.2363200188
190.7361145020 0.0000000000 0.0000000000 0.0000000000 362.7321166992 22.7670116425 -0.1971797943
187.8138427734 0.0000000000 0.0000000000 0.0000000000 360.1396179199 23.1387691498 -0.1657977104
184.8684387207 0.0000000000 0.0000000000 0.0000000000 357.6335449219 23.4419231415 -0.1447021961
181.9100952148 0.0000000000 0.0000000000 0.0000000000 355.2459106445 23.6758193970 -0.1336164474
178.9920043945 0.0000000000 0.0000000000 0.0000000000 352.9410705566 23.8336009979 -0.1329238415
176.1911773682 0.0000000000 0.0000000000 0.0000000000 350.5967407227 23.9226169586 -0.1410429478
173.5475616455 0.0000000000 0.0000000000 0.0000000000 348.1945495605 23.9439868927 -0.1567285061
171.0954284668 0.0000000000 0.0000000000 0.0000000000 345.8639831543 23.9109344482 -0.1776835918
168.8646697998 0.0000000000 0.0000000000 0.0000000000 343.5909118652 23.8287563324 -0.2024652958
166.9137725830 0.0000000000 0.0000000000 0.0000000000 341.2526245117 23.7007942200 -0.2295773029
165.1834259033 0.0000000000 0.0000000000 0.0000000000 339.0136718750 23.5257740021 -0.2578451633
163.6943817139 0.0000000000 0.0000000000 0.0000000000 336.7630004883 23.3024387360 -0.2862601280
162.4248962402 0.0000000000 0.0000000000 0.0000000000 334.5044555664 23.0428924561 -0.3138206005
161.3802337646 0.0000000000 0.0000000000 0.0000000000 332.2247009277 22.7519435883 -0.3399698734
160.5833129883 0.0000000000 0.0000000000 0.0000000000 329.9361877441 22.4380378723 -0.3645412922
159.9987335205 0.0000000000 0.0000000000 0.0000000000 327.6281433105 22.1069850922 -0.3873729706
159.6069793701 0.0000000000 0.0000000000 0.0000000000 325.3046264648 21.7609882355 -0.4082331657
159.4048614502 0.0000000000 0.0000000000 0.0000000000 323.0013122559 21.4071998596 -0.4273490906
159.3803100586 0.0000000000 0.0000000000 0.0000000000 320.7379455566 21.0570106506 -0.4446589947
159.5222625732 0.0000000000 0.0000000000 0.0000000000 318.5541381836 20.7171421051 -0.4604597092
159.8082885742 0.0000000000 0.0000000000 0.0000000000 316.5264282227 20.3987808228 -0.4745481014
160.2250061035 0.0000000000 0.0000000000 0.0000000000 314.3938598633 20.1039295197 -0.4872486591
160.7546081543 0.0000000000 0.0000000000 0.0000000000 312.5202636719 19.8341617584 -0.4988338947
161.3609924316 0.0000000000 0.0000000000 0.0000000000 310.7494201660 19.5943813324 -0.5091745853
162.0194244385 0.0000000000 0.0000000000 0.0000000000 308.9845886230 19.3849449158 -0.5185110569
162.6960754395 0.0000000000 0.0000000000 0.0000000000 307.3139038086 19.2056102753 -0.5269660950
163.3560791016 0.0000000000 0.0000000000 0.0000000000 305.7337036133 19.0597953796 -0.5346338749
163.9899139404 0.0000000000 0.0000000000 0.0000000000 304.2237243652 18.9419212341 -0.5416948795
164.5847015381 0.0000000000 0.0000000000 0.0000000000 302.7776794434 18.8472671509 -0.5481650829
165.1363220215 0.0000000000 0.0000000000 0.0000000000 301.4031982422 18.7753906250 -0.5542442799
165.6455688477 0.0000000000 0.0000000000 0.0000000000 300.0915832520 18.7264881134 -0.5598595142
166.1252899170 0.0000000000 0.0000000000 0.0000000000 298.8483276367 18.6959934235 -0.5649919510
166.5941162109 0.0000000000 0.0000000000 0.0000000000 297.6727600098 18.6816768646 -0.5696268082
167.0693969727 0.0000000000 0.0000000000 0.0000000000 296.5731811523 18.6801376343 -0.5739746094
167.5677185059 0.0000000000 0.0000000000 0.0000000000 295.4788208008 18.6788768768 -0.5782318115
168.1096038818 0.0000000000 0.0000000000 0.0000000000 294.4179382324 18.6826953888 -0.5821108818
168.6964874268 0.0000000000 0.0000000000 0.0000000000 293.3547668457 18.6870422363 -0.5855805874
169.3372650146 0.0000000000 0.0000000000 0.0000000000 292.3067321777 18.6931381226 -0.5886690617
170.0357360840 0.0000000000 0.0000000000 0.0000000000 291.2720642090 18.7028923035 -0.5912141800
170.7907867432 0.0000000000 0.0000000000 0.0000000000 290.2369384766 18.7230396271 -0.5932047367
171.6053771973 0.0000000000 0.0000000000 0.0000000000 289.2042236328 18.7553367615 -0.5946195126
172.4711151123 0.0000000000 0.0000000000 0.0000000000 288.1906433105 18.8015384674 -0.5954673290
173.3757324219 0.0000000000 0.0000000000 0.0000000000 287.1943054199 18.8647155762 -0.5957894325
174.3086242676 0.0000000000 0.0000000000 0.0000000000 286.2013244629 18.9423465729 -0.5957658291
175.2475280762 0.0000000000 0.0000000000 0.0000000000 285.1356506348 19.0408096313 -0.5953104496
176.1816406250 0.0000000000 0.0000000000 0.0000000000 284.1372375488 19.1494922638 -0.5943982601
177.0848083496 0.0000000000 0.0000000000 0.0000000000 283.1260070801 19.2661609650 -0.5931682587
177.9453887939 0.0000000000 0.0000000000 0.0000000000 282.1564636230 19.3826828003 -0.5916790962
178.7256317139 0.0000000000 0.0000000000 0.0000000000 281.1959228516 19.5017337799 -0.5899147987
179.3935089111 0.0000000000 0.0000000000 0.0000000000 280.2340087891 19.6284046173 -0.5878591537
179.9246215820 0.0000000000 0.0000000000 0.0000000000 279.2500915527 19.7700176239 -0.5854179859
180.3199920654 0.0000000000 0.0000000000 0.0000000000 278.2743225098 19.9264717102 -0.5825960636
180.5915069580 0.0000000000 0.0000000000 0.0000000000 277.3452453613 20.0959815979 -0.5793631077
180.7638702393 0.0000000000 0.0000000000 0.0000000000 276.4374389648 20.2659435272 -0.5759868622
180.8433990479 0.0000000000 0.0000000000 0.0000000000 275.5615844727 20.4283618927 -0.5726380348
180.8636474609 0.0000000000 0.0000000000 0.0000000000 274.5794067383 20.5788955688 -0.5692095757
180.8395538330 0.0000000000 0.0000000000 0.0000000000 273.6976013184 20.7215499878 -0.5656182766
180.7746582031 0.0000000000 0.0000000000 0.0000000000 272.8887939453 20.8602848053 -0.5618515015
180.6885070801 0.0000000000 0.0000000000 0.0000000000 272.0020141602 20.9980506897 -0.5578784943
180.5859375000 0.0000000000 0.0000000000 0.0000000000 271.0858764648 21.1322059631 -0.5538260937
180.4768981934 0.0000000000 0.0000000000 0.0000000000 270.1549682617 21.2592201233 -0.5498380661
180.3472442627 0.0000000000 0.0000000000 0.0000000000 269.2123413086 21.3812866211 -0.5458753109
180.1898193359 0.0000000000 0.0000000000 0.0000000000 268.2984924316 21.4986972809 -0.5419168472
180.0005645752 0.0000000000 0.0000000000 0.0000000000 267.4595642090 21.6072330475 -0.5381510258
179.7614898682 0.0000000000 0.0000000000 0.0000000000 266.5894775391 21.7189254761 -0.5344543457
179.4580535889 0.0000000000 0.0000000000 0.0000000000 265.5728454590 21.8202056885 -0.5308876038
179.0755462646 0.0000000000 0.0000000000 0.0000000000 264.6071166992 21.9177455902 -0.5273642540
178.6236877441 0.0000000000 0.0000000000 0.0000000000 263.7247619629 22.0023689270 -0.5239171982
178.1147155762 0.0000000000 0.0000000000 0.0000000000 262.8269042969 22.0810756683 -0.5204150677
177.5579681396 0.0000000000 0.0000000000 0.0000000000 261.9583129883 22.1465797424 -0.5169687271
176.9622192383 0.0000000000 0.0000000000 0.0000000000 261.0734863281 22.1988964081 -0.5136291981
176.3387451172 0.0000000000 0.0000000000 0.0000000000 260.2112426758 22.2421474457 -0.5103709698
175.6965179443 0.0000000000 0.0000000000 0.0000000000 259.3371582031 22.2794990540 -0.5071856976
175.0556945801 0.0000000000 0.0000000000 0.0000000000 258.4684753418 22.3066310883 -0.5040297508
174.4356842041 0.0000000000 0.0000000000 0.0000000000 257.5796203613 22.3235912323 -0.5009727478
173.8373260498 0.0000000000 0.0000000000 0.0000000000 256.6828308105 22.3331642151 -0.4980022907
173.2603607178 0.0000000000 0.0000000000 0.0000000000 255.7838745117 22.3323001862 -0.4950847626
172.7073822021 0.0000000000 0.0000000000 0.0000000000 254.8573760986 22.3200149536 -0.4922192097
172.1789855957 0.0000000000 0.0000000000 0.0000000000 253.9467926025 22.2908363342 -0.4894917011
171.6632080078 0.0000000000 0.0000000000 0.0000000000 253.0289306641 22.2565650940 -0.4867568016
171.1523437500 0.0000000000 0.0000000000 0.0000000000 252.1233062744 22.2184028625 -0.4840185642
170.6380462646 0.0000000000 0.0000000000 0.0000000000 251.2135467529 22.1793346405 -0.4812481403
170.1172943115 0.0000000000 0.0000000000 0.0000000000 250.3232269287 22.1421451569 -0.4784808159
169.5895996094 0.0000000000 0.0000000000 0.0000000000 249.4295501709 22.1058139801 -0.4757568836
169.0553588867 0.0000000000 0.0000000000 0.0000000000 248.5289764404 22.0639019012 -0.4731137753
168.5158233643 0.0000000000 0.0000000000 0.0000000000 247.6444396973 22.0154571533 -0.4704949856
167.9719543457 0.0000000000 0.0000000000 0.0000000000 246.7814178467 21.9612751007 -0.4679038525
167.4309539795 0.0000000000 0.0000000000 0.0000000000 245.9265136719 21.9039897919 -0.4653670788
166.9013214111 0.0000000000 0.0000000000 0.0000000000 245.0868072510 21.8424358368 -0.4628973007
166.3873443604 0.0000000000 0.0000000000 0.0000000000 244.2419128418 21.7766819000 -0.4604363441
165.8938140869 0.0000000000 0.0000000000 0.0000000000 243.3904113770 21.7110710144 -0.4579162598
165.4256591797 0.0000000000 0.0000000000 0.0000000000 242.5219879150 21.6441402435 -0.4553411007
164.9860382080 0.0000000000 0.0000000000 0.0000000000 241.6530303955 21.5678730011 -0.4528589249
164.5660552979 0.0000000000 0.0000000000 0.0000000000 240.7536926270 21.4875679016 -0.4504654408
164.1561737061 0.0000000000 0.0000000000 0.0000000000 239.8893737793 21.4065170288 -0.4480535984
163.7565917969 0.0000000000 0.0000000000 0.0000000000 239.0291748047 21.3240680695 -0.4456646442
163.3618316650 0.0000000000 0.0000000000 0.0000000000 238.1804351807 21.2421913147 -0.4433184862
162.9637451172 0.0000000000 0.0000000000 0.0000000000 237.3522796631 21.1648025513 -0.4409356117
162.5621643066 0.0000000000 0.0000000000 0.0000000000 236.5389556885 21.0902538300 -0.4386301041
162.1577148438 0.0000000000 0.0000000000 0.0000000000 235.6599731445 21.0171337128 -0.4363768101
161.7522277832 0.0000000000 0.0000000000 0.0000000000 234.8083496094 20.9472255707 -0.4341374636
161.3509368896 0.0000000000 0.0000000000 0.0000000000 233.9823608398 20.8815002441 -0.4319461584
160.9654235840 0.0000000000 0.0000000000 0.0000000000 233.1069793701 20.8150215149 -0.4297319651
160.6023406982 0.0000000000 0.0000000000 0.0000000000 232.3059997559 20.7427883148 -0.4276125431
160.2588195801 0.0000000000 0.0000000000 0.0000000000 231.5141906738 20.6628971100 -0.4255489111
159.9397735596 0.0000000000 0.0000000000 0.0000000000 230.6928710938 20.5740566254 -0.4235309362
159.6381530762 0.0000000000 0.0000000000 0.0000000000 229.8812713623 20.4821891785 -0.4215888977
159.3431396484 0.0000000000 0.0000000000 0.0000000000 229.0616149902 20.3910484314 -0.4196106195
159.0515136719 0.0000000000 0.0000000000 0.0000000000 228.2642364502 20.3043994904 -0.4176223278
158.7666473389 0.0000000000 0.0000000000 0.0000000000 227.4796295166 20.2167339325 -0.4156756401
158.4888916016 0.0000000000 0.0000000000 0.0000000000 226.7182312012 20.1263999939 -0.4137530327
158.2142639160 0.0000000000 0.0000000000 0.0000000000 225.9911193848 20.0350074768 -0.4118599892
157.9356689453 0.0000000000 0.0000000000 0.0000000000 225.3157806396 19.9413013458 -0.4099436998
157.6566009521 0.0000000000 0.0000000000 0.0000000000 224.5180969238 19.8477039337 -0.4080070257
157.3759613037 0.0000000000 0.0000000000 0.0000000000 223.7328796387 19.7535438538 -0.4060505629
157.0971984863 0.0000000000 0.0000000000 0.0000000000 223.0103607178 19.6579399109 -0.4041550159
156.8199615479 0.0000000000 0.0000000000 0.0000000000 222.3309478760 19.5619106293 -0.4022824764
156.5475311279 0.0000000000 0.0000000000 0.0000000000 221.6160888672 19.4638881683 -0.4004267454
156.2802276611 0.0000000000 0.0000000000 0.0000000000 220.8733520508 19.3627624512 -0.3985972404
156.0218048096 0.0000000000 0.0000000000 0.0000000000 220.0511474609 19.2602748871 -0.3967826366
155.7681579590 0.0000000000 0.0000000000 0.0000000000 219.3204498291 19.1584281921 -0.3950030804
155.5146179199 0.0000000000 0.0000000000 0.0000000000 218.6349182129 19.0612964630 -0.3932096958
155.2626953125 0.0000000000 0.0000000000 0.0000000000 217.9468536377 18.9660282135 -0.3914146423
155.0158386230 0.0000000000 0.0000000000 0.0000000000 217.2308197021 18.8715839386 -0.3896220922
154.7782897949 0.0000000000 0.0000000000 0.0000000000 216.4187164307 18.7734146118 -0.3878855705
154.5460815430 0.0000000000 0.0000000000 0.0000000000 215.7054290771 18.6727790833 -0.3861560822
154.3122863770 0.0000000000 0.0000000000 0.0000000000 214.9852905273 18.5759582520 -0.3844165802
154.0753021240 0.0000000000 0.0000000000 0.0000000000 214.2752685547 18.4798336029 -0.3826589584
153.8389282227 0.0000000000 0.0000000000 0.0000000000 213.5740814209 18.3807239532 -0.3809158802
153.6026306152 0.0000000000 0.0000000000 0.0000000000 212.8843383789 18.2816104889 -0.3791494370
153.3689727783 0.0000000000 0.0000000000 0.0000000000 212.2392883301 18.1800441742 -0.3773845434
153.1339721680 0.0000000000 0.0000000000 0.0000000000 211.5236968994 18.0800113678 -0.3756397963
152.8978576660 0.0000000000 0.0000000000 0.0000000000 210.8674621582 17.9811706543 -0.3738861084
152.6691284180 0.0000000000 0.0000000000 0.0000000000 210.2138671875 17.8769283295 -0.3721965551
152.4435577393 0.0000000000 0.0000000000 0.0000000000 209.5738525391 17.7703933716 -0.3704719543
152.2200469971 0.0000000000 0.0000000000 0.0000000000 208.9289093018 17.6628952026 -0.3687618971
151.9953308105 0.0000000000 0.0000000000 0.0000000000 208.2554016113 17.5597534180 -0.3670276403
151.7733917236 0.0000000000 0.0000000000 0.0000000000 207.6857604980 17.4613952637 -0.3653002977
151.5546722412 0.0000000000 0.0000000000 0.0000000000 206.9802093506 17.3639698029 -0.3635702133
151.3441925049 0.0000000000 0.0000000000 0.0000000000 206.4139404297 17.2633209229 -0.3618654013
151.1375732422 0.0000000000 0.0000000000 0.0000000000 205.7554931641 17.1624794006 -0.3601666689
150.9269256592 0.0000000000 0.0000000000 0.0000000000 205.1383819580 17.0653362274 -0.3584784269
150.7131958008 0.0000000000 0.0000000000 0.0000000000 204.5494995117 16.9686698914 -0.3567942381
150.4984130859 0.0000000000 0.0000000000 0.0000000000 203.9751892090 16.8736267090 -0.3551284075
150.2846679688 0.0000000000 0.0000000000 0.0000000000 203.4155883789 16.7768325806 -0.3534868956
150.0717010498 0.0000000000 0.0000000000 0.0000000000 202.8667297363 16.6795997620 -0.3518620729
149.8642883301 0.0000000000 0.0000000000 0.0000000000 202.3167114258 16.5819187164 -0.3502759933
149.6602935791 0.0000000000 0.0000000000 0.0000000000 201.7461547852 16.4861030579 -0.3487100601
149.4583892822 0.0000000000 0.0000000000 0.0000000000 201.1331176758 16.3915424347 -0.3471859694
149.2598724365 0.0000000000 0.0000000000 0.0000000000 200.5237579346 16.2969608307 -0.3457355499
149.0653381348 0.0000000000 0.0000000000 0.0000000000 199.9284362793 16.2005214691 -0.3443527222
148.8761596680 0.0000000000 0.0000000000 0.0000000000 199.3058166504 16.0979499817 -0.3430490494
148.6882629395 0.0000000000 0.0000000000 0.0000000000 198.6081390381 15.9889316559 -0.3417969942
148.4948577881 0.0000000000 0.0000000000 0.0000000000 197.9528808594 15.8807182312 -0.3405596018
148.2923278809 0.0000000000 0.0000000000 0.0000000000 197.3388366699 15.7689151764 -0.3393235207
148.0816955566 0.0000000000 0.0000000000 0.0000000000 196.7427978516 15.6552772522 -0.3380666971
147.8643646240 0.0000000000 0.0000000000 0.0000000000 196.1565399170 15.5429105759 -0.3367986679
147.6336059570 0.0000000000 0.0000000000 0.0000000000 195.5280609131 15.4339504242 -0.3354625702
147.3936004639 0.0000000000 0.0000000000 0.0000000000 194.8853607178 15.3273429871 -0.3341324329
147.1501770020 0.0000000000 0.0000000000 0.0000000000 194.2614135742 15.2170372009 -0.3327791691
146.9065551758 0.0000000000 0.0000000000 0.0000000000 193.6266784668 15.1068143845 -0.3314348459
146.6679687500 0.0000000000 0.0000000000 0.0000000000 193.0182800293 14.9963712692 -0.3300855160
146.4348907471 0.0000000000 0.0000000000 0.0000000000 192.4468688965 14.8889455795 -0.3287295103
146.2142639160 0.0000000000 0.0000000000 0.0000000000 191.8773498535 14.7797632217 -0.3274381161
146.0089111328 0.0000000000 0.0000000000 0.0000000000 191.3053283691 14.6693172455 -0.3261427879
145.8200378418 0.0000000000 0.0000000000 0.0000000000 190.7178192139 14.5586004257 -0.3248610497
145.6453552246 0.0000000000 0.0000000000 0.0000000000 190.1202545166 14.4519300461 -0.3235929012
145.4850311279 0.0000000000 0.0000000000 0.0000000000 189.5083923340 14.3473796844 -0.3222478628
145.3413696289 0.0000000000 0.0000000000 0.0000000000 188.8994750977 14.2454853058 -0.3209376335
145.2086944580 0.0000000000 0.0000000000 0.0000000000 188.3068084717 14.1442193985 -0.3196554184
145.0805206299 0.0000000000 0.0000000000 0.0000000000 187.7280731201 14.0450868607 -0.3183879852
144.9564666748 0.0000000000 0.0000000000 0.0000000000 187.1405487061 13.9463281631 -0.3171600103
144.8292694092 0.0000000000 0.0000000000 0.0000000000 186.5486907959 13.8500165939 -0.3159489632
144.6981353760 0.0000000000 0.0000000000 0.0000000000 185.9767761230 13.7524013519 -0.3147902489
144.5606384277 0.0000000000 0.0000000000 0.0000000000 185.4183349609 13.6553764343 -0.3136472702
144.4133605957 0.0000000000 0.0000000000 0.0000000000 184.8824157715 13.5589342117 -0.3125770092
144.2569122314 0.0000000000 0.0000000000 0.0000000000 184.3426513672 13.4641332626 -0.3115190268
144.0938415527 0.0000000000 0.0000000000 0.0000000000 183.7274017334 13.3699026108 -0.3104718924
143.9252777100 0.0000000000 0.0000000000 0.0000000000 183.1137084961 13.2780551910 -0.3093783855
143.7534332275 0.0000000000 0.0000000000 0.0000000000 182.5110321045 13.1877870560 -0.3082997799
143.5837402344 0.0000000000 0.0000000000 0.0000000000 181.9164123535 13.0982675552 -0.3072451353
143.4206848145 0.0000000000 0.0000000000 0.0000000000 181.3325195312 13.0078783035 -0.3062900305
143.2647705078 0.0000000000 0.0000000000 0.0000000000 180.7561798096 12.9157333374 -0.3053828478
143.1192626953 0.0000000000 0.0000000000 0.0000000000 180.1695404053 12.8209066391 -0.3044732809
142.9794769287 0.0000000000 0.0000000000 0.0000000000 179.5985717773 12.7281389236 -0.3035780191
142.8379058838 0.0000000000 0.0000000000 0.0000000000 179.0450286865 12.6377973557 -0.3026776314
142.6890411377 0.0000000000 0.0000000000 0.0000000000 178.4869384766 12.5474367142 -0.3016972542
142.5334930420 0.0000000000 0.0000000000 0.0000000000 177.9356536865 12.4572668076 -0.3006911278
142.3723144531 0.0000000000 0.0000000000 0.0000000000 177.3912200928 12.3703556061 -0.2996773720
142.2097167969 0.0000000000 0.0000000000 0.0000000000 176.8499298096 12.2838850021 -0.2986785173
142.0471496582 0.0000000000 0.0000000000 0.0000000000 176.3113708496 12.1969261169 -0.2977193594
141.8861999512 0.0000000000 0.0000000000 0.0000000000 175.7920379639 12.1091699600 -0.2967754602
141.7279205322 0.0000000000 0.0000000000 0.0000000000 175.2843170166 12.0214996338 -0.2958282232
141.5739746094 0.0000000000 0.0000000000 0.0000000000 174.7879180908 11.9341268539 -0.2948638201
141.4233551025 0.0000000000 0.0000000000 0.0000000000 174.3040161133 11.8488082886 -0.2939002514
141.2767028809 0.0000000000 0.0000000000 0.0000000000 173.8258209229 11.7627267838 -0.2928982973
141.1381683350 0.0000000000 0.0000000000 0.0000000000 173.3513488770 11.6707448959 -0.2919033766
141.0075225830 0.0000000000 0.0000000000 0.0000000000 172.8913421631 11.5810852051 -0.2909390926
140.8871765137 0.0000000000 0.0000000000 0.0000000000 172.4364166260 11.4887886047 -0.2899503708
140.7740631104 0.0000000000 0.0000000000 0.0000000000 171.9886016846 11.3960256577 -0.2890025377
140.6675872803 0.0000000000 0.0000000000 0.0000000000 171.5386352539 11.3025808334 -0.2880880833
140.5640563965 0.0000000000 0.0000000000 0.0000000000 171.0816192627 11.2086477280 -0.2871732712
140.4630126953 0.0000000000 0.0000000000 0.0000000000 170.6143341064 11.1149568558 -0.2862640619
140.3631439209 0.0000000000 0.0000000000 0.0000000000 170.1436157227 11.0225877762 -0.2853387594
140.2599487305 0.0000000000 0.0000000000 0.0000000000 169.6772766113 10.9341850281 -0.2843914032
140.1526336670 0.0000000000 0.0000000000 0.0000000000 169.2239379883 10.8492927551 -0.2834713459
140.0406341553 0.0000000000 0.0000000000 0.0000000000 168.7786560059 10.7677621841 -0.2824792862
139.9220886230 0.0000000000 0.0000000000 0.0000000000 168.3387603760 10.6883697510 -0.2815183401
139.7961730957 0.0000000000 0.0000000000 0.0000000000 167.9017791748 10.6118087769 -0.2805572748
139.6609191895 0.0000000000 0.0000000000 0.0000000000 167.4714508057 10.5370540619 -0.2795534134
139.5159454346 0.0000000000 0.0000000000 0.0000000000 167.0393524170 10.4637460709 -0.2785366774
139.3665466309 0.0000000000 0.0000000000 0.0000000000 166.6136627197 10.3917455673 -0.2774909735
139.2122497559 0.0000000000 0.0000000000 0.0000000000 166.1927185059 10.3218994141 -0.2764326334
139.0539093018 0.0000000000 0.0000000000 0.0000000000 165.7753295898 10.2532577515 -0.2753676176
138.8952484131 0.0000000000 0.0000000000 0.0000000000 165.3332519531 10.1856670380 -0.2743054032
138.7356872559 0.0000000000 0.0000000000 0.0000000000 164.8899230957 10.1196594238 -0.2732509375
138.5760650635 0.0000000000 0.0000000000 0.0000000000 164.4537200928 10.0535554886 -0.2721994519
138.4183654785 0.0000000000 0.0000000000 0.0000000000 164.0294799805 9.9880037308 -0.2711716294
138.2635498047 0.0000000000 0.0000000000 0.0000000000 163.6053009033 9.9223918915 -0.2701554298
138.1140441895 0.0000000000 0.0000000000 0.0000000000 163.1868896484 9.8547649384 -0.2691938877
137.9682617188 0.0000000000 0.0000000000 0.0000000000 162.7678222656 9.7868499756 -0.2682186961
137.8248596191 0.0000000000 0.0000000000 0.0000000000 162.3527832031 9.7184162140 -0.2672740221
137.6822204590 0.0000000000 0.0000000000 0.0000000000 161.9391937256 9.6498031616 -0.2663044930
137.5402526855 0.0000000000 0.0000000000 0.0000000000 161.5300903320 9.5811691284 -0.2653568387
137.3975372314 0.0000000000 0.0000000000 0.0000000000 161.1268310547 9.5133380890 -0.2644016743
137.2508850098 0.0000000000 0.0000000000 0.0000000000 160.7321929932 9.4475059509 -0.2634534836
137.0986328125 0.0000000000 0.0000000000 0.0000000000 160.3288726807 9.3848543167 -0.2624989152
136.9420471191 0.0000000000 0.0000000000 0.0000000000 159.9348754883 9.3240213394 -0.2615836859
136.7854003906 0.0000000000 0.0000000000 0.0000000000 159.5538787842 9.2629566193 -0.2606809735
136.6286010742 0.0000000000 0.0000000000 0.0000000000 159.1516418457 9.2008018494 -0.2597774267
136.4708251953 0.0000000000 0.0000000000 0.0000000000 158.7626495361 9.1380462646 -0.2588900328
136.3149719238 0.0000000000 0.0000000000 0.0000000000 158.3804168701 9.0743675232 -0.2579878569
136.1645050049 0.0000000000 0.0000000000 0.0000000000 158.0009613037 9.0092430115 -0.2571158409
136.0200958252 0.0000000000 0.0000000000 0.0000000000 157.6307373047 8.9432363510 -0.2562353611
135.8788452148 0.0000000000 0.0000000000 0.0000000000 157.2645111084 8.8780288696 -0.2553649545
135.7424163818 0.0000000000 0.0000000000 0.0000000000 156.8966369629 8.8101711273 -0.2545181513
135.6091613770 0.0000000000 0.0000000000 0.0000000000 156.5263214111 8.7407522202 -0.2536802888
135.4779815674 0.0000000000 0.0000000000 0.0000000000 156.1586761475 8.6700448990 -0.2528600693
135.3470001221 0.0000000000 0.0000000000 0.0000000000 155.7947845459 8.5983152390 -0.2520567179
135.2174072266 0.0000000000 0.0000000000 0.0000000000 155.4324340820 8.5257892609 -0.2512356043
135.0875549316 0.0000000000 0.0000000000 0.0000000000 155.0716857910 8.4526433945 -0.2504333854
134.9582061768 0.0000000000 0.0000000000 0.0000000000 154.7091827393 8.3799304962 -0.2496255636
134.8274078369 0.0000000000 0.0000000000 0.0000000000 154.3484497070 8.3087596893 -0.2488374114
134.6952514648 0.0000000000 0.0000000000 0.0000000000 153.9957427979 8.2402076721 -0.2480465174
134.5632781982 0.0000000000 0.0000000000 0.0000000000 153.6463928223 8.1721010208 -0.2472503781
134.4308776855 0.0000000000 0.0000000000 0.0000000000 153.3056335449 8.1053867340 -0.2464653254
134.2987976074 0.0000000000 0.0000000000 0.0000000000 152.9713287354 8.0390539169 -0.2456912994
134.1691894531 0.0000000000 0.0000000000 0.0000000000 152.6326599121 7.9737038612 -0.2449248433
134.0398101807 0.0000000000 0.0000000000 0.0000000000 152.2873229980 7.9098191261 -0.2441439033
133.9087219238 0.0000000000 0.0000000000 0.0000000000 151.9452056885 7.8475999832 -0.2433713675
133.7778778076 0.0000000000 0.0000000000 0.0000000000 151.6144714355 7.7863554955 -0.2426000834
133.6458435059 0.0000000000 0.0000000000 0.0000000000 151.2847900391 7.7265610695 -0.2418479919
133.5117034912 0.0000000000 0.0000000000 0.0000000000 150.9594268799 7.6685242653 -0.2410930395
133.3770751953 0.0000000000 0.0000000000 0.0000000000 150.6417846680 7.6125273705 -0.2403550744
133.2415161133 0.0000000000 0.0000000000 0.0000000000 150.3171844482 7.5585498810 -0.2396025062
133.1064910889 0.0000000000 0.0000000000 0.0000000000 150.0081939697 7.5059161186 -0.2388447523
132.9717559814 0.0000000000 0.0000000000 0.0000000000 149.6967926025 7.4540791512 -0.2380955219
132.8371429443 0.0000000000 0.0000000000 0.0000000000 149.3864288330 7.4033570290 -0.2373663187
132.7006378174 0.0000000000 0.0000000000 0.0000000000 149.0799713135 7.3532390594 -0.2366245985
132.5604248047 0.0000000000 0.0000000000 0.0000000000 148.7813720703 7.3044586182 -0.2358758450
132.4216308594 0.0000000000 0.0000000000 0.0000000000 148.4867095947 7.2573256493 -0.2351335287
132.2837982178 0.0000000000 0.0000000000 0.0000000000 148.1929779053 7.2113895416 -0.2343889475
132.1476745605 0.0000000000 0.0000000000 0.0000000000 147.9061584473 7.1667408943 -0.2336468697
132.0130920410 0.0000000000 0.0000000000 0.0000000000 147.6198730469 7.1237583160 -0.2329026461
131.8826599121 0.0000000000 0.0000000000 0.0000000000 147.3194122314 7.0818266869 -0.2321647406
131.7558288574 0.0000000000 0.0000000000 0.0000000000 147.0146026611 7.0392704010 -0.2314339876
131.6341857910 0.0000000000 0.0000000000 0.0000000000 146.7117004395 6.9964418411 -0.2307206392
131.5196990967 0.0000000000 0.0000000000 0.0000000000 146.4067382812 6.9525480270 -0.2300105095
131.4094085693 0.0000000000 0.0000000000 0.0000000000 146.0989379883 6.9081711769 -0.2293051481
131.3033447266 0.0000000000 0.0000000000 0.0000000000 145.7901000977 6.8641786575 -0.2286032438
131.2015380859 0.0000000000 0.0000000000 0.0000000000 145.4901275635 6.8203320503 -0.2278985977
131.1026763916 0.0000000000 0.0000000000 0.0000000000 145.1989135742 6.7768225670 -0.2272043228
131.0039825439 0.0000000000 0.0000000000 0.0000000000 144.9132232666 6.7345042229 -0.2265267372
130.9029693604 0.0000000000 0.0000000000 0.0000000000 144.6292114258 6.6937847137 -0.2258492708
130.7995605469 0.0000000000 0.0000000000 0.0000000000 144.3427734375 6.6542272568 -0.2251717448
130.6957550049 0.0000000000 0.0000000000 0.0000000000 144.0612030029 6.6149401665 -0.2245032787
130.5902099609 0.0000000000 0.0000000000 0.0000000000 143.7797698975 6.5760550499 -0.2238442302
130.4850006104 0.0000000000 0.0000000000 0.0000000000 143.5068206787 6.5377764702 -0.2231780291
130.3783111572 0.0000000000 0.0000000000 0.0000000000 143.2281646729 6.5008125305 -0.2225159407
130.2722167969 0.0000000000 0.0000000000 0.0000000000 142.9553833008 6.4642229080 -0.2218528986
130.1660919189 0.0000000000 0.0000000000 0.0000000000 142.6810760498 6.4284534454 -0.2212145329
130.0589447021 0.0000000000 0.0000000000 0.0000000000 142.4077911377 6.3925242424 -0.2205727100
129.9529113770 0.0000000000 0.0000000000 0.0000000000 142.1358795166 6.3553924561 -0.2199067473
129.8488769531 0.0000000000 0.0000000000 0.0000000000 141.8690948486 6.3185534477 -0.2192561030
129.7471771240 0.0000000000 0.0000000000 0.0000000000 141.5985870361 6.2822322845 -0.2186197042
129.6477508545 0.0000000000 0.0000000000 0.0000000000 141.3255920410 6.2461490631 -0.2179868817
129.5516662598 0.0000000000 0.0000000000 0.0000000000 141.0616455078 6.2108082771 -0.2173640132
129.4581909180 0.0000000000 0.0000000000 0.0000000000 140.7986907959 6.1759400368 -0.2167503834
129.3673706055 0.0000000000 0.0000000000 0.0000000000 140.5350799561 6.1420168877 -0.2161495686
129.2782440186 0.0000000000 0.0000000000 0.0000000000 140.2707519531 6.1080055237 -0.2155435681
129.1921844482 0.0000000000 0.0000000000 0.0000000000 140.0020141602 6.0745072365 -0.2149623036
129.1079711914 0.0000000000 0.0000000000 0.0000000000 139.7268066406 6.0406665802 -0.2143771648
129.0251922607 0.0000000000 0.0000000000 0.0000000000 139.4542694092 6.0068936348 -0.2137882113
128.9417724609 0.0000000000 0.0000000000 0.0000000000 139.1873626709 5.9721336365 -0.2132074833
128.8581695557 0.0000000000 0.0000000000 0.0000000000 138.9214782715 5.9375557899 -0.2126253843
128.7736511230 0.0000000000 0.0000000000 0.0000000000 138.6560211182 5.9034600258 -0.2120396495
128.6866607666 0.0000000000 0.0000000000 0.0000000000 138.3874969482 5.8712553978 -0.2114285827
128.5954742432 0.0000000000 0.0000000000 0.0000000000 138.1227264404 5.8410296440 -0.2108197212
128.5010223389 0.0000000000 0.0000000000 0.0000000000 137.8618011475 5.8116159439 -0.2102425098
128.4048004150 0.0000000000 0.0000000000 0.0000000000 137.6016540527 5.7816390991 -0.2096329331
128.3064727783 0.0000000000 0.0000000000 0.0000000000 137.3456420898 5.7519168854 -0.2090515494
128.2066955566 0.0000000000 0.0000000000 0.0000000000 137.0949707031 5.7231435776 -0.2084561586
128.1055908203 0.0000000000 0.0000000000 0.0000000000 136.8453979492 5.6961326599 -0.2078697085
128.0032653809 0.0000000000 0.0000000000 0.0000000000 136.5952911377 5.6700081825 -0.2072804570
127.9025192261 0.0000000000 0.0000000000 0.0000000000 136.3464813232 5.6436705589 -0.2066881061
127.8066329956 0.0000000000 0.0000000000 0.0000000000 136.0970764160 5.6163449287 -0.2061234713
127.7150192261 0.0000000000 0.0000000000 0.0000000000 135.8538513184 5.5868439674 -0.2055543661
127.6265029907 0.0000000000 0.0000000000 0.0000000000 135.6018981934 5.5562558174 -0.2049978375
127.5394210815 0.0000000000 0.0000000000 0.0000000000 135.3463592529 5.5259466171 -0.2044499516
127.4532928467 0.0000000000 0.0000000000 0.0000000000 135.0905303955 5.4967370033 -0.2039037943
127.3671035767 0.0000000000 0.0000000000 0.0000000000 134.8340301514 5.4678792953 -0.2033543587
127.2810363770 0.0000000000 0.0000000000 0.0000000000 134.5763702393 5.4394907951 -0.2028133273
127.1949920654 0.0000000000 0.0000000000 0.0000000000 134.3150024414 5.4119343758 -0.2022745013
127.1087188721 0.0000000000 0.0000000000 0.0000000000 134.0552825928 5.3845357895 -0.2017365098
127.0229873657 0.0000000000 0.0000000000 0.0000000000 133.8008575439 5.3563327789 -0.2011929750
126.9380874634 0.0000000000 0.0000000000 0.0000000000 133.5528259277 5.3272361755 -0.2006706595
126.8535385132 0.0000000000 0.0000000000 0.0000000000 133.2847137451 5.2978925705 -0.2001548409
126.7692794800 0.0000000000 0.0000000000 0.0000000000 133.0246124268 5.2681870461 -0.1996809840
126.6860122681 0.0000000000 0.0000000000 0.0000000000 132.7608795166 5.2380542755 -0.1991630197
126.6016693115 0.0000000000 0.0000000000 0.0000000000 132.4954223633 5.2083435059 -0.1986908913
126.5166244507 0.0000000000 0.0000000000 0.0000000000 132.2301788330 5.1781945229 -0.1982395053
126.4323348999 0.0000000000 0.0000000000 0.0000000000 131.9639434814 5.1468811035 -0.1977818608
126.3470916748 0.0000000000 0.0000000000 0.0000000000 131.6964111328 5.1158719063 -0.1973150373
126.2599105835 0.0000000000 0.0000000000 0.0000000000 131.4325256348 5.0858640671 -0.1968442798
126.1710510254 0.0000000000 0.0000000000 0.0000000000 131.1730194092 5.0567712784 -0.1963745952
126.0820312500 0.0000000000 0.0000000000 0.0000000000 130.9163208008 5.0285286903 -0.1959158182
125.9942474365 0.0000000000 0.0000000000 0.0000000000 130.6536102295 5.0000810623 -0.1954727769
125.9055786133 0.0000000000 0.0000000000 0.0000000000 130.3888854980 4.9711289406 -0.1950324774
125.8161926270 0.0000000000 0.0000000000 0.0000000000 130.1251220703 4.9437065125 -0.1945834160
125.7263031006 0.0000000000 0.0000000000 0.0000000000 129.8637084961 4.9182057381 -0.1941342950
125.6340103149 0.0000000000 0.0000000000 0.0000000000 129.6028594971 4.8939013481 -0.1937048435
125.5421066284 0.0000000000 0.0000000000 0.0000000000 129.3410339355 4.8703227043 -0.1932756901
125.4507980347 0.0000000000 0.0000000000 0.0000000000 129.0786895752 4.8472776413 -0.1928470135
125.3609542847 0.0000000000 0.0000000000 0.0000000000 128.8131866455 4.8256263733 -0.1924229264
125.2713165283 0.0000000000 0.0000000000 0.0000000000 128.5465240479 4.8048958778 -0.1920065284
125.1849517822 0.0000000000 0.0000000000 0.0000000000 128.2828521729 4.7838773727 -0.1916154027
125.1015701294 0.0000000000 0.0000000000 0.0000000000 128.0195159912 4.7619042397 -0.1912268996
125.0228958130 0.0000000000 0.0000000000 0.0000000000 127.7544174194 4.7377977371 -0.1908529997
124.9460601807 0.0000000000 0.0000000000 0.0000000000 127.4874343872 4.7137970924 -0.1904897094
124.8709411621 0.0000000000 0.0000000000 0.0000000000 127.2173843384 4.6897072792 -0.1901183724
124.7957992554 0.0000000000 0.0000000000 0.0000000000 126.9521331787 4.6663680077 -0.1897656322
124.7194900513 0.0000000000 0.0000000000 0.0000000000 126.6866989136 4.6427860260 -0.1893969178
124.6425018311 0.0000000000 0.0000000000 0.0000000000 126.4218368530 4.6183180809 -0.1890380383
124.5647583008 0.0000000000 0.0000000000 0.0000000000 126.1594543457 4.5938267708 -0.1886951923
124.4848098755 0.0000000000 0.0000000000 0.0000000000 125.8959197998 4.5688710213 -0.1883477569
124.4005355835 0.0000000000 0.0000000000 0.0000000000 125.6336898804 4.5440697670 -0.1879938841
124.3132019043 0.0000000000 0.0000000000 0.0000000000 125.3743743896 4.5209770203 -0.1876296401
124.2240371704 0.0000000000 0.0000000000 0.0000000000 125.1185073853 4.4997897148 -0.1872664094
124.1330261230 0.0000000000 0.0000000000 0.0000000000 124.8657684326 4.4800081253 -0.1868953705
124.0426864624 0.0000000000 0.0000000000 0.0000000000 124.6150970459 4.4607791901 -0.1865103245
123.9547882080 0.0000000000 0.0000000000 0.0000000000 124.3673553467 4.4417290688 -0.1861318946
123.8704299927 0.0000000000 0.0000000000 0.0000000000 124.1218261719 4.4224095345 -0.1857603788
123.7880096436 0.0000000000 0.0000000000 0.0000000000 123.8781280518 4.4027271271 -0.1853888035
123.7069168091 0.0000000000 0.0000000000 0.0000000000 123.6362075806 4.3833918571 -0.1850233078
123.6276702881 0.0000000000 0.0000000000 0.0000000000 123.3928756714 4.3644762039 -0.1846528053
123.5490493774 0.0000000000 0.0000000000 0.0000000000 123.1512680054 4.3462872505 -0.1842973828
123.4704055786 0.0000000000 0.0000000000 0.0000000000 122.9066772461 4.3289246559 -0.1839323044
123.3900985718 0.0000000000 0.0000000000 0.0000000000 122.6611557007 4.3114638329 -0.1835516691
123.3080825806 0.0000000000 0.0000000000 0.0000000000 122.4197387695 4.2940454483 -0.1831893325
123.2232971191 0.0000000000 0.0000000000 0.0000000000 122.1784133911 4.2765722275 -0.1828243136
123.1377487183 0.0000000000 0.0000000000 0.0000000000 121.9396896362 4.2583479881 -0.1824750304
123.0489273071 0.0000000000 0.0000000000 0.0000000000 121.7038345337 4.2407088280 -0.1821111441
122.9569091797 0.0000000000 0.0000000000 0.0000000000 121.4712905884 4.2227935791 -0.1817603111
122.8642425537 0.0000000000 0.0000000000 0.0000000000 121.2413253784 4.2047929764 -0.1814043522
122.7722778320 0.0000000000 0.0000000000 0.0000000000 121.0123672485 4.1859941483 -0.1810398698
122.6806335449 0.0000000000 0.0000000000 0.0000000000 120.7840042114 4.1672739983 -0.1806738973
122.5896835327 0.0000000000 0.0000000000 0.0000000000 120.5572357178 4.1497993469 -0.1803166866
122.4996643066 0.0000000000 0.0000000000 0.0000000000 120.3299789429 4.1339206696 -0.1799530983
122.4108276367 0.0000000000 0.0000000000 0.0000000000 120.1025390625 4.1188058853 -0.1795799136
122.3258743286 0.0000000000 0.0000000000 0.0000000000 119.8738861084 4.1039767265 -0.1792142987
122.2442550659 0.0000000000 0.0000000000 0.0000000000 119.6430053711 4.0889248848 -0.1788445115
122.1658782959 0.0000000000 0.0000000000 0.0000000000 119.4072647095 4.0725822449 -0.1784697771
122.0907821655 0.0000000000 0.0000000000 0.0000000000 119.1772079468 4.0559172630 -0.1780906320
122.0179595947 0.0000000000 0.0000000000 0.0000000000 118.9458236694 4.0398726463 -0.1777232289
121.9450759888 0.0000000000 0.0000000000 0.0000000000 118.7109985352 4.0254802704 -0.1773445606
121.8712615967 0.0000000000 0.0000000000 0.0000000000 118.4764556885 4.0122327805 -0.1769772768
121.7963790894 0.0000000000 0.0000000000 0.0000000000 118.2412185669 3.9992752075 -0.1766052842
121.7213058472 0.0000000000 0.0000000000 0.0000000000 118.0087203979 3.9866304398 -0.1762326956
121.6440277100 0.0000000000 0.0000000000 0.0000000000 117.7847976685 3.9733581543 -0.1758590341
121.5671081543 0.0000000000 0.0000000000 0.0000000000 117.5551300049 3.9590728283 -0.1754801273
121.4900283813 0.0000000000 0.0000000000 0.0000000000 117.3233947754 3.9448480606 -0.1751020551
121.4126052856 0.0000000000 0.0000000000 0.0000000000 117.1058959961 3.9305489063 -0.1747331619
121.3329925537 0.0000000000 0.0000000000 0.0000000000 116.8714981079 3.9165480137 -0.1743490696
121.2541580200 0.0000000000 0.0000000000 0.0000000000 116.6424560547 3.9038009644 -0.1739657521
121.1780014038 0.0000000000 0.0000000000 0.0000000000 116.4204864502 3.8899316788 -0.1735930443
121.1045684814 0.0000000000 0.0000000000 0.0000000000 116.2006301880 3.8751592636 -0.1732286811
121.0339584351 0.0000000000 0.0000000000 0.0000000000 115.9825592041 3.8604412079 -0.1728783250
120.9640121460 0.0000000000 0.0000000000 0.0000000000 115.7620239258 3.8468055725 -0.1725427508
120.8958816528 0.0000000000 0.0000000000 0.0000000000 115.5406951904 3.8343355656 -0.1723715067
120.8299102783 0.0000000000 0.0000000000 0.0000000000 115.3194961548 3.8226175308 -0.1719300747
120.7681121826 0.0000000000 0.0000000000 0.0000000000 115.0919799805 3.8102407455 -0.1716347933
120.7092056274 0.0000000000 0.0000000000 0.0000000000 114.8609771729 3.7971651554 -0.1713167429
120.6498260498 0.0000000000 0.0000000000 0.0000000000 114.6356964111 3.7848472595 -0.1709831953
120.5897979736 0.0000000000 0.0000000000 0.0000000000 114.4118804932 3.7740545273 -0.1706548333
120.5300292969 0.0000000000 0.0000000000 0.0000000000 114.1925735474 3.7637112141 -0.1703321338
120.4689559937 0.0000000000 0.0000000000 0.0000000000 113.9771194458 3.7539713383 -0.1700116396
120.4085617065 0.0000000000 0.0000000000 0.0000000000 113.7631759644 3.7452087402 -0.1696585417
120.3469924927 0.0000000000 0.0000000000 0.0000000000 113.5514373779 3.7365064621 -0.1693302393
120.2842025757 0.0000000000 0.0000000000 0.0000000000 113.3423461914 3.7272748947 -0.1689819694
120.2216033936 0.0000000000 0.0000000000 0.0000000000 113.1368408203 3.7175073624 -0.1686359644
120.1594696045 0.0000000000 0.0000000000 0.0000000000 112.9335861206 3.7079815865 -0.1683015823
120.0952377319 0.0000000000 0.0000000000 0.0000000000 112.7230148315 3.6990296841 -0.1679718494
120.0297393799 0.0000000000 0.0000000000 0.0000000000 112.5253677368 3.6916327477 -0.1676374078
119.9649276733 0.0000000000 0.0000000000 0.0000000000 112.3288192749 3.6841251850 -0.1673077941
119.9010925293 0.0000000000 0.0000000000 0.0000000000 112.1352233887 3.6765556335 -0.1669806242
119.8392181396 0.0000000000 0.0000000000 0.0000000000 111.9461135864 3.6691331863 -0.1668434143
119.7773513794 0.0000000000 0.0000000000 0.0000000000 111.7640762329 3.6615436077 -0.1663455367
119.7180404663 0.0000000000 0.0000000000 0.0000000000 111.5842895508 3.6537008286 -0.1660423875
119.6586685181 0.0000000000 0.0000000000 0.0000000000 111.4082565308 3.6473319530 -0.1657435298
119.5979690552 0.0000000000 0.0000000000 0.0000000000 111.2317886353 3.6425936222 -0.1654384732
119.5375442505 0.0000000000 0.0000000000 0.0000000000 111.0603408813 3.6392800808 -0.1651372910
119.4771652222 0.0000000000 0.0000000000 0.0000000000 110.8926010132 3.6365816593 -0.1648386717
119.4196395874 0.0000000000 0.0000000000 0.0000000000 110.7300872803 3.6321616173 -0.1645452380
119.3654785156 0.0000000000 0.0000000000 0.0000000000 110.5695800781 3.6272313595 -0.1642468572
119.3115997314 0.0000000000 0.0000000000 0.0000000000 110.4124298096 3.6218583584 -0.1639310718
119.2581253052 0.0000000000 0.0000000000 0.0000000000 110.2579193115 3.6171777248 -0.1636030674
119.2036895752 0.0000000000 0.0000000000 0.0000000000 110.1064300537 3.6140768528 -0.1632687449
119.1471862793 0.0000000000 0.0000000000 0.0000000000 109.9557495117 3.6121551991 -0.1629400849
119.0911102295 0.0000000000 0.0000000000 0.0000000000 109.8048553467 3.6102871895 -0.1626320481
119.0371856689 0.0000000000 0.0000000000 0.0000000000 109.6538772583 3.6071455479 -0.1623103023
118.9862670898 0.0000000000 0.0000000000 0.0000000000 109.5034637451 3.6023955345 -0.1619720459
118.9354858398 0.0000000000 0.0000000000 0.0000000000 109.3494338989 3.5979657173 -0.1616603732
118.8850250244 0.0000000000 0.0000000000 0.0000000000 109.1953659058 3.5958759785 -0.1613245606
118.8338317871 0.0000000000 0.0000000000 0.0000000000 109.0406799316 3.5956556797 -0.1609926224
118.7815093994 0.0000000000 0.0000000000 0.0000000000 108.8848648071 3.5957472324 -0.1606559753
118.7283554077 0.0000000000 0.0000000000 0.0000000000 108.7277069092 3.5963888168 -0.1603287458
118.6767196655 0.0000000000 0.0000000000 0.0000000000 108.5701370239 3.5967075825 -0.1599842310
118.6272888184 0.0000000000 0.0000000000 0.0000000000 108.4123992920 3.5967988968 -0.1596459746
118.5789566040 0.0000000000 0.0000000000 0.0000000000 108.2552108765 3.5972261429 -0.1593008637
118.5297775269 0.0000000000 0.0000000000 0.0000000000 108.0937042236 3.5985012054 -0.1589602828
118.4808654785 0.0000000000 0.0000000000 0.0000000000 107.9319381714 3.5990147591 -0.1586127281
118.4329071045 0.0000000000 0.0000000000 0.0000000000 107.7694549561 3.5991871357 -0.1582666636
118.3858795166 0.0000000000 0.0000000000 0.0000000000 107.6076889038 3.5990209579 -0.1579316258
118.3394851685 0.0000000000 0.0000000000 0.0000000000 107.4487152100 3.5998871326 -0.1575983763
118.2944641113 0.0000000000 0.0000000000 0.0000000000 107.2874069214 3.6009328365 -0.1573902965
118.2506713867 0.0000000000 0.0000000000 0.0000000000 107.1261444092 3.6014127731 -0.1569632292
118.2094345093 0.0000000000 0.0000000000 0.0000000000 106.9639205933 3.6009669304 -0.1566630006
118.1671295166 0.0000000000 0.0000000000 0.0000000000 106.8008575439 3.6005804539 -0.1563551426
118.1217269897 0.0000000000 0.0000000000 0.0000000000 106.6393280029 3.5993716717 -0.1560390592
118.0754776001 0.0000000000 0.0000000000 0.0000000000 106.4779968262 3.5983393192 -0.1557198167
118.0315093994 0.0000000000 0.0000000000 0.0000000000 106.3154296875 3.5964748859 -0.1554102898
117.9882049561 0.0000000000 0.0000000000 0.0000000000 106.1525039673 3.5939359665 -0.1551603675
117.9451675415 0.0000000000 0.0000000000 0.0000000000 105.9885253906 3.5921304226 -0.1548435092
117.9030151367 0.0000000000 0.0000000000 0.0000000000 105.8237152100 3.5900828838 -0.1545495987
117.8625411987 0.0000000000 0.0000000000 0.0000000000 105.6596679688 3.5863485336 -0.1542522311
117.8232345581 0.0000000000 0.0000000000 0.0000000000 105.4978866577 3.5825777054 -0.1539516449
117.7821350098 0.0000000000 0.0000000000 0.0000000000 105.3354797363 3.5790939331 -0.1536595225
117.7390975952 0.0000000000 0.0000000000 0.0000000000 105.1760253906 3.5769979954 -0.1533627510
117.6922378540 0.0000000000 0.0000000000 0.0000000000 105.0198669434 3.5758380890 -0.1530619264
117.6462402344 0.0000000000 0.0000000000 0.0000000000 104.8610382080 3.5733015537 -0.1527711749
117.6022796631 0.0000000000 0.0000000000 0.0000000000 104.7092437744 3.5690600872 -0.1524802446
117.5577468872 0.0000000000 0.0000000000 0.0000000000 104.5578994751 3.5645003319 -0.1521963477
117.5131072998 0.0000000000 0.0000000000 0.0000000000 104.4087448120 3.5603284836 -0.1519177556
117.4707031250 0.0000000000 0.0000000000 0.0000000000 104.2561187744 3.5565280914 -0.1516662836
117.4297637939 0.0000000000 0.0000000000 0.0000000000 104.0999450684 3.5519468784 -0.1514189243
117.3887100220 0.0000000000 0.0000000000 0.0000000000 103.9479751587 3.5492875576 -0.1511956453
117.3473052979 0.0000000000 0.0000000000 0.0000000000 103.7968673706 3.5489952564 -0.1509578526
117.3061447144 0.0000000000 0.0000000000 0.0000000000 103.6466598511 3.5505352020 -0.1507051587
117.2679595947 0.0000000000 0.0000000000 0.0000000000 103.4975357056 3.5519568920 -0.1504500508
117.2330856323 0.0000000000 0.0000000000 0.0000000000 103.3477706909 3.5518381596 -0.1502018273
117.2018661499 0.0000000000 0.0000000000 0.0000000000 103.1987075806 3.5498764515 -0.1499517858
117.1714019775 0.0000000000 0.0000000000 0.0000000000 103.0433959961 3.5471827984 -0.1497074962
117.1387176514 0.0000000000 0.0000000000 0.0000000000 102.8832092285 3.5472252369 -0.1494618058
117.1038513184 0.0000000000 0.0000000000 0.0000000000 102.7212066650 3.5498251915 -0.1492060423
117.0669937134 0.0000000000 0.0000000000 0.0000000000 102.5614242554 3.5541408062 -0.1489550769
117.0283966064 0.0000000000 0.0000000000 0.0000000000 102.3961410522 3.5590755939 -0.1487061977
116.9900207520 0.0000000000 0.0000000000 0.0000000000 102.2317581177 3.5627160072 -0.1484457552
116.9528350830 0.0000000000 0.0000000000 0.0000000000 102.0690765381 3.5662157536 -0.1481833756
116.9164352417 0.0000000000 0.0000000000 0.0000000000 101.9077301025 3.5701980591 -0.1479007006
116.8789138794 0.0000000000 0.0000000000 0.0000000000 101.7463302612 3.5749385357 -0.1476228237
116.8448562622 0.0000000000 0.0000000000 0.0000000000 101.5822372437 3.5791125298 -0.1473439634
116.8141555786 0.0000000000 0.0000000000 0.0000000000 101.4197692871 3.5819711685 -0.1470571756
116.7861709595 0.0000000000 0.0000000000 0.0000000000 101.2496795654 3.5836403370 -0.1467717588
116.7603683472 0.0000000000 0.0000000000 0.0000000000 101.0809783936 3.5856001377 -0.1465047002
116.7345809937 0.0000000000 0.0000000000 0.0000000000 100.9061355591 3.5883388519 -0.1462513506
116.7087783813 0.0000000000 0.0000000000 0.0000000000 100.7314605713 3.5894756317 -0.1460077763
116.6834869385 0.0000000000 0.0000000000 0.0000000000 100.5612106323 3.5880095959 -0.1457635462
116.6572875977 0.0000000000 0.0000000000 0.0000000000 100.3962173462 3.5865092278 -0.1455305219
116.6260757446 0.0000000000 0.0000000000 0.0000000000 100.2302246094 3.5887520313 -0.1452593803
116.5913085938 0.0000000000 0.0000000000 0.0000000000 100.0650405884 3.5939977169 -0.1449663639
116.5543136597 0.0000000000 0.0000000000 0.0000000000 99.9042510986 3.5982165337 -0.1446296871
116.5181121826 0.0000000000 0.0000000000 0.0000000000 99.7335586548 3.5992033482 -0.1442711055
116.4783248901 0.0000000000 0.0000000000 0.0000000000 99.5648956299 3.6001188755 -0.1438722610
116.4368667603 0.0000000000 0.0000000000 0.0000000000 99.3917541504 3.6020824909 -0.1434082985
116.3959197998 0.0000000000 0.0000000000 0.0000000000 99.2152709961 3.6042871475 -0.1428745985
116.3594207764 0.0000000000 0.0000000000 0.0000000000 99.0347137451 3.6077816486 -0.1422998309
116.3237075806 0.0000000000 0.0000000000 0.0000000000 98.8524703979 3.6116364002 -0.1416527033
116.2885894775 0.0000000000 0.0000000000 0.0000000000 98.6720275879 3.6177208424 -0.1408140659
116.2584762573 0.0000000000 0.0000000000 0.0000000000 98.4903259277 3.6270296574 -0.1397214830
116.2408752441 0.0000000000 0.0000000000 0.0000000000 98.3059387207 3.6379623413 -0.1384778321
116.2346649170 0.0000000000 0.0000000000 0.0000000000 98.1141281128 3.6485807896 -0.1371857226
116.2425537109 0.0000000000 0.0000000000 0.0000000000 97.9136199951 3.6598937511 -0.1357792318
116.2621917725 0.0000000000 0.0000000000 0.0000000000 97.7104187012 3.6696317196 -0.1343940794
116.2925949097 0.0000000000 0.0000000000 0.0000000000 97.4936370850 3.6793076992 -0.1330164671
116.3304672241 0.0000000000 0.0000000000 0.0000000000 97.2761154175 3.6882271767 -0.1317484379
116.3754806519 0.0000000000 0.0000000000 0.0000000000 97.0478286743 3.6973412037 -0.1305397749
116.4264526367 0.0000000000 0.0000000000 0.0000000000 96.8135147095 3.7072744370 -0.1293740571
116.4748306274 0.0000000000 0.0000000000 0.0000000000 96.5778579712 3.7170736790 -0.1282916665
116.5181732178 0.0000000000 0.0000000000 0.0000000000 96.3366546631 3.7266392708 -0.1271910071
116.5539855957 0.0000000000 0.0000000000 0.0000000000 96.0928192139 3.7343528271 -0.1262511909
116.5835876465 0.0000000000 0.0000000000 0.0000000000 95.8469009399 3.7408232689 -0.1252412200
116.6058807373 0.0000000000 0.0000000000 0.0000000000 95.5995712280 3.7469532490 -0.1242731810
116.6257095337 0.0000000000 0.0000000000 0.0000000000 95.3458786011 3.7533812523 -0.1235572696
116.6439361572 0.0000000000 0.0000000000 0.0000000000 95.0777893066 3.7586369514 -0.1228690147
116.6610031128 0.0000000000 0.0000000000 0.0000000000 94.8078002930 3.7617328167 -0.1223513484
116.6774063110 0.0000000000 0.0000000000 0.0000000000 94.5342788696 3.7623124123 -0.1220205426
116.6950759888 0.0000000000 0.0000000000 0.0000000000 94.2637786865 3.7608857155 -0.1217885315
116.7109451294 0.0000000000 0.0000000000 0.0000000000 93.9947280884 3.7592127323 -0.1217293739
116.7266921997 0.0000000000 0.0000000000 0.0000000000 93.7248001099 3.7579231262 -0.1217314601
116.7376251221 0.0000000000 0.0000000000 0.0000000000 93.4589691162 3.7592728138 -0.1218039393
116.7444229126 0.0000000000 0.0000000000 0.0000000000 93.1941757202 3.7621512413 -0.1218819618
116.7470855713 0.0000000000 0.0000000000 0.0000000000 92.9362106323 3.7650740147 -0.1220423579
116.7483749390 0.0000000000 0.0000000000 0.0000000000 92.6845779419 3.7660045624 -0.1222305298
116.7481231689 0.0000000000 0.0000000000 0.0000000000 92.4315414429 3.7650127411 -0.1224079728
116.7434387207 0.0000000000 0.0000000000 0.0000000000 92.1820602417 3.7629055977 -0.1225932837
116.7331008911 0.0000000000 0.0000000000 0.0000000000 91.9450454712 3.7598648071 -0.1227613986
116.7186889648 0.0000000000 0.0000000000 0.0000000000 91.7198867798 3.7560324669 -0.1228918731
116.6977005005 0.0000000000 0.0000000000 0.0000000000 91.5143051147 3.7520775795 -0.1229447722
116.6747360229 0.0000000000 0.0000000000 0.0000000000 91.3084411621 3.7496652603 -0.1228538752
116.6532058716 0.0000000000 0.0000000000 0.0000000000 91.1156082153 3.7482488155 -0.1226125360
116.6323852539 0.0000000000 0.0000000000 0.0000000000 90.9312744141 3.7497415543 -0.1222344041
116.6165466309 0.0000000000 0.0000000000 0.0000000000 90.7476806641 3.7517888546 -0.1219389439
116.6055755615 0.0000000000 0.0000000000 0.0000000000 90.5573348999 3.7506127357 -0.1217038035
116.5974731445 0.0000000000 0.0000000000 0.0000000000 90.3804168701 3.7461688519 -0.1215251088
116.5941314697 0.0000000000 0.0000000000 0.0000000000 90.2254791260 3.7383167744 -0.1215457022
116.5961608887 0.0000000000 0.0000000000 0.0000000000 90.0872573853 3.7286601067 -0.1217589974
116.5974807739 0.0000000000 0.0000000000 0.0000000000 89.9662857056 3.7173795700 -0.1220492125
116.5951995850 0.0000000000 0.0000000000 0.0000000000 89.8434448242 3.7063436508 -0.1223437190
116.5875473022 0.0000000000 0.0000000000 0.0000000000 89.7242507935 3.6965041161 -0.1225708723
116.5681991577 0.0000000000 0.0000000000 0.0000000000 89.6320571899 3.6915092468 -0.1226929426
116.5407257080 0.0000000000 0.0000000000 0.0000000000 89.5383987427 3.6895289421 -0.1227350235
116.5038909912 0.0000000000 0.0000000000 0.0000000000 89.4640045166 3.6879096031 -0.1226941943
116.4622344971 0.0000000000 0.0000000000 0.0000000000 89.3939361572 3.6851699352 -0.1226282716
116.4208908081 0.0000000000 0.0000000000 0.0000000000 89.3318557739 3.6803708076 -0.1224871278
116.3784713745 0.0000000000 0.0000000000 0.0000000000 89.2838211060 3.6758632660 -0.1222827435
116.3321838379 0.0000000000 0.0000000000 0.0000000000 89.2446594238 3.6764681339 -0.1220088303
116.2857818604 0.0000000000 0.0000000000 0.0000000000 89.2133483887 3.6872992516 -0.1216397285
116.2433242798 0.0000000000 0.0000000000 0.0000000000 89.1873550415 3.7109143734 -0.1212126315
116.2057113647 0.0000000000 0.0000000000 0.0000000000 89.1642456055 3.7395224571 -0.1208997369
116.1728210449 0.0000000000 0.0000000000 0.0000000000 89.1516342163 3.7659940720 -0.1206972599
116.1500549316 0.0000000000 0.0000000000 0.0000000000 89.1356887817 3.7750251293 -0.1206657887
116.1361694336 0.0000000000 0.0000000000 0.0000000000 89.1107177734 3.7718183994 -0.1207785606
116.1288909912 0.0000000000 0.0000000000 0.0000000000 89.0894241333 3.7551589012 -0.1209666729
116.1243972778 0.0000000000 0.0000000000 0.0000000000 89.0706939697 3.7320461273 -0.1211760044
116.1184768677 0.0000000000 0.0000000000 0.0000000000 89.0656661987 3.7134528160 -0.1213451028
116.1098861694 0.0000000000 0.0000000000 0.0000000000 89.0656509399 3.7022976875 -0.1214293838
116.0938034058 0.0000000000 0.0000000000 0.0000000000 89.0640487671 3.6981451511 -0.1214110255
116.0684890747 0.0000000000 0.0000000000 0.0000000000 89.0594177246 3.7008724213 -0.1212884784
116.0396575928 0.0000000000 0.0000000000 0.0000000000 89.0499572754 3.7102520466 -0.1211587787
116.0068740845 0.0000000000 0.0000000000 0.0000000000 89.0379409790 3.7276997566 -0.1209991276
115.9737548828 0.0000000000 0.0000000000 0.0000000000 89.0187606812 3.7364239693 -0.1209202409
115.9406127930 0.0000000000 0.0000000000 0.0000000000 89.0013809204 3.7277505398 -0.1209177971
115.9071426392 0.0000000000 0.0000000000 0.0000000000 88.9901275635 3.7217841148 -0.1209422350
115.8753662109 0.0000000000 0.0000000000 0.0000000000 88.9802703857 3.7260751724 -0.1210000217
115.8412628174 0.0000000000 0.0000000000 0.0000000000 88.9719161987 3.7394688129 -0.1210091710
115.8068389893 0.0000000000 0.0000000000 0.0000000000 88.9690704346 3.7562737465 -0.1210712790
115.7733688354 0.0000000000 0.0000000000 0.0000000000 88.9650650024 3.7738776207 -0.1211464405
115.7428359985 0.0000000000 0.0000000000 0.0000000000 88.9625396729 3.7908751965 -0.1212829351
115.7111816406 0.0000000000 0.0000000000 0.0000000000 88.9564208984 3.8073041439 -0.1214486361
115.6813888550 0.0000000000 0.0000000000 0.0000000000 88.9504699707 3.8176801205 -0.1217204928
115.6501007080 0.0000000000 0.0000000000 0.0000000000 88.9389266968 3.8233351707 -0.1220047474
115.6189346313 0.0000000000 0.0000000000 0.0000000000 88.9197540283 3.8242015839 -0.1222793162
115.5892791748 0.0000000000 0.0000000000 0.0000000000 88.9016571045 3.8098175526 -0.1225917935
115.5616683960 0.0000000000 0.0000000000 0.0000000000 88.8926315308 3.8033185005 -0.1228949428
115.5334014893 0.0000000000 0.0000000000 0.0000000000 88.8841476440 3.8055424690 -0.1231660843
115.5041809082 0.0000000000 0.0000000000 0.0000000000 88.8813705444 3.8102176189 -0.1234232187
115.4752960205 0.0000000000 0.0000000000 0.0000000000 88.8815002441 3.8160104752 -0.1237217784
115.4439239502 0.0000000000 0.0000000000 0.0000000000 88.8857192993 3.8239064217 -0.1239999533
115.4113998413 0.0000000000 0.0000000000 0.0000000000 88.8861999512 3.8223676682 -0.1242944598
115.3781738281 0.0000000000 0.0000000000 0.0000000000 88.8835144043 3.8132560253 -0.1245447099
115.3455581665 0.0000000000 0.0000000000 0.0000000000 88.8819885254 3.8028097153 -0.1247706413
115.3156051636 0.0000000000 0.0000000000 0.0000000000 88.8767547607 3.7919681072 -0.1250316203
115.2864761353 0.0000000000 0.0000000000 0.0000000000 88.8761291504 3.7866983414 -0.1252709627
115.2605743408 0.0000000000 0.0000000000 0.0000000000 88.8709640503 3.7817440033 -0.1254808307
115.2343139648 0.0000000000 0.0000000000 0.0000000000 88.8655700684 3.7808024883 -0.1256620586
115.2096099854 0.0000000000 0.0000000000 0.0000000000 88.8676452637 3.7856712341 -0.1257998943
115.1882476807 0.0000000000 0.0000000000 0.0000000000 88.8720092773 3.7908425331 -0.1260067821
115.1657943726 0.0000000000 0.0000000000 0.0000000000 88.8793945312 3.7935831547 -0.1262849569
115.1427612305 0.0000000000 0.0000000000 0.0000000000 88.8880157471 3.7950873375 -0.1266011000
115.1224975586 0.0000000000 0.0000000000 0.0000000000 88.8895874023 3.7923171520 -0.1269296408
115.1055526733 0.0000000000 0.0000000000 0.0000000000 88.8967514038 3.7812905312 -0.1272399426
115.0887374878 0.0000000000 0.0000000000 0.0000000000 88.9124069214 3.7713396549 -0.1275066733
115.0700531006 0.0000000000 0.0000000000 0.0000000000 88.9267044067 3.7665288448 -0.1277275681
115.0505371094 0.0000000000 0.0000000000 0.0000000000 88.9438247681 3.7622232437 -0.1279181540
115.0324935913 0.0000000000 0.0000000000 0.0000000000 88.9578094482 3.7589592934 -0.1281046569
115.0100021362 0.0000000000 0.0000000000 0.0000000000 88.9797286987 3.7620720863 -0.1282486618
114.9851760864 0.0000000000 0.0000000000 0.0000000000 88.9969787598 3.7652511597 -0.1283851862
114.9581298828 0.0000000000 0.0000000000 0.0000000000 89.0039749146 3.7692604065 -0.1285244524
114.9316253662 0.0000000000 0.0000000000 0.0000000000 89.0012054443 3.7718408108 -0.1286764145
114.9095306396 0.0000000000 0.0000000000 0.0000000000 89.0000152588 3.7689268589 -0.1288513839
114.8900451660 0.0000000000 0.0000000000 0.0000000000 89.0019683838 3.7648117542 -0.1290452182
114.8699035645 0.0000000000 0.0000000000 0.0000000000 88.9928970337 3.7609188557 -0.1292029023
114.8516998291 0.0000000000 0.0000000000 0.0000000000 88.9724807739 3.7556896210 -0.1293181777
114.8325805664 0.0000000000 0.0000000000 0.0000000000 88.9544372559 3.7476537228 -0.1294259131
114.8138656616 0.0000000000 0.0000000000 0.0000000000 88.9369277954 3.7392191887 -0.1295318604
114.7989578247 0.0000000000 0.0000000000 0.0000000000 88.9178390503 3.7300145626 -0.1296487451
114.7870101929 0.0000000000 0.0000000000 0.0000000000 88.9016189575 3.7199769020 -0.1298073232
114.7774734497 0.0000000000 0.0000000000 0.0000000000 88.8951110840 3.7121751308 -0.1299643517
114.7671585083 0.0000000000 0.0000000000 0.0000000000 88.8868713379 3.7073879242 -0.1301138997
114.7537384033 0.0000000000 0.0000000000 0.0000000000 88.8751144409 3.7037501335 -0.1302222311
114.7378234863 0.0000000000 0.0000000000 0.0000000000 88.8675765991 3.7007219791 -0.1302971840
114.7193908691 0.0000000000 0.0000000000 0.0000000000 88.8587188721 3.7019264698 -0.1303639710
114.6965789795 0.0000000000 0.0000000000 0.0000000000 88.8420104980 3.7101552486 -0.1304015815
114.6701049805 0.0000000000 0.0000000000 0.0000000000 88.8201141357 3.7105133533 -0.1304157674
114.6434936523 0.0000000000 0.0000000000 0.0000000000 88.8001174927 3.7096903324 -0.1304392517
114.6189498901 0.0000000000 0.0000000000 0.0000000000 88.7772369385 3.7063641548 -0.1304728389
114.5968704224 0.0000000000 0.0000000000 0.0000000000 88.7543563843 3.6979455948 -0.1305420995
114.5759963989 0.0000000000 0.0000000000 0.0000000000 88.7250366211 3.6885015965 -0.1305775046
114.5552368164 0.0000000000 0.0000000000 0.0000000000 88.6983947754 3.6802296638 -0.1306009591
114.5356063843 0.0000000000 0.0000000000 0.0000000000 88.6713409424 3.6728456020 -0.1305752695
114.5189590454 0.0000000000 0.0000000000 0.0000000000 88.6389541626 3.6624135971 -0.1305403709
114.5030746460 0.0000000000 0.0000000000 0.0000000000 88.6101379395 3.6515443325 -0.1305358410
114.4894714355 0.0000000000 0.0000000000 0.0000000000 88.5788803101 3.6396193504 -0.1305573583
114.4765701294 0.0000000000 0.0000000000 0.0000000000 88.5448150635 3.6272368431 -0.1305921078
114.4605407715 0.0000000000 0.0000000000 0.0000000000 88.5070343018 3.6167929173 -0.1305825114
114.4442443848 0.0000000000 0.0000000000 0.0000000000 88.4668273926 3.6078243256 -0.1305566430
114.4252243042 0.0000000000 0.0000000000 0.0000000000 88.4277648926 3.6012609005 -0.1305148900
114.4065780640 0.0000000000 0.0000000000 0.0000000000 88.3918075562 3.5954375267 -0.1304858029
114.3877182007 0.0000000000 0.0000000000 0.0000000000 88.3555755615 3.5891971588 -0.1304842830
114.3669357300 0.0000000000 0.0000000000 0.0000000000 88.3159713745 3.5844600201 -0.1304595470
114.3469390869 0.0000000000 0.0000000000 0.0000000000 88.2707901001 3.5792627335 -0.1304217279
114.3249816895 0.0000000000 0.0000000000 0.0000000000 88.2281570435 3.5756511688 -0.1303897798
114.3040542603 0.0000000000 0.0000000000 0.0000000000 88.1769714355 3.5719213486 -0.1303587556
114.2861404419 0.0000000000 0.0000000000 0.0000000000 88.1325759888 3.5685591698 -0.1303294897
114.2688827515 0.0000000000 0.0000000000 0.0000000000 88.0817794800 3.5658488274 -0.1303048730
114.2542037964 0.0000000000 0.0000000000 0.0000000000 88.0308761597 3.5632281303 -0.1302703619
114.2432785034 0.0000000000 0.0000000000 0.0000000000 87.9815292358 3.5593624115 -0.1302260160
114.2361145020 0.0000000000 0.0000000000 0.0000000000 87.9303512573 3.5532977581 -0.1301995814
114.2304840088 0.0000000000 0.0000000000 0.0000000000 87.8801498413 3.5466768742 -0.1301666498
114.2248535156 0.0000000000 0.0000000000 0.0000000000 87.8290557861 3.5382559299 -0.1301469207
114.2199783325 0.0000000000 0.0000000000 0.0000000000 87.7806701660 3.5290632248 -0.1301190257
114.2174758911 0.0000000000 0.0000000000 0.0000000000 87.7364578247 3.5185604095 -0.1300776601
114.2141952515 0.0000000000 0.0000000000 0.0000000000 87.6942596436 3.5077559948 -0.1300294399
114.2105865479 0.0000000000 0.0000000000 0.0000000000 87.6497344971 3.4976377487 -0.1299666166
114.2104110718 0.0000000000 0.0000000000 0.0000000000 87.6132888794 3.4860191345 -0.1299114525
114.2084274292 0.0000000000 0.0000000000 0.0000000000 87.5718994141 3.4750509262 -0.1298421323
114.2040939331 0.0000000000 0.0000000000 0.0000000000 87.5358810425 3.4646761417 -0.1297609210
114.1975784302 0.0000000000 0.0000000000 0.0000000000 87.5046844482 3.4559233189 -0.1296612024
114.1900482178 0.0000000000 0.0000000000 0.0000000000 87.4752960205 3.4474987984 -0.1295498610
114.1846618652 0.0000000000 0.0000000000 0.0000000000 87.4403152466 3.4387767315 -0.1294366717
114.1799240112 0.0000000000 0.0000000000 0.0000000000 87.4033279419 3.4293160439 -0.1293184161
114.1768722534 0.0000000000 0.0000000000 0.0000000000 87.3731613159 3.4197211266 -0.1292175055
114.1750946045 0.0000000000 0.0000000000 0.0000000000 87.3375473022 3.4100956917 -0.1291401684
114.1752243042 0.0000000000 0.0000000000 0.0000000000 87.3142852783 3.4011240005 -0.1290746331
114.1767196655 0.0000000000 0.0000000000 0.0000000000 87.2948760986 3.3939168453 -0.1290110946
114.1799011230 0.0000000000 0.0000000000 0.0000000000 87.2723464966 3.3857364655 -0.1289499104
114.1830825806 0.0000000000 0.0000000000 0.0000000000 87.2525253296 3.3775551319 -0.1288998723
114.1845550537 0.0000000000 0.0000000000 0.0000000000 87.2354812622 3.3718016148 -0.1288140714
114.1863784790 0.0000000000 0.0000000000 0.0000000000 87.2201614380 3.3652589321 -0.1287143230
114.1891937256 0.0000000000 0.0000000000 0.0000000000 87.2047958374 3.3580007553 -0.1286208034
114.1908035278 0.0000000000 0.0000000000 0.0000000000 87.1883163452 3.3515143394 -0.1285087168
114.1873779297 0.0000000000 0.0000000000 0.0000000000 87.1712188721 3.3473067284 -0.1283877790
114.1830139160 0.0000000000 0.0000000000 0.0000000000 87.1576004028 3.3425388336 -0.1282654405
114.1766586304 0.0000000000 0.0000000000 0.0000000000 87.1453399658 3.3389828205 -0.1281546950
114.1702499390 0.0000000000 0.0000000000 0.0000000000 87.1319274902 3.3354284763 -0.1280376315
114.1626663208 0.0000000000 0.0000000000 0.0000000000 87.1105575562 3.3303885460 -0.1279129386
114.1552963257 0.0000000000 0.0000000000 0.0000000000 87.0913009644 3.3260180950 -0.1277958751
114.1454925537 0.0000000000 0.0000000000 0.0000000000 87.0738601685 3.3227243423 -0.1276719868
114.1354141235 0.0000000000 0.0000000000 0.0000000000 87.0607910156 3.3200929165 -0.1275613606
114.1252365112 0.0000000000 0.0000000000 0.0000000000 87.0446777344 3.3159430027 -0.1274497509
114.1193008423 0.0000000000 0.0000000000 0.0000000000 87.0259399414 3.3094568253 -0.1273407936
114.1145935059 0.0000000000 0.0000000000 0.0000000000 87.0117797852 3.3018326759 -0.1272222996
114.1081771851 0.0000000000 0.0000000000 0.0000000000 87.0004882812 3.2956521511 -0.1270844638
114.1021575928 0.0000000000 0.0000000000 0.0000000000 86.9835052490 3.2910032272 -0.1269390881
114.0984420776 0.0000000000 0.0000000000 0.0000000000 86.9661941528 3.2855861187 -0.1268295646
114.0973358154 0.0000000000 0.0000000000 0.0000000000 86.9507369995 3.2808151245 -0.1267240644
114.0990524292 0.0000000000 0.0000000000 0.0000000000 86.9301757812 3.2749979496 -0.1266216040
114.1040573120 0.0000000000 0.0000000000 0.0000000000 86.9052581787 3.2688255310 -0.1265076399
114.1079635620 0.0000000000 0.0000000000 0.0000000000 86.8832855225 3.2642562389 -0.1263605356
114.1117553711 0.0000000000 0.0000000000 0.0000000000 86.8599014282 3.2591927052 -0.1261921525
114.1154327393 0.0000000000 0.0000000000 0.0000000000 86.8361968994 3.2544443607 -0.1260412931
114.1175231934 0.0000000000 0.0000000000 0.0000000000 86.8095550537 3.2494680882 -0.1259120703
114.1162643433 0.0000000000 0.0000000000 0.0000000000 86.7812347412 3.2444224358 -0.1257998943
114.1149215698 0.0000000000 0.0000000000 0.0000000000 86.7524871826 3.2388508320 -0.1257021725
114.1131973267 0.0000000000 0.0000000000 0.0000000000 86.7230758667 3.2323067188 -0.1255998909
114.1127395630 0.0000000000 0.0000000000 0.0000000000 86.6914901733 3.2249240875 -0.1254881620
114.1116943359 0.0000000000 0.0000000000 0.0000000000 86.6541976929 3.2178659439 -0.1253566742
114.1121063232 0.0000000000 0.0000000000 0.0000000000 86.6195602417 3.2107627392 -0.1252087355
114.1131820679 0.0000000000 0.0000000000 0.0000000000 86.5852890015 3.2032415867 -0.1250399351
114.1151733398 0.0000000000 0.0000000000 0.0000000000 86.5487670898 3.1950592995 -0.1249040961
114.1173782349 0.0000000000 0.0000000000 0.0000000000 86.5115356445 3.1864352226 -0.1247891784
114.1186141968 0.0000000000 0.0000000000 0.0000000000 86.4731750488 3.1789062023 -0.1246560812
114.1182327271 0.0000000000 0.0000000000 0.0000000000 86.4341583252 3.1726193428 -0.1244988441
114.1178817749 0.0000000000 0.0000000000 0.0000000000 86.3963165283 3.1659722328 -0.1243394911
114.1189727783 0.0000000000 0.0000000000 0.0000000000 86.3622894287 3.1578745842 -0.1241891384
114.1203231812 0.0000000000 0.0000000000 0.0000000000 86.3269882202 3.1501476765 -0.1240344048
114.1193466187 0.0000000000 0.0000000000 0.0000000000 86.2908172607 3.1444621086 -0.1238546968
114.1146087646 0.0000000000 0.0000000000 0.0000000000 86.2530670166 3.1406588554 -0.1236611605
114.1093444824 0.0000000000 0.0000000000 0.0000000000 86.2095413208 3.1359996796 -0.1234913766
114.1039276123 0.0000000000 0.0000000000 0.0000000000 86.1573410034 3.1325080395 -0.1233333945
114.0987854004 0.0000000000 0.0000000000 0.0000000000 86.1007461548 3.1304640770 -0.1231819391
114.0965347290 0.0000000000 0.0000000000 0.0000000000 86.0451965332 3.1267817020 -0.1230230927
114.0994873047 0.0000000000 0.0000000000 0.0000000000 85.9904098511 3.1199247837 -0.1228772998
114.1046524048 0.0000000000 0.0000000000 0.0000000000 85.9310302734 3.1130645275 -0.1227262020
114.1065597534 0.0000000000 0.0000000000 0.0000000000 85.8775405884 3.1069159508 -0.1225664616
114.1046524048 0.0000000000 0.0000000000 0.0000000000 85.8279495239 3.1024873257 -0.1223804951
114.1019439697 0.0000000000 0.0000000000 0.0000000000 85.7777175903 3.0991604328 -0.1221864223
114.0998535156 0.0000000000 0.0000000000 0.0000000000 85.7279968262 3.0948343277 -0.1219964623
114.0984420776 0.0000000000 0.0000000000 0.0000000000 85.6761703491 3.0905125141 -0.1218180656
114.0955047607 0.0000000000 0.0000000000 0.0000000000 85.6258392334 3.0859501362 -0.1216528118
114.0935134888 0.0000000000 0.0000000000 0.0000000000 85.5719375610 3.0811467171 -0.1214647293
114.0932235718 0.0000000000 0.0000000000 0.0000000000 85.5160903931 3.0770940781 -0.1212697923
114.0937347412 0.0000000000 0.0000000000 0.0000000000 85.4635009766 3.0740034580 -0.1210533082
114.0955581665 0.0000000000 0.0000000000 0.0000000000 85.4086074829 3.0710744858 -0.1208472252
114.0991668701 0.0000000000 0.0000000000 0.0000000000 85.3593063354 3.0670351982 -0.1206653118
114.1030120850 0.0000000000 0.0000000000 0.0000000000 85.3150405884 3.0640780926 -0.1204690337
114.1082763672 0.0000000000 0.0000000000 0.0000000000 85.2620162964 3.0612819195 -0.1202737689
114.1150512695 0.0000000000 0.0000000000 0.0000000000 85.2192611694 3.0587940216 -0.1200832725
114.1229782104 0.0000000000 0.0000000000 0.0000000000 85.1673583984 3.0560231209 -0.1198859215
114.1314544678 0.0000000000 0.0000000000 0.0000000000 85.1207962036 3.0520551205 -0.1196964085
114.1388549805 0.0000000000 0.0000000000 0.0000000000 85.0593643188 3.0482180119 -0.1195029616
114.1455154419 0.0000000000 0.0000000000 0.0000000000 85.0046463013 3.0442333221 -0.1192969978
114.1517715454 0.0000000000 0.0000000000 0.0000000000 84.9482040405 3.0394177437 -0.1190992594
114.1563110352 0.0000000000 0.0000000000 0.0000000000 84.8883209229 3.0346007347 -0.1188986301
114.1597976685 0.0000000000 0.0000000000 0.0000000000 84.8273468018 3.0289454460 -0.1187175512
114.1640243530 0.0000000000 0.0000000000 0.0000000000 84.7714309692 3.0232243538 -0.1185391545
114.1667480469 0.0000000000 0.0000000000 0.0000000000 84.7190704346 3.0176768303 -0.1183462739
114.1688995361 0.0000000000 0.0000000000 0.0000000000 84.6733551025 3.0131950378 -0.1181596220
114.1675567627 0.0000000000 0.0000000000 0.0000000000 84.6153106689 3.0109364986 -0.1179999709
114.1630096436 0.0000000000 0.0000000000 0.0000000000 84.5611343384 3.0101811886 -0.1177956760
114.1592254639 0.0000000000 0.0000000000 0.0000000000 84.5075149536 3.0082757473 -0.1176626086
114.1547546387 0.0000000000 0.0000000000 0.0000000000 84.4528350830 3.0065732002 -0.1175240576
114.1497497559 0.0000000000 0.0000000000 0.0000000000 84.4006652832 3.0061135292 -0.1173782051
114.1454772949 0.0000000000 0.0000000000 0.0000000000 84.3458251953 3.0072517395 -0.1172296107
114.1417541504 0.0000000000 0.0000000000 0.0000000000 84.2977066040 3.0079429150 -0.1171008050
114.1409149170 0.0000000000 0.0000000000 0.0000000000 84.2461547852 3.0072181225 -0.1169817746
114.1423950195 0.0000000000 0.0000000000 0.0000000000 84.1998062134 3.0041029453 -0.1168651283
114.1469650269 0.0000000000 0.0000000000 0.0000000000 84.1582794189 3.0006611347 -0.1167442203
114.1518402100 0.0000000000 0.0000000000 0.0000000000 84.0974502563 2.9967136383 -0.1165916026
114.1582336426 0.0000000000 0.0000000000 0.0000000000 84.0345916748 2.9926304817 -0.1164131761
114.1653900146 0.0000000000 0.0000000000 0.0000000000 83.9787292480 2.9895806313 -0.1162200272
114.1709976196 0.0000000000 0.0000000000 0.0000000000 83.9229202271 2.9869053364 -0.1160417199
114.1768264771 0.0000000000 0.0000000000 0.0000000000 83.8715896606 2.9844346046 -0.1158845723
114.1827850342 0.0000000000 0.0000000000 0.0000000000 83.8214645386 2.9801623821 -0.1157380044
114.1906127930 0.0000000000 0.0000000000 0.0000000000 83.7704772949 2.9738075733 -0.1156246364
114.1968154907 0.0000000000 0.0000000000 0.0000000000 83.7193145752 2.9684462547 -0.1154969335
114.2009277344 0.0000000000 0.0000000000 0.0000000000 83.6672592163 2.9637029171 -0.1153500974
114.2024307251 0.0000000000 0.0000000000 0.0000000000 83.6138000488 2.9592418671 -0.1151816249
114.2034912109 0.0000000000 0.0000000000 0.0000000000 83.5615692139 2.9551460743 -0.1150035262
114.2038269043 0.0000000000 0.0000000000 0.0000000000 83.5103607178 2.9512212276 -0.1148398221
114.2027740479 0.0000000000 0.0000000000 0.0000000000 83.4600219727 2.9484531879 -0.1147031188
114.2029876709 0.0000000000 0.0000000000 0.0000000000 83.4094848633 2.9459941387 -0.1145949066
114.2023468018 0.0000000000 0.0000000000 0.0000000000 83.3592147827 2.9433867931 -0.1144924760
114.2018737793 0.0000000000 0.0000000000 0.0000000000 83.3108215332 2.9386863708 -0.1144208014
114.2042694092 0.0000000000 0.0000000000 0.0000000000 83.2694473267 2.9340863228 -0.1143572927
114.2070465088 0.0000000000 0.0000000000 0.0000000000 83.2298202515 2.9290604591 -0.1142649651
114.2088088989 0.0000000000 0.0000000000 0.0000000000 83.1914749146 2.9231271744 -0.1141506433
114.2078399658 0.0000000000 0.0000000000 0.0000000000 83.1564865112 2.9188427925 -0.1140097678
114.2059631348 0.0000000000 0.0000000000 0.0000000000 83.1200561523 2.9161832333 -0.1138526499
114.2043762207 0.0000000000 0.0000000000 0.0000000000 83.0907516479 2.9129583836 -0.1137123406
114.2042236328 0.0000000000 0.0000000000 0.0000000000 83.0591964722 2.9090547562 -0.1135911345
114.2067642212 0.0000000000 0.0000000000 0.0000000000 83.0241546631 2.9038636684 -0.1134963632
114.2121047974 0.0000000000 0.0000000000 0.0000000000 82.9911956787 2.8971779346 -0.1134044528
114.2193908691 0.0000000000 0.0000000000 0.0000000000 82.9608764648 2.8892340660 -0.1132979095
114.2257843018 0.0000000000 0.0000000000 0.0000000000 82.9311065674 2.8826377392 -0.1131769717
114.2298583984 0.0000000000 0.0000000000 0.0000000000 82.9014205933 2.8769550323 -0.1130417883
114.2327880859 0.0000000000 0.0000000000 0.0000000000 82.8641357422 2.8704447746 -0.1129162908
114.2355422974 0.0000000000 0.0000000000 0.0000000000 82.8284530640 2.8633923531 -0.1128020585
114.2376022339 0.0000000000 0.0000000000 0.0000000000 82.7961196899 2.8568475246 -0.1126881540
114.2390594482 0.0000000000 0.0000000000 0.0000000000 82.7673797607 2.8518197536 -0.1125511527
114.2405853271 0.0000000000 0.0000000000 0.0000000000 82.7378540039 2.8469424248 -0.1124171019
114.2436599731 0.0000000000 0.0000000000 0.0000000000 82.7109756470 2.8420715332 -0.1122951806
114.2474441528 0.0000000000 0.0000000000 0.0000000000 82.6814498901 2.8372409344 -0.1121670604
114.2517395020 0.0000000000 0.0000000000 0.0000000000 82.6541366577 2.8328008652 -0.1120348573
114.2565536499 0.0000000000 0.0000000000 0.0000000000 82.6193313599 2.8283441067 -0.1119187772
114.2609939575 0.0000000000 0.0000000000 0.0000000000 82.5848999023 2.8239128590 -0.1118120253
114.2672042847 0.0000000000 0.0000000000 0.0000000000 82.5504837036 2.8196444511 -0.1117172837
114.2728424072 0.0000000000 0.0000000000 0.0000000000 82.5180664062 2.8151717186 -0.1116045713
114.2785949707 0.0000000000 0.0000000000 0.0000000000 82.4888076782 2.8110697269 -0.1114755571
114.2846832275 0.0000000000 0.0000000000 0.0000000000 82.4613265991 2.8074560165 -0.1113525033
114.2909927368 0.0000000000 0.0000000000 0.0000000000 82.4257354736 2.8033652306 -0.1112197042
114.2981491089 0.0000000000 0.0000000000 0.0000000000 82.3964080811 2.7976531982 -0.1110807061
114.3056564331 0.0000000000 0.0000000000 0.0000000000 82.3687362671 2.7910501957 -0.1109341383
114.3116226196 0.0000000000 0.0000000000 0.0000000000 82.3405838013 2.7831711769 -0.1107987165
114.3139114380 0.0000000000 0.0000000000 0.0000000000 82.3126754761 2.7758011818 -0.1106721759
114.3124237061 0.0000000000 0.0000000000 0.0000000000 82.2830276489 2.7690873146 -0.1105509996
114.3072052002 0.0000000000 0.0000000000 0.0000000000 82.2555313110 2.7643654346 -0.1104184389
114.2994003296 0.0000000000 0.0000000000 0.0000000000 82.2311859131 2.7618432045 -0.1102591157
114.2894592285 0.0000000000 0.0000000000 0.0000000000 82.2043075562 2.7599689960 -0.1100922227
114.2825546265 0.0000000000 0.0000000000 0.0000000000 82.1783447266 2.7573940754 -0.1099169552
114.2783737183 0.0000000000 0.0000000000 0.0000000000 82.1513671875 2.7549135685 -0.1097422242
114.2759933472 0.0000000000 0.0000000000 0.0000000000 82.1129379272 2.7525339127 -0.1095774174
114.2747497559 0.0000000000 0.0000000000 0.0000000000 82.0817108154 2.7497603893 -0.1094335914
114.2754821777 0.0000000000 0.0000000000 0.0000000000 82.0496902466 2.7473073006 -0.1093003750
114.2802505493 0.0000000000 0.0000000000 0.0000000000 82.0195541382 2.7452480793 -0.1091558039
114.2888793945 0.0000000000 0.0000000000 0.0000000000 81.9829406738 2.7419371605 -0.1090252697
114.2982482910 0.0000000000 0.0000000000 0.0000000000 81.9440612793 2.7380485535 -0.1089042723
114.3079299927 0.0000000000 0.0000000000 0.0000000000 81.9088287354 2.7341923714 -0.1087692380
114.3176498413 0.0000000000 0.0000000000 0.0000000000 81.8772354126 2.7310440540 -0.1086337566
114.3243865967 0.0000000000 0.0000000000 0.0000000000 81.8449554443 2.7287585735 -0.1084923148
114.3294601440 0.0000000000 0.0000000000 0.0000000000 81.8109359741 2.7255752087 -0.1083680689
114.3335876465 0.0000000000 0.0000000000 0.0000000000 81.7808456421 2.7232177258 -0.1082259715
114.3356323242 0.0000000000 0.0000000000 0.0000000000 81.7513504028 2.7211699486 -0.1080714762
114.3379058838 0.0000000000 0.0000000000 0.0000000000 81.7271652222 2.7184979916 -0.1079036891
114.3425216675 0.0000000000 0.0000000000 0.0000000000 81.7051849365 2.7144112587 -0.1077644825
114.3498001099 0.0000000000 0.0000000000 0.0000000000 81.6820755005 2.7102148533 -0.1076347530
114.3559951782 0.0000000000 0.0000000000 0.0000000000 81.6620101929 2.7069983482 -0.1075009406
114.3623580933 0.0000000000 0.0000000000 0.0000000000 81.6329116821 2.7049975395 -0.1073560417
114.3676528931 0.0000000000 0.0000000000 0.0000000000 81.6147079468 2.7035484314 -0.1071980298
114.3736114502 0.0000000000 0.0000000000 0.0000000000 81.5783996582 2.7020692825 -0.1070410311
114.3797607422 0.0000000000 0.0000000000 0.0000000000 81.5368576050 2.6999902725 -0.1068912745
114.3852462769 0.0000000000 0.0000000000 0.0000000000 81.5034561157 2.6984384060 -0.1067454815
114.3898010254 0.0000000000 0.0000000000 0.0000000000 81.4705352783 2.6979837418 -0.1065902412
114.3924942017 0.0000000000 0.0000000000 0.0000000000 81.4364395142 2.6977465153 -0.1064511836
114.3960723877 0.0000000000 0.0000000000 0.0000000000 81.3995819092 2.6965472698 -0.1063385904
114.4003677368 0.0000000000 0.0000000000 0.0000000000 81.3705825806 2.6948919296 -0.1062293649
114.4043731689 0.0000000000 0.0000000000 0.0000000000 81.3437652588 2.6928813457 -0.1061257124
114.4085388184 0.0000000000 0.0000000000 0.0000000000 81.3238449097 2.6905541420 -0.1060124934
114.4118652344 0.0000000000 0.0000000000 0.0000000000 81.3079376221 2.6890659332 -0.1059017777
114.4146118164 0.0000000000 0.0000000000 0.0000000000 81.2950592041 2.6877069473 -0.1057838202
114.4168930054 0.0000000000 0.0000000000 0.0000000000 81.2714004517 2.6857445240 -0.1056634188
114.4174575806 0.0000000000 0.0000000000 0.0000000000 81.2525558472 2.6843619347 -0.1055501699
114.4195861816 0.0000000000 0.0000000000 0.0000000000 81.2340850830 2.6834199429 -0.1054393649
114.4226684570 0.0000000000 0.0000000000 0.0000000000 81.2165756226 2.6821813583 -0.1053240299
114.4268035889 0.0000000000 0.0000000000 0.0000000000 81.2029800415 2.6801464558 -0.1052057147
114.4318008423 0.0000000000 0.0000000000 0.0000000000 81.1923217773 2.6784050465 -0.1050701141
114.4358062744 0.0000000000 0.0000000000 0.0000000000 81.1880645752 2.6760215759 -0.1049496531
114.4422607422 0.0000000000 0.0000000000 0.0000000000 81.1758499146 2.6728188992 -0.1048483551
114.4490356445 0.0000000000 0.0000000000 0.0000000000 81.1700592041 2.6695859432 -0.1047556102
114.4562911987 0.0000000000 0.0000000000 0.0000000000 81.1647796631 2.6672780514 -0.1046534181
114.4640502930 0.0000000000 0.0000000000 0.0000000000 81.1612701416 2.6651327610 -0.1045441031
114.4716033936 0.0000000000 0.0000000000 0.0000000000 81.1649093628 2.6627385616 -0.1044362783
114.4773025513 0.0000000000 0.0000000000 0.0000000000 81.1800994873 2.6606674194 -0.1043190658
114.4832229614 0.0000000000 0.0000000000 0.0000000000 81.1693954468 2.6586213112 -0.1042079329
114.4868850708 0.0000000000 0.0000000000 0.0000000000 81.1653442383 2.6567385197 -0.1041044593
114.4896316528 0.0000000000 0.0000000000 0.0000000000 81.1617202759 2.6556620598 -0.1039896011
114.4909210205 0.0000000000 0.0000000000 0.0000000000 81.1527786255 2.6543273926 -0.1038707495
114.4922409058 0.0000000000 0.0000000000 0.0000000000 81.1411590576 2.6529152393 -0.1037527621
114.4933776855 0.0000000000 0.0000000000 0.0000000000 81.1252822876 2.6514997482 -0.1036396623
114.4949798584 0.0000000000 0.0000000000 0.0000000000 81.1029663086 2.6496973038 -0.1035486460
114.4962387085 0.0000000000 0.0000000000 0.0000000000 81.0854644775 2.6477885246 -0.1034673154
114.4957199097 0.0000000000 0.0000000000 0.0000000000 81.0705795288 2.6468062401 -0.1033777297
114.4948348999 0.0000000000 0.0000000000 0.0000000000 81.0555038452 2.6465094090 -0.1032817960
114.4959487915 0.0000000000 0.0000000000 0.0000000000 81.0381851196 2.6448903084 -0.1031987667
114.4992523193 0.0000000000 0.0000000000 0.0000000000 81.0154342651 2.6425521374 -0.1031163335
114.5044479370 0.0000000000 0.0000000000 0.0000000000 80.9851379395 2.6396739483 -0.1030369997
114.5098114014 0.0000000000 0.0000000000 0.0000000000 80.9512252808 2.6368095875 -0.1029570997
114.5149993896 0.0000000000 0.0000000000 0.0000000000 80.9150085449 2.6339941025 -0.1028701663
114.5196914673 0.0000000000 0.0000000000 0.0000000000 80.8767318726 2.6320631504 -0.1027688086
114.5246124268 0.0000000000 0.0000000000 0.0000000000 80.8381958008 2.6300432682 -0.1026721299
114.5300216675 0.0000000000 0.0000000000 0.0000000000 80.7966613770 2.6276953220 -0.1025783718
114.5349960327 0.0000000000 0.0000000000 0.0000000000 80.7535705566 2.6255946159 -0.1024802327
114.5394439697 0.0000000000 0.0000000000 0.0000000000 80.7082977295 2.6234991550 -0.1023830473
114.5423278809 0.0000000000 0.0000000000 0.0000000000 80.6610870361 2.6216657162 -0.1022807360
114.5445098877 0.0000000000 0.0000000000 0.0000000000 80.6133270264 2.6208653450 -0.1021776497
114.5458221436 0.0000000000 0.0000000000 0.0000000000 80.5621795654 2.6206374168 -0.1020715833
114.5464782715 0.0000000000 0.0000000000 0.0000000000 80.5044479370 2.6210160255 -0.1020258665
114.5461196899 0.0000000000 0.0000000000 0.0000000000 80.4509658813 2.6220777035 -0.1018471122
114.5458984375 0.0000000000 0.0000000000 0.0000000000 80.3963470459 2.6233253479 -0.1017372608
114.5451736450 0.0000000000 0.0000000000 0.0000000000 80.3386001587 2.6241202354 -0.1016445160
114.5454330444 0.0000000000 0.0000000000 0.0000000000 80.2687988281 2.6237032413 -0.1014704406
114.5466003418 0.0000000000 0.0000000000 0.0000000000 80.2006988525 2.6229028702 -0.1013214290
114.5481872559 0.0000000000 0.0000000000 0.0000000000 80.1331100464 2.6218707561 -0.1012841165
114.5490493774 0.0000000000 0.0000000000 0.0000000000 80.0636749268 2.6218588352 -0.1012014747
114.5489120483 0.0000000000 0.0000000000 0.0000000000 79.9910964966 2.6219489574 -0.1010992229
114.5494613647 0.0000000000 0.0000000000 0.0000000000 79.9160614014 2.6214203835 -0.1010020375
114.5507583618 0.0000000000 0.0000000000 0.0000000000 79.8400039673 2.6209924221 -0.1009120047
114.5519180298 0.0000000000 0.0000000000 0.0000000000 79.7652816772 2.6207935810 -0.1008200049
114.5518646240 0.0000000000 0.0000000000 0.0000000000 79.6904449463 2.6207180023 -0.1007309258
114.5539245605 0.0000000000 0.0000000000 0.0000000000 79.6180114746 2.6208081245 -0.1006561518
114.5565261841 0.0000000000 0.0000000000 0.0000000000 79.5452194214 2.6199526787 -0.1005848050
114.5588150024 0.0000000000 0.0000000000 0.0000000000 79.4742813110 2.6194872856 -0.1005097628
114.5611648560 0.0000000000 0.0000000000 0.0000000000 79.4053192139 2.6192440987 -0.1004326940
114.5648269653 0.0000000000 0.0000000000 0.0000000000 79.3399887085 2.6171000004 -0.1003767848
114.5702590942 0.0000000000 0.0000000000 0.0000000000 79.2766647339 2.6150004864 -0.1003231704
114.5766448975 0.0000000000 0.0000000000 0.0000000000 79.2130966187 2.6138513088 -0.1002593040
114.5804672241 0.0000000000 0.0000000000 0.0000000000 79.1533813477 2.6126525402 -0.1001848578
114.5829315186 0.0000000000 0.0000000000 0.0000000000 79.1007385254 2.6127803326 -0.1000661850
114.5842056274 0.0000000000 0.0000000000 0.0000000000 79.0501556396 2.6141519547 -0.0999321938
114.5849838257 0.0000000000 0.0000000000 0.0000000000 79.0035552979 2.6159348488 -0.0998090506
114.5850677490 0.0000000000 0.0000000000 0.0000000000 78.9639892578 2.6172394753 -0.0996980667
114.5855178833 0.0000000000 0.0000000000 0.0000000000 78.9247055054 2.6188640594 -0.0995832384
114.5865097046 0.0000000000 0.0000000000 0.0000000000 78.8866882324 2.6206705570 -0.0994730890
114.5885238647 0.0000000000 0.0000000000 0.0000000000 78.8477325439 2.6222889423 -0.0993637741
114.5909271240 0.0000000000 0.0000000000 0.0000000000 78.8092575073 2.6238286495 -0.0992397964
114.5979690552 0.0000000000 0.0000000000 0.0000000000 78.7666549683 2.6245231628 -0.0991890430
114.6035461426 0.0000000000 0.0000000000 0.0000000000 78.7292098999 2.6262912750 -0.0990907252
114.6086654663 0.0000000000 0.0000000000 0.0000000000 78.7002410889 2.6288075447 -0.0989956558
114.6142425537 0.0000000000 0.0000000000 0.0000000000 78.6723327637 2.6314444542 -0.0988919139
114.6210479736 0.0000000000 0.0000000000 0.0000000000 78.6544952393 2.6323533058 -0.0987927020
114.6301269531 0.0000000000 0.0000000000 0.0000000000 78.6406860352 2.6315331459 -0.0987071097
114.6404342651 0.0000000000 0.0000000000 0.0000000000 78.6253738403 2.6303348541 -0.0986290872
114.6505050659 0.0000000000 0.0000000000 0.0000000000 78.6028213501 2.6290180683 -0.0985763073
114.6594161987 0.0000000000 0.0000000000 0.0000000000 78.5772171021 2.6277420521 -0.0985085666
114.6663284302 0.0000000000 0.0000000000 0.0000000000 78.5508270264 2.6274878979 -0.0984134078
114.6720123291 0.0000000000 0.0000000000 0.0000000000 78.5214843750 2.6278095245 -0.0983034670
114.6753082275 0.0000000000 0.0000000000 0.0000000000 78.4924850464 2.6280057430 -0.0982000530
114.6796417236 0.0000000000 0.0000000000 0.0000000000 78.4651947021 2.6276824474 -0.0981370509
114.6832580566 0.0000000000 0.0000000000 0.0000000000 78.4344024658 2.6277012825 -0.0980533659
114.6871337891 0.0000000000 0.0000000000 0.0000000000 78.4053421021 2.6265184879 -0.0979752839
114.6906280518 0.0000000000 0.0000000000 0.0000000000 78.3777008057 2.6265261173 -0.0978892148
114.6941680908 0.0000000000 0.0000000000 0.0000000000 78.3497161865 2.6268103123 -0.0977995098
114.7002639771 0.0000000000 0.0000000000 0.0000000000 78.3227844238 2.6269280910 -0.0977173150
114.7061843872 0.0000000000 0.0000000000 0.0000000000 78.2979354858 2.6278896332 -0.0976173580
114.7114562988 0.0000000000 0.0000000000 0.0000000000 78.2715682983 2.6281235218 -0.0975180268
114.7200698853 0.0000000000 0.0000000000 0.0000000000 78.2472152710 2.6271572113 -0.0974504054
114.7291488647 0.0000000000 0.0000000000 0.0000000000 78.2225875854 2.6268389225 -0.0973842144
114.7394943237 0.0000000000 0.0000000000 0.0000000000 78.1957244873 2.6271219254 -0.0973149538
114.7471771240 0.0000000000 0.0000000000 0.0000000000 78.1746292114 2.6280264854 -0.0972419381
114.7550048828 0.0000000000 0.0000000000 0.0000000000 78.1509933472 2.6291186810 -0.0971655548
114.7610931396 0.0000000000 0.0000000000 0.0000000000 78.1220245361 2.6304514408 -0.0970684886
114.7669677734 0.0000000000 0.0000000000 0.0000000000 78.0933074951 2.6315672398 -0.0969855785
114.7742538452 0.0000000000 0.0000000000 0.0000000000 78.0698699951 2.6320903301 -0.0969223380
114.7833328247 0.0000000000 0.0000000000 0.0000000000 78.0438995361 2.6316127777 -0.0968705416
114.7929306030 0.0000000000 0.0000000000 0.0000000000 78.0187149048 2.6305794716 -0.0968242884
114.8030548096 0.0000000000 0.0000000000 0.0000000000 77.9929199219 2.6286203861 -0.0967822075
114.8122100830 0.0000000000 0.0000000000 0.0000000000 77.9666290283 2.6274399757 -0.0967150331
114.8204879761 0.0000000000 0.0000000000 0.0000000000 77.9390106201 2.6278760433 -0.0966349542
114.8302230835 0.0000000000 0.0000000000 0.0000000000 77.9058914185 2.6277213097 -0.0965702832
114.8408813477 0.0000000000 0.0000000000 0.0000000000 77.8753662109 2.6264724731 -0.0965253115
114.8526687622 0.0000000000 0.0000000000 0.0000000000 77.8423309326 2.6238512993 -0.0964921415
114.8626251221 0.0000000000 0.0000000000 0.0000000000 77.8116836548 2.6214110851 -0.0964570642
114.8709640503 0.0000000000 0.0000000000 0.0000000000 77.7808837891 2.6201539040 -0.0964052081
114.8781356812 0.0000000000 0.0000000000 0.0000000000 77.7483139038 2.6194107533 -0.0963585377
114.8834533691 0.0000000000 0.0000000000 0.0000000000 77.7152938843 2.6182923317 -0.0963196456
114.8875656128 0.0000000000 0.0000000000 0.0000000000 77.6831512451 2.6178081036 -0.0962800384
114.8907089233 0.0000000000 0.0000000000 0.0000000000 77.6526870728 2.6182577610 -0.0962410867
114.8920669556 0.0000000000 0.0000000000 0.0000000000 77.6276550293 2.6184315681 -0.0962021947
114.8927383423 0.0000000000 0.0000000000 0.0000000000 77.5957565308 2.6174907684 -0.0961682796
114.8926010132 0.0000000000 0.0000000000 0.0000000000 77.5653610229 2.6168303490 -0.0961392224
114.8917999268 0.0000000000 0.0000000000 0.0000000000 77.5342025757 2.6160080433 -0.0961197615
114.8908462524 0.0000000000 0.0000000000 0.0000000000 77.5022811890 2.6161768436 -0.0960848033
114.8894882202 0.0000000000 0.0000000000 0.0000000000 77.4736480713 2.6175401211 -0.0960379243
114.8894882202 0.0000000000 0.0000000000 0.0000000000 77.4425506592 2.6192893982 -0.0959829688
114.8922042847 0.0000000000 0.0000000000 0.0000000000 77.4092483521 2.6208124161 -0.0959399343
114.8969879150 0.0000000000 0.0000000000 0.0000000000 77.3775329590 2.6220009327 -0.0959080756
114.9028854370 0.0000000000 0.0000000000 0.0000000000 77.3471298218 2.6236553192 -0.0958611369
114.9094390869 0.0000000000 0.0000000000 0.0000000000 77.3150863647 2.6261436939 -0.0957955420
114.9164123535 0.0000000000 0.0000000000 0.0000000000 77.2829666138 2.6279311180 -0.0957367718
114.9236679077 0.0000000000 0.0000000000 0.0000000000 77.2550506592 2.6293916702 -0.0956945121
114.9297409058 0.0000000000 0.0000000000 0.0000000000 77.2260971069 2.6318297386 -0.0956578851
114.9339370728 0.0000000000 0.0000000000 0.0000000000 77.1999816895 2.6355426311 -0.0956090987
114.9350433350 0.0000000000 0.0000000000 0.0000000000 77.1762008667 2.6401143074 -0.0955547690
114.9355316162 0.0000000000 0.0000000000 0.0000000000 77.1544799805 2.6441228390 -0.0954924524
114.9346923828 0.0000000000 0.0000000000 0.0000000000 77.1340866089 2.6488819122 -0.0954257250
114.9353866577 0.0000000000 0.0000000000 0.0000000000 77.1139984131 2.6520965099 -0.0953739285
114.9359054565 0.0000000000 0.0000000000 0.0000000000 77.0910110474 2.6550493240 -0.0953100026
114.9352722168 0.0000000000 0.0000000000 0.0000000000 77.0659255981 2.6587851048 -0.0952179134
114.9342269897 0.0000000000 0.0000000000 0.0000000000 77.0408554077 2.6636624336 -0.0951037407
114.9351501465 0.0000000000 0.0000000000 0.0000000000 77.0191955566 2.6701483727 -0.0950042605
114.9381790161 0.0000000000 0.0000000000 0.0000000000 76.9997634888 2.6747441292 -0.0949321389
114.9433212280 0.0000000000 0.0000000000 0.0000000000 76.9877624512 2.6772313118 -0.0948789716
114.9470825195 0.0000000000 0.0000000000 0.0000000000 76.9730300903 2.6776344776 -0.0948359072
114.9499969482 0.0000000000 0.0000000000 0.0000000000 76.9614944458 2.6785731316 -0.0947910845
114.9488143921 0.0000000000 0.0000000000 0.0000000000 76.9536132812 2.6813824177 -0.0947237313
114.9474792480 0.0000000000 0.0000000000 0.0000000000 76.9458389282 2.6888105869 -0.0946345627
114.9447250366 0.0000000000 0.0000000000 0.0000000000 76.9364547729 2.6967041492 -0.0945552886
114.9423065186 0.0000000000 0.0000000000 0.0000000000 76.9249038696 2.7029612064 -0.0944984853
114.9404602051 0.0000000000 0.0000000000 0.0000000000 76.9108505249 2.7005095482 -0.0944615901
114.9398117065 0.0000000000 0.0000000000 0.0000000000 76.8957214355 2.6975080967 -0.0944163203
114.9408264160 0.0000000000 0.0000000000 0.0000000000 76.8788757324 2.6965889931 -0.0943707824
114.9389877319 0.0000000000 0.0000000000 0.0000000000 76.8608856201 2.7004058361 -0.0943016708
114.9379119873 0.0000000000 0.0000000000 0.0000000000 76.8385467529 2.7093896866 -0.0942254364
114.9369583130 0.0000000000 0.0000000000 0.0000000000 76.8212051392 2.7250890732 -0.0941445231
114.9384460449 0.0000000000 0.0000000000 0.0000000000 76.8010101318 2.7298719883 -0.0940991342
114.9422149658 0.0000000000 0.0000000000 0.0000000000 76.7736206055 2.7243740559 -0.0940589011
114.9476165771 0.0000000000 0.0000000000 0.0000000000 76.7474517822 2.7224314213 -0.0940390527
114.9529113770 0.0000000000 0.0000000000 0.0000000000 76.7205657959 2.7260332108 -0.0939813852
114.9553222656 0.0000000000 0.0000000000 0.0000000000 76.6887893677 2.7371249199 -0.0938979685
114.9567642212 0.0000000000 0.0000000000 0.0000000000 76.6546859741 2.7563772202 -0.0938116908
114.9600906372 0.0000000000 0.0000000000 0.0000000000 76.6206588745 2.7680540085 -0.0937374234
114.9652175903 0.0000000000 0.0000000000 0.0000000000 76.5781707764 2.7608880997 -0.0936917067
114.9710693359 0.0000000000 0.0000000000 0.0000000000 76.5380249023 2.7464897633 -0.0936710238
114.9749221802 0.0000000000 0.0000000000 0.0000000000 76.5017547607 2.7417156696 -0.0936566293
114.9749450684 0.0000000000 0.0000000000 0.0000000000 76.4622955322 2.7518615723 -0.0936145782
114.9712448120 0.0000000000 0.0000000000 0.0000000000 76.4258956909 2.7816569805 -0.0935404599
114.9678802490 0.0000000000 0.0000000000 0.0000000000 76.3911209106 2.8080103397 -0.0934651196
114.9684524536 0.0000000000 0.0000000000 0.0000000000 76.3516921997 2.8053812981 -0.0934089124
114.9730834961 0.0000000000 0.0000000000 0.0000000000 76.3083267212 2.7879521847 -0.0933924913
114.9783325195 0.0000000000 0.0000000000 0.0000000000 76.2657546997 2.7810733318 -0.0933848619
114.9814834595 0.0000000000 0.0000000000 0.0000000000 76.2258300781 2.7866125107 -0.0933334529
114.9821777344 0.0000000000 0.0000000000 0.0000000000 76.1868362427 2.8045492172 -0.0932619274
114.9830780029 0.0000000000 0.0000000000 0.0000000000 76.1480712891 2.8249459267 -0.0931707621
114.9872283936 0.0000000000 0.0000000000 0.0000000000 76.1104049683 2.8312666416 -0.0931396484
114.9937820435 0.0000000000 0.0000000000 0.0000000000 76.0750656128 2.8254821301 -0.0931200981
115.0011672974 0.0000000000 0.0000000000 0.0000000000 76.0425872803 2.8170032501 -0.0931023955
115.0090103149 0.0000000000 0.0000000000 0.0000000000 76.0118942261 2.8158996105 -0.0930706859
115.0149765015 0.0000000000 0.0000000000 0.0000000000 75.9799804688 2.8205182552 -0.0930421948
115.0199050903 0.0000000000 0.0000000000 0.0000000000 75.9507217407 2.8266525269 -0.0930187702
115.0236129761 0.0000000000 0.0000000000 0.0000000000 75.9228897095 2.8270709515 -0.0930067301
115.0261611938 0.0000000000 0.0000000000 0.0000000000 75.8997497559 2.8228743076 -0.0929957330
