#         COST_U        COST_H      COST_D       COST_S       REGU_H       REGU_S          HPO           COSTGLEN 
6444.7094726562 0.0000000000 0.0000000000 0.0000000000 346.9176330566 0.0000000000 21.8599300385
4377.0419921875 0.0000902393 0.0000000000 0.0198085904 336.9760742188 0.8523762226 15.0829019547
3112.8510742188 0.0003186040 0.0000000000 0.0681168288 327.8370361328 2.1784605980 10.5847625732
2254.6318359375 0.0006555273 0.0000000000 0.1384010911 318.6749267578 3.8343389034 7.3744025230
1677.8525390625 0.0010761232 0.0000000000 0.2250231355 311.2789916992 5.7105517387 5.1695513725
1297.1748046875 0.0015608900 0.0000000000 0.3232113719 304.3885803223 7.7257990837 3.7385566235
1040.1086425781 0.0020943161 0.0000000000 0.4292662442 298.3962097168 9.8333263397 2.8123211861
861.0557861328 0.0026623802 0.0000000000 0.5404171944 292.8760681152 11.9784431458 2.2012240887
735.2771606445 0.0032528650 0.0000000000 0.6545541286 287.6130676270 14.0750694275 1.8038704395
647.9138183594 0.0038560117 0.0000000000 0.7700633407 282.6828002930 16.1560153961 1.5535881519
587.2540283203 0.0044644666 0.0000000000 0.8856300116 277.8096313477 18.1388874054 1.3981003761
544.9944458008 0.0050731585 0.0000000000 1.0003466606 273.0340881348 19.9863567352 1.2981812954
515.2413940430 0.0056788521 0.0000000000 1.1136200428 268.3883361816 21.6944236755 1.2291340828
494.1514282227 0.0062795253 0.0000000000 1.2250399590 264.1386413574 23.2698554993 1.1740605831
478.8643493652 0.0068738670 0.0000000000 1.3342443705 260.0492553711 24.6804122925 1.1284427643
467.8384399414 0.0074609090 0.0000000000 1.4409775734 256.1568908691 25.9739551544 1.0884964466
459.5728454590 0.0080405260 0.0000000000 1.5450909138 252.2800750732 27.1974525452 1.0525214672
453.1801757812 0.0086132614 0.0000000000 1.6464948654 248.6823272705 28.3187007904 1.0167055130
448.2272033691 0.0091795074 0.0000000000 1.7451200485 245.4751739502 29.3193130493 0.9806308746
444.1182556152 0.0097395321 0.0000000000 1.8409736156 242.7773742676 30.1871814728 0.9439765811
440.4649353027 0.0102941087 0.0000000000 1.9340875149 240.4210205078 30.9408187866 0.9059097767
437.0532836914 0.0108438181 0.0000000000 2.0245699883 238.1863555908 31.5980091095 0.8661857843
433.7490539551 0.0113892816 0.0000000000 2.1124963760 236.0669097900 32.1610794067 0.8245611787
430.4880676270 0.0119311698 0.0000000000 2.1980321407 234.0381774902 32.6288337708 0.7832145691
427.1896362305 0.0124699427 0.0000000000 2.2812891006 232.2466278076 33.0105094910 0.7418574691
423.9084167480 0.0130063752 0.0000000000 2.3623633385 230.6391143799 33.3133430481 0.7005835772
420.6158447266 0.0135411713 0.0000000000 2.4413712025 229.2057342529 33.5349235535 0.6601144671
417.2281494141 0.0140758986 0.0000000000 2.5183923244 227.8911590576 33.6785202026 0.6207438111
413.8395385742 0.0146112479 0.0000000000 2.5935542583 226.5499267578 33.7499694824 0.5830070972
410.4704895020 0.0151479859 0.0000000000 2.6670064926 225.2939605713 33.7652053833 0.5478396416
407.1214294434 0.0156868771 0.0000000000 2.7388534546 224.1351013184 33.7245941162 0.5151723027
403.8580627441 0.0162289739 0.0000000000 2.8091933727 223.0439147949 33.6283302307 0.4852257073
400.6108703613 0.0167749431 0.0000000000 2.8781139851 221.8988494873 33.4889106750 0.4578086138
397.3965759277 0.0173255056 0.0000000000 2.9457011223 220.9668884277 33.3148918152 0.4327835143
394.2373046875 0.0178814214 0.0000000000 3.0120451450 219.8987731934 33.1126403809 0.4099691808
391.1615600586 0.0184429474 0.0000000000 3.0772256851 219.0333099365 32.8862609863 0.3894196749
388.1903076172 0.0190109294 0.0000000000 3.1413350105 218.1745147705 32.6403732300 0.3707595468
385.3345947266 0.0195857510 0.0000000000 3.2044589520 217.3808746338 32.3782997131 0.3536932170
382.5885620117 0.0201677904 0.0000000000 3.2666704655 216.6256103516 32.0973854065 0.3381406665
379.9669189453 0.0207575243 0.0000000000 3.3280489445 215.9212799072 31.7992420197 0.3240026832
377.4911499023 0.0213553105 0.0000000000 3.3886694908 215.2426910400 31.4848098755 0.3110910952
375.1288452148 0.0219614785 0.0000000000 3.4485943317 214.6000213623 31.1620998383 0.2992421985
372.9069213867 0.0225764941 0.0000000000 3.5078933239 213.9911956787 30.8331012726 0.2881145179
370.8392333984 0.0232006311 0.0000000000 3.5666155815 213.3890533447 30.4947071075 0.2775780261
368.9109191895 0.0238341987 0.0000000000 3.6248269081 212.8290557861 30.1553192139 0.2676479518
367.1098937988 0.0244777650 0.0000000000 3.6826031208 212.2713165283 29.8171272278 0.2581998110
365.4519958496 0.0251317155 0.0000000000 3.7399759293 211.7290496826 29.4819145203 0.2492934018
363.9297790527 0.0257964563 0.0000000000 3.7969806194 211.2165222168 29.1506690979 0.2406730801
362.5181274414 0.0264724940 0.0000000000 3.8536498547 210.6570281982 28.8194885254 0.2322406620
361.2000732422 0.0271600243 0.0000000000 3.9100000858 210.0907745361 28.4915904999 0.2240696251
360.0010986328 0.0278598331 0.0000000000 3.9660665989 209.5185699463 28.1667747498 0.2159515619
358.8947753906 0.0285720974 0.0000000000 4.0218734741 208.9302673340 27.8465404510 0.2079863250
357.8525085449 0.0292970706 0.0000000000 4.0774254799 208.3176422119 27.5353984833 0.2001988739
356.8673095703 0.0300351456 0.0000000000 4.1327114105 207.6946563721 27.2363243103 0.1925775111
355.9375610352 0.0307867974 0.0000000000 4.1877474785 207.0593719482 26.9487171173 0.1850447804
355.0505065918 0.0315519534 0.0000000000 4.2425556183 206.4198608398 26.6787948608 0.1777466387
354.2004089355 0.0323311575 0.0000000000 4.2971677780 205.7599487305 26.4256820679 0.1706452668
353.4002685547 0.0331245102 0.0000000000 4.3516087532 205.0940093994 26.1893310547 0.1637332290
352.6358947754 0.0339322388 0.0000000000 4.4058895111 204.4269104004 25.9696521759 0.1570091695
351.8947448730 0.0347544849 0.0000000000 4.4600152969 203.7531890869 25.7659034729 0.1504698694
351.1630859375 0.0355911143 0.0000000000 4.5140190125 203.0799407959 25.5797481537 0.1440956295
350.4351501465 0.0364424214 0.0000000000 4.5679054260 202.4037170410 25.4087619781 0.1377121806
349.7175903320 0.0373081490 0.0000000000 4.6216931343 201.7377777100 25.2486095428 0.1313551813
349.0082397461 0.0381887257 0.0000000000 4.6754131317 201.0846099854 25.0997333527 0.1250576228
348.3174133301 0.0390842333 0.0000000000 4.7290806770 200.4363403320 24.9633350372 0.1188972890
347.6423034668 0.0399942026 0.0000000000 4.7827162743 199.7977905273 24.8402652740 0.1128648818
346.9764404297 0.0409189649 0.0000000000 4.8363318443 199.1855621338 24.7323551178 0.1069349200
346.3221130371 0.0418585092 0.0000000000 4.8899359703 198.5922393799 24.6360263824 0.1010008901
345.6780700684 0.0428127348 0.0000000000 4.9435405731 198.0314483643 24.5510158539 0.0950595587
345.0393066406 0.0437816344 0.0000000000 4.9971475601 197.4388122559 24.4732418060 0.0890822262
344.4179382324 0.0447651707 0.0000000000 5.0508098602 196.8723602295 24.4023036957 0.0830562413
343.8016967773 0.0457631685 0.0000000000 5.1045436859 196.3240203857 24.3368968964 0.0770107806
343.1798706055 0.0467758253 0.0000000000 5.1583929062 195.7857360840 24.2780475616 0.0709848106
342.5490112305 0.0478030331 0.0000000000 5.2123785019 195.2574768066 24.2249145508 0.0649649501
341.9148864746 0.0488449745 0.0000000000 5.2665195465 194.7263183594 24.1764698029 0.0589098334
341.2666320801 0.0499016531 0.0000000000 5.3208656311 194.2059783936 24.1325340271 0.0527819544
340.6137084961 0.0509730875 0.0000000000 5.3754467964 193.7079620361 24.0916728973 0.0464931130
339.9593505859 0.0520592518 0.0000000000 5.4302473068 193.1837921143 24.0512752533 0.0400894731
339.2930297852 0.0531601645 0.0000000000 5.4852852821 192.6443176270 24.0135078430 0.0335662663
338.6188964844 0.0542755648 0.0000000000 5.5406150818 192.1099395752 23.9763145447 0.0269003808
337.9387817383 0.0554055683 0.0000000000 5.5962772369 191.5885772705 23.9417762756 0.0201670676
337.2561340332 0.0565501414 0.0000000000 5.6522588730 191.0907745361 23.9088268280 0.0133804828
336.5684509277 0.0577092767 0.0000000000 5.7085900307 190.5366973877 23.8770618439 0.0065199286
335.8790283203 0.0588829592 0.0000000000 5.7652878761 190.0234680176 23.8460636139 -0.0003769845
335.1920166016 0.0600709580 0.0000000000 5.8223915100 189.5177154541 23.8165607452 -0.0072675794
334.5082702637 0.0612735488 0.0000000000 5.8798961639 189.0186614990 23.7884998322 -0.0141206533
333.8242187500 0.0624905527 0.0000000000 5.9378137589 188.5256195068 23.7638416290 -0.0209633708
333.1395874023 0.0637216568 0.0000000000 5.9961576462 188.0188140869 23.7434349060 -0.0277802199
332.4627990723 0.0649668351 0.0000000000 6.0549054146 187.5206756592 23.7254905701 -0.0346041918
331.8011169434 0.0662261248 0.0000000000 6.1140408516 187.0289764404 23.7079849243 -0.0414319783
331.1512145996 0.0674998239 0.0000000000 6.1735396385 186.5345611572 23.6900482178 -0.0482581109
330.5177001953 0.0687879175 0.0000000000 6.2333445549 186.0437164307 23.6716156006 -0.0551615506
329.9017944336 0.0700898767 0.0000000000 6.2934899330 185.5578918457 23.6509056091 -0.0620790869
329.3031005859 0.0714059472 0.0000000000 6.3540101051 185.0643615723 23.6290588379 -0.0690377504
328.7218627930 0.0727361590 0.0000000000 6.4149184227 184.5784301758 23.6051979065 -0.0760147423
328.1614990234 0.0740804970 0.0000000000 6.4762520790 184.0941772461 23.5790996552 -0.0830360204
327.6212768555 0.0754393637 0.0000000000 6.5380063057 183.6100311279 23.5513439178 -0.0901072323
327.0976867676 0.0768123940 0.0000000000 6.6002416611 183.1287536621 23.5243091583 -0.0971796513
326.5826416016 0.0781997666 0.0000000000 6.6629838943 182.6495819092 23.5036144257 -0.1042215377
326.0847473145 0.0796017647 0.0000000000 6.7261905670 182.1734619141 23.4857501984 -0.1112445891
325.6012878418 0.0810181424 0.0000000000 6.7898893356 181.6992950439 23.4676971436 -0.1182607263
325.1343078613 0.0824497417 0.0000000000 6.8540487289 181.2328186035 23.4480285645 -0.1252938509
324.6811828613 0.0838962421 0.0000000000 6.9186897278 180.7637786865 23.4275836945 -0.1323162764
324.2376403809 0.0853582993 0.0000000000 6.9837493896 180.2970581055 23.4047298431 -0.1393690556
323.8042602539 0.0868359655 0.0000000000 7.0492558479 179.8314208984 23.3817882538 -0.1464318186
323.3819580078 0.0883292034 0.0000000000 7.1151781082 179.3673706055 23.3577575684 -0.1534881145
322.9681701660 0.0898384005 0.0000000000 7.1815128326 178.9068603516 23.3329067230 -0.1605357379
322.5610351562 0.0913633183 0.0000000000 7.2482867241 178.4455413818 23.3055210114 -0.1675383449
322.1586303711 0.0929045603 0.0000000000 7.3154821396 177.9910736084 23.2776603699 -0.1745646149
321.7532043457 0.0944626033 0.0000000000 7.3830504417 177.5351562500 23.2511425018 -0.1815710217
321.3417663574 0.0960372165 0.0000000000 7.4509525299 177.0759887695 23.2267971039 -0.1885600686
320.9269714355 0.0976281837 0.0000000000 7.5192184448 176.6065216064 23.2031078339 -0.1955315620
320.5047302246 0.0992360711 0.0000000000 7.5878672600 176.1364746094 23.1799640656 -0.2024719119
320.0753479004 0.1008610874 0.0000000000 7.6569318771 175.6714935303 23.1590576172 -0.2093753666
319.6419677734 0.1025031805 0.0000000000 7.7263846397 175.2128753662 23.1384410858 -0.2162562460
319.1979370117 0.1041622460 0.0000000000 7.7962112427 174.7576293945 23.1190471649 -0.2231347561
318.7443237305 0.1058383062 0.0000000000 7.8664808273 174.3135528564 23.1037673950 -0.2300094813
318.2789916992 0.1075313985 0.0000000000 7.9371662140 173.8692169189 23.0963535309 -0.2368581891
317.8025512695 0.1092418432 0.0000000000 8.0082807541 173.4257202148 23.0922718048 -0.2437308282
317.3102722168 0.1109696254 0.0000000000 8.0798406601 172.9871368408 23.0920219421 -0.2506370246
316.8167419434 0.1127144918 0.0000000000 8.1517515182 172.5569610596 23.0944633484 -0.2575319409
316.3116455078 0.1144769415 0.0000000000 8.2240467072 172.1350402832 23.1007175446 -0.2644143105
315.8034973145 0.1162569672 0.0000000000 8.2966823578 171.7036743164 23.1053905487 -0.2713228464
315.2990417480 0.1180546433 0.0000000000 8.3696012497 171.2706146240 23.1063003540 -0.2782564759
314.7979736328 0.1198699921 0.0000000000 8.4428358078 170.8409118652 23.1054401398 -0.2851794362
314.2955017090 0.1217026860 0.0000000000 8.5164003372 170.4104919434 23.1029911041 -0.2920835912
313.7973632812 0.1235527173 0.0000000000 8.5902481079 169.9789886475 23.0950279236 -0.2989932895
313.3056030273 0.1254203618 0.0000000000 8.6644229889 169.5529327393 23.0831203461 -0.3058847189
312.8180541992 0.1273053437 0.0000000000 8.7389030457 169.1332550049 23.0662727356 -0.3127710521
312.3353881836 0.1292075068 0.0000000000 8.8137245178 168.7122497559 23.0451774597 -0.3196614385
311.8520507812 0.1311271340 0.0000000000 8.8888959885 168.2973937988 23.0238971710 -0.3265599906
311.3705139160 0.1330642104 0.0000000000 8.9644451141 167.8846282959 23.0016574860 -0.3334761560
310.8873596191 0.1350189000 0.0000000000 9.0403442383 167.4819488525 22.9781436920 -0.3404078484
310.4036865234 0.1369909644 0.0000000000 9.1166172028 167.0848693848 22.9542007446 -0.3473428488
309.9213867188 0.1389802992 0.0000000000 9.1932888031 166.6874084473 22.9323577881 -0.3542407751
309.4375915527 0.1409869790 0.0000000000 9.2703351974 166.3008422852 22.9109916687 -0.3611061573
308.9572143555 0.1430117786 0.0000000000 9.3476896286 165.9139709473 22.8895359039 -0.3679194450
308.4826965332 0.1450547129 0.0000000000 9.4254169464 165.5127563477 22.8681793213 -0.3747604489
308.0162048340 0.1471155286 0.0000000000 9.5033912659 165.1172943115 22.8478240967 -0.3815571964
307.5567932129 0.1491943300 0.0000000000 9.5816373825 164.7220916748 22.8233985901 -0.3883427978
307.1057128906 0.1512913406 0.0000000000 9.6601142883 164.3260498047 22.7950897217 -0.3951044679
306.6578063965 0.1534068882 0.0000000000 9.7388353348 163.9354705811 22.7671279907 -0.4018496871
306.2110595703 0.1555417180 0.0000000000 9.8177394867 163.5438690186 22.7408695221 -0.4085778296
305.7661437988 0.1576965153 0.0000000000 9.8969373703 163.1565551758 22.7169761658 -0.4152966738
305.3275451660 0.1598711610 0.0000000000 9.9764213562 162.7707519531 22.6900138855 -0.4220119119
304.8933715820 0.1620657742 0.0000000000 10.0561780930 162.3781585693 22.6583786011 -0.4287437797
304.4624328613 0.1642805338 0.0000000000 10.1361274719 161.9879150391 22.6206016541 -0.4354713559
304.0385742188 0.1665150374 0.0000000000 10.2162780762 161.5830841064 22.5800724030 -0.4421402216
303.6188354492 0.1687697619 0.0000000000 10.2966442108 161.1791534424 22.5403938293 -0.4487512708
303.1943359375 0.1710451394 0.0000000000 10.3773174286 160.7888336182 22.5049457550 -0.4553166926
302.7703552246 0.1733417958 0.0000000000 10.4583539963 160.4037475586 22.4734916687 -0.4618515372
302.3494873047 0.1756593287 0.0000000000 10.5398406982 160.0243682861 22.4413299561 -0.4684054852
301.9307861328 0.1779973805 0.0000000000 10.6217222214 159.6508483887 22.4089508057 -0.4749895334
301.5223999023 0.1803561300 0.0000000000 10.7039651871 159.2743530273 22.3722152710 -0.4816097617
301.1149902344 0.1827356666 0.0000000000 10.7864742279 158.9061737061 22.3337001801 -0.4882192612
300.7065429688 0.1851362884 0.0000000000 10.8692960739 158.5405426025 22.2971115112 -0.4947975278
300.2971191406 0.1875577718 0.0000000000 10.9524564743 158.1818237305 22.2633705139 -0.5013667345
299.8832702637 0.1900008172 0.0000000000 11.0358524323 157.8322601318 22.2331848145 -0.5078859925
299.4599914551 0.1924649328 0.0000000000 11.1195497513 157.4859619141 22.2063045502 -0.5143650174
299.0329284668 0.1949506104 0.0000000000 11.2035198212 157.1525726318 22.1823081970 -0.5208081007
298.6103210449 0.1974580437 0.0000000000 11.2877206802 156.8173370361 22.1598854065 -0.5272499919
298.1808471680 0.1999877244 0.0000000000 11.3720197678 156.4829406738 22.1390342712 -0.5336655378
297.7438049316 0.2025405318 0.0000000000 11.4564867020 156.1539611816 22.1223812103 -0.5400459766
297.2975463867 0.2051163912 0.0000000000 11.5411214828 155.8250885010 22.1074409485 -0.5464357138
296.8410949707 0.2077161819 0.0000000000 11.6260099411 155.4974517822 22.0884094238 -0.5528032184
296.3826293945 0.2103392333 0.0000000000 11.7111253738 155.1748504639 22.0633258820 -0.5591918230
295.9247131348 0.2129850090 0.0000000000 11.7964229584 154.8580017090 22.0322055817 -0.5655507445
295.4624023438 0.2156550437 0.0000000000 11.8818874359 154.5394287109 21.9955196381 -0.5718597770
294.9993286133 0.2183494717 0.0000000000 11.9675226212 154.2277221680 21.9523200989 -0.5781146288
294.5352172852 0.2210687548 0.0000000000 12.0533199310 153.9215850830 21.9056968689 -0.5843066573
294.0674743652 0.2238131911 0.0000000000 12.1392145157 153.6098480225 21.8639945984 -0.5903742313
293.6012573242 0.2265820801 0.0000000000 12.2250576019 153.3062133789 21.8233642578 -0.5963524580
293.1366271973 0.2293753177 0.0000000000 12.3108491898 153.0073547363 21.7715358734 -0.6022450328
292.6783447266 0.2321930826 0.0000000000 12.3966045380 152.7104187012 21.7057704926 -0.6080414057
292.2326049805 0.2350343615 0.0000000000 12.4823722839 152.4208526611 21.6385974884 -0.6137387753
291.7924194336 0.2379000187 0.0000000000 12.5681715012 152.1311035156 21.5863018036 -0.6193588376
291.3628234863 0.2407905459 0.0000000000 12.6539878845 151.8559722900 21.5321445465 -0.6249237061
290.9502258301 0.2437065244 0.0000000000 12.7396440506 151.5970611572 21.4733753204 -0.6304001808
290.5621337891 0.2466485351 0.0000000000 12.8252859116 151.3229217529 21.4113178253 -0.6357819438
290.1928405762 0.2496175319 0.0000000000 12.9109830856 151.0502014160 21.3423690796 -0.6411440969
289.8449707031 0.2526131868 0.0000000000 12.9965257645 150.7565155029 21.2683029175 -0.6464539766
289.5177917480 0.2556362152 0.0000000000 13.0819110870 150.4709930420 21.1889152527 -0.6517228484
289.2024230957 0.2586870193 0.0000000000 13.1671428680 150.1835632324 21.1133708954 -0.6569671631
288.8955383301 0.2617657781 0.0000000000 13.2522106171 149.8873901367 21.0541419983 -0.6621697545
288.5850219727 0.2648727000 0.0000000000 13.3371257782 149.6023101807 21.0216827393 -0.6673019528
288.2777709961 0.2680077553 0.0000000000 13.4218187332 149.3238830566 21.0058002472 -0.6723352671
287.9639892578 0.2711715698 0.0000000000 13.5061941147 149.0589904785 20.9977893829 -0.6772537231
287.6408691406 0.2743645012 0.0000000000 13.5902900696 148.7918548584 20.9925518036 -0.6820612550
287.3031311035 0.2775861025 0.0000000000 13.6741828918 148.5250091553 20.9851360321 -0.6867751479
286.9443359375 0.2808367014 0.0000000000 13.7577905655 148.2661895752 20.9702777863 -0.6914024949
286.5796813965 0.2841160595 0.0000000000 13.8411626816 148.0066528320 20.9447135925 -0.6958819628
286.2112731934 0.2874245048 0.0000000000 13.9242181778 147.7513732910 20.9146938324 -0.7002709508
285.8370971680 0.2907611430 0.0000000000 14.0068340302 147.4828491211 20.8849163055 -0.7045740485
285.4590759277 0.2941265106 0.0000000000 14.0891389847 147.2196807861 20.8532447815 -0.7087418437
285.0791320801 0.2975195944 0.0000000000 14.1712713242 146.9619293213 20.8180217743 -0.7127927542
284.7010498047 0.3009409308 0.0000000000 14.2531309128 146.7089538574 20.7778244019 -0.7167689800
284.3149414062 0.3043901026 0.0000000000 14.3346328735 146.4458160400 20.7411193848 -0.7206233740
283.9222412109 0.3078668118 0.0000000000 14.4156246185 146.2045135498 20.7041721344 -0.7243934870
283.5218811035 0.3113719225 0.0000000000 14.4960498810 145.9245910645 20.6706142426 -0.7280089855
283.1176452637 0.3149061799 0.0000000000 14.5759811401 145.6550445557 20.6428489685 -0.7315086722
282.6904907227 0.3184700906 0.0000000000 14.6554317474 145.3960418701 20.6239471436 -0.7348511219
282.2597961426 0.3220640123 0.0000000000 14.7344799042 145.1483917236 20.6055679321 -0.7380869389
281.8262023926 0.3256869912 0.0000000000 14.8129434586 144.9023895264 20.5803070068 -0.7412561178
281.3836975098 0.3293382823 0.0000000000 14.8908338547 144.6550445557 20.5515613556 -0.7443757057
280.9402160645 0.3330172896 0.0000000000 14.9681615829 144.4131774902 20.5227203369 -0.7473906279
280.4955139160 0.3367245793 0.0000000000 15.0450639725 144.1788940430 20.4945335388 -0.7503083944
280.0575561523 0.3404601812 0.0000000000 15.1217031479 143.9448852539 20.4631042480 -0.7531722188
279.6201171875 0.3442240655 0.0000000000 15.1980409622 143.7180938721 20.4319763184 -0.7559452057
279.1810913086 0.3480148911 0.0000000000 15.2738676071 143.4992675781 20.3947315216 -0.7585983276
278.7449340820 0.3518317044 0.0000000000 15.3491430283 143.2897033691 20.3566532135 -0.7611564994
278.2991638184 0.3556732237 0.0000000000 15.4238872528 143.0788421631 20.3226909637 -0.7636170983
277.8502807617 0.3595415056 0.0000000000 15.4980983734 142.8623504639 20.2894554138 -0.7660026550
277.4117736816 0.3634359539 0.0000000000 15.5718164444 142.6540069580 20.2564792633 -0.7683138847
276.9729919434 0.3673566580 0.0000000000 15.6450290680 142.4443511963 20.2258968353 -0.7704722881
276.5309448242 0.3713027239 0.0000000000 15.7177124023 142.2415008545 20.1993103027 -0.7725092173
276.0959167480 0.3752735257 0.0000000000 15.7898530960 142.0400695801 20.1719856262 -0.7744384408
275.6629333496 0.3792683482 0.0000000000 15.8614749908 141.8370513916 20.1453208923 -0.7762991190
275.2318115234 0.3832857013 0.0000000000 15.9327297211 141.6281127930 20.1132793427 -0.7781356573
274.7968139648 0.3873260319 0.0000000000 16.0036411285 141.4013519287 20.0809211731 -0.7799189091
274.3640136719 0.3913894594 0.0000000000 16.0741329193 141.1733398438 20.0482444763 -0.7816240788
273.9287109375 0.3954755664 0.0000000000 16.1441612244 140.9350738525 20.0154190063 -0.7832392454
273.4766235352 0.3995820880 0.0000000000 16.2136268616 140.7013854980 19.9842052460 -0.7846947908
273.0212402344 0.4037097096 0.0000000000 16.2824707031 140.4745941162 19.9499740601 -0.7860512733
272.5780639648 0.4078565240 0.0000000000 16.3504943848 140.2572784424 19.9115009308 -0.7873176932
272.1403503418 0.4120240211 0.0000000000 16.4177455902 140.0386352539 19.8727340698 -0.7885236740
271.7019348145 0.4162113070 0.0000000000 16.4841976166 139.8151855469 19.8371143341 -0.7895900011
271.2657470703 0.4204183817 0.0000000000 16.5499019623 139.5889892578 19.8012218475 -0.7904787660
270.8393249512 0.4246451855 0.0000000000 16.6149539948 139.3572998047 19.7595634460 -0.7912765145
270.4230957031 0.4288932383 0.0000000000 16.6794891357 139.1264648438 19.7152462006 -0.7919803858
270.0132751465 0.4331617951 0.0000000000 16.7435607910 138.8975219727 19.6690216064 -0.7925801873
269.6121215820 0.4374488294 0.0000000000 16.8070449829 138.6769256592 19.6249904633 -0.7930015326
269.2202148438 0.4417555332 0.0000000000 16.8700027466 138.4618377686 19.5815067291 -0.7933783531
268.8359680176 0.4460813105 0.0000000000 16.9323158264 138.2377014160 19.5358543396 -0.7937099934
268.4606628418 0.4504256845 0.0000000000 16.9939460754 138.0207824707 19.4881725311 -0.7939401865
268.0908203125 0.4547883868 0.0000000000 17.0549812317 137.8055572510 19.4409904480 -0.7941321135
267.7269592285 0.4591678381 0.0000000000 17.1155853271 137.5879516602 19.3937835693 -0.7942831516
267.3653259277 0.4635648429 0.0000000000 17.1757221222 137.3716735840 19.3478202820 -0.7943682671
267.0081787109 0.4679781497 0.0000000000 17.2353305817 137.1602935791 19.3039016724 -0.7943379879
266.6445312500 0.4724073708 0.0000000000 17.2944564819 136.9514923096 19.2660827637 -0.7941796780
266.2714233398 0.4768511057 0.0000000000 17.3529071808 136.7425231934 19.2332172394 -0.7938963771
265.8769226074 0.4813093841 0.0000000000 17.4107627869 136.5414428711 19.2079982758 -0.7934979200
265.4825744629 0.4857806861 0.0000000000 17.4681606293 136.3446807861 19.1867828369 -0.7930819392
265.0716552734 0.4902655780 0.0000000000 17.5253143311 136.1467437744 19.1684169769 -0.7926568985
264.6463012695 0.4947632253 0.0000000000 17.5822334290 135.9598846436 19.1501884460 -0.7922831178
264.2160034180 0.4992716312 0.0000000000 17.6388416290 135.7815704346 19.1389217377 -0.7919381857
263.7751770020 0.5037904382 0.0000000000 17.6950035095 135.6032104492 19.1268138885 -0.7915930748
263.3245239258 0.5083182454 0.0000000000 17.7506389618 135.4298095703 19.1106071472 -0.7912051678
262.8692016602 0.5128555894 0.0000000000 17.8059597015 135.2608337402 19.0877799988 -0.7908160090
262.4242553711 0.5174030662 0.0000000000 17.8611087799 135.0955963135 19.0583610535 -0.7904525995
261.9894409180 0.5219592452 0.0000000000 17.9160041809 134.9352722168 19.0230293274 -0.7900446653
261.5625000000 0.5265247226 0.0000000000 17.9707126617 134.7523651123 18.9857196808 -0.7895249724
261.1461486816 0.5310980678 0.0000000000 18.0253429413 134.5871582031 18.9448108673 -0.7889577746
260.7544250488 0.5356809497 0.0000000000 18.0798759460 134.4277343750 18.9019870758 -0.7884060144
260.3828125000 0.5402726531 0.0000000000 18.1342983246 134.2741546631 18.8563575745 -0.7879040241
260.0078735352 0.5448725224 0.0000000000 18.1886768341 134.1184692383 18.8076286316 -0.7873963118
259.6281738281 0.5494821668 0.0000000000 18.2429199219 133.9547424316 18.7618370056 -0.7868232131
259.2585449219 0.5541027188 0.0000000000 18.2968978882 133.7877655029 18.7203865051 -0.7862198353
258.8946838379 0.5587342978 0.0000000000 18.3505020142 133.6285400391 18.6801853180 -0.7855715752
258.5251464844 0.5633741021 0.0000000000 18.4038715363 133.4715118408 18.6388950348 -0.7848013043
258.1527404785 0.5680235028 0.0000000000 18.4570560455 133.3239135742 18.5961952209 -0.7840432525
257.7624816895 0.5726841092 0.0000000000 18.5102405548 133.1837005615 18.5559997559 -0.7833513021
257.3616943359 0.5773544312 0.0000000000 18.5634002686 133.0598602295 18.5196781158 -0.7826855183
256.9321594238 0.5820292234 0.0000000000 18.6165084839 132.9523620605 18.4913482666 -0.7819979191
256.4817504883 0.5867101550 0.0000000000 18.6695156097 132.8469085693 18.4699840546 -0.7811638117
256.0177917480 0.5913969278 0.0000000000 18.7224617004 132.7537994385 18.4515209198 -0.7803223729
255.5388336182 0.5960877538 0.0000000000 18.7751369476 132.6652832031 18.4329185486 -0.7794349194
255.0465393066 0.6007810235 0.0000000000 18.8276367188 132.5800018311 18.4135322571 -0.7785386443
254.5435791016 0.6054761410 0.0000000000 18.8798217773 132.5029754639 18.3942718506 -0.7775628567
254.0203247070 0.6101701260 0.0000000000 18.9317073822 132.4097442627 18.3810520172 -0.7764942646
253.4979248047 0.6148630977 0.0000000000 18.9833621979 132.3074035645 18.3705139160 -0.7754418850
252.9718017578 0.6195498109 0.0000000000 19.0349349976 132.1940612793 18.3665504456 -0.7742969394
252.4616851807 0.6242341399 0.0000000000 19.0863895416 132.0606231689 18.3636970520 -0.7731245160
251.9729461670 0.6289101839 0.0000000000 19.1376628876 131.9097900391 18.3545818329 -0.7719907761
251.4996185303 0.6335768104 0.0000000000 19.1888389587 131.7477874756 18.3404922485 -0.7708861828
251.0404968262 0.6382347941 0.0000000000 19.2398891449 131.5852203369 18.3209381104 -0.7698379755
250.5950164795 0.6428834796 0.0000000000 19.2908496857 131.3988952637 18.2958583832 -0.7688031197
250.1668548584 0.6475235224 0.0000000000 19.3419151306 131.2149047852 18.2650756836 -0.7677790523
249.7384948730 0.6521548629 0.0000000000 19.3931236267 131.0236816406 18.2294178009 -0.7667548060
249.3124694824 0.6567760110 0.0000000000 19.4443397522 130.8365020752 18.1932125092 -0.7657352686
248.8949890137 0.6613871455 0.0000000000 19.4953575134 130.6537475586 18.1569290161 -0.7647242546
248.4885101318 0.6659868956 0.0000000000 19.5461483002 130.4732208252 18.1208610535 -0.7637646198
248.0803527832 0.6705768704 0.0000000000 19.5969142914 130.2908630371 18.0847225189 -0.7627747655
247.6751098633 0.6751573086 0.0000000000 19.6477985382 130.1075744629 18.0424060822 -0.7619371414
247.2802276611 0.6797267795 0.0000000000 19.6986045837 129.9248504639 17.9927768707 -0.7612342834
246.8803558350 0.6842871904 0.0000000000 19.7492694855 129.7545928955 17.9365253448 -0.7606005073
246.4696960449 0.6888397932 0.0000000000 19.7997703552 129.5841522217 17.8774356842 -0.7599263787
246.0485534668 0.6933830380 0.0000000000 19.8502483368 129.4289398193 17.8135585785 -0.7592004538
245.6156311035 0.6979160905 0.0000000000 19.9007129669 129.2948455811 17.7471237183 -0.7584149837
245.1851043701 0.7024348378 0.0000000000 19.9512653351 129.1677856445 17.7004699707 -0.7576200962
244.7419433594 0.7069405317 0.0000000000 20.0017318726 129.0453186035 17.6763858795 -0.7568386197
244.2931518555 0.7114338875 0.0000000000 20.0521793365 128.9317932129 17.6436576843 -0.7561192513
243.8462982178 0.7159141898 0.0000000000 20.1027927399 128.8409423828 17.6085643768 -0.7554361820
243.4108276367 0.7203812003 0.0000000000 20.1535873413 128.7262878418 17.5906333923 -0.7547987700
242.9817810059 0.7248338461 0.0000000000 20.2045650482 128.6298065186 17.5746440887 -0.7542473674
242.5639648438 0.7292703390 0.0000000000 20.2554798126 128.5267333984 17.5599250793 -0.7536067367
242.1621398926 0.7336958051 0.0000000000 20.3062801361 128.4250946045 17.5421524048 -0.7530723214
241.7623138428 0.7381063700 0.0000000000 20.3571300507 128.3234100342 17.5206222534 -0.7524511218
241.3696594238 0.7425045967 0.0000000000 20.4079818726 128.1866912842 17.4807605743 -0.7518682480
240.9772491455 0.7468931675 0.0000000000 20.4589195251 128.0760040283 17.4532337189 -0.7515815496
240.5803375244 0.7512703538 0.0000000000 20.5097122192 127.9605331421 17.4658031464 -0.7509421110
240.1814575195 0.7556409240 0.0000000000 20.5605144501 127.8572692871 17.5347595215 -0.7503862381
239.7832183838 0.7600030899 0.0000000000 20.6112937927 127.7552185059 17.6377162933 -0.7497000098
239.3894805908 0.7643553019 0.0000000000 20.6621208191 127.6465072632 17.6888809204 -0.7489776015
238.9947967529 0.7686971426 0.0000000000 20.7129173279 127.5393066406 17.6934623718 -0.7483145595
238.6107788086 0.7730274796 0.0000000000 20.7636489868 127.4311904907 17.6899547577 -0.7477393150
238.2406768799 0.7773457766 0.0000000000 20.8143882751 127.3104553223 17.6652946472 -0.7472688556
237.8679962158 0.7816529870 0.0000000000 20.8651161194 127.1850204468 17.6526985168 -0.7468106151
237.5050354004 0.7859498858 0.0000000000 20.9159660339 127.0556488037 17.6469001770 -0.7464901805
237.1566467285 0.7902334332 0.0000000000 20.9668502808 126.9293899536 17.6239738464 -0.7462685704
236.8158264160 0.7945048809 0.0000000000 21.0178508759 126.8075561523 17.6166591644 -0.7458879948
236.4756164551 0.7987695336 0.0000000000 21.0689601898 126.6960830688 17.6102123260 -0.7459536195
236.1266021729 0.8030271530 0.0000000000 21.1200160980 126.5924987793 17.5843772888 -0.7461266518
235.7696228027 0.8072776198 0.0000000000 21.1711025238 126.4995803833 17.5705661774 -0.7459478974
235.4020843506 0.8115228415 0.0000000000 21.2221050262 126.4135589600 17.6400260925 -0.7460203171
235.0386810303 0.8157604337 0.0000000000 21.2729072571 126.3271865845 17.6574459076 -0.7459953427
234.6857757568 0.8199939728 0.0000000000 21.3236618042 126.2361755371 17.6159877777 -0.7460623384
234.3260345459 0.8242216110 0.0000000000 21.3740253448 126.1423950195 17.5993690491 -0.7459015250
233.9816589355 0.8284472227 0.0000000000 21.4241447449 126.0474166870 17.6216716766 -0.7457115650
233.6530151367 0.8326725364 0.0000000000 21.4740104675 125.9367294312 17.5994377136 -0.7454848289
233.3272247314 0.8368983269 0.0000000000 21.5235729218 125.8206558228 17.5479106903 -0.7454645634
233.0039367676 0.8411231041 0.0000000000 21.5730171204 125.7058868408 17.5523986816 -0.7448937893
232.6848602295 0.8453446031 0.0000000000 21.6223678589 125.5985870361 17.5568675995 -0.7445067763
232.3706207275 0.8495671153 0.0000000000 21.6716308594 125.4851074219 17.5203800201 -0.7441531420
232.0646667480 0.8537912965 0.0000000000 21.7208042145 125.3796386719 17.5127754211 -0.7438761592
231.7625122070 0.8580141068 0.0000000000 21.7696933746 125.2776870728 17.5069332123 -0.7436653376
231.4555206299 0.8622343540 0.0000000000 21.8181762695 125.1830902100 17.4986419678 -0.7435276508
231.1446075439 0.8664527535 0.0000000000 21.8664379120 125.0965881348 17.4877395630 -0.7435663939
230.8307800293 0.8706679940 0.0000000000 21.9144859314 125.0215148926 17.4908981323 -0.7435323596
230.5136566162 0.8748813272 0.0000000000 21.9622898102 124.9271774292 17.4699897766 -0.7436361909
230.1911163330 0.8790903687 0.0000000000 22.0096721649 124.8484344482 17.4317474365 -0.7437754869
229.8760070801 0.8832963705 0.0000000000 22.0565681458 124.7642364502 17.3843402863 -0.7439865470
229.5661010742 0.8874974847 0.0000000000 22.1031932831 124.6779174805 17.3345642090 -0.7440422773
229.2518768311 0.8916956186 0.0000000000 22.1495094299 124.5939178467 17.2861766815 -0.7442259192
228.9363098145 0.8958876729 0.0000000000 22.1956233978 124.5235671997 17.2410144806 -0.7442862391
228.6208801270 0.9000722170 0.0000000000 22.2412986755 124.4535903931 17.1990718842 -0.7443497777
228.3043060303 0.9042508602 0.0000000000 22.2866439819 124.3870468140 17.1633815765 -0.7444416285
227.9846954346 0.9084208608 0.0000000000 22.3315658569 124.3263473511 17.1334953308 -0.7446348071
227.6670379639 0.9125791192 0.0000000000 22.3762683868 124.2670669556 17.1079559326 -0.7444829941
227.3629150391 0.9167287946 0.0000000000 22.4208774567 124.2099990845 17.0814666748 -0.7444871664
227.0641784668 0.9208709598 0.0000000000 22.4653854370 124.1504135132 17.0507373810 -0.7444664836
226.7774658203 0.9250056744 0.0000000000 22.5097370148 124.0859451294 17.0127239227 -0.7444505692
226.5016021729 0.9291305542 0.0000000000 22.5538711548 124.0179290771 16.9710559845 -0.7444194555
226.2201385498 0.9332448244 0.0000000000 22.5979290009 123.9497604370 16.9299011230 -0.7443237305
225.9369964600 0.9373522997 0.0000000000 22.6418342590 123.8761291504 16.8874568939 -0.7442268729
225.6589965820 0.9414528608 0.0000000000 22.6856269836 123.7983779907 16.8450984955 -0.7440973520
225.3804016113 0.9455478191 0.0000000000 22.7292346954 123.7262649536 16.8093109131 -0.7439763546
225.1026153564 0.9496364594 0.0000000000 22.7726325989 123.6550064087 16.7850170135 -0.7438656688
224.8258361816 0.9537183046 0.0000000000 22.8156986237 123.5867996216 16.7688865662 -0.7438719273
224.5477600098 0.9577906728 0.0000000000 22.8583526611 123.5224151611 16.7574253082 -0.7436193228
224.2669525146 0.9618547559 0.0000000000 22.9006080627 123.4624786377 16.7497081757 -0.7438126206
223.9872894287 0.9659125209 0.0000000000 22.9425983429 123.4076232910 16.7364425659 -0.7433119416
223.7169494629 0.9699630737 0.0000000000 22.9843997955 123.3550949097 16.7133426666 -0.7432151437
223.4479217529 0.9740085006 0.0000000000 23.0259857178 123.3089599609 16.6909961700 -0.7432441711
223.1744079590 0.9780514240 0.0000000000 23.0673484802 123.2632141113 16.6862525940 -0.7430121899
222.9015502930 0.9820928574 0.0000000000 23.1084403992 123.2223587036 16.6782722473 -0.7429457903
222.6226806641 0.9861347675 0.0000000000 23.1493816376 123.1798706055 16.6587810516 -0.7429162860
222.3489227295 0.9901785851 0.0000000000 23.1899757385 123.1343994141 16.6258335114 -0.7429828048
222.0805969238 0.9942232370 0.0000000000 23.2302017212 123.0872879028 16.6149024963 -0.7431265712
221.8197479248 0.9982705712 0.0000000000 23.2701015472 123.0391082764 16.6284618378 -0.7432431579
221.5700378418 1.0023173094 0.0000000000 23.3098125458 122.9860687256 16.6334304810 -0.7433547974
221.3261566162 1.0063577890 0.0000000000 23.3494319916 122.9393081665 16.6265296936 -0.7434701920
221.0839843750 1.0103937387 0.0000000000 23.3888969421 122.8997344971 16.5994625092 -0.7436671257
220.8425292969 1.0144230127 0.0000000000 23.4286041260 122.8630294800 16.5625190735 -0.7439644337
220.6006774902 1.0184484720 0.0000000000 23.4684467316 122.8347549438 16.5248603821 -0.7446134686
220.3450622559 1.0224677324 0.0000000000 23.5082683563 122.8041458130 16.4948291779 -0.7446895242
220.0855407715 1.0264856815 0.0000000000 23.5479469299 122.7762680054 16.4668483734 -0.7450858951
219.8251495361 1.0304968357 0.0000000000 23.5874462128 122.7486877441 16.4398498535 -0.7454996705
219.5580902100 1.0344992876 0.0000000000 23.6267490387 122.7342758179 16.4176921844 -0.7459135652
219.2906188965 1.0384948254 0.0000000000 23.6658763885 122.7105255127 16.3946514130 -0.7464048266
219.0229644775 1.0424815416 0.0000000000 23.7047367096 122.7012405396 16.3685321808 -0.7469791770
218.7582397461 1.0464606285 0.0000000000 23.7434158325 122.6865386963 16.3384857178 -0.7472725511
218.4992828369 1.0504391193 0.0000000000 23.7819919586 122.6777572632 16.3068866730 -0.7476532459
218.2494049072 1.0544141531 0.0000000000 23.8204784393 122.6717987061 16.2731971741 -0.7480359674
218.0066986084 1.0583817959 0.0000000000 23.8588924408 122.6660537720 16.2379150391 -0.7484284639
217.7637939453 1.0623373985 0.0000000000 23.8973217010 122.6587753296 16.2035694122 -0.7487178445
217.5290222168 1.0662877560 0.0000000000 23.9356651306 122.6531066895 16.1728229523 -0.7490379810
217.3014984131 1.0702323914 0.0000000000 23.9738731384 122.6454162598 16.1426696777 -0.7495067716
217.0787811279 1.0741641521 0.0000000000 24.0119609833 122.6348648071 16.1140098572 -0.7498222589
216.8629608154 1.0780863762 0.0000000000 24.0497627258 122.6118087769 16.0833473206 -0.7501713634
216.6507720947 1.0820026398 0.0000000000 24.0872707367 122.5863571167 16.0522499084 -0.7506207824
216.4386291504 1.0859063864 0.0000000000 24.1244087219 122.5608749390 16.0220260620 -0.7508660555
216.2301940918 1.0898069143 0.0000000000 24.1611804962 122.5385055542 15.9919261932 -0.7511684299
216.0199890137 1.0937030315 0.0000000000 24.1976642609 122.5245742798 15.9654045105 -0.7514274716
215.8081054688 1.0975995064 0.0000000000 24.2340621948 122.5139770508 15.9403572083 -0.7517282963
215.5997467041 1.1014950275 0.0000000000 24.2704639435 122.5123443604 15.9157924652 -0.7520718575
215.3981628418 1.1053892374 0.0000000000 24.3068351746 122.5074005127 15.8914432526 -0.7524850368
215.2034912109 1.1092827320 0.0000000000 24.3431358337 122.5054550171 15.8633413315 -0.7529335618
215.0161590576 1.1131742001 0.0000000000 24.3795833588 122.5075988770 15.8339462280 -0.7534592152
214.8306732178 1.1170644760 0.0000000000 24.4161109924 122.5193252563 15.8042192459 -0.7541804314
214.6517333984 1.1209485531 0.0000000000 24.4523754120 122.5327148438 15.7716255188 -0.7547864914
214.4779205322 1.1248338223 0.0000000000 24.4884681702 122.5456542969 15.7372388840 -0.7555202842
214.3035888672 1.1287200451 0.0000000000 24.5242671967 122.5594406128 15.7015342712 -0.7562697530
214.1328582764 1.1326072216 0.0000000000 24.5597591400 122.5775070190 15.6628341675 -0.7570400238
213.9590148926 1.1364928484 0.0000000000 24.5950069427 122.6019592285 15.6221523285 -0.7588768005
213.7788696289 1.1403750181 0.0000000000 24.6301269531 122.6430740356 15.5804500580 -0.7585924864
213.6015472412 1.1442579031 0.0000000000 24.6648273468 122.6819076538 15.5374879837 -0.7594209313
213.4300384521 1.1481411457 0.0000000000 24.6990432739 122.7272567749 15.4924468994 -0.7602295876
213.2642211914 1.1520236731 0.0000000000 24.7329711914 122.7826690674 15.4465169907 -0.7609934211
213.1004028320 1.1559082270 0.0000000000 24.7666454315 122.8431167603 15.3962078094 -0.7617897987
212.9363555908 1.1597863436 0.0000000000 24.7999649048 122.9055557251 15.3454370499 -0.7625460029
212.7715911865 1.1636637449 0.0000000000 24.8329505920 122.9716949463 15.2957382202 -0.7632660866
212.6069946289 1.1675374508 0.0000000000 24.8655853271 123.0349273682 15.2489395142 -0.7641904354
212.4366607666 1.1714024544 0.0000000000 24.8976802826 123.0973358154 15.2043294907 -0.7661670446
212.2646942139 1.1752530336 0.0000000000 24.9293403625 123.1710281372 15.1603021622 -0.7652999163
212.0939331055 1.1790992022 0.0000000000 24.9606475830 123.2450637817 15.1145124435 -0.7659167051
211.9267120361 1.1829379797 0.0000000000 24.9917430878 123.3172683716 15.0690813065 -0.7664609551
211.7640686035 1.1867694855 0.0000000000 25.0226078033 123.3857574463 15.0213317871 -0.7669966221
211.6094512939 1.1905945539 0.0000000000 25.0534782410 123.4534606934 14.9736461639 -0.7675671577
211.4604797363 1.1944128275 0.0000000000 25.0842761993 123.5198974609 14.9266510010 -0.7680566311
211.3107299805 1.1982275248 0.0000000000 25.1150207520 123.5882339478 14.8795232773 -0.7685675621
211.1641845703 1.2020387650 0.0000000000 25.1455879211 123.6599273682 14.8328866959 -0.7690151930
211.0191345215 1.2058485746 0.0000000000 25.1761474609 123.7344131470 14.7865314484 -0.7694887519
210.8730926514 1.2096544504 0.0000000000 25.2068805695 123.8159790039 14.7399139404 -0.7699931860
210.7255706787 1.2134612799 0.0000000000 25.2377853394 123.9046859741 14.6928930283 -0.7711579800
210.5730743408 1.2172520161 0.0000000000 25.2688102722 124.0000534058 14.6465311050 -0.7711455226
210.4185943604 1.2210366726 0.0000000000 25.2998924255 124.0876235962 14.6013984680 -0.7720867395
210.2594757080 1.2248162031 0.0000000000 25.3310222626 124.1856231689 14.5556221008 -0.7723030448
210.0937347412 1.2285988331 0.0000000000 25.3621139526 124.2882766724 14.5101509094 -0.7729269266
209.9266052246 1.2323760986 0.0000000000 25.3930377960 124.3990097046 14.4647789001 -0.7734777331
209.7554779053 1.2361528873 0.0000000000 25.4239673615 124.5147171021 14.4207525253 -0.7740435004
209.5697479248 1.2399272919 0.0000000000 25.4549102783 124.6403350830 14.3797988892 -0.7746151686
209.3782653809 1.2436952591 0.0000000000 25.4858818054 124.7694549561 14.3396997452 -0.7752352953
209.1871032715 1.2474576235 0.0000000000 25.5168952942 124.8956604004 14.2999124527 -0.7774844766
208.9921417236 1.2512030602 0.0000000000 25.5479087830 125.0284957886 14.2611284256 -0.7765656710
208.7951354980 1.2549439669 0.0000000000 25.5787601471 125.1641387939 14.2245216370 -0.7780829668
208.6000976562 1.2586733103 0.0000000000 25.6096305847 125.3066482544 14.1896924973 -0.7779659033
208.4024200439 1.2623938322 0.0000000000 25.6403522491 125.4479904175 14.1571407318 -0.7786846161
208.2013702393 1.2661005259 0.0000000000 25.6709403992 125.5853271484 14.1266031265 -0.7792560458
208.0001831055 1.2698050737 0.0000000000 25.7015666962 125.7251205444 14.0978126526 -0.7798327804
207.7951812744 1.2735053301 0.0000000000 25.7320480347 125.8685302734 14.0703487396 -0.7804914117
207.5903472900 1.2772018909 0.0000000000 25.7623806000 126.0024032593 14.0450353622 -0.7811309099
207.3929595947 1.2808942795 0.0000000000 25.7923374176 126.1281356812 14.0217285156 -0.7820916176
207.1860809326 1.2845724821 0.0000000000 25.8218975067 126.2613754272 13.9988994598 -0.7824247479
206.9827728271 1.2882421017 0.0000000000 25.8510398865 126.3960494995 13.9762468338 -0.7830453515
206.7790222168 1.2919086218 0.0000000000 25.8800506592 126.5367965698 13.9532833099 -0.7836580873
206.5757293701 1.2955729961 0.0000000000 25.9088497162 126.6738052368 13.9307842255 -0.7854027152
206.3696441650 1.2992273569 0.0000000000 25.9376125336 126.8174972534 13.9072418213 -0.7849032283
206.1637420654 1.3028761148 0.0000000000 25.9664554596 126.9597549438 13.8823413849 -0.7852694988
205.9403076172 1.3065059185 0.0000000000 25.9952659607 127.1019744873 13.8577985764 -0.7863754034
205.7229614258 1.3101233244 0.0000000000 26.0241775513 127.2470092773 13.8298292160 -0.7870594859
205.5098571777 1.3137345314 0.0000000000 26.0528984070 127.3960037231 13.7993555069 -0.7877668142
205.3016662598 1.3173370361 0.0000000000 26.0814590454 127.5502548218 13.7679233551 -0.7867903709
205.0866394043 1.3209258318 0.0000000000 26.1096782684 127.7054595947 13.7373952866 -0.7891281843
204.8751983643 1.3245093822 0.0000000000 26.1375522614 127.8580245972 13.7067680359 -0.7908947468
204.6589355469 1.3280779123 0.0000000000 26.1653480530 128.0139160156 13.6770849228 -0.7906708121
204.4527130127 1.3316384554 0.0000000000 26.1929874420 128.1678314209 13.6453981400 -0.7910280824
204.2530670166 1.3351812363 0.0000000000 26.2205123901 128.3168640137 13.6122512817 -0.7917287350
204.0556335449 1.3387192488 0.0000000000 26.2481079102 128.4672241211 13.5788974762 -0.7926109433
203.8606872559 1.3422458172 0.0000000000 26.2757472992 128.6169891357 13.5455265045 -0.7929130793
203.6679687500 1.3457679749 0.0000000000 26.3034877777 128.7658538818 13.5127553940 -0.7936791778
203.4723815918 1.3492832184 0.0000000000 26.3314323425 128.9057922363 13.4781379700 -0.7946141362
203.2686920166 1.3527927399 0.0000000000 26.3596668243 129.0401916504 13.4457645416 -0.7955865860
203.0515441895 1.3562860489 0.0000000000 26.3880138397 129.1618652344 13.4143886566 -0.7953870893
202.8371429443 1.3597815037 0.0000000000 26.4165172577 129.2897796631 13.3812437057 -0.7959870696
202.6259765625 1.3632727861 0.0000000000 26.4451942444 129.4156646729 13.3478689194 -0.7968409061
202.4179229736 1.3667576313 0.0000000000 26.4738883972 129.5348815918 13.3154020309 -0.7972429991
202.2139892578 1.3702354431 0.0000000000 26.5026855469 129.6530151367 13.2843761444 -0.7979077697
202.0112152100 1.3737043142 0.0000000000 26.5316257477 129.7718658447 13.2547607422 -0.7985875607
201.8127136230 1.3771644831 0.0000000000 26.5607128143 129.8923645020 13.2241678238 -0.7992559671
201.6155853271 1.3806211948 0.0000000000 26.5901565552 130.0134429932 13.1937646866 -0.8000137210
201.4191131592 1.3840566874 0.0000000000 26.6199913025 130.1364593506 13.1629848480 -0.8009413481
201.2247009277 1.3874871731 0.0000000000 26.6498908997 130.2484741211 13.1293678284 -0.8018109798
201.0269927979 1.3909130096 0.0000000000 26.6799106598 130.3617095947 13.0944499969 -0.8028362989
200.8246459961 1.3943243027 0.0000000000 26.7098827362 130.4703521729 13.0607967377 -0.8034905791
200.6131896973 1.3977246284 0.0000000000 26.7401084900 130.5761413574 13.0297584534 -0.8025195003
200.3821868896 1.4011042118 0.0000000000 26.7703399658 130.6859588623 13.0020847321 -0.8053695560
200.1438903809 1.4044787884 0.0000000000 26.8005714417 130.7859039307 12.9792709351 -0.8062723875
199.8995056152 1.4078536034 0.0000000000 26.8306407928 130.8923034668 12.9594211578 -0.8071019650
199.6548461914 1.4112228155 0.0000000000 26.8606815338 131.0169219971 12.9405717850 -0.8079006076
199.4101867676 1.4145895243 0.0000000000 26.8905811310 131.0983123779 12.9219236374 -0.8060969710
199.1804809570 1.4179486036 0.0000000000 26.9204750061 131.1865997314 12.9020957947 -0.8106828332
198.9440612793 1.4213000536 0.0000000000 26.9503612518 131.2752990723 12.8828792572 -0.8106806278
198.7053985596 1.4246326685 0.0000000000 26.9802932739 131.3631134033 12.8637342453 -0.8111604452
198.4671020508 1.4279597998 0.0000000000 27.0102977753 131.4424438477 12.8416833878 -0.8127776384
198.2231140137 1.4312610626 0.0000000000 27.0400791168 131.5283203125 12.8168430328 -0.8129680753
197.9813232422 1.4345495701 0.0000000000 27.0695915222 131.5913238525 12.7899465561 -0.8144854307
197.7375335693 1.4378211498 0.0000000000 27.0988368988 131.6681518555 12.7621946335 -0.8148248792
197.4951934814 1.4410797358 0.0000000000 27.1280021667 131.7482452393 12.7341899872 -0.8156920671
197.2593536377 1.4443248510 0.0000000000 27.1570816040 131.8273010254 12.7031698227 -0.8162009120
197.0301818848 1.4475524426 0.0000000000 27.1861248016 131.9026794434 12.6691780090 -0.8172164559
196.8095092773 1.4507684708 0.0000000000 27.2151241302 131.9704742432 12.6342630386 -0.8179468513
196.5950164795 1.4539772272 0.0000000000 27.2440891266 132.0355987549 12.5961332321 -0.8187542558
196.3842773438 1.4571777582 0.0000000000 27.2731037140 132.0866546631 12.5571384430 -0.8195183277
196.1810302734 1.4603641033 0.0000000000 27.3022308350 132.1208038330 12.5169229507 -0.8203311563
195.9745788574 1.4635369778 0.0000000000 27.3316879272 132.1487426758 12.4779243469 -0.8212409019
195.7661132812 1.4666982889 0.0000000000 27.3611526489 132.1759185791 12.4407548904 -0.8228328228
195.5478057861 1.4698300362 0.0000000000 27.3906345367 132.1980133057 12.4045019150 -0.8230888844
195.3240661621 1.4729577303 0.0000000000 27.4202480316 132.2168121338 12.3686342239 -0.8250980377
195.0973663330 1.4760667086 0.0000000000 27.4501094818 132.2482147217 12.3356323242 -0.8243173957
194.8574371338 1.4791581631 0.0000000000 27.4799537659 132.2916412354 12.3084249496 -0.8257405758
194.6148223877 1.4822326899 0.0000000000 27.5098018646 132.3394622803 12.2859563828 -0.8268026114
194.3701324463 1.4852920771 0.0000000000 27.5400390625 132.3882904053 12.2659616470 -0.8228048086
194.1375579834 1.4883295298 0.0000000000 27.5703582764 132.4338989258 12.2461738586 -0.8285776973
193.8976745605 1.4913578033 0.0000000000 27.6005916595 132.4785614014 12.2297878265 -0.8298795223
193.6517333984 1.4943600893 0.0000000000 27.6307697296 132.5216064453 12.2156448364 -0.8304405808
193.4086303711 1.4973528385 0.0000000000 27.6609954834 132.5485229492 12.2000980377 -0.8279315233
193.1802368164 1.5003070831 0.0000000000 27.6913738251 132.5848999023 12.1823606491 -0.8323783278
192.9509582520 1.5032492876 0.0000000000 27.7218818665 132.6279602051 12.1648559570 -0.8334051371
192.7220764160 1.5061858892 0.0000000000 27.7529697418 132.6728820801 12.1476993561 -0.8312183022
192.5048522949 1.5091035366 0.0000000000 27.7843208313 132.7088775635 12.1313076019 -0.8356838822
