#         rmsthk      stdthk       rmsvel       stdvel       rmsdiv       stddiv       rmsusurf       stdusurf
0.0000000000 0.0000000000 140.2412109375 146.1788940430 0.0000000000 0.0000000000 0.0000000000 0.0000000000
-0.0000144588 0.0000324444 104.4588775635 126.7772979736 0.0000000000 0.0000000000 0.0000007663 0.0000329511
-0.0000282826 0.0000596742 79.1094665527 110.8657531738 0.0000000000 0.0000000000 0.0000012746 0.0000630585
-0.0000419728 0.0000841594 59.4541206360 96.9088973999 0.0000000000 0.0000000000 0.0000015825 0.0000920246
-0.0000553165 0.0001067251 44.1548690796 84.4691772461 0.0000000000 0.0000000000 0.0000018780 0.0001199862
-0.0000681917 0.0001277415 32.1279029846 73.4317703247 0.0000000000 0.0000000000 0.0000023921 0.0001472301
-0.0000804617 0.0001475747 22.1683101654 64.0770263672 0.0000000000 0.0000000000 0.0000030035 0.0001735997
-0.0000920937 0.0001662427 13.7905874252 56.4751358032 0.0000000000 0.0000000000 0.0000035530 0.0001987327
-0.0001030481 0.0001837799 6.7317538261 50.4929466248 0.0000000000 0.0000000000 0.0000039895 0.0002222612
-0.0001134130 0.0002003087 0.7392889261 45.8831672668 0.0000000000 0.0000000000 0.0000043244 0.0002439100
-0.0001232176 0.0002158931 -4.2836246490 42.4566040039 0.0000000000 0.0000000000 0.0000046268 0.0002633927
-0.0001324693 0.0002306473 -8.4300279617 40.0425338745 0.0000000000 0.0000000000 0.0000049299 0.0002813014
-0.0001412044 0.0002445994 -11.8322429657 38.3934440613 0.0000000000 0.0000000000 0.0000052204 0.0002980101
-0.0001494802 0.0002578031 -14.6012134552 37.2891540527 0.0000000000 0.0000000000 0.0000055567 0.0003138169
-0.0001573792 0.0002702811 -16.8440608978 36.5391235352 0.0000000000 0.0000000000 0.0000058864 0.0003290142
-0.0001649429 0.0002820580 -18.6494922638 36.0195693970 0.0000000000 0.0000000000 0.0000062373 0.0003437895
-0.0001722176 0.0002932491 -20.0801048279 35.6230201721 0.0000000000 0.0000000000 0.0000065685 0.0003581153
-0.0001793167 0.0003038354 -21.1996097565 35.2839660645 0.0000000000 0.0000000000 0.0000069362 0.0003721666
-0.0001862779 0.0003139028 -22.0743675232 34.9907684326 0.0000000000 0.0000000000 0.0000073239 0.0003857642
-0.0001930900 0.0003235548 -22.7443943024 34.7172851562 0.0000000000 0.0000000000 0.0000077105 0.0003989016
-0.0001997444 0.0003328435 -23.2461547852 34.4515342712 0.0000000000 0.0000000000 0.0000081525 0.0004115804
-0.0002062229 0.0003418351 -23.6160945892 34.1965713501 0.0000000000 0.0000000000 0.0000086578 0.0004239969
-0.0002125373 0.0003506004 -23.8856925964 33.9474945068 0.0000000000 0.0000000000 0.0000092117 0.0004360346
-0.0002187059 0.0003591670 -24.0815601349 33.7066421509 0.0000000000 0.0000000000 0.0000097888 0.0004478129
-0.0002247476 0.0003675522 -24.2253341675 33.4782295227 0.0000000000 0.0000000000 0.0000103860 0.0004593872
-0.0002306740 0.0003758109 -24.3314495087 33.2636222839 0.0000000000 0.0000000000 0.0000110000 0.0004708257
-0.0002364878 0.0003839791 -24.4117870331 33.0652923584 0.0000000000 0.0000000000 0.0000116191 0.0004822005
-0.0002422213 0.0003920714 -24.4765033722 32.8861045837 0.0000000000 0.0000000000 0.0000122553 0.0004935257
-0.0002478939 0.0004000883 -24.5322475433 32.7260398865 0.0000000000 0.0000000000 0.0000128707 0.0005047368
-0.0002534947 0.0004080359 -24.5819950104 32.5851554871 0.0000000000 0.0000000000 0.0000135422 0.0005159193
-0.0002590321 0.0004159488 -24.6272125244 32.4611434937 0.0000000000 0.0000000000 0.0000142364 0.0005271542
-0.0002644999 0.0004238655 -24.6679134369 32.3524703979 0.0000000000 0.0000000000 0.0000149451 0.0005383938
-0.0002699330 0.0004317811 -24.7027473450 32.2562065125 0.0000000000 0.0000000000 0.0000156789 0.0005496233
-0.0002753199 0.0004397230 -24.7306270599 32.1703910828 0.0000000000 0.0000000000 0.0000164404 0.0005608710
-0.0002806660 0.0004477216 -24.7500514984 32.0927734375 0.0000000000 0.0000000000 0.0000172450 0.0005722186
-0.0002859710 0.0004557889 -24.7597465515 32.0209770203 0.0000000000 0.0000000000 0.0000180728 0.0005836205
-0.0002912383 0.0004639593 -24.7588977814 31.9531517029 0.0000000000 0.0000000000 0.0000189102 0.0005950529
-0.0002964533 0.0004722400 -24.7465705872 31.8878688812 0.0000000000 0.0000000000 0.0000197511 0.0006064638
-0.0003016286 0.0004806533 -24.7221984863 31.8238391876 0.0000000000 0.0000000000 0.0000206212 0.0006179418
-0.0003067796 0.0004892130 -24.6861000061 31.7603912354 0.0000000000 0.0000000000 0.0000215110 0.0006294240
-0.0003118973 0.0004979395 -24.6391525269 31.6968593597 0.0000000000 0.0000000000 0.0000224147 0.0006409452
-0.0003169777 0.0005068330 -24.5829277039 31.6330356598 0.0000000000 0.0000000000 0.0000233183 0.0006525487
-0.0003220424 0.0005158833 -24.5189609528 31.5691547394 0.0000000000 0.0000000000 0.0000242373 0.0006642792
-0.0003271006 0.0005251126 -24.4495391846 31.5056686401 0.0000000000 0.0000000000 0.0000251999 0.0006761157
-0.0003321469 0.0005345198 -24.3772315979 31.4432621002 0.0000000000 0.0000000000 0.0000261597 0.0006880484
-0.0003371938 0.0005440942 -24.3045406342 31.3830108643 0.0000000000 0.0000000000 0.0000271384 0.0007000921
-0.0003422503 0.0005538485 -24.2341728210 31.3260536194 0.0000000000 0.0000000000 0.0000281331 0.0007122334
-0.0003473051 0.0005637856 -24.1685104370 31.2735538483 0.0000000000 0.0000000000 0.0000291410 0.0007245060
-0.0003523778 0.0005739114 -24.1097774506 31.2263793945 0.0000000000 0.0000000000 0.0000301707 0.0007369198
-0.0003574652 0.0005842273 -24.0596771240 31.1853866577 0.0000000000 0.0000000000 0.0000312011 0.0007494150
-0.0003625715 0.0005947237 -24.0192184448 31.1510467529 0.0000000000 0.0000000000 0.0000322491 0.0007620530
-0.0003676961 0.0006053982 -23.9888114929 31.1235866547 0.0000000000 0.0000000000 0.0000333109 0.0007748322
-0.0003728481 0.0006162499 -23.9680404663 31.1026496887 0.0000000000 0.0000000000 0.0000343945 0.0007876888
-0.0003780183 0.0006272703 -23.9553718567 31.0874710083 0.0000000000 0.0000000000 0.0000354920 0.0008006845
-0.0003832187 0.0006384394 -23.9489784241 31.0770721436 0.0000000000 0.0000000000 0.0000365866 0.0008137893
-0.0003884465 0.0006497758 -23.9465179443 31.0702114105 0.0000000000 0.0000000000 0.0000377234 0.0008269401
-0.0003937121 0.0006612642 -23.9452705383 31.0655269623 0.0000000000 0.0000000000 0.0000388318 0.0008401250
-0.0003990079 0.0006729114 -23.9425830841 31.0614929199 0.0000000000 0.0000000000 0.0000399399 0.0008533735
-0.0004043410 0.0006847108 -23.9358520508 31.0567150116 0.0000000000 0.0000000000 0.0000410501 0.0008666469
-0.0004097134 0.0006966616 -23.9232673645 31.0500545502 0.0000000000 0.0000000000 0.0000421749 0.0008799895
-0.0004151139 0.0007087609 -23.9033813477 31.0406398773 0.0000000000 0.0000000000 0.0000433092 0.0008934340
-0.0004205573 0.0007210062 -23.8756542206 31.0280208588 0.0000000000 0.0000000000 0.0000444530 0.0009069115
-0.0004260410 0.0007333898 -23.8400249481 31.0121707916 0.0000000000 0.0000000000 0.0000456252 0.0009204221
-0.0004315613 0.0007459141 -23.7972602844 30.9934444427 0.0000000000 0.0000000000 0.0000468054 0.0009339659
-0.0004371188 0.0007585782 -23.7484416962 30.9725284576 0.0000000000 0.0000000000 0.0000479535 0.0009475065
-0.0004427124 0.0007713495 -23.6951427460 30.9502849579 0.0000000000 0.0000000000 0.0000490849 0.0009611223
-0.0004483413 0.0007842314 -23.6391162872 30.9277133942 0.0000000000 0.0000000000 0.0000502330 0.0009748083
-0.0004540146 0.0007972323 -23.5819721222 30.9057025909 0.0000000000 0.0000000000 0.0000514045 0.0009885851
-0.0004597228 0.0008103433 -23.5252876282 30.8851318359 0.0000000000 0.0000000000 0.0000525890 0.0010024494
-0.0004654649 0.0008235583 -23.4703006744 30.8664722443 0.0000000000 0.0000000000 0.0000537787 0.0010164130
-0.0004712511 0.0008368833 -23.4176311493 30.8499221802 0.0000000000 0.0000000000 0.0000549698 0.0010304709
-0.0004770768 0.0008503114 -23.3676548004 30.8355255127 0.0000000000 0.0000000000 0.0000561595 0.0010446538
-0.0004829470 0.0008638465 -23.3202667236 30.8231124878 0.0000000000 0.0000000000 0.0000573521 0.0010589311
-0.0004888555 0.0008774787 -23.2751369476 30.8122463226 0.0000000000 0.0000000000 0.0000585447 0.0010733501
-0.0004948088 0.0008912107 -23.2317695618 30.8024768829 0.0000000000 0.0000000000 0.0000597526 0.0010878426
-0.0005007947 0.0009050336 -23.1897869110 30.7934856415 0.0000000000 0.0000000000 0.0000609758 0.0011024236
-0.0005068170 0.0009189447 -23.1486511230 30.7848224640 0.0000000000 0.0000000000 0.0000622026 0.0011170740
-0.0005128726 0.0009329553 -23.1080265045 30.7761688232 0.0000000000 0.0000000000 0.0000634371 0.0011318232
-0.0005189644 0.0009470508 -23.0678157806 30.7674083710 0.0000000000 0.0000000000 0.0000646760 0.0011467015
-0.0005251010 0.0009612232 -23.0282573700 30.7586269379 0.0000000000 0.0000000000 0.0000659265 0.0011616391
-0.0005312865 0.0009754821 -22.9897804260 30.7500686646 0.0000000000 0.0000000000 0.0000671821 0.0011766718
-0.0005375083 0.0009898304 -22.9529247284 30.7421379089 0.0000000000 0.0000000000 0.0000684472 0.0011917948
-0.0005437624 0.0010042581 -22.9181594849 30.7351837158 0.0000000000 0.0000000000 0.0000697123 0.0012069405
-0.0005500495 0.0010187678 -22.8858470917 30.7295055389 0.0000000000 0.0000000000 0.0000709759 0.0012221399
-0.0005563688 0.0010333525 -22.8562030792 30.7253456116 0.0000000000 0.0000000000 0.0000722330 0.0012374107
-0.0005627274 0.0010480054 -22.8292617798 30.7228660583 0.0000000000 0.0000000000 0.0000734726 0.0012527683
-0.0005691215 0.0010627294 -22.8049221039 30.7220535278 0.0000000000 0.0000000000 0.0000747261 0.0012682223
-0.0005755509 0.0010775222 -22.7827243805 30.7227134705 0.0000000000 0.0000000000 0.0000759554 0.0012837645
-0.0005820164 0.0010923767 -22.7621212006 30.7245445251 0.0000000000 0.0000000000 0.0000772009 0.0012993719
-0.0005885193 0.0011072906 -22.7424964905 30.7272758484 0.0000000000 0.0000000000 0.0000784383 0.0013150268
-0.0005950537 0.0011222728 -22.7231407166 30.7304954529 0.0000000000 0.0000000000 0.0000796888 0.0013307831
-0.0006016214 0.0011373239 -22.7032432556 30.7338047028 0.0000000000 0.0000000000 0.0000809335 0.0013465788
-0.0006082219 0.0011524451 -22.6824321747 30.7369518280 0.0000000000 0.0000000000 0.0000821738 0.0013624482
-0.0006148440 0.0011676246 -22.6602649689 30.7397193909 0.0000000000 0.0000000000 0.0000833945 0.0013783989
-0.0006214913 0.0011828514 -22.6366004944 30.7420673370 0.0000000000 0.0000000000 0.0000846180 0.0013943986
-0.0006281684 0.0011981373 -22.6115016937 30.7440490723 0.0000000000 0.0000000000 0.0000858489 0.0014104847
-0.0006348754 0.0012134846 -22.5851364136 30.7457504272 0.0000000000 0.0000000000 0.0000870710 0.0014266255
-0.0006416147 0.0012288785 -22.5576801300 30.7472839355 0.0000000000 0.0000000000 0.0000882967 0.0014428440
-0.0006483755 0.0012443231 -22.5293865204 30.7487506866 0.0000000000 0.0000000000 0.0000895378 0.0014591157
-0.0006551613 0.0012598133 -22.5003547668 30.7502460480 0.0000000000 0.0000000000 0.0000907897 0.0014754264
-0.0006619735 0.0012753500 -22.4708995819 30.7517986298 0.0000000000 0.0000000000 0.0000920490 0.0014917803
-0.0006688127 0.0012909338 -22.4409275055 30.7533569336 0.0000000000 0.0000000000 0.0000933068 0.0015081757
-0.0006756818 0.0013065673 -22.4104881287 30.7548656464 0.0000000000 0.0000000000 0.0000945880 0.0015246144
-0.0006825706 0.0013222613 -22.3795375824 30.7562942505 0.0000000000 0.0000000000 0.0000958669 0.0015411119
-0.0006894878 0.0013380044 -22.3479728699 30.7575187683 0.0000000000 0.0000000000 0.0000971641 0.0015576704
-0.0006964319 0.0013537996 -22.3158073425 30.7584190369 0.0000000000 0.0000000000 0.0000984769 0.0015742801
-0.0007034019 0.0013696325 -22.2833614349 30.7591152191 0.0000000000 0.0000000000 0.0000997948 0.0015909637
-0.0007103949 0.0013855059 -22.2508945465 30.7596511841 0.0000000000 0.0000000000 0.0001011142 0.0016077069
-0.0007174119 0.0014014142 -22.2186679840 30.7601470947 0.0000000000 0.0000000000 0.0001024176 0.0016244971
-0.0007244610 0.0014173636 -22.1868724823 30.7606525421 0.0000000000 0.0000000000 0.0001037260 0.0016413243
-0.0007315390 0.0014333522 -22.1558303833 30.7613162994 0.0000000000 0.0000000000 0.0001050476 0.0016582413
-0.0007386376 0.0014493808 -22.1258201599 30.7622509003 0.0000000000 0.0000000000 0.0001063655 0.0016752122
-0.0007457534 0.0014654475 -22.0968608856 30.7635097504 0.0000000000 0.0000000000 0.0001076747 0.0016922656
-0.0007528849 0.0014815592 -22.0690841675 30.7651653290 0.0000000000 0.0000000000 0.0001089759 0.0017093456
-0.0007600372 0.0014977077 -22.0426368713 30.7672214508 0.0000000000 0.0000000000 0.0001102690 0.0017264690
-0.0007672102 0.0015139012 -22.0175075531 30.7696819305 0.0000000000 0.0000000000 0.0001115680 0.0017436418
-0.0007744101 0.0015301374 -21.9935474396 30.7725048065 0.0000000000 0.0000000000 0.0001128517 0.0017608778
-0.0007816296 0.0015464262 -21.9705028534 30.7755126953 0.0000000000 0.0000000000 0.0001141463 0.0017781619
-0.0007888653 0.0015627580 -21.9481639862 30.7785873413 0.0000000000 0.0000000000 0.0001154336 0.0017954976
-0.0007961221 0.0015791255 -21.9262351990 30.7815799713 0.0000000000 0.0000000000 0.0001167035 0.0018129111
-0.0008033966 0.0015955323 -21.9045600891 30.7844429016 0.0000000000 0.0000000000 0.0001179843 0.0018303466
-0.0008106906 0.0016119668 -21.8829898834 30.7871036530 0.0000000000 0.0000000000 0.0001192643 0.0018478461
-0.0008180011 0.0016284370 -21.8615627289 30.7895774841 0.0000000000 0.0000000000 0.0001205509 0.0018653893
-0.0008253342 0.0016449519 -21.8403873444 30.7918758392 0.0000000000 0.0000000000 0.0001218375 0.0018829709
-0.0008326873 0.0016615089 -21.8191986084 30.7939453125 0.0000000000 0.0000000000 0.0001231270 0.0019005946
-0.0008400550 0.0016780954 -21.7980403900 30.7957859039 0.0000000000 0.0000000000 0.0001244143 0.0019182483
-0.0008474393 0.0016947209 -21.7769088745 30.7973270416 0.0000000000 0.0000000000 0.0001256995 0.0019359533
-0.0008548421 0.0017113847 -21.7557468414 30.7985877991 0.0000000000 0.0000000000 0.0001269678 0.0019537094
-0.0008622599 0.0017280699 -21.7346439362 30.7995567322 0.0000000000 0.0000000000 0.0001282311 0.0019715063
-0.0008696953 0.0017447872 -21.7137699127 30.8002929688 0.0000000000 0.0000000000 0.0001295024 0.0019893490
-0.0008771510 0.0017615419 -21.6932086945 30.8008213043 0.0000000000 0.0000000000 0.0001307569 0.0020072346
-0.0008846170 0.0017783287 -21.6730213165 30.8011760712 0.0000000000 0.0000000000 0.0001320173 0.0020251148
-0.0008921035 0.0017951492 -21.6531772614 30.8013496399 0.0000000000 0.0000000000 0.0001332631 0.0020430184
-0.0008996052 0.0018120090 -21.6336841583 30.8013553619 0.0000000000 0.0000000000 0.0001345191 0.0020609542
-0.0009071220 0.0018288898 -21.6144504547 30.8011760712 0.0000000000 0.0000000000 0.0001357663 0.0020789222
-0.0009146616 0.0018458073 -21.5955810547 30.8009223938 0.0000000000 0.0000000000 0.0001370041 0.0020969545
-0.0009222177 0.0018627556 -21.5772418976 30.8006076813 0.0000000000 0.0000000000 0.0001382404 0.0021150110
-0.0009297910 0.0018797289 -21.5595493317 30.8003520966 0.0000000000 0.0000000000 0.0001394811 0.0021331231
-0.0009373800 0.0018967281 -21.5426273346 30.8001689911 0.0000000000 0.0000000000 0.0001407276 0.0021512881
-0.0009449827 0.0019137630 -21.5266399384 30.8001270294 0.0000000000 0.0000000000 0.0001419821 0.0021694882
-0.0009526011 0.0019308242 -21.5113601685 30.8001899719 0.0000000000 0.0000000000 0.0001432301 0.0021877496
-0.0009602414 0.0019479123 -21.4966640472 30.8002910614 0.0000000000 0.0000000000 0.0001444832 0.0022060438
-0.0009678963 0.0019650261 -21.4826622009 30.8004417419 0.0000000000 0.0000000000 0.0001457421 0.0022243711
-0.0009755649 0.0019821627 -21.4690017700 30.8005123138 0.0000000000 0.0000000000 0.0001469850 0.0022427314
-0.0009832520 0.0019993191 -21.4554729462 30.8004474640 0.0000000000 0.0000000000 0.0001482613 0.0022611283
-0.0009909564 0.0020165076 -21.4422473907 30.8002872467 0.0000000000 0.0000000000 0.0001495275 0.0022795624
-0.0009986698 0.0020337205 -21.4292526245 30.8000812531 0.0000000000 0.0000000000 0.0001507988 0.0022980447
-0.0010063933 0.0020509586 -21.4166183472 30.7998409271 0.0000000000 0.0000000000 0.0001520701 0.0023165438
-0.0010141251 0.0020682218 -21.4043941498 30.7996311188 0.0000000000 0.0000000000 0.0001533480 0.0023350441
-0.0010218679 0.0020855134 -21.3925991058 30.7994823456 0.0000000000 0.0000000000 0.0001546032 0.0023536012
-0.0010296293 0.0021028291 -21.3812408447 30.7994117737 0.0000000000 0.0000000000 0.0001558374 0.0023721813
-0.0010374039 0.0021201638 -21.3703746796 30.7994480133 0.0000000000 0.0000000000 0.0001570897 0.0023907924
-0.0010451882 0.0021375234 -21.3599357605 30.7995643616 0.0000000000 0.0000000000 0.0001583377 0.0024094596
-0.0010529798 0.0021548986 -21.3497543335 30.7996997833 0.0000000000 0.0000000000 0.0001595813 0.0024281782
-0.0010607876 0.0021722976 -21.3397560120 30.7998142242 0.0000000000 0.0000000000 0.0001607965 0.0024469018
-0.0010685996 0.0021897149 -21.3298492432 30.7999248505 0.0000000000 0.0000000000 0.0001620094 0.0024656653
-0.0010764253 0.0022071544 -21.3199539185 30.7999801636 0.0000000000 0.0000000000 0.0001632334 0.0024844699
-0.0010842643 0.0022246151 -21.3101539612 30.8000068665 0.0000000000 0.0000000000 0.0001644587 0.0025032889
-0.0010921073 0.0022420948 -21.3003425598 30.7999801636 0.0000000000 0.0000000000 0.0001656929 0.0025221375
-0.0010999616 0.0022595937 -21.2907085419 30.7999706268 0.0000000000 0.0000000000 0.0001669241 0.0025410303
-0.0011078239 0.0022771102 -21.2812194824 30.7999610901 0.0000000000 0.0000000000 0.0001681655 0.0025599464
-0.0011156942 0.0022946470 -21.2717876434 30.7998886108 0.0000000000 0.0000000000 0.0001694033 0.0025789246
-0.0011235852 0.0023122050 -21.2625274658 30.7998180389 0.0000000000 0.0000000000 0.0001706374 0.0025979322
-0.0011314930 0.0023297886 -21.2534141541 30.7997493744 0.0000000000 0.0000000000 0.0001718701 0.0026169603
-0.0011394118 0.0023473906 -21.2444877625 30.7996959686 0.0000000000 0.0000000000 0.0001731064 0.0026360159
-0.0011473405 0.0023650033 -21.2358074188 30.7996959686 0.0000000000 0.0000000000 0.0001743525 0.0026550966
-0.0011552724 0.0023826181 -21.2272853851 30.7997245789 0.0000000000 0.0000000000 0.0001756103 0.0026742131
-0.0011632201 0.0024002593 -21.2189483643 30.7998085022 0.0000000000 0.0000000000 0.0001768791 0.0026933751
-0.0011711869 0.0024179239 -21.2108249664 30.7999382019 0.0000000000 0.0000000000 0.0001781555 0.0027125233
-0.0011791569 0.0024356009 -21.2029953003 30.8001632690 0.0000000000 0.0000000000 0.0001794348 0.0027316979
-0.0011871376 0.0024533002 -21.1955394745 30.8005123138 0.0000000000 0.0000000000 0.0001807112 0.0027508796
-0.0011951287 0.0024710274 -21.1883563995 30.8009586334 0.0000000000 0.0000000000 0.0001819898 0.0027701063
-0.0012031297 0.0024887729 -21.1813507080 30.8014755249 0.0000000000 0.0000000000 0.0001832487 0.0027893689
-0.0012111367 0.0025065257 -21.1744689941 30.8020191193 0.0000000000 0.0000000000 0.0001845025 0.0028086717
-0.0012191552 0.0025242895 -21.1676387787 30.8025684357 0.0000000000 0.0000000000 0.0001857435 0.0028280034
-0.0012271765 0.0025420503 -21.1605339050 30.8030185699 0.0000000000 0.0000000000 0.0001870232 0.0028473332
-0.0012352123 0.0025598335 -21.1532669067 30.8034172058 0.0000000000 0.0000000000 0.0001883109 0.0028666551
-0.0012432531 0.0025776327 -21.1457786560 30.8037281036 0.0000000000 0.0000000000 0.0001895920 0.0028859782
-0.0012513021 0.0025954342 -21.1380462646 30.8039627075 0.0000000000 0.0000000000 0.0001908469 0.0029053441
-0.0012593583 0.0026132474 -21.1301479340 30.8041896820 0.0000000000 0.0000000000 0.0001920967 0.0029247475
-0.0012674243 0.0026310619 -21.1219329834 30.8043594360 0.0000000000 0.0000000000 0.0001933439 0.0029441437
-0.0012754978 0.0026488947 -21.1134719849 30.8045005798 0.0000000000 0.0000000000 0.0001945824 0.0029635520
-0.0012835753 0.0026667390 -21.1049480438 30.8047008514 0.0000000000 0.0000000000 0.0001958188 0.0029829966
-0.0012916605 0.0026846027 -21.0966014862 30.8050098419 0.0000000000 0.0000000000 0.0001970653 0.0030024725
-0.0012997518 0.0027024751 -21.0883026123 30.8054027557 0.0000000000 0.0000000000 0.0001983191 0.0030219823
-0.0013078522 0.0027203572 -21.0802001953 30.8058986664 0.0000000000 0.0000000000 0.0001995845 0.0030415298
-0.0013159594 0.0027382458 -21.0722599030 30.8064899445 0.0000000000 0.0000000000 0.0002008653 0.0030611174
-0.0013240681 0.0027561358 -21.0644969940 30.8072071075 0.0000000000 0.0000000000 0.0002021330 0.0030807126
-0.0013321860 0.0027740384 -21.0569648743 30.8080863953 0.0000000000 0.0000000000 0.0002034093 0.0031003060
-0.0013403120 0.0027919523 -21.0497684479 30.8091316223 0.0000000000 0.0000000000 0.0002047040 0.0031198845
-0.0013484493 0.0028098826 -21.0429553986 30.8103866577 0.0000000000 0.0000000000 0.0002060124 0.0031394670
-0.0013565952 0.0028278229 -21.0364284515 30.8118228912 0.0000000000 0.0000000000 0.0002073187 0.0031590436
-0.0013647524 0.0028457744 -21.0301113129 30.8133945465 0.0000000000 0.0000000000 0.0002086155 0.0031786256
-0.0013729143 0.0028637419 -21.0239582062 30.8150405884 0.0000000000 0.0000000000 0.0002099028 0.0031982146
-0.0013810867 0.0028817242 -21.0178413391 30.8167457581 0.0000000000 0.0000000000 0.0002112003 0.0032177994
-0.0013892684 0.0028997124 -21.0117149353 30.8184757233 0.0000000000 0.0000000000 0.0002125146 0.0032373946
-0.0013974587 0.0029177011 -21.0054702759 30.8201808929 0.0000000000 0.0000000000 0.0002138333 0.0032569957
-0.0014056549 0.0029357041 -20.9992599487 30.8219108582 0.0000000000 0.0000000000 0.0002151694 0.0032765958
-0.0014138616 0.0029537210 -20.9929714203 30.8236312866 0.0000000000 0.0000000000 0.0002165012 0.0032962356
-0.0014220667 0.0029717400 -20.9865093231 30.8252754211 0.0000000000 0.0000000000 0.0002178155 0.0033158746
-0.0014302736 0.0029897736 -20.9798107147 30.8268165588 0.0000000000 0.0000000000 0.0002191203 0.0033355262
-0.0014384886 0.0030078203 -20.9728469849 30.8282661438 0.0000000000 0.0000000000 0.0002204106 0.0033551957
-0.0014467146 0.0030258826 -20.9655208588 30.8295974731 0.0000000000 0.0000000000 0.0002217110 0.0033748792
-0.0014549437 0.0030439510 -20.9580268860 30.8308773041 0.0000000000 0.0000000000 0.0002230362 0.0033946102
-0.0014631846 0.0030620301 -20.9503307343 30.8320865631 0.0000000000 0.0000000000 0.0002243709 0.0034143345
-0.0014714366 0.0030801224 -20.9424724579 30.8332691193 0.0000000000 0.0000000000 0.0002257020 0.0034341065
-0.0014797030 0.0030982257 -20.9347610474 30.8345069885 0.0000000000 0.0000000000 0.0002270439 0.0034539052
-0.0014879786 0.0031163357 -20.9272727966 30.8358440399 0.0000000000 0.0000000000 0.0002283881 0.0034737336
-0.0014962619 0.0031344609 -20.9199829102 30.8372592926 0.0000000000 0.0000000000 0.0002297206 0.0034935677
-0.0015045526 0.0031525982 -20.9128303528 30.8387145996 0.0000000000 0.0000000000 0.0002310349 0.0035134223
-0.0015128499 0.0031707436 -20.9057636261 30.8401718140 0.0000000000 0.0000000000 0.0002323317 0.0035333007
-0.0015211545 0.0031888932 -20.8987655640 30.8416461945 0.0000000000 0.0000000000 0.0002336205 0.0035531837
-0.0015294725 0.0032070589 -20.8918609619 30.8431186676 0.0000000000 0.0000000000 0.0002349180 0.0035730838
-0.0015377889 0.0032252294 -20.8851013184 30.8446731567 0.0000000000 0.0000000000 0.0002362250 0.0035929822
-0.0015461135 0.0032434098 -20.8786334991 30.8463573456 0.0000000000 0.0000000000 0.0002375604 0.0036128911
-0.0015544461 0.0032615974 -20.8725605011 30.8481292725 0.0000000000 0.0000000000 0.0002388940 0.0036327825
-0.0015627834 0.0032797924 -20.8667011261 30.8499736786 0.0000000000 0.0000000000 0.0002402072 0.0036526863
-0.0015711322 0.0032979939 -20.8610191345 30.8518638611 0.0000000000 0.0000000000 0.0002415124 0.0036725951
-0.0015794936 0.0033162066 -20.8554801941 30.8537769318 0.0000000000 0.0000000000 0.0002428285 0.0036925548
-0.0015878647 0.0033344340 -20.8500537872 30.8557300568 0.0000000000 0.0000000000 0.0002441454 0.0037125451
-0.0015962401 0.0033526616 -20.8447513580 30.8577442169 0.0000000000 0.0000000000 0.0002454702 0.0037325625
-0.0016046184 0.0033708964 -20.8396034241 30.8598613739 0.0000000000 0.0000000000 0.0002468155 0.0037526083
-0.0016130047 0.0033891345 -20.8346176147 30.8621025085 0.0000000000 0.0000000000 0.0002481505 0.0037726515
-0.0016213941 0.0034073724 -20.8295993805 30.8644542694 0.0000000000 0.0000000000 0.0002494907 0.0037927192
-0.0016297954 0.0034256298 -20.8246898651 30.8669090271 0.0000000000 0.0000000000 0.0002508232 0.0038127811
-0.0016382004 0.0034438926 -20.8198661804 30.8694934845 0.0000000000 0.0000000000 0.0002521455 0.0038328625
-0.0016466081 0.0034621616 -20.8150424957 30.8721752167 0.0000000000 0.0000000000 0.0002534722 0.0038529863
-0.0016550141 0.0034804204 -20.8101902008 30.8749046326 0.0000000000 0.0000000000 0.0002547974 0.0038730949
-0.0016634292 0.0034986914 -20.8052997589 30.8777351379 0.0000000000 0.0000000000 0.0002561259 0.0038932245
-0.0016718500 0.0035169695 -20.8003025055 30.8806552887 0.0000000000 0.0000000000 0.0002574551 0.0039133723
-0.0016802764 0.0035352542 -20.7948894501 30.8835144043 0.0000000000 0.0000000000 0.0002587967 0.0039335466
-0.0016887035 0.0035535446 -20.7891159058 30.8863334656 0.0000000000 0.0000000000 0.0002601471 0.0039537465
-0.0016971384 0.0035718433 -20.7829990387 30.8891868591 0.0000000000 0.0000000000 0.0002615018 0.0039739693
-0.0017055785 0.0035901521 -20.7766971588 30.8921031952 0.0000000000 0.0000000000 0.0002628770 0.0039941873
-0.0017140250 0.0036084722 -20.7703609467 30.8951244354 0.0000000000 0.0000000000 0.0002642667 0.0040144124
-0.0017224773 0.0036267999 -20.7640819550 30.8983058929 0.0000000000 0.0000000000 0.0002656615 0.0040346505
-0.0017309282 0.0036451358 -20.7578468323 30.9016399384 0.0000000000 0.0000000000 0.0002670643 0.0040549184
-0.0017393831 0.0036634740 -20.7517871857 30.9051208496 0.0000000000 0.0000000000 0.0002684788 0.0040752045
-0.0017478465 0.0036818176 -20.7459316254 30.9087657928 0.0000000000 0.0000000000 0.0002698941 0.0040955180
-0.0017563222 0.0037001756 -20.7403888702 30.9125995636 0.0000000000 0.0000000000 0.0002713071 0.0041158237
-0.0017647974 0.0037185354 -20.7352733612 30.9166469574 0.0000000000 0.0000000000 0.0002727208 0.0041361628
-0.0017732764 0.0037368964 -20.7303047180 30.9208087921 0.0000000000 0.0000000000 0.0002741259 0.0041565122
-0.0017817589 0.0037552631 -20.7256202698 30.9251232147 0.0000000000 0.0000000000 0.0002755243 0.0041768700
-0.0017902381 0.0037736425 -20.7211036682 30.9295635223 0.0000000000 0.0000000000 0.0002769323 0.0041972557
-0.0017987182 0.0037920345 -20.7165927887 30.9340629578 0.0000000000 0.0000000000 0.0002783278 0.0042176796
-0.0018072040 0.0038104390 -20.7120246887 30.9385890961 0.0000000000 0.0000000000 0.0002797241 0.0042381226
-0.0018156958 0.0038288529 -20.7072639465 30.9430694580 0.0000000000 0.0000000000 0.0002811079 0.0042586019
-0.0018241953 0.0038472735 -20.7023773193 30.9475440979 0.0000000000 0.0000000000 0.0002824882 0.0042791073
-0.0018327013 0.0038657116 -20.6974868774 30.9520149231 0.0000000000 0.0000000000 0.0002838779 0.0042996360
-0.0018412095 0.0038841527 -20.6925449371 30.9564762115 0.0000000000 0.0000000000 0.0002852829 0.0043201679
-0.0018497241 0.0039025987 -20.6875152588 30.9609165192 0.0000000000 0.0000000000 0.0002866828 0.0043407241
-0.0018582367 0.0039210515 -20.6823101044 30.9652652740 0.0000000000 0.0000000000 0.0002880820 0.0043613301
-0.0018667568 0.0039395168 -20.6768455505 30.9694957733 0.0000000000 0.0000000000 0.0002894732 0.0043819575
-0.0018752810 0.0039579831 -20.6712894440 30.9736442566 0.0000000000 0.0000000000 0.0002908556 0.0044025867
-0.0018838095 0.0039764629 -20.6655578613 30.9776916504 0.0000000000 0.0000000000 0.0002922570 0.0044232658
-0.0018923425 0.0039949515 -20.6596927643 30.9816722870 0.0000000000 0.0000000000 0.0002936533 0.0044439933
-0.0019008785 0.0040134471 -20.6538028717 30.9856319427 0.0000000000 0.0000000000 0.0002950554 0.0044647376
-0.0019094156 0.0040319455 -20.6478099823 30.9895305634 0.0000000000 0.0000000000 0.0002964560 0.0044855033
-0.0019179620 0.0040504546 -20.6417446136 30.9934368134 0.0000000000 0.0000000000 0.0002978668 0.0045062797
-0.0019265125 0.0040689772 -20.6355495453 30.9972991943 0.0000000000 0.0000000000 0.0002992668 0.0045270473
-0.0019350733 0.0040875166 -20.6293220520 31.0011367798 0.0000000000 0.0000000000 0.0003006594 0.0045478167
-0.0019436382 0.0041060699 -20.6232051849 31.0049858093 0.0000000000 0.0000000000 0.0003020498 0.0045686057
-0.0019522099 0.0041246326 -20.6172199249 31.0088386536 0.0000000000 0.0000000000 0.0003034410 0.0045894142
-0.0019607830 0.0041432092 -20.6112766266 31.0126876831 0.0000000000 0.0000000000 0.0003048358 0.0046102358
-0.0019693628 0.0041617961 -20.6054306030 31.0165691376 0.0000000000 0.0000000000 0.0003062270 0.0046310737
-0.0019779466 0.0041804020 -20.5996170044 31.0204601288 0.0000000000 0.0000000000 0.0003076007 0.0046519637
-0.0019865369 0.0041990168 -20.5938262939 31.0243453979 0.0000000000 0.0000000000 0.0003089868 0.0046728738
-0.0019951321 0.0042176452 -20.5878829956 31.0281696320 0.0000000000 0.0000000000 0.0003103736 0.0046938136
-0.0020037321 0.0042362837 -20.5817508698 31.0319271088 0.0000000000 0.0000000000 0.0003117603 0.0047147577
-0.0020123352 0.0042549311 -20.5754508972 31.0356407166 0.0000000000 0.0000000000 0.0003131573 0.0047357050
-0.0020209453 0.0042735967 -20.5689144135 31.0393066406 0.0000000000 0.0000000000 0.0003145500 0.0047566565
-0.0020295607 0.0042922702 -20.5621814728 31.0429039001 0.0000000000 0.0000000000 0.0003159586 0.0047776364
-0.0020381783 0.0043109478 -20.5552558899 31.0464458466 0.0000000000 0.0000000000 0.0003173731 0.0047986298
-0.0020468000 0.0043296344 -20.5482292175 31.0499610901 0.0000000000 0.0000000000 0.0003187789 0.0048196758
-0.0020554243 0.0043483274 -20.5411357880 31.0534763336 0.0000000000 0.0000000000 0.0003201875 0.0048407498
-0.0020640569 0.0043670358 -20.5339889526 31.0570011139 0.0000000000 0.0000000000 0.0003215962 0.0048618130
-0.0020726961 0.0043857568 -20.5268993378 31.0605888367 0.0000000000 0.0000000000 0.0003229830 0.0048828735
-0.0020813432 0.0044044964 -20.5198764801 31.0641994476 0.0000000000 0.0000000000 0.0003243712 0.0049039521
-0.0020899954 0.0044232556 -20.5129470825 31.0678405762 0.0000000000 0.0000000000 0.0003257712 0.0049250517
-0.0020986518 0.0044420175 -20.5060615540 31.0715122223 0.0000000000 0.0000000000 0.0003271827 0.0049461978
-0.0021073173 0.0044608032 -20.4993305206 31.0752334595 0.0000000000 0.0000000000 0.0003285819 0.0049673598
-0.0021159863 0.0044795969 -20.4927234650 31.0790100098 0.0000000000 0.0000000000 0.0003299818 0.0049885465
-0.0021246595 0.0044983998 -20.4864006042 31.0828227997 0.0000000000 0.0000000000 0.0003313803 0.0050097480
-0.0021333359 0.0045172134 -20.4803028107 31.0866851807 0.0000000000 0.0000000000 0.0003327846 0.0050309864
-0.0021420191 0.0045360401 -20.4744091034 31.0905647278 0.0000000000 0.0000000000 0.0003341830 0.0050522466
-0.0021507058 0.0045548794 -20.4686603546 31.0944347382 0.0000000000 0.0000000000 0.0003355677 0.0050735101
-0.0021594046 0.0045737280 -20.4629325867 31.0982723236 0.0000000000 0.0000000000 0.0003369486 0.0050947969
-0.0021681110 0.0045925844 -20.4570446014 31.1020488739 0.0000000000 0.0000000000 0.0003383296 0.0051161046
-0.0021768291 0.0046114554 -20.4510688782 31.1057662964 0.0000000000 0.0000000000 0.0003397142 0.0051374342
-0.0021855503 0.0046303351 -20.4449176788 31.1094150543 0.0000000000 0.0000000000 0.0003410871 0.0051587741
-0.0021942740 0.0046492224 -20.4384822845 31.1129760742 0.0000000000 0.0000000000 0.0003424630 0.0051801503
-0.0022030016 0.0046681147 -20.4319858551 31.1165637970 0.0000000000 0.0000000000 0.0003438360 0.0052015339
-0.0022117365 0.0046870136 -20.4255714417 31.1202106476 0.0000000000 0.0000000000 0.0003452031 0.0052229539
-0.0022204786 0.0047059329 -20.4193305969 31.1239223480 0.0000000000 0.0000000000 0.0003465549 0.0052443780
-0.0022292265 0.0047248574 -20.4131164551 31.1276531219 0.0000000000 0.0000000000 0.0003479038 0.0052658152
-0.0022379840 0.0047437958 -20.4069442749 31.1314010620 0.0000000000 0.0000000000 0.0003492556 0.0052872687
-0.0022467454 0.0047627427 -20.4009323120 31.1351795197 0.0000000000 0.0000000000 0.0003506096 0.0053087510
-0.0022555080 0.0047816960 -20.3950996399 31.1389904022 0.0000000000 0.0000000000 0.0003519615 0.0053302548
-0.0022642722 0.0048006568 -20.3894157410 31.1428298950 0.0000000000 0.0000000000 0.0003533045 0.0053517623
-0.0022730387 0.0048196320 -20.3839645386 31.1467247009 0.0000000000 0.0000000000 0.0003546374 0.0053732865
-0.0022818039 0.0048386138 -20.3786296844 31.1506500244 0.0000000000 0.0000000000 0.0003559747 0.0053948332
-0.0022905781 0.0048576081 -20.3733043671 31.1545600891 0.0000000000 0.0000000000 0.0003573039 0.0054164100
-0.0022993521 0.0048766048 -20.3679447174 31.1584548950 0.0000000000 0.0000000000 0.0003586196 0.0054379948
-0.0023081305 0.0048956107 -20.3625583649 31.1623287201 0.0000000000 0.0000000000 0.0003599434 0.0054595908
-0.0023169150 0.0049146255 -20.3569793701 31.1661357880 0.0000000000 0.0000000000 0.0003612715 0.0054812138
-0.0023257034 0.0049336459 -20.3510265350 31.1698665619 0.0000000000 0.0000000000 0.0003625858 0.0055028615
-0.0023344948 0.0049526710 -20.3448047638 31.1735305786 0.0000000000 0.0000000000 0.0003639045 0.0055245287
-0.0023432923 0.0049716984 -20.3383026123 31.1770973206 0.0000000000 0.0000000000 0.0003652209 0.0055462155
-0.0023520957 0.0049907342 -20.3316745758 31.1806583405 0.0000000000 0.0000000000 0.0003665367 0.0055679306
-0.0023609030 0.0050097737 -20.3250370026 31.1842212677 0.0000000000 0.0000000000 0.0003678444 0.0055896635
-0.0023697114 0.0050288178 -20.3184051514 31.1877880096 0.0000000000 0.0000000000 0.0003691558 0.0056114243
-0.0023785257 0.0050478722 -20.3118438721 31.1913928986 0.0000000000 0.0000000000 0.0003704628 0.0056332126
-0.0023873458 0.0050669420 -20.3054332733 31.1950359344 0.0000000000 0.0000000000 0.0003717705 0.0056550093
-0.0023961705 0.0050860182 -20.2990474701 31.1986923218 0.0000000000 0.0000000000 0.0003730863 0.0056768474
-0.0024049978 0.0051051034 -20.2927742004 31.2023792267 0.0000000000 0.0000000000 0.0003744056 0.0056987167
-0.0024138351 0.0051241978 -20.2866306305 31.2060832977 0.0000000000 0.0000000000 0.0003757170 0.0057206070
-0.0024226713 0.0051432969 -20.2805976868 31.2098140717 0.0000000000 0.0000000000 0.0003770218 0.0057425173
-0.0024315156 0.0051624100 -20.2747497559 31.2136001587 0.0000000000 0.0000000000 0.0003783303 0.0057644341
-0.0024403618 0.0051815300 -20.2690048218 31.2174320221 0.0000000000 0.0000000000 0.0003796497 0.0057863761
-0.0024492159 0.0052006650 -20.2633094788 31.2213077545 0.0000000000 0.0000000000 0.0003809581 0.0058083367
-0.0024580711 0.0052198083 -20.2575664520 31.2251510620 0.0000000000 0.0000000000 0.0003822564 0.0058303159
-0.0024669326 0.0052389503 -20.2517261505 31.2289772034 0.0000000000 0.0000000000 0.0003835291 0.0058523295
-0.0024757965 0.0052581034 -20.2456970215 31.2327804565 0.0000000000 0.0000000000 0.0003848034 0.0058743707
-0.0024846625 0.0052772681 -20.2394199371 31.2365207672 0.0000000000 0.0000000000 0.0003860634 0.0058964249
-0.0024935342 0.0052964413 -20.2329387665 31.2402324677 0.0000000000 0.0000000000 0.0003873066 0.0059185144
-0.0025024104 0.0053156265 -20.2261257172 31.2438678741 0.0000000000 0.0000000000 0.0003885571 0.0059406296
-0.0025112948 0.0053348248 -20.2190914154 31.2474613190 0.0000000000 0.0000000000 0.0003897967 0.0059627388
-0.0025201868 0.0053540338 -20.2119884491 31.2510547638 0.0000000000 0.0000000000 0.0003910298 0.0059848605
-0.0025290858 0.0053732553 -20.2051677704 31.2547378540 0.0000000000 0.0000000000 0.0003922555 0.0060070069
-0.0025379891 0.0053924774 -20.1988124847 31.2585449219 0.0000000000 0.0000000000 0.0003934871 0.0060291397
-0.0025468948 0.0054117031 -20.1927833557 31.2624473572 0.0000000000 0.0000000000 0.0003947208 0.0060512614
-0.0025558094 0.0054309377 -20.1870784760 31.2664909363 0.0000000000 0.0000000000 0.0003959437 0.0060734074
-0.0025647297 0.0054501803 -20.1818027496 31.2706336975 0.0000000000 0.0000000000 0.0003971723 0.0060955822
-0.0025736515 0.0054694288 -20.1766757965 31.2748279572 0.0000000000 0.0000000000 0.0003984199 0.0061177737
-0.0025825768 0.0054886839 -20.1716613770 31.2790164948 0.0000000000 0.0000000000 0.0003996683 0.0061399969
-0.0025915040 0.0055079479 -20.1666297913 31.2831535339 0.0000000000 0.0000000000 0.0004009188 0.0061622411
-0.0026004319 0.0055272197 -20.1614017487 31.2872161865 0.0000000000 0.0000000000 0.0004021752 0.0061845006
-0.0026093649 0.0055464967 -20.1558685303 31.2911815643 0.0000000000 0.0000000000 0.0004034468 0.0062067700
-0.0026183021 0.0055657858 -20.1499977112 31.2950134277 0.0000000000 0.0000000000 0.0004047221 0.0062290486
-0.0026272405 0.0055850749 -20.1438007355 31.2987422943 0.0000000000 0.0000000000 0.0004059937 0.0062513370
-0.0026361849 0.0056043766 -20.1374073029 31.3023757935 0.0000000000 0.0000000000 0.0004072690 0.0062736180
-0.0026451370 0.0056236889 -20.1309280396 31.3059692383 0.0000000000 0.0000000000 0.0004085451 0.0062959115
-0.0026540936 0.0056430041 -20.1245918274 31.3095626831 0.0000000000 0.0000000000 0.0004098146 0.0063182241
-0.0026630585 0.0056623328 -20.1185398102 31.3132286072 0.0000000000 0.0000000000 0.0004110884 0.0063405675
-0.0026720327 0.0056816703 -20.1127395630 31.3169269562 0.0000000000 0.0000000000 0.0004123652 0.0063629416
-0.0026810146 0.0057010157 -20.1070537567 31.3206501007 0.0000000000 0.0000000000 0.0004136288 0.0063853399
-0.0026899965 0.0057203621 -20.1013526917 31.3243980408 0.0000000000 0.0000000000 0.0004148866 0.0064077708
-0.0026989870 0.0057397224 -20.0955410004 31.3281326294 0.0000000000 0.0000000000 0.0004161517 0.0064302250
-0.0027079834 0.0057590911 -20.0897636414 31.3318290710 0.0000000000 0.0000000000 0.0004174139 0.0064527066
-0.0027169839 0.0057784747 -20.0839443207 31.3355236053 0.0000000000 0.0000000000 0.0004186622 0.0064752139
-0.0027259884 0.0057978574 -20.0780982971 31.3391666412 0.0000000000 0.0000000000 0.0004199208 0.0064977305
-0.0027349941 0.0058172452 -20.0721626282 31.3427448273 0.0000000000 0.0000000000 0.0004211742 0.0065202685
-0.0027440041 0.0058366400 -20.0661563873 31.3462581635 0.0000000000 0.0000000000 0.0004224357 0.0065428335
-0.0027530240 0.0058560460 -20.0601158142 31.3497257233 0.0000000000 0.0000000000 0.0004237197 0.0065654055
-0.0027620432 0.0058754473 -20.0542411804 31.3531532288 0.0000000000 0.0000000000 0.0004249848 0.0065879910
-0.0027710735 0.0058948593 -20.0485458374 31.3565635681 0.0000000000 0.0000000000 0.0004262638 0.0066106063
-0.0027801094 0.0059142737 -20.0431404114 31.3600025177 0.0000000000 0.0000000000 0.0004275405 0.0066332361
-0.0027891456 0.0059336964 -20.0380077362 31.3634777069 0.0000000000 0.0000000000 0.0004288144 0.0066558532
-0.0027981864 0.0059531294 -20.0330886841 31.3669586182 0.0000000000 0.0000000000 0.0004300751 0.0066784834
-0.0028072358 0.0059725726 -20.0283451080 31.3704357147 0.0000000000 0.0000000000 0.0004313292 0.0067011421
-0.0028162848 0.0059920265 -20.0238246918 31.3739471436 0.0000000000 0.0000000000 0.0004325783 0.0067238137
-0.0028253405 0.0060114837 -20.0194473267 31.3774929047 0.0000000000 0.0000000000 0.0004338307 0.0067465040
-0.0028344018 0.0060309502 -20.0151386261 31.3810691833 0.0000000000 0.0000000000 0.0004350969 0.0067692003
-0.0028434631 0.0060504298 -20.0107898712 31.3846645355 0.0000000000 0.0000000000 0.0004363725 0.0067919209
-0.0028525298 0.0060699210 -20.0062522888 31.3882331848 0.0000000000 0.0000000000 0.0004376489 0.0068146493
-0.0028615955 0.0060894140 -20.0015411377 31.3917541504 0.0000000000 0.0000000000 0.0004389355 0.0068373964
-0.0028706621 0.0061089010 -19.9966526031 31.3952293396 0.0000000000 0.0000000000 0.0004402338 0.0068601761
-0.0028797318 0.0061283968 -19.9914989471 31.3986568451 0.0000000000 0.0000000000 0.0004415422 0.0068829702
-0.0028888083 0.0061479006 -19.9858207703 31.4019527435 0.0000000000 0.0000000000 0.0004428470 0.0069057820
-0.0028978908 0.0061674109 -19.9795455933 31.4051303864 0.0000000000 0.0000000000 0.0004441606 0.0069286209
-0.0029069777 0.0061869328 -19.9726886749 31.4081649780 0.0000000000 0.0000000000 0.0004454822 0.0069514881
-0.0029160695 0.0062064608 -19.9655323029 31.4111366272 0.0000000000 0.0000000000 0.0004468125 0.0069743539
-0.0029251631 0.0062259939 -19.9581565857 31.4140815735 0.0000000000 0.0000000000 0.0004481625 0.0069972365
-0.0029342624 0.0062455293 -19.9507446289 31.4170455933 0.0000000000 0.0000000000 0.0004495285 0.0070201340
-0.0029433679 0.0062650777 -19.9434700012 31.4200763702 0.0000000000 0.0000000000 0.0004508887 0.0070430571
-0.0029524756 0.0062846318 -19.9365005493 31.4232063293 0.0000000000 0.0000000000 0.0004522628 0.0070659961
-0.0029615930 0.0063042017 -19.9300212860 31.4264583588 0.0000000000 0.0000000000 0.0004536506 0.0070889550
-0.0029707144 0.0063237785 -19.9242534637 31.4299163818 0.0000000000 0.0000000000 0.0004550502 0.0071119461
-0.0029798413 0.0063433605 -19.9189910889 31.4335269928 0.0000000000 0.0000000000 0.0004564541 0.0071349400
-0.0029889718 0.0063629467 -19.9142360687 31.4372615814 0.0000000000 0.0000000000 0.0004578690 0.0071579334
-0.0029981099 0.0063825408 -19.9098186493 31.4410591125 0.0000000000 0.0000000000 0.0004592649 0.0071809352
-0.0030072501 0.0064021433 -19.9056129456 31.4449462891 0.0000000000 0.0000000000 0.0004606717 0.0072039519
-0.0030163967 0.0064217579 -19.9014778137 31.4488430023 0.0000000000 0.0000000000 0.0004621033 0.0072269905
-0.0030255504 0.0064413836 -19.8972015381 31.4527168274 0.0000000000 0.0000000000 0.0004635473 0.0072500659
-0.0030347065 0.0064610206 -19.8926944733 31.4565544128 0.0000000000 0.0000000000 0.0004650045 0.0072731529
-0.0030438693 0.0064806673 -19.8877391815 31.4603042603 0.0000000000 0.0000000000 0.0004664740 0.0072962693
-0.0030530365 0.0065003186 -19.8823108673 31.4639530182 0.0000000000 0.0000000000 0.0004679537 0.0073193754
-0.0030622093 0.0065199826 -19.8765544891 31.4675388336 0.0000000000 0.0000000000 0.0004694312 0.0073425104
-0.0030713810 0.0065396451 -19.8704509735 31.4710559845 0.0000000000 0.0000000000 0.0004709036 0.0073656645
-0.0030805548 0.0065593133 -19.8642349243 31.4745597839 0.0000000000 0.0000000000 0.0004723746 0.0073888274
-0.0030897364 0.0065789856 -19.8576221466 31.4780082703 0.0000000000 0.0000000000 0.0004738499 0.0074119959
-0.0030989170 0.0065986640 -19.8508396149 31.4814338684 0.0000000000 0.0000000000 0.0004753420 0.0074351770
-0.0031081066 0.0066183507 -19.8438892365 31.4848594666 0.0000000000 0.0000000000 0.0004768290 0.0074583846
-0.0031172978 0.0066380417 -19.8367805481 31.4882678986 0.0000000000 0.0000000000 0.0004783066 0.0074816248
-0.0031264909 0.0066577401 -19.8297309875 31.4916801453 0.0000000000 0.0000000000 0.0004797863 0.0075048781
-0.0031356884 0.0066774432 -19.8228187561 31.4951457977 0.0000000000 0.0000000000 0.0004812573 0.0075281621
-0.0031448868 0.0066971565 -19.8162155151 31.4986953735 0.0000000000 0.0000000000 0.0004827195 0.0075514512
-0.0031540890 0.0067168768 -19.8100223541 31.5023403168 0.0000000000 0.0000000000 0.0004841919 0.0075747580
-0.0031632935 0.0067366022 -19.8042659760 31.5061016083 0.0000000000 0.0000000000 0.0004856483 0.0075980905
-0.0031725031 0.0067563313 -19.7990245819 31.5099754333 0.0000000000 0.0000000000 0.0004871142 0.0076214499
-0.0031817176 0.0067760744 -19.7943153381 31.5139503479 0.0000000000 0.0000000000 0.0004885691 0.0076448270
-0.0031909335 0.0067958152 -19.7899646759 31.5179843903 0.0000000000 0.0000000000 0.0004900255 0.0076682125
-0.0032001471 0.0068155574 -19.7856540680 31.5219860077 0.0000000000 0.0000000000 0.0004914863 0.0076915915
-0.0032093620 0.0068353042 -19.7811737061 31.5259361267 0.0000000000 0.0000000000 0.0004929478 0.0077149631
-0.0032185751 0.0068550520 -19.7762622833 31.5298061371 0.0000000000 0.0000000000 0.0004943990 0.0077383472
-0.0032277901 0.0068748049 -19.7708892822 31.5335941315 0.0000000000 0.0000000000 0.0004958547 0.0077617443
-0.0032370135 0.0068945643 -19.7651042938 31.5372943878 0.0000000000 0.0000000000 0.0004973286 0.0077851485
-0.0032462387 0.0069143190 -19.7589416504 31.5408859253 0.0000000000 0.0000000000 0.0004988025 0.0078085582
-0.0032554688 0.0069340700 -19.7523841858 31.5443859100 0.0000000000 0.0000000000 0.0005002669 0.0078319851
-0.0032647031 0.0069538271 -19.7454738617 31.5478343964 0.0000000000 0.0000000000 0.0005017233 0.0078554153
-0.0032739411 0.0069735907 -19.7383651733 31.5512561798 0.0000000000 0.0000000000 0.0005032103 0.0078788251
-0.0032831826 0.0069933524 -19.7313270569 31.5546932220 0.0000000000 0.0000000000 0.0005047031 0.0079022581
-0.0032924281 0.0070131272 -19.7244224548 31.5581474304 0.0000000000 0.0000000000 0.0005062040 0.0079257283
-0.0033016822 0.0070329090 -19.7179126740 31.5616950989 0.0000000000 0.0000000000 0.0005077033 0.0079492088
-0.0033109402 0.0070526972 -19.7117004395 31.5653228760 0.0000000000 0.0000000000 0.0005092107 0.0079726866
-0.0033201983 0.0070724818 -19.7058811188 31.5690155029 0.0000000000 0.0000000000 0.0005107175 0.0079961699
-0.0033294603 0.0070922710 -19.7003707886 31.5727539062 0.0000000000 0.0000000000 0.0005122380 0.0080196718
-0.0033387253 0.0071120700 -19.6950492859 31.5765056610 0.0000000000 0.0000000000 0.0005137738 0.0080431942
-0.0033479931 0.0071318685 -19.6899394989 31.5802478790 0.0000000000 0.0000000000 0.0005153285 0.0080667306
-0.0033572647 0.0071516666 -19.6848487854 31.5839462280 0.0000000000 0.0000000000 0.0005168753 0.0080902800
-0.0033665402 0.0071714725 -19.6798496246 31.5875911713 0.0000000000 0.0000000000 0.0005184344 0.0081138480
-0.0033758203 0.0071912841 -19.6748790741 31.5911560059 0.0000000000 0.0000000000 0.0005200052 0.0081374301
-0.0033851031 0.0072110998 -19.6698703766 31.5946559906 0.0000000000 0.0000000000 0.0005215732 0.0081610279
-0.0033943919 0.0072309263 -19.6647434235 31.5980854034 0.0000000000 0.0000000000 0.0005231316 0.0081846481
-0.0034036862 0.0072507584 -19.6595020294 31.6014537811 0.0000000000 0.0000000000 0.0005246965 0.0082082804
-0.0034129845 0.0072705941 -19.6539993286 31.6047420502 0.0000000000 0.0000000000 0.0005262441 0.0082319258
-0.0034222887 0.0072904401 -19.6481838226 31.6079616547 0.0000000000 0.0000000000 0.0005277900 0.0082555953
-0.0034315938 0.0073102894 -19.6419944763 31.6110858917 0.0000000000 0.0000000000 0.0005293332 0.0082793003
-0.0034409023 0.0073301424 -19.6355705261 31.6141796112 0.0000000000 0.0000000000 0.0005308872 0.0083030155
-0.0034502114 0.0073499992 -19.6289577484 31.6172657013 0.0000000000 0.0000000000 0.0005324660 0.0083267204
-0.0034595246 0.0073698605 -19.6223068237 31.6204013824 0.0000000000 0.0000000000 0.0005340645 0.0083504422
-0.0034688427 0.0073897294 -19.6158638000 31.6236171722 0.0000000000 0.0000000000 0.0005356667 0.0083741676
-0.0034781666 0.0074096057 -19.6096801758 31.6269454956 0.0000000000 0.0000000000 0.0005372834 0.0083979024
-0.0034874941 0.0074294866 -19.6040000916 31.6304264069 0.0000000000 0.0000000000 0.0005389176 0.0084216315
-0.0034968248 0.0074493736 -19.5988273621 31.6340579987 0.0000000000 0.0000000000 0.0005405307 0.0084453560
-0.0035061557 0.0074692648 -19.5941505432 31.6378307343 0.0000000000 0.0000000000 0.0005421547 0.0084691020
-0.0035154889 0.0074891709 -19.5897617340 31.6416950226 0.0000000000 0.0000000000 0.0005437641 0.0084928731
-0.0035248226 0.0075090853 -19.5852966309 31.6455574036 0.0000000000 0.0000000000 0.0005453619 0.0085166469
-0.0035341629 0.0075290026 -19.5806579590 31.6493549347 0.0000000000 0.0000000000 0.0005469560 0.0085404413
-0.0035435087 0.0075489217 -19.5757484436 31.6531028748 0.0000000000 0.0000000000 0.0005485461 0.0085642328
-0.0035528617 0.0075688465 -19.5706367493 31.6568202972 0.0000000000 0.0000000000 0.0005501494 0.0085880794
-0.0035622206 0.0075887782 -19.5653572083 31.6605052948 0.0000000000 0.0000000000 0.0005517504 0.0086119231
-0.0035715816 0.0076087159 -19.5599555969 31.6641521454 0.0000000000 0.0000000000 0.0005533369 0.0086357845
-0.0035809467 0.0076286588 -19.5545043945 31.6677818298 0.0000000000 0.0000000000 0.0005549022 0.0086596608
-0.0035903188 0.0076486096 -19.5492324829 31.6713943481 0.0000000000 0.0000000000 0.0005564697 0.0086835567
-0.0035996963 0.0076685711 -19.5437641144 31.6749515533 0.0000000000 0.0000000000 0.0005580438 0.0087074460
-0.0036090738 0.0076885326 -19.5380821228 31.6784667969 0.0000000000 0.0000000000 0.0005596303 0.0087313568
-0.0036184595 0.0077085039 -19.5321559906 31.6818962097 0.0000000000 0.0000000000 0.0005612379 0.0087552797
-0.0036278497 0.0077284840 -19.5260868073 31.6852893829 0.0000000000 0.0000000000 0.0005628375 0.0087792082
-0.0036372473 0.0077484781 -19.5198936462 31.6886253357 0.0000000000 0.0000000000 0.0005644538 0.0088031301
-0.0036466476 0.0077684708 -19.5136852264 31.6919536591 0.0000000000 0.0000000000 0.0005660826 0.0088270623
-0.0036560576 0.0077884779 -19.5076332092 31.6952877045 0.0000000000 0.0000000000 0.0005677332 0.0088510262
-0.0036654698 0.0078084851 -19.5019130707 31.6986618042 0.0000000000 0.0000000000 0.0005694115 0.0088750124
-0.0036748832 0.0078284992 -19.4966487885 31.7021255493 0.0000000000 0.0000000000 0.0005711022 0.0088990005
-0.0036843005 0.0078485170 -19.4917201996 31.7056369781 0.0000000000 0.0000000000 0.0005728067 0.0089229979
-0.0036937238 0.0078685433 -19.4871234894 31.7092285156 0.0000000000 0.0000000000 0.0005745105 0.0089469915
-0.0037031509 0.0078885788 -19.4827861786 31.7128887177 0.0000000000 0.0000000000 0.0005762158 0.0089709992
-0.0037125864 0.0079086237 -19.4786376953 31.7166252136 0.0000000000 0.0000000000 0.0005779290 0.0089950273
-0.0037220214 0.0079286648 -19.4743957520 31.7203330994 0.0000000000 0.0000000000 0.0005796481 0.0090190545
-0.0037314598 0.0079487097 -19.4698753357 31.7240352631 0.0000000000 0.0000000000 0.0005813665 0.0090431031
-0.0037408974 0.0079687526 -19.4650936127 31.7277240753 0.0000000000 0.0000000000 0.0005830944 0.0090671657
-0.0037503357 0.0079887938 -19.4598579407 31.7313423157 0.0000000000 0.0000000000 0.0005848201 0.0090912301
-0.0037597758 0.0080088424 -19.4541072845 31.7348823547 0.0000000000 0.0000000000 0.0005865406 0.0091153067
-0.0037692173 0.0080288956 -19.4480190277 31.7383689880 0.0000000000 0.0000000000 0.0005882597 0.0091394000
-0.0037786644 0.0080489535 -19.4416027069 31.7417888641 0.0000000000 0.0000000000 0.0005899832 0.0091635175
-0.0037881120 0.0080690170 -19.4350471497 31.7451725006 0.0000000000 0.0000000000 0.0005917089 0.0091876201
-0.0037975637 0.0080890870 -19.4286251068 31.7486133575 0.0000000000 0.0000000000 0.0005934192 0.0092117433
-0.0038070169 0.0081091588 -19.4225864410 31.7520961761 0.0000000000 0.0000000000 0.0005951303 0.0092358831
-0.0038164817 0.0081292409 -19.4169158936 31.7556419373 0.0000000000 0.0000000000 0.0005968494 0.0092600193
-0.0038259430 0.0081493221 -19.4116764069 31.7592678070 0.0000000000 0.0000000000 0.0005985765 0.0092841471
-0.0038354082 0.0081694042 -19.4067897797 31.7629833221 0.0000000000 0.0000000000 0.0006003109 0.0093082832
-0.0038448800 0.0081894891 -19.4021301270 31.7667541504 0.0000000000 0.0000000000 0.0006020577 0.0093324278
-0.0038543574 0.0082095778 -19.3976573944 31.7705612183 0.0000000000 0.0000000000 0.0006037870 0.0093565593
-0.0038638390 0.0082296748 -19.3930873871 31.7743530273 0.0000000000 0.0000000000 0.0006055061 0.0093806880
-0.0038733268 0.0082497820 -19.3884468079 31.7781276703 0.0000000000 0.0000000000 0.0006072318 0.0094048269
-0.0038828142 0.0082698902 -19.3835620880 31.7818641663 0.0000000000 0.0000000000 0.0006089495 0.0094289724
-0.0038922995 0.0082900003 -19.3784446716 31.7855281830 0.0000000000 0.0000000000 0.0006106693 0.0094531290
-0.0039017936 0.0083101261 -19.3731060028 31.7891063690 0.0000000000 0.0000000000 0.0006123972 0.0094773015
-0.0039112908 0.0083302595 -19.3675460815 31.7925968170 0.0000000000 0.0000000000 0.0006141199 0.0095014926
-0.0039207907 0.0083503984 -19.3619403839 31.7960605621 0.0000000000 0.0000000000 0.0006158449 0.0095256995
-0.0039302907 0.0083705364 -19.3563404083 31.7995643616 0.0000000000 0.0000000000 0.0006175800 0.0095499270
-0.0039397948 0.0083906753 -19.3506393433 31.8030757904 0.0000000000 0.0000000000 0.0006193326 0.0095741935
-0.0039493060 0.0084108189 -19.3450164795 31.8066558838 0.0000000000 0.0000000000 0.0006210991 0.0095984526
-0.0039588222 0.0084309727 -19.3394966125 31.8102817535 0.0000000000 0.0000000000 0.0006228692 0.0096227173
-0.0039683431 0.0084511312 -19.3341503143 31.8139858246 0.0000000000 0.0000000000 0.0006246452 0.0096470024
-0.0039778640 0.0084712990 -19.3289146423 31.8177356720 0.0000000000 0.0000000000 0.0006264335 0.0096712951
-0.0039873826 0.0084914714 -19.3237590790 31.8215065002 0.0000000000 0.0000000000 0.0006282298 0.0096955867
-0.0039969040 0.0085116522 -19.3186397552 31.8252925873 0.0000000000 0.0000000000 0.0006300203 0.0097198822
-0.0040064291 0.0085318461 -19.3135185242 31.8290729523 0.0000000000 0.0000000000 0.0006318160 0.0097442083
-0.0040159589 0.0085520381 -19.3084411621 31.8328437805 0.0000000000 0.0000000000 0.0006336123 0.0097685587
-0.0040254919 0.0085722348 -19.3034191132 31.8366127014 0.0000000000 0.0000000000 0.0006354101 0.0097929202
-0.0040350310 0.0085924445 -19.2986011505 31.8403968811 0.0000000000 0.0000000000 0.0006372079 0.0098173022
-0.0040445714 0.0086126570 -19.2938823700 31.8441715240 0.0000000000 0.0000000000 0.0006390152 0.0098417038
-0.0040541161 0.0086328741 -19.2890815735 31.8479175568 0.0000000000 0.0000000000 0.0006408385 0.0098661007
-0.0040636617 0.0086530894 -19.2840423584 31.8515872955 0.0000000000 0.0000000000 0.0006426524 0.0098905182
-0.0040732105 0.0086733121 -19.2788982391 31.8552112579 0.0000000000 0.0000000000 0.0006444684 0.0099149253
-0.0040827566 0.0086935386 -19.2735347748 31.8587875366 0.0000000000 0.0000000000 0.0006462772 0.0099393493
-0.0040923068 0.0087137651 -19.2680969238 31.8623008728 0.0000000000 0.0000000000 0.0006480757 0.0099637927
-0.0041018575 0.0087339925 -19.2625064850 31.8657741547 0.0000000000 0.0000000000 0.0006498633 0.0099882577
-0.0041114106 0.0087542320 -19.2569046021 31.8691997528 0.0000000000 0.0000000000 0.0006516553 0.0100127254
