#         COST_U        COST_H      COST_D       COST_S       REGU_H       REGU_S          HPO           COSTGLEN 
1792.0057373047 0.0000000000 0.0000000000 0.0000000000 50.8060188293 0.0000000000 6.2977876663
1430.0878906250 0.0000000021 0.0000000000 0.0000000000 49.5309753418 0.0000000954 3.5393991470
1112.2657470703 0.0000000076 0.0000000000 0.0000000000 48.8278312683 0.0000002662 1.7903909683
850.4419555664 0.0000000159 0.0000000000 0.0000000000 48.4412956238 0.0000004938 0.5767602921
656.9161987305 0.0000000267 0.0000000000 0.0000000000 48.0662994385 0.0000007608 -0.2101440430
523.7751464844 0.0000000394 0.0000000000 0.0000000000 47.5212287903 0.0000010569 -0.6940903664
433.4738159180 0.0000000537 0.0000000000 0.0000000000 47.0173606873 0.0000013706 -0.9756784439
370.7750244141 0.0000000694 0.0000000000 0.0000000000 46.5668525696 0.0000016942 -1.1384611130
327.0107116699 0.0000000861 0.0000000000 0.0000000000 46.1838073730 0.0000020229 -1.2278108597
297.0490417480 0.0000001036 0.0000000000 0.0000000000 45.8046264648 0.0000023505 -1.2713510990
276.5962524414 0.0000001217 0.0000000000 0.0000000000 45.5543022156 0.0000026696 -1.2873427868
262.5494384766 0.0000001403 0.0000000000 0.0000000000 45.3138389587 0.0000029859 -1.2886790037
252.8241119385 0.0000001594 0.0000000000 0.0000000000 45.0364570618 0.0000032956 -1.2818949223
246.1178283691 0.0000001787 0.0000000000 0.0000000000 44.7191581726 0.0000035938 -1.2711060047
241.4848022461 0.0000001984 0.0000000000 0.0000000000 44.3566741943 0.0000038769 -1.2591967583
238.2541351318 0.0000002183 0.0000000000 0.0000000000 44.0913162231 0.0000041653 -1.2478733063
235.9313659668 0.0000002385 0.0000000000 0.0000000000 43.9610443115 0.0000044514 -1.2383623123
234.2063751221 0.0000002590 0.0000000000 0.0000000000 43.9445724487 0.0000047298 -1.2313065529
232.8150634766 0.0000002799 0.0000000000 0.0000000000 43.8676528931 0.0000050013 -1.2268445492
231.6189270020 0.0000003012 0.0000000000 0.0000000000 43.8193588257 0.0000052659 -1.2251077890
230.5159301758 0.0000003230 0.0000000000 0.0000000000 43.7961158752 0.0000055273 -1.2260257006
229.4456176758 0.0000003453 0.0000000000 0.0000000000 43.7808799744 0.0000057860 -1.2294430733
228.3998413086 0.0000003683 0.0000000000 0.0000000000 43.7780342102 0.0000060423 -1.2351005077
227.3784027100 0.0000003919 0.0000000000 0.0000000000 43.7802886963 0.0000062979 -1.2425711155
226.4179687500 0.0000004162 0.0000000000 0.0000000000 43.7722625732 0.0000065515 -1.2515091896
225.5695648193 0.0000004414 0.0000000000 0.0000000000 43.7700195312 0.0000068041 -1.2615139484
224.8903503418 0.0000004674 0.0000000000 0.0000000000 43.7807044983 0.0000070543 -1.2722222805
224.4496154785 0.0000004945 0.0000000000 0.0000000000 43.8029708862 0.0000073003 -1.2833322287
224.3146667480 0.0000005225 0.0000000000 0.0000000000 43.8275794983 0.0000075409 -1.2945806980
224.5555877686 0.0000005516 0.0000000000 0.0000000000 43.8413238525 0.0000077798 -1.3058978319
225.2248077393 0.0000005817 0.0000000000 0.0000000000 43.8478507996 0.0000080303 -1.3172326088
226.3623352051 0.0000006130 0.0000000000 0.0000000000 43.8468933105 0.0000082893 -1.3286402225
227.9950103760 0.0000006455 0.0000000000 0.0000000000 43.8292198181 0.0000085464 -1.3401130438
230.1336517334 0.0000006792 0.0000000000 0.0000000000 43.8186607361 0.0000088051 -1.3516463041
232.7806396484 0.0000007141 0.0000000000 0.0000000000 43.8051223755 0.0000090654 -1.3630807400
235.9072265625 0.0000007504 0.0000000000 0.0000000000 43.7943305969 0.0000093304 -1.3741708994
239.4647979736 0.0000007880 0.0000000000 0.0000000000 43.7902984619 0.0000096033 -1.3846304417
243.3818054199 0.0000008271 0.0000000000 0.0000000000 43.7982635498 0.0000098869 -1.3941979408
247.5617828369 0.0000008675 0.0000000000 0.0000000000 43.8209075928 0.0000101848 -1.4027438164
251.8971405029 0.0000009094 0.0000000000 0.0000000000 43.8547134399 0.0000104969 -1.4103519917
256.2755737305 0.0000009528 0.0000000000 0.0000000000 43.8983688354 0.0000108230 -1.4171016216
260.5740966797 0.0000009977 0.0000000000 0.0000000000 43.9470329285 0.0000111650 -1.4231735468
264.6919250488 0.0000010442 0.0000000000 0.0000000000 44.0002670288 0.0000115257 -1.4287761450
268.5554199219 0.0000010923 0.0000000000 0.0000000000 44.0602531433 0.0000119061 -1.4340722561
272.1226501465 0.0000011421 0.0000000000 0.0000000000 44.1228065491 0.0000123079 -1.4391133785
275.3851013184 0.0000011935 0.0000000000 0.0000000000 44.1841316223 0.0000127300 -1.4438881874
278.3575744629 0.0000012466 0.0000000000 0.0000000000 44.2453956604 0.0000131752 -1.4483563900
281.0553588867 0.0000013014 0.0000000000 0.0000000000 44.3040657043 0.0000136476 -1.4524734020
283.5088806152 0.0000013580 0.0000000000 0.0000000000 44.3641548157 0.0000141483 -1.4563016891
285.7598571777 0.0000014163 0.0000000000 0.0000000000 44.4256629944 0.0000146729 -1.4599597454
287.8618164062 0.0000014764 0.0000000000 0.0000000000 44.4867095947 0.0000152202 -1.4635250568
289.8596496582 0.0000015382 0.0000000000 0.0000000000 44.5465049744 0.0000157920 -1.4670639038
291.7930297852 0.0000016019 0.0000000000 0.0000000000 44.6037521362 0.0000163907 -1.4705772400
293.6726074219 0.0000016673 0.0000000000 0.0000000000 44.6573829651 0.0000170153 -1.4740219116
295.4941711426 0.0000017345 0.0000000000 0.0000000000 44.7104148865 0.0000176707 -1.4773406982
297.2336120605 0.0000018035 0.0000000000 0.0000000000 44.7631797791 0.0000183584 -1.4805114269
298.8487243652 0.0000018744 0.0000000000 0.0000000000 44.8169136047 0.0000190801 -1.4835097790
300.2911682129 0.0000019471 0.0000000000 0.0000000000 44.8699913025 0.0000198378 -1.4863400459
301.5121765137 0.0000020216 0.0000000000 0.0000000000 44.9211654663 0.0000206350 -1.4890282154
302.4817504883 0.0000020980 0.0000000000 0.0000000000 44.9679908752 0.0000214746 -1.4915947914
303.1901245117 0.0000021763 0.0000000000 0.0000000000 45.0124549866 0.0000223570 -1.4940445423
303.6635742188 0.0000022563 0.0000000000 0.0000000000 45.0550842285 0.0000232836 -1.4963531494
303.9436950684 0.0000023382 0.0000000000 0.0000000000 45.0963172913 0.0000242535 -1.4984879494
304.0805053711 0.0000024220 0.0000000000 0.0000000000 45.1359252930 0.0000252651 -1.5004363060
304.1364440918 0.0000025075 0.0000000000 0.0000000000 45.1735877991 0.0000263175 -1.5022099018
304.1698303223 0.0000025949 0.0000000000 0.0000000000 45.2085151672 0.0000274098 -1.5038497448
304.2292785645 0.0000026842 0.0000000000 0.0000000000 45.2399024963 0.0000285392 -1.5053908825
304.3615722656 0.0000027752 0.0000000000 0.0000000000 45.2686042786 0.0000297051 -1.5068621635
304.5851440430 0.0000028682 0.0000000000 0.0000000000 45.2903327942 0.0000309087 -1.5082762241
304.8963012695 0.0000029629 0.0000000000 0.0000000000 45.3100395203 0.0000321530 -1.5096297264
305.2722167969 0.0000030595 0.0000000000 0.0000000000 45.3272857666 0.0000334389 -1.5109245777
305.6768188477 0.0000031579 0.0000000000 0.0000000000 45.3428230286 0.0000347698 -1.5121781826
306.0755615234 0.0000032583 0.0000000000 0.0000000000 45.3573455811 0.0000361476 -1.5134127140
306.4324035645 0.0000033605 0.0000000000 0.0000000000 45.3711853027 0.0000375718 -1.5146508217
306.7229614258 0.0000034646 0.0000000000 0.0000000000 45.3849639893 0.0000390455 -1.5159084797
306.9376525879 0.0000035706 0.0000000000 0.0000000000 45.3987464905 0.0000405671 -1.5171864033
307.0936584473 0.0000036785 0.0000000000 0.0000000000 45.4122047424 0.0000421372 -1.5184774399
307.2128601074 0.0000037884 0.0000000000 0.0000000000 45.4248504639 0.0000437524 -1.5197768211
307.3200988770 0.0000039003 0.0000000000 0.0000000000 45.4361953735 0.0000454119 -1.5210821629
307.4472045898 0.0000040142 0.0000000000 0.0000000000 45.4457206726 0.0000471125 -1.5223951340
307.6176452637 0.0000041300 0.0000000000 0.0000000000 45.4522972107 0.0000488556 -1.5237183571
307.8449401855 0.0000042480 0.0000000000 0.0000000000 45.4563522339 0.0000506369 -1.5250446796
308.1381530762 0.0000043679 0.0000000000 0.0000000000 45.4592590332 0.0000524569 -1.5263750553
308.4913330078 0.0000044900 0.0000000000 0.0000000000 45.4622077942 0.0000543157 -1.5276954174
308.8831176758 0.0000046141 0.0000000000 0.0000000000 45.4665031433 0.0000562177 -1.5290009975
309.2926025391 0.0000047403 0.0000000000 0.0000000000 45.4693336487 0.0000581618 -1.5302860737
309.6901245117 0.0000048687 0.0000000000 0.0000000000 45.4717216492 0.0000601508 -1.5315449238
310.0513916016 0.0000049992 0.0000000000 0.0000000000 45.4762992859 0.0000621873 -1.5327868462
310.3709411621 0.0000051318 0.0000000000 0.0000000000 45.4826316833 0.0000642724 -1.5340111256
310.6453552246 0.0000052667 0.0000000000 0.0000000000 45.4898910522 0.0000664045 -1.5352144241
310.8678894043 0.0000054038 0.0000000000 0.0000000000 45.4977188110 0.0000685828 -1.5363969803
311.0474853516 0.0000055431 0.0000000000 0.0000000000 45.5058174133 0.0000708045 -1.5375525951
311.1952209473 0.0000056846 0.0000000000 0.0000000000 45.5139808655 0.0000730664 -1.5386884212
311.3230285645 0.0000058284 0.0000000000 0.0000000000 45.5222320557 0.0000753661 -1.5398125648
311.4499816895 0.0000059745 0.0000000000 0.0000000000 45.5300941467 0.0000777005 -1.5409274101
311.5904541016 0.0000061228 0.0000000000 0.0000000000 45.5379791260 0.0000800733 -1.5420334339
311.7577514648 0.0000062734 0.0000000000 0.0000000000 45.5460548401 0.0000824828 -1.5431284904
311.9483642578 0.0000064264 0.0000000000 0.0000000000 45.5551033020 0.0000849330 -1.5442140102
312.1542968750 0.0000065816 0.0000000000 0.0000000000 45.5656967163 0.0000874273 -1.5452916622
312.3579406738 0.0000067392 0.0000000000 0.0000000000 45.5779647827 0.0000899661 -1.5463635921
312.5476379395 0.0000068991 0.0000000000 0.0000000000 45.5904273987 0.0000925514 -1.5474300385
312.7188110352 0.0000070614 0.0000000000 0.0000000000 45.6045341492 0.0000951828 -1.5484936237
312.8690185547 0.0000072260 0.0000000000 0.0000000000 45.6194763184 0.0000978568 -1.5495541096
312.9905395508 0.0000073931 0.0000000000 0.0000000000 45.6343345642 0.0001005769 -1.5506081581
313.0880737305 0.0000075625 0.0000000000 0.0000000000 45.6491394043 0.0001033392 -1.5516550541
313.1752624512 0.0000077343 0.0000000000 0.0000000000 45.6643981934 0.0001061434 -1.5526981354
313.2604064941 0.0000079085 0.0000000000 0.0000000000 45.6802406311 0.0001089909 -1.5537352562
313.3553161621 0.0000080851 0.0000000000 0.0000000000 45.6966629028 0.0001118786 -1.5547697544
313.4720764160 0.0000082641 0.0000000000 0.0000000000 45.7136802673 0.0001148086 -1.5558037758
313.6178894043 0.0000084456 0.0000000000 0.0000000000 45.7312011719 0.0001177786 -1.5568346977
313.7947692871 0.0000086295 0.0000000000 0.0000000000 45.7491683960 0.0001207942 -1.5578694344
313.9991455078 0.0000088158 0.0000000000 0.0000000000 45.7674560547 0.0001238534 -1.5589010715
314.2234802246 0.0000090045 0.0000000000 0.0000000000 45.7860832214 0.0001269586 -1.5599355698
314.4535522461 0.0000091957 0.0000000000 0.0000000000 45.8049354553 0.0001301127 -1.5609669685
314.6745910645 0.0000093894 0.0000000000 0.0000000000 45.8240318298 0.0001333135 -1.5619959831
314.8787841797 0.0000095855 0.0000000000 0.0000000000 45.8433265686 0.0001365632 -1.5630233288
315.0678405762 0.0000097841 0.0000000000 0.0000000000 45.8627548218 0.0001398608 -1.5640490055
315.2411804199 0.0000099851 0.0000000000 0.0000000000 45.8823394775 0.0001432004 -1.5650649071
315.4060974121 0.0000101887 0.0000000000 0.0000000000 45.9026336670 0.0001465884 -1.5660703182
315.5754394531 0.0000103948 0.0000000000 0.0000000000 45.9230346680 0.0001500174 -1.5670676231
315.7588195801 0.0000106034 0.0000000000 0.0000000000 45.9409217834 0.0001534924 -1.5680549145
315.9638061523 0.0000108145 0.0000000000 0.0000000000 45.9593811035 0.0001570148 -1.5690362453
316.1950378418 0.0000110281 0.0000000000 0.0000000000 45.9784927368 0.0001605862 -1.5700116158
316.4465026855 0.0000112442 0.0000000000 0.0000000000 45.9977836609 0.0001642084 -1.5709762573
316.7039489746 0.0000114629 0.0000000000 0.0000000000 46.0170249939 0.0001678764 -1.5719330311
316.9480285645 0.0000116841 0.0000000000 0.0000000000 46.0362129211 0.0001715859 -1.5728766918
317.1650695801 0.0000119079 0.0000000000 0.0000000000 46.0554046631 0.0001753429 -1.5738079548
317.3507080078 0.0000121342 0.0000000000 0.0000000000 46.0747871399 0.0001791464 -1.5747270584
317.5063781738 0.0000123631 0.0000000000 0.0000000000 46.0945053101 0.0001829964 -1.5756363869
317.6375732422 0.0000125945 0.0000000000 0.0000000000 46.1158103943 0.0001868946 -1.5765323639
317.7522583008 0.0000128285 0.0000000000 0.0000000000 46.1347198486 0.0001908389 -1.5774147511
317.8576965332 0.0000130650 0.0000000000 0.0000000000 46.1538009644 0.0001948281 -1.5782878399
317.9597778320 0.0000133042 0.0000000000 0.0000000000 46.1742057800 0.0001988677 -1.5791490078
318.0651550293 0.0000135458 0.0000000000 0.0000000000 46.1953277588 0.0002029461 -1.5799980164
318.1707458496 0.0000137901 0.0000000000 0.0000000000 46.2168273926 0.0002070777 -1.5808365345
318.2771606445 0.0000140369 0.0000000000 0.0000000000 46.2385520935 0.0002112546 -1.5816628933
318.3817443848 0.0000142862 0.0000000000 0.0000000000 46.2604522705 0.0002154762 -1.5824787617
318.4797363281 0.0000145381 0.0000000000 0.0000000000 46.2826957703 0.0002197451 -1.5832855701
318.5657348633 0.0000147926 0.0000000000 0.0000000000 46.3053970337 0.0002240589 -1.5840799809
318.6376647949 0.0000150496 0.0000000000 0.0000000000 46.3284873962 0.0002284206 -1.5848677158
318.7005615234 0.0000153093 0.0000000000 0.0000000000 46.3514747620 0.0002328262 -1.5856463909
318.7580871582 0.0000155714 0.0000000000 0.0000000000 46.3734855652 0.0002372775 -1.5864214897
318.8152160645 0.0000158362 0.0000000000 0.0000000000 46.3946647644 0.0002417762 -1.5871918201
318.8776855469 0.0000161035 0.0000000000 0.0000000000 46.4159507751 0.0002463234 -1.5879554749
318.9456481934 0.0000163734 0.0000000000 0.0000000000 46.4376411438 0.0002509196 -1.5887157917
319.0263977051 0.0000166459 0.0000000000 0.0000000000 46.4597473145 0.0002555678 -1.5894696712
319.1188354492 0.0000169210 0.0000000000 0.0000000000 46.4823303223 0.0002602626 -1.5902199745
319.2221679688 0.0000171987 0.0000000000 0.0000000000 46.5045967102 0.0002650082 -1.5909655094
319.3356628418 0.0000174791 0.0000000000 0.0000000000 46.5273933411 0.0002698009 -1.5917065144
319.4629821777 0.0000177620 0.0000000000 0.0000000000 46.5502128601 0.0002746453 -1.5924413204
319.6056518555 0.0000180477 0.0000000000 0.0000000000 46.5728683472 0.0002795445 -1.5931718349
319.7606506348 0.0000183360 0.0000000000 0.0000000000 46.5958976746 0.0002844895 -1.5938980579
319.9204101562 0.0000186269 0.0000000000 0.0000000000 46.6193313599 0.0002894900 -1.5946204662
320.0870056152 0.0000189206 0.0000000000 0.0000000000 46.6434860229 0.0002945423 -1.5953392982
320.2576293945 0.0000192169 0.0000000000 0.0000000000 46.6687583923 0.0002996530 -1.5960547924
320.4348449707 0.0000195158 0.0000000000 0.0000000000 46.6937103271 0.0003048191 -1.5967669487
320.6150817871 0.0000198175 0.0000000000 0.0000000000 46.7194480896 0.0003100383 -1.5974750519
320.7963867188 0.0000201219 0.0000000000 0.0000000000 46.7445373535 0.0003153201 -1.5981800556
320.9708251953 0.0000204290 0.0000000000 0.0000000000 46.7697601318 0.0003206553 -1.5988798141
321.1413269043 0.0000207389 0.0000000000 0.0000000000 46.7948837280 0.0003260412 -1.5995774269
321.3134155273 0.0000210515 0.0000000000 0.0000000000 46.8199310303 0.0003314851 -1.6002714634
321.4881286621 0.0000213668 0.0000000000 0.0000000000 46.8449211121 0.0003369813 -1.6009619236
321.6697692871 0.0000216849 0.0000000000 0.0000000000 46.8696975708 0.0003425344 -1.6016497612
321.8502197266 0.0000220058 0.0000000000 0.0000000000 46.8945312500 0.0003481523 -1.6023328304
322.0228576660 0.0000223294 0.0000000000 0.0000000000 46.9197158813 0.0003538232 -1.6030130386
322.1805114746 0.0000226558 0.0000000000 0.0000000000 46.9453582764 0.0003595520 -1.6036906242
322.3235778809 0.0000229850 0.0000000000 0.0000000000 46.9716033936 0.0003653421 -1.6043634415
322.4602050781 0.0000233170 0.0000000000 0.0000000000 46.9990043640 0.0003711901 -1.6050336361
322.5935058594 0.0000236519 0.0000000000 0.0000000000 47.0223426819 0.0003770897 -1.6056993008
322.7248229980 0.0000239895 0.0000000000 0.0000000000 47.0459213257 0.0003830387 -1.6063623428
322.8620605469 0.0000243301 0.0000000000 0.0000000000 47.0707435608 0.0003890398 -1.6070220470
323.0065002441 0.0000246734 0.0000000000 0.0000000000 47.0959472656 0.0003950914 -1.6076788902
323.1532287598 0.0000250197 0.0000000000 0.0000000000 47.1206893921 0.0004011917 -1.6083321571
323.2974548340 0.0000253687 0.0000000000 0.0000000000 47.1451873779 0.0004073443 -1.6089839935
323.4380798340 0.0000257206 0.0000000000 0.0000000000 47.1696395874 0.0004135561 -1.6096327305
323.5715026855 0.0000260753 0.0000000000 0.0000000000 47.1938934326 0.0004198269 -1.6102793217
323.6975708008 0.0000264329 0.0000000000 0.0000000000 47.2179641724 0.0004261547 -1.6109235287
323.8206481934 0.0000267933 0.0000000000 0.0000000000 47.2417984009 0.0004325448 -1.6115651131
323.9400329590 0.0000271566 0.0000000000 0.0000000000 47.2653083801 0.0004389896 -1.6122038364
324.0602722168 0.0000275227 0.0000000000 0.0000000000 47.2885360718 0.0004454919 -1.6128411293
324.1814880371 0.0000278916 0.0000000000 0.0000000000 47.3115615845 0.0004520478 -1.6134753227
324.3049621582 0.0000282635 0.0000000000 0.0000000000 47.3343963623 0.0004586567 -1.6141078472
324.4334716797 0.0000286382 0.0000000000 0.0000000000 47.3570289612 0.0004653231 -1.6147356033
324.5647888184 0.0000290158 0.0000000000 0.0000000000 47.3793220520 0.0004720491 -1.6153604984
324.6967163086 0.0000293963 0.0000000000 0.0000000000 47.4012184143 0.0004788379 -1.6159832478
324.8197326660 0.0000297797 0.0000000000 0.0000000000 47.4227409363 0.0004856819 -1.6166026592
324.9286499023 0.0000301659 0.0000000000 0.0000000000 47.4438819885 0.0004925819 -1.6172204018
325.0244445801 0.0000305550 0.0000000000 0.0000000000 47.4646415710 0.0004995383 -1.6178340912
325.1154785156 0.0000309469 0.0000000000 0.0000000000 47.4850616455 0.0005065496 -1.6184461117
325.2120056152 0.0000313418 0.0000000000 0.0000000000 47.5051231384 0.0005136132 -1.6190547943
325.3108520508 0.0000317394 0.0000000000 0.0000000000 47.5248680115 0.0005207345 -1.6196618080
325.4153442383 0.0000321400 0.0000000000 0.0000000000 47.5443229675 0.0005279141 -1.6202661991
325.5223693848 0.0000325433 0.0000000000 0.0000000000 47.5634956360 0.0005351535 -1.6208682060
325.6234741211 0.0000329496 0.0000000000 0.0000000000 47.5824089050 0.0005424545 -1.6214692593
325.7146301270 0.0000333586 0.0000000000 0.0000000000 47.6010169983 0.0005498067 -1.6220681667
325.7939453125 0.0000337706 0.0000000000 0.0000000000 47.6192512512 0.0005572219 -1.6226644516
325.8678588867 0.0000341853 0.0000000000 0.0000000000 47.6371955872 0.0005646890 -1.6232593060
325.9397888184 0.0000346029 0.0000000000 0.0000000000 47.6547813416 0.0005722115 -1.6238534451
326.0170593262 0.0000350235 0.0000000000 0.0000000000 47.6719856262 0.0005797894 -1.6244440079
326.1019592285 0.0000354469 0.0000000000 0.0000000000 47.6884880066 0.0005874238 -1.6250314713
326.1954040527 0.0000358732 0.0000000000 0.0000000000 47.7045974731 0.0005951174 -1.6256179810
326.2955627441 0.0000363024 0.0000000000 0.0000000000 47.7202606201 0.0006028826 -1.6262009144
326.3967590332 0.0000367346 0.0000000000 0.0000000000 47.7355842590 0.0006107019 -1.6267828941
326.4943847656 0.0000371696 0.0000000000 0.0000000000 47.7506141663 0.0006185885 -1.6273636818
326.5880126953 0.0000376075 0.0000000000 0.0000000000 47.7654304504 0.0006265385 -1.6279418468
326.6750183105 0.0000380484 0.0000000000 0.0000000000 47.7800559998 0.0006345495 -1.6285185814
326.7596435547 0.0000384922 0.0000000000 0.0000000000 47.7945251465 0.0006426193 -1.6290922165
326.8485107422 0.0000389390 0.0000000000 0.0000000000 47.8088264465 0.0006507488 -1.6296629906
326.9333190918 0.0000393887 0.0000000000 0.0000000000 47.8228721619 0.0006589278 -1.6302323341
327.0223083496 0.0000398414 0.0000000000 0.0000000000 47.8366775513 0.0006671607 -1.6307992935
327.1192626953 0.0000402969 0.0000000000 0.0000000000 47.8503112793 0.0006754558 -1.6313633919
327.2196044922 0.0000407555 0.0000000000 0.0000000000 47.8637275696 0.0006838118 -1.6319251060
327.3209228516 0.0000412169 0.0000000000 0.0000000000 47.8769340515 0.0006922407 -1.6324818134
327.4200744629 0.0000416813 0.0000000000 0.0000000000 47.8899421692 0.0007007283 -1.6330363750
327.5160522461 0.0000421487 0.0000000000 0.0000000000 47.9026985168 0.0007092772 -1.6335880756
327.6123657227 0.0000426191 0.0000000000 0.0000000000 47.9152984619 0.0007178900 -1.6341383457
327.7075805664 0.0000430924 0.0000000000 0.0000000000 47.9276504517 0.0007265564 -1.6346859932
327.7987060547 0.0000435687 0.0000000000 0.0000000000 47.9397697449 0.0007352898 -1.6352303028
327.8871459961 0.0000440480 0.0000000000 0.0000000000 47.9517211914 0.0007440728 -1.6357700825
327.9768981934 0.0000445302 0.0000000000 0.0000000000 47.9635162354 0.0007529170 -1.6363072395
328.0718688965 0.0000450153 0.0000000000 0.0000000000 47.9751586914 0.0007618148 -1.6368427277
328.1694641113 0.0000455035 0.0000000000 0.0000000000 47.9866867065 0.0007707739 -1.6373748779
328.2703857422 0.0000459946 0.0000000000 0.0000000000 47.9979553223 0.0007797885 -1.6379065514
328.3702392578 0.0000464887 0.0000000000 0.0000000000 48.0088882446 0.0007888706 -1.6384348869
328.4606323242 0.0000469858 0.0000000000 0.0000000000 48.0197143555 0.0007980186 -1.6389613152
328.5424194336 0.0000474858 0.0000000000 0.0000000000 48.0304336548 0.0008072424 -1.6394834518
328.6186523438 0.0000479888 0.0000000000 0.0000000000 48.0410614014 0.0008165400 -1.6400051117
328.6931152344 0.0000484949 0.0000000000 0.0000000000 48.0515975952 0.0008259081 -1.6405234337
328.7723999023 0.0000490039 0.0000000000 0.0000000000 48.0620460510 0.0008353416 -1.6410391331
328.8592529297 0.0000495159 0.0000000000 0.0000000000 48.0723953247 0.0008448265 -1.6415538788
328.9480285645 0.0000500309 0.0000000000 0.0000000000 48.0825996399 0.0008543712 -1.6420648098
329.0365295410 0.0000505490 0.0000000000 0.0000000000 48.0926933289 0.0008639552 -1.6425726414
329.1253356934 0.0000510700 0.0000000000 0.0000000000 48.1027030945 0.0008736074 -1.6430783272
329.2182617188 0.0000515941 0.0000000000 0.0000000000 48.1127090454 0.0008833173 -1.6435813904
329.3110961914 0.0000521211 0.0000000000 0.0000000000 48.1227264404 0.0008931069 -1.6440815926
329.4099731445 0.0000526512 0.0000000000 0.0000000000 48.1327781677 0.0009029670 -1.6445810795
329.5122070312 0.0000531842 0.0000000000 0.0000000000 48.1428375244 0.0009129109 -1.6450784206
329.6145629883 0.0000537203 0.0000000000 0.0000000000 48.1528587341 0.0009229240 -1.6455729008
329.7173156738 0.0000542594 0.0000000000 0.0000000000 48.1628456116 0.0009330085 -1.6460645199
329.8193969727 0.0000548016 0.0000000000 0.0000000000 48.1727142334 0.0009431522 -1.6465559006
329.9178466797 0.0000553468 0.0000000000 0.0000000000 48.1824531555 0.0009533427 -1.6470439434
330.0127258301 0.0000558951 0.0000000000 0.0000000000 48.1920471191 0.0009635871 -1.6475305557
330.1128845215 0.0000564465 0.0000000000 0.0000000000 48.2016334534 0.0009738845 -1.6480164528
330.2192077637 0.0000570009 0.0000000000 0.0000000000 48.2112350464 0.0009842435 -1.6484992504
330.3276367188 0.0000575583 0.0000000000 0.0000000000 48.2209587097 0.0009946796 -1.6489813328
330.4338989258 0.0000581188 0.0000000000 0.0000000000 48.2308692932 0.0010051894 -1.6494624615
330.5335998535 0.0000586824 0.0000000000 0.0000000000 48.2414169312 0.0010157730 -1.6499412060
330.6255493164 0.0000592491 0.0000000000 0.0000000000 48.2521972656 0.0010264228 -1.6504154205
330.7073059082 0.0000598188 0.0000000000 0.0000000000 48.2608604431 0.0010371279 -1.6508884430
330.7814941406 0.0000603916 0.0000000000 0.0000000000 48.2692565918 0.0010478772 -1.6513586044
330.8519592285 0.0000609675 0.0000000000 0.0000000000 48.2779769897 0.0010586896 -1.6518273354
330.9233093262 0.0000615465 0.0000000000 0.0000000000 48.2869491577 0.0010695707 -1.6522932053
331.0001831055 0.0000621285 0.0000000000 0.0000000000 48.2957534790 0.0010805159 -1.6527571678
331.0858459473 0.0000627136 0.0000000000 0.0000000000 48.3046913147 0.0010915430 -1.6532182693
331.1818847656 0.0000633018 0.0000000000 0.0000000000 48.3137664795 0.0011026545 -1.6536772251
331.2791748047 0.0000638930 0.0000000000 0.0000000000 48.3229026794 0.0011138397 -1.6541342735
331.3673706055 0.0000644874 0.0000000000 0.0000000000 48.3317565918 0.0011250892 -1.6545886993
331.4398193359 0.0000650848 0.0000000000 0.0000000000 48.3403205872 0.0011364064 -1.6550407410
331.4972229004 0.0000656854 0.0000000000 0.0000000000 48.3487205505 0.0011477929 -1.6554920673
331.5432739258 0.0000662891 0.0000000000 0.0000000000 48.3569374084 0.0011592332 -1.6559414864
331.5880737305 0.0000668958 0.0000000000 0.0000000000 48.3650550842 0.0011707481 -1.6563897133
331.6424560547 0.0000675057 0.0000000000 0.0000000000 48.3731269836 0.0011823424 -1.6568348408
331.7079467773 0.0000681187 0.0000000000 0.0000000000 48.3811950684 0.0011940153 -1.6572790146
331.7824096680 0.0000687348 0.0000000000 0.0000000000 48.3891906738 0.0012057759 -1.6577229500
331.8613586426 0.0000693541 0.0000000000 0.0000000000 48.3971099854 0.0012176087 -1.6581635475
331.9333190918 0.0000699766 0.0000000000 0.0000000000 48.4048500061 0.0012295177 -1.6586031914
331.9997863770 0.0000706021 0.0000000000 0.0000000000 48.4123802185 0.0012414909 -1.6590421200
332.0586547852 0.0000712309 0.0000000000 0.0000000000 48.4196319580 0.0012535227 -1.6594784260
332.1159057617 0.0000718628 0.0000000000 0.0000000000 48.4267082214 0.0012656193 -1.6599130630
332.1775512695 0.0000724978 0.0000000000 0.0000000000 48.4337387085 0.0012777938 -1.6603467464
332.2563171387 0.0000731361 0.0000000000 0.0000000000 48.4408226013 0.0012900583 -1.6607794762
332.3549499512 0.0000737775 0.0000000000 0.0000000000 48.4480171204 0.0013024121 -1.6612110138
332.4653625488 0.0000744220 0.0000000000 0.0000000000 48.4552268982 0.0013148584 -1.6616408825
332.5771789551 0.0000750697 0.0000000000 0.0000000000 48.4625129700 0.0013273772 -1.6620697975
332.6866149902 0.0000757206 0.0000000000 0.0000000000 48.4707260132 0.0013399652 -1.6624975204
332.7930908203 0.0000763746 0.0000000000 0.0000000000 48.4769897461 0.0013526116 -1.6629254818
332.8960266113 0.0000770318 0.0000000000 0.0000000000 48.4836997986 0.0013653275 -1.6633517742
332.9984436035 0.0000776922 0.0000000000 0.0000000000 48.4912719727 0.0013781181 -1.6637763977
333.1078796387 0.0000783558 0.0000000000 0.0000000000 48.4993286133 0.0013910013 -1.6642007828
333.2283935547 0.0000790225 0.0000000000 0.0000000000 48.5073585510 0.0014039706 -1.6646244526
333.3517761230 0.0000796924 0.0000000000 0.0000000000 48.5150451660 0.0014170156 -1.6650466919
333.4743652344 0.0000803655 0.0000000000 0.0000000000 48.5222892761 0.0014301391 -1.6654686928
333.5979919434 0.0000810419 0.0000000000 0.0000000000 48.5293083191 0.0014433280 -1.6658892632
333.7173461914 0.0000817214 0.0000000000 0.0000000000 48.5361251831 0.0014565967 -1.6663084030
333.8320617676 0.0000824041 0.0000000000 0.0000000000 48.5427703857 0.0014699366 -1.6667292118
333.9411621094 0.0000830900 0.0000000000 0.0000000000 48.5494155884 0.0014833381 -1.6671473980
334.0495910645 0.0000837791 0.0000000000 0.0000000000 48.5561866760 0.0014968115 -1.6675653458
334.1590576172 0.0000844713 0.0000000000 0.0000000000 48.5630493164 0.0015103740 -1.6679821014
334.2699890137 0.0000851668 0.0000000000 0.0000000000 48.5698890686 0.0015240016 -1.6683988571
334.3805541992 0.0000858655 0.0000000000 0.0000000000 48.5767135620 0.0015377071 -1.6688151360
334.4900817871 0.0000865674 0.0000000000 0.0000000000 48.5835762024 0.0015514900 -1.6692306995
334.5888061523 0.0000872725 0.0000000000 0.0000000000 48.5904731750 0.0015653467 -1.6696457863
334.6746826172 0.0000879807 0.0000000000 0.0000000000 48.5973854065 0.0015792932 -1.6700594425
334.7553710938 0.0000886922 0.0000000000 0.0000000000 48.6042137146 0.0015932864 -1.6704740524
334.8401184082 0.0000894068 0.0000000000 0.0000000000 48.6110954285 0.0016073692 -1.6708867550
334.9332580566 0.0000901245 0.0000000000 0.0000000000 48.6180839539 0.0016215192 -1.6712996960
335.0368957520 0.0000908455 0.0000000000 0.0000000000 48.6249542236 0.0016357411 -1.6717116833
335.1459045410 0.0000915696 0.0000000000 0.0000000000 48.6316566467 0.0016500356 -1.6721224785
335.2516784668 0.0000922968 0.0000000000 0.0000000000 48.6384315491 0.0016644010 -1.6725335121
335.3447570801 0.0000930271 0.0000000000 0.0000000000 48.6453056335 0.0016788378 -1.6729426384
335.4255371094 0.0000937606 0.0000000000 0.0000000000 48.6522560120 0.0016933603 -1.6733531952
335.4998779297 0.0000944974 0.0000000000 0.0000000000 48.6593780518 0.0017079667 -1.6737632751
335.5734863281 0.0000952372 0.0000000000 0.0000000000 48.6666679382 0.0017226506 -1.6741738319
335.6544799805 0.0000959803 0.0000000000 0.0000000000 48.6738243103 0.0017374073 -1.6745831966
335.7479858398 0.0000967265 0.0000000000 0.0000000000 48.6806831360 0.0017522356 -1.6749920845
335.8520202637 0.0000974758 0.0000000000 0.0000000000 48.6873283386 0.0017671335 -1.6754019260
335.9554138184 0.0000982283 0.0000000000 0.0000000000 48.6938400269 0.0017820972 -1.6758112907
336.0504150391 0.0000989839 0.0000000000 0.0000000000 48.7003288269 0.0017971473 -1.6762201786
336.1414794922 0.0000997427 0.0000000000 0.0000000000 48.7068367004 0.0018122940 -1.6766283512
336.2279968262 0.0001005046 0.0000000000 0.0000000000 48.7133255005 0.0018275374 -1.6770358086
336.3150329590 0.0001012697 0.0000000000 0.0000000000 48.7198028564 0.0018428575 -1.6774425507
336.4039001465 0.0001020379 0.0000000000 0.0000000000 48.7262191772 0.0018582335 -1.6778504848
336.4932556152 0.0001028093 0.0000000000 0.0000000000 48.7325744629 0.0018736636 -1.6782555580
336.5908508301 0.0001035838 0.0000000000 0.0000000000 48.7389030457 0.0018891455 -1.6788668633
336.7033691406 0.0001043615 0.0000000000 0.0000000000 48.7452163696 0.0019047006 -1.6790671349
336.8146362305 0.0001051423 0.0000000000 0.0000000000 48.7515029907 0.0019203332 -1.6794717312
336.9163818359 0.0001059263 0.0000000000 0.0000000000 48.7577323914 0.0019360624 -1.6798763275
337.0043029785 0.0001067135 0.0000000000 0.0000000000 48.7639198303 0.0019518761 -1.6802792549
337.0805053711 0.0001075038 0.0000000000 0.0000000000 48.7700996399 0.0019677721 -1.6806826591
337.1496276855 0.0001082973 0.0000000000 0.0000000000 48.7762260437 0.0019837446 -1.6810863018
337.2243957520 0.0001090939 0.0000000000 0.0000000000 48.7824172974 0.0019997787 -1.6814880371
337.3140563965 0.0001098937 0.0000000000 0.0000000000 48.7884445190 0.0020158852 -1.6818904877
337.4181518555 0.0001106967 0.0000000000 0.0000000000 48.7946357727 0.0020320711 -1.6822926998
337.5311279297 0.0001115028 0.0000000000 0.0000000000 48.8008575439 0.0020483278 -1.6826949120
337.6407775879 0.0001123121 0.0000000000 0.0000000000 48.8069801331 0.0020646793 -1.6830976009
337.7348632812 0.0001131246 0.0000000000 0.0000000000 48.8129577637 0.0020811176 -1.6834971905
337.8104553223 0.0001139402 0.0000000000 0.0000000000 48.8188056946 0.0020976495 -1.6838977337
337.8741455078 0.0001147591 0.0000000000 0.0000000000 48.8245162964 0.0021142550 -1.6842980385
337.9383239746 0.0001155811 0.0000000000 0.0000000000 48.8301582336 0.0021309229 -1.6846969128
338.0137023926 0.0001164062 0.0000000000 0.0000000000 48.8357505798 0.0021476697 -1.6850981712
338.1074523926 0.0001172345 0.0000000000 0.0000000000 48.8412971497 0.0021644826 -1.6854979992
338.2101135254 0.0001180659 0.0000000000 0.0000000000 48.8467674255 0.0021813596 -1.6858975887
338.3140563965 0.0001189005 0.0000000000 0.0000000000 48.8521842957 0.0021983134 -1.6862964630
338.4170837402 0.0001197384 0.0000000000 0.0000000000 48.8575325012 0.0022153375 -1.6866934299
338.5108032227 0.0001205793 0.0000000000 0.0000000000 48.8628196716 0.0022324568 -1.6870918274
338.5924072266 0.0001214235 0.0000000000 0.0000000000 48.8680496216 0.0022496518 -1.6874880791
338.6706542969 0.0001222709 0.0000000000 0.0000000000 48.8732223511 0.0022669244 -1.6878836155
338.7439270020 0.0001231214 0.0000000000 0.0000000000 48.8783149719 0.0022842721 -1.6882801056
338.8203125000 0.0001239752 0.0000000000 0.0000000000 48.8833465576 0.0023016809 -1.6886751652
338.9005126953 0.0001248321 0.0000000000 0.0000000000 48.8882675171 0.0023191585 -1.6890697479
338.9916076660 0.0001256922 0.0000000000 0.0000000000 48.8931083679 0.0023367105 -1.6894640923
339.0967712402 0.0001265555 0.0000000000 0.0000000000 48.8979034424 0.0023543250 -1.6898579597
339.2057495117 0.0001274220 0.0000000000 0.0000000000 48.9026985168 0.0023720341 -1.6902492046
339.3080749512 0.0001282917 0.0000000000 0.0000000000 48.9080619812 0.0023898343 -1.6906399727
339.3972778320 0.0001291646 0.0000000000 0.0000000000 48.9118423462 0.0024077320 -1.6910297871
339.4757080078 0.0001300407 0.0000000000 0.0000000000 48.9163093567 0.0024257114 -1.6914193630
339.5431518555 0.0001309200 0.0000000000 0.0000000000 48.9209365845 0.0024437653 -1.6918067932
339.6115417480 0.0001318025 0.0000000000 0.0000000000 48.9256362915 0.0024618900 -1.6921942234
339.6958312988 0.0001326883 0.0000000000 0.0000000000 48.9303474426 0.0024800946 -1.6925816536
339.7949218750 0.0001335773 0.0000000000 0.0000000000 48.9349708557 0.0024983732 -1.6929678917
339.9076538086 0.0001344695 0.0000000000 0.0000000000 48.9395446777 0.0025167321 -1.6933529377
340.0251159668 0.0001353650 0.0000000000 0.0000000000 48.9441642761 0.0025351595 -1.6937384605
340.1358337402 0.0001362638 0.0000000000 0.0000000000 48.9485130310 0.0025536688 -1.6941220760
340.2327270508 0.0001371659 0.0000000000 0.0000000000 48.9530029297 0.0025722762 -1.6945061684
340.3144836426 0.0001380711 0.0000000000 0.0000000000 48.9575614929 0.0025909597 -1.6948890686
340.3908386230 0.0001389796 0.0000000000 0.0000000000 48.9621696472 0.0026097370 -1.6952700615
340.4747924805 0.0001398914 0.0000000000 0.0000000000 48.9668617249 0.0026285870 -1.6956510544
340.5742492676 0.0001408065 0.0000000000 0.0000000000 48.9716300964 0.0026475196 -1.6960320473
340.6875915527 0.0001417249 0.0000000000 0.0000000000 48.9765090942 0.0026665342 -1.6964101791
340.7962951660 0.0001426466 0.0000000000 0.0000000000 48.9813842773 0.0026856032 -1.6967890263
340.8864440918 0.0001435715 0.0000000000 0.0000000000 48.9862289429 0.0027047414 -1.6971671581
340.9562683105 0.0001444997 0.0000000000 0.0000000000 48.9911346436 0.0027239451 -1.6975450516
341.0201416016 0.0001454312 0.0000000000 0.0000000000 48.9961509705 0.0027432309 -1.6979234219
341.0918273926 0.0001463659 0.0000000000 0.0000000000 49.0012283325 0.0027625710 -1.6983013153
341.1770629883 0.0001473038 0.0000000000 0.0000000000 49.0064125061 0.0027820226 -1.6986768246
341.2791442871 0.0001482450 0.0000000000 0.0000000000 49.0116195679 0.0028015547 -1.6990544796
341.3913269043 0.0001491894 0.0000000000 0.0000000000 49.0168342590 0.0028211577 -1.6994326115
341.5112915039 0.0001501370 0.0000000000 0.0000000000 49.0219993591 0.0028408247 -1.6998107433
341.6294250488 0.0001510878 0.0000000000 0.0000000000 49.0271453857 0.0028605473 -1.7001879215
341.7418212891 0.0001520419 0.0000000000 0.0000000000 49.0322532654 0.0028803444 -1.7005660534
341.8364868164 0.0001529993 0.0000000000 0.0000000000 49.0373382568 0.0029002051 -1.7009439468
341.9176025391 0.0001539599 0.0000000000 0.0000000000 49.0424003601 0.0029201473 -1.7013213634
342.0011291504 0.0001549238 0.0000000000 0.0000000000 49.0474472046 0.0029401737 -1.7017011642
342.0993957520 0.0001558909 0.0000000000 0.0000000000 49.0524063110 0.0029602875 -1.7020802498
342.2164001465 0.0001568612 0.0000000000 0.0000000000 49.0572547913 0.0029804707 -1.7024593353
342.3446350098 0.0001578347 0.0000000000 0.0000000000 49.0621414185 0.0030007232 -1.7028398514
342.4724121094 0.0001588115 0.0000000000 0.0000000000 49.0665626526 0.0030210374 -1.7032179832
342.5815734863 0.0001597916 0.0000000000 0.0000000000 49.0710945129 0.0030414085 -1.7035982609
342.6709289551 0.0001607751 0.0000000000 0.0000000000 49.0756950378 0.0030618520 -1.7039775848
342.7388610840 0.0001617617 0.0000000000 0.0000000000 49.0805664062 0.0030823832 -1.7043566704
342.8027038574 0.0001627516 0.0000000000 0.0000000000 49.0851516724 0.0031030059 -1.7047352791
342.8717346191 0.0001637448 0.0000000000 0.0000000000 49.0899238586 0.0031237246 -1.7051138878
342.9482116699 0.0001647412 0.0000000000 0.0000000000 49.0946884155 0.0031445012 -1.7054920197
343.0205078125 0.0001657409 0.0000000000 0.0000000000 49.0994110107 0.0031653347 -1.7058691978
343.0899658203 0.0001667440 0.0000000000 0.0000000000 49.1040534973 0.0031862040 -1.7062458992
343.1602783203 0.0001677503 0.0000000000 0.0000000000 49.1086387634 0.0032071371 -1.7066214085
343.2301330566 0.0001687600 0.0000000000 0.0000000000 49.1131744385 0.0032281342 -1.7069954872
343.2998046875 0.0001697728 0.0000000000 0.0000000000 49.1177825928 0.0032492380 -1.7073693275
343.3721313477 0.0001707889 0.0000000000 0.0000000000 49.1225013733 0.0032704601 -1.7077403069
343.4513854980 0.0001718081 0.0000000000 0.0000000000 49.1272964478 0.0032917846 -1.7081093788
343.5345458984 0.0001728307 0.0000000000 0.0000000000 49.1321144104 0.0033132033 -1.7084774971
343.6141357422 0.0001738565 0.0000000000 0.0000000000 49.1368942261 0.0033346813 -1.7088449001
343.6943969727 0.0001748855 0.0000000000 0.0000000000 49.1416244507 0.0033561974 -1.7092101574
343.7760925293 0.0001759178 0.0000000000 0.0000000000 49.1463165283 0.0033777675 -1.7095737457
343.8639526367 0.0001769532 0.0000000000 0.0000000000 49.1509742737 0.0033994392 -1.7099356651
343.9560852051 0.0001779919 0.0000000000 0.0000000000 49.1556816101 0.0034212200 -1.7102971077
344.0486145020 0.0001790339 0.0000000000 0.0000000000 49.1604194641 0.0034431075 -1.7106578350
344.1425781250 0.0001800792 0.0000000000 0.0000000000 49.1651687622 0.0034650951 -1.7110168934
344.2306518555 0.0001811278 0.0000000000 0.0000000000 49.1700363159 0.0034871507 -1.7113761902
344.3115844727 0.0001821797 0.0000000000 0.0000000000 49.1745262146 0.0035092556 -1.7117350101
344.3895874023 0.0001832348 0.0000000000 0.0000000000 49.1791877747 0.0035314204 -1.7120921612
344.4673461914 0.0001842934 0.0000000000 0.0000000000 49.1839103699 0.0035536676 -1.7124485970
344.5437622070 0.0001853554 0.0000000000 0.0000000000 49.1886825562 0.0035760158 -1.7128038406
344.6245117188 0.0001864207 0.0000000000 0.0000000000 49.1933670044 0.0035984728 -1.7131595612
344.7050170898 0.0001874893 0.0000000000 0.0000000000 49.1980247498 0.0036210157 -1.7135133743
344.7836303711 0.0001885613 0.0000000000 0.0000000000 49.2027359009 0.0036436494 -1.7138667107
344.8518371582 0.0001896366 0.0000000000 0.0000000000 49.2074661255 0.0036663029 -1.7142195702
344.9172973633 0.0001907152 0.0000000000 0.0000000000 49.2122192383 0.0036890281 -1.7145729065
344.9861450195 0.0001917971 0.0000000000 0.0000000000 49.2169570923 0.0037118359 -1.7149238586
345.0653686523 0.0001928824 0.0000000000 0.0000000000 49.2216758728 0.0037347546 -1.7152757645
345.1539001465 0.0001939712 0.0000000000 0.0000000000 49.2263793945 0.0037577765 -1.7156267166
345.2404479980 0.0001950633 0.0000000000 0.0000000000 49.2311363220 0.0037808910 -1.7159776688
345.3199157715 0.0001961587 0.0000000000 0.0000000000 49.2359428406 0.0038040706 -1.7163281441
345.3881835938 0.0001972575 0.0000000000 0.0000000000 49.2408065796 0.0038272771 -1.7166769505
345.4439086914 0.0001983595 0.0000000000 0.0000000000 49.2457199097 0.0038505176 -1.7170250416
345.4940490723 0.0001994650 0.0000000000 0.0000000000 49.2507247925 0.0038738200 -1.7173724174
345.5455322266 0.0002005738 0.0000000000 0.0000000000 49.2557907104 0.0038971792 -1.7177193165
345.6083068848 0.0002016861 0.0000000000 0.0000000000 49.2609596252 0.0039206292 -1.7180655003
345.6814270020 0.0002028016 0.0000000000 0.0000000000 49.2662353516 0.0039441944 -1.7184116840
345.7620544434 0.0002039206 0.0000000000 0.0000000000 49.2717285156 0.0039678682 -1.7187576294
345.8322753906 0.0002050429 0.0000000000 0.0000000000 49.2773590088 0.0039916318 -1.7191030979
345.8839111328 0.0002061685 0.0000000000 0.0000000000 49.2830963135 0.0040154438 -1.7194490433
345.9349365234 0.0002072975 0.0000000000 0.0000000000 49.2888641357 0.0040393029 -1.7197961807
345.9935913086 0.0002084297 0.0000000000 0.0000000000 49.2946128845 0.0040631988 -1.7201440334
346.0688476562 0.0002095654 0.0000000000 0.0000000000 49.3003807068 0.0040871776 -1.7204914093
346.1636352539 0.0002107043 0.0000000000 0.0000000000 49.3061790466 0.0041112849 -1.7208404541
346.2725524902 0.0002118467 0.0000000000 0.0000000000 49.3120155334 0.0041355174 -1.7211899757
346.3742675781 0.0002129923 0.0000000000 0.0000000000 49.3178749084 0.0041598491 -1.7215456963
346.4541015625 0.0002141413 0.0000000000 0.0000000000 49.3236999512 0.0041842624 -1.7219078541
346.5167236328 0.0002152936 0.0000000000 0.0000000000 49.3294563293 0.0042087273 -1.7222781181
346.5811462402 0.0002164493 0.0000000000 0.0000000000 49.3349151611 0.0042332504 -1.7226569653
346.6580505371 0.0002176084 0.0000000000 0.0000000000 49.3399543762 0.0042578308 -1.7230525017
346.7427368164 0.0002187707 0.0000000000 0.0000000000 49.3445930481 0.0042824890 -1.7234647274
346.8350524902 0.0002199362 0.0000000000 0.0000000000 49.3487358093 0.0043072570 -1.7238843441
346.9373474121 0.0002211050 0.0000000000 0.0000000000 49.3525352478 0.0043321289 -1.7243137360
347.0232238770 0.0002222769 0.0000000000 0.0000000000 49.3560943604 0.0043570846 -1.7247478962
347.1063232422 0.0002234521 0.0000000000 0.0000000000 49.3596954346 0.0043821665 -1.7251799107
347.1955871582 0.0002246305 0.0000000000 0.0000000000 49.3636436462 0.0044073481 -1.7255973816
347.3012390137 0.0002258122 0.0000000000 0.0000000000 49.3680801392 0.0044326452 -1.7259974480
347.4239807129 0.0002269969 0.0000000000 0.0000000000 49.3727569580 0.0044580204 -1.7263731956
347.5902099609 0.0002281847 0.0000000000 0.0000000000 49.3779296875 0.0044836178 -1.7267267704
347.7971191406 0.0002293757 0.0000000000 0.0000000000 49.3835868835 0.0045091598 -1.7270579338
348.0319213867 0.0002305699 0.0000000000 0.0000000000 49.3898582458 0.0045347596 -1.7273731232
348.2802124023 0.0002317672 0.0000000000 0.0000000000 49.3970184326 0.0045605032 -1.7276823521
348.5286865234 0.0002329676 0.0000000000 0.0000000000 49.4048385620 0.0045863613 -1.7279887199
348.7677001953 0.0002341712 0.0000000000 0.0000000000 49.4134140015 0.0046123071 -1.7283000946
348.9919738770 0.0002353781 0.0000000000 0.0000000000 49.4225616455 0.0046382933 -1.7286179066
349.2026367188 0.0002365883 0.0000000000 0.0000000000 49.4321403503 0.0046643680 -1.7289443016
349.4084777832 0.0002378018 0.0000000000 0.0000000000 49.4417343140 0.0046905768 -1.7292737961
349.6127319336 0.0002390186 0.0000000000 0.0000000000 49.4510192871 0.0047167661 -1.7296071053
349.8031311035 0.0002402388 0.0000000000 0.0000000000 49.4603004456 0.0047431542 -1.7299416065
349.9616699219 0.0002414625 0.0000000000 0.0000000000 49.4693031311 0.0047696251 -1.7302730083
350.0659484863 0.0002426895 0.0000000000 0.0000000000 49.4778671265 0.0047961073 -1.7306022644
350.1164855957 0.0002439200 0.0000000000 0.0000000000 49.4858970642 0.0048226397 -1.7309272289
350.1272888184 0.0002451539 0.0000000000 0.0000000000 49.4934997559 0.0048492765 -1.7312469482
350.1189575195 0.0002463911 0.0000000000 0.0000000000 49.5006294250 0.0048760655 -1.7315635681
350.1147766113 0.0002476320 0.0000000000 0.0000000000 49.5071678162 0.0049029873 -1.7318787575
350.1199035645 0.0002488763 0.0000000000 0.0000000000 49.5129432678 0.0049299491 -1.7321913242
350.1259155273 0.0002501240 0.0000000000 0.0000000000 49.5180015564 0.0049568973 -1.7325036526
350.1267395020 0.0002513751 0.0000000000 0.0000000000 49.5225563049 0.0049838605 -1.7328169346
350.1303710938 0.0002526297 0.0000000000 0.0000000000 49.5269126892 0.0050109145 -1.7331278324
350.1386718750 0.0002538876 0.0000000000 0.0000000000 49.5312805176 0.0050381501 -1.7334401608
350.1612243652 0.0002551488 0.0000000000 0.0000000000 49.5357284546 0.0050655524 -1.7337515354
350.2090454102 0.0002564134 0.0000000000 0.0000000000 49.5403251648 0.0050931294 -1.7340617180
350.2802734375 0.0002576813 0.0000000000 0.0000000000 49.5449256897 0.0051208087 -1.7343716621
350.3755493164 0.0002589526 0.0000000000 0.0000000000 49.5494537354 0.0051485249 -1.7346811295
350.4850463867 0.0002602272 0.0000000000 0.0000000000 49.5539894104 0.0051762555 -1.7349874973
350.5995788574 0.0002615052 0.0000000000 0.0000000000 49.5587043762 0.0052040457 -1.7352931499
350.7147521973 0.0002627866 0.0000000000 0.0000000000 49.5637664795 0.0052319211 -1.7355957031
350.8467712402 0.0002640715 0.0000000000 0.0000000000 49.5691909790 0.0052599376 -1.7358965874
350.9951782227 0.0002653598 0.0000000000 0.0000000000 49.5749511719 0.0052881176 -1.7361974716
351.1682434082 0.0002666517 0.0000000000 0.0000000000 49.5810508728 0.0053164852 -1.7364974022
351.3462219238 0.0002679472 0.0000000000 0.0000000000 49.5872802734 0.0053449208 -1.7367951870
351.5088195801 0.0002692462 0.0000000000 0.0000000000 49.5936241150 0.0053733988 -1.7370924950
351.6392211914 0.0002705489 0.0000000000 0.0000000000 49.5999603271 0.0054019117 -1.7373886108
351.7387695312 0.0002718551 0.0000000000 0.0000000000 49.6063041687 0.0054304898 -1.7376830578
351.8247985840 0.0002731649 0.0000000000 0.0000000000 49.6126289368 0.0054592155 -1.7379775047
351.9212951660 0.0002744783 0.0000000000 0.0000000000 49.6187553406 0.0054881223 -1.7382717133
352.0269775391 0.0002757953 0.0000000000 0.0000000000 49.6245956421 0.0055171987 -1.7385635376
352.1183776855 0.0002771160 0.0000000000 0.0000000000 49.6306953430 0.0055463850 -1.7388553619
352.1871643066 0.0002784402 0.0000000000 0.0000000000 49.6365852356 0.0055756136 -1.7391459942
352.2371520996 0.0002797681 0.0000000000 0.0000000000 49.6417770386 0.0056048795 -1.7394366264
352.2759094238 0.0002810996 0.0000000000 0.0000000000 49.6466140747 0.0056341914 -1.7397260666
352.3137207031 0.0002824346 0.0000000000 0.0000000000 49.6512603760 0.0056636068 -1.7400152683
352.3668518066 0.0002837731 0.0000000000 0.0000000000 49.6557769775 0.0056931768 -1.7403018475
352.4276428223 0.0002851151 0.0000000000 0.0000000000 49.6602249146 0.0057229130 -1.7405869961
352.4859008789 0.0002864606 0.0000000000 0.0000000000 49.6646423340 0.0057529029 -1.7408723831
352.5391235352 0.0002878097 0.0000000000 0.0000000000 49.6689987183 0.0057826336 -1.7411580086
352.6006469727 0.0002891623 0.0000000000 0.0000000000 49.6732749939 0.0058125318 -1.7414426804
352.6727905273 0.0002905183 0.0000000000 0.0000000000 49.6774711609 0.0058425106 -1.7417263985
352.7650756836 0.0002918781 0.0000000000 0.0000000000 49.6817054749 0.0058725942 -1.7420105934
352.8710632324 0.0002932414 0.0000000000 0.0000000000 49.6860237122 0.0059028370 -1.7422933578
352.9891357422 0.0002946082 0.0000000000 0.0000000000 49.6904945374 0.0059332252 -1.7425773144
353.1163024902 0.0002959785 0.0000000000 0.0000000000 49.6950569153 0.0059637357 -1.7428574562
353.2454528809 0.0002973524 0.0000000000 0.0000000000 49.6996879578 0.0059943027 -1.7431399822
353.3656311035 0.0002987299 0.0000000000 0.0000000000 49.7042922974 0.0060249018 -1.7434198856
353.4804992676 0.0003001110 0.0000000000 0.0000000000 49.7088508606 0.0060555073 -1.7437005043
353.5964355469 0.0003014958 0.0000000000 0.0000000000 49.7133674622 0.0060861814 -1.7439815998
353.7209167480 0.0003028841 0.0000000000 0.0000000000 49.7179107666 0.0061169942 -1.7442593575
353.8605651855 0.0003042761 0.0000000000 0.0000000000 49.7225837708 0.0061479970 -1.7445387840
353.9884033203 0.0003056718 0.0000000000 0.0000000000 49.7271919250 0.0061791469 -1.7448158264
354.0894470215 0.0003070711 0.0000000000 0.0000000000 49.7317581177 0.0062103844 -1.7450928688
354.1593933105 0.0003084741 0.0000000000 0.0000000000 49.7365455627 0.0062416676 -1.7453703880
354.2178344727 0.0003098809 0.0000000000 0.0000000000 49.7412796021 0.0062730093 -1.7456459999
354.2832031250 0.0003112912 0.0000000000 0.0000000000 49.7459983826 0.0063044149 -1.7459216118
354.3601074219 0.0003127051 0.0000000000 0.0000000000 49.7506866455 0.0063359649 -1.7461948395
354.4550476074 0.0003141226 0.0000000000 0.0000000000 49.7553863525 0.0063677044 -1.7464694977
354.5569458008 0.0003155437 0.0000000000 0.0000000000 49.7600555420 0.0063996273 -1.7467434406
354.6422729492 0.0003169685 0.0000000000 0.0000000000 49.7646942139 0.0064315945 -1.7470169067
354.7034912109 0.0003183971 0.0000000000 0.0000000000 49.7693214417 0.0064636162 -1.7472891808
354.7551574707 0.0003198294 0.0000000000 0.0000000000 49.7739181519 0.0064957193 -1.7475640774
354.8195800781 0.0003212653 0.0000000000 0.0000000000 49.7784805298 0.0065279910 -1.7478365898
354.9016418457 0.0003227049 0.0000000000 0.0000000000 49.7830085754 0.0065604835 -1.7481093407
354.9960021973 0.0003241482 0.0000000000 0.0000000000 49.7872238159 0.0065928623 -1.7483799458
355.1007080078 0.0003255952 0.0000000000 0.0000000000 49.7913665771 0.0066254376 -1.7486519814
355.2088317871 0.0003270459 0.0000000000 0.0000000000 49.7955055237 0.0066581126 -1.7489218712
355.3193969727 0.0003285004 0.0000000000 0.0000000000 49.7996520996 0.0066909320 -1.7491922379
355.4317321777 0.0003299586 0.0000000000 0.0000000000 49.8038330078 0.0067238631 -1.7494616508
355.5433959961 0.0003314204 0.0000000000 0.0000000000 49.8080406189 0.0067569143 -1.7497315407
355.6492919922 0.0003328859 0.0000000000 0.0000000000 49.8122901917 0.0067900619 -1.7500009537
355.7618408203 0.0003343552 0.0000000000 0.0000000000 49.8164863586 0.0068233074 -1.7502689362
355.8733825684 0.0003358281 0.0000000000 0.0000000000 49.8206825256 0.0068566748 -1.7505383492
355.9849548340 0.0003373047 0.0000000000 0.0000000000 49.8248481750 0.0068901274 -1.7508060932
356.1039733887 0.0003387850 0.0000000000 0.0000000000 49.8289833069 0.0069236849 -1.7510735989
356.2236022949 0.0003402689 0.0000000000 0.0000000000 49.8331069946 0.0069573089 -1.7513408661
356.3315429688 0.0003417566 0.0000000000 0.0000000000 49.8373489380 0.0069910488 -1.7516069412
356.4281616211 0.0003432479 0.0000000000 0.0000000000 49.8417320251 0.0070249024 -1.7518727779
356.5188598633 0.0003447430 0.0000000000 0.0000000000 49.8462715149 0.0070588975 -1.7521378994
356.6154479980 0.0003462417 0.0000000000 0.0000000000 49.8508224487 0.0070929960 -1.7524020672
356.7320251465 0.0003477441 0.0000000000 0.0000000000 49.8553581238 0.0071272464 -1.7526652813
356.8635253906 0.0003492503 0.0000000000 0.0000000000 49.8598747253 0.0071616429 -1.7529292107
356.9956054688 0.0003507602 0.0000000000 0.0000000000 49.8644485474 0.0071961633 -1.7531933784
357.1138610840 0.0003522738 0.0000000000 0.0000000000 49.8689270020 0.0072308057 -1.7534546852
357.2116394043 0.0003537909 0.0000000000 0.0000000000 49.8730812073 0.0072654136 -1.7537167072
357.2913818359 0.0003553119 0.0000000000 0.0000000000 49.8771133423 0.0073000081 -1.7539784908
357.3755187988 0.0003568366 0.0000000000 0.0000000000 49.8811874390 0.0073347283 -1.7542395592
357.4627075195 0.0003583651 0.0000000000 0.0000000000 49.8853836060 0.0073696226 -1.7545006275
357.5595397949 0.0003598974 0.0000000000 0.0000000000 49.8895912170 0.0074047386 -1.7547602654
357.6661987305 0.0003614334 0.0000000000 0.0000000000 49.8937187195 0.0074400287 -1.7550203800
357.7590942383 0.0003629735 0.0000000000 0.0000000000 49.8977127075 0.0074753864 -1.7552802563
357.8267822266 0.0003645173 0.0000000000 0.0000000000 49.9015388489 0.0075107869 -1.7555389404
357.8801879883 0.0003660650 0.0000000000 0.0000000000 49.9052619934 0.0075462596 -1.7557964325
357.9384155273 0.0003676164 0.0000000000 0.0000000000 49.9088516235 0.0075818542 -1.7560555935
358.0016784668 0.0003691718 0.0000000000 0.0000000000 49.9123420715 0.0076175644 -1.7563142776
358.0780944824 0.0003707309 0.0000000000 0.0000000000 49.9157676697 0.0076534254 -1.7565705776
358.1688232422 0.0003722939 0.0000000000 0.0000000000 49.9191207886 0.0076894574 -1.7568292618
358.2637939453 0.0003738606 0.0000000000 0.0000000000 49.9224472046 0.0077256323 -1.7570834160
358.3498229980 0.0003754312 0.0000000000 0.0000000000 49.9257545471 0.0077618388 -1.7573401928
358.4367675781 0.0003770056 0.0000000000 0.0000000000 49.9289703369 0.0077981101 -1.7575960159
358.5287170410 0.0003785838 0.0000000000 0.0000000000 49.9321403503 0.0078344690 -1.7578508854
358.6347656250 0.0003801658 0.0000000000 0.0000000000 49.9352226257 0.0078710169 -1.7581067085
358.7422485352 0.0003817517 0.0000000000 0.0000000000 49.9383201599 0.0079077063 -1.7583615780
358.8410034180 0.0003833415 0.0000000000 0.0000000000 49.9414405823 0.0079445224 -1.7586164474
358.9285278320 0.0003849352 0.0000000000 0.0000000000 49.9445991516 0.0079814177 -1.7588706017
359.0157165527 0.0003865328 0.0000000000 0.0000000000 49.9477920532 0.0080184946 -1.7591264248
359.1218261719 0.0003881342 0.0000000000 0.0000000000 49.9508590698 0.0080556935 -1.7593798637
359.2337951660 0.0003897395 0.0000000000 0.0000000000 49.9538307190 0.0080929622 -1.7596340179
359.3405761719 0.0003913485 0.0000000000 0.0000000000 49.9567108154 0.0081302878 -1.7598874569
359.4432983398 0.0003929615 0.0000000000 0.0000000000 49.9595527649 0.0081677204 -1.7601404190
359.5421752930 0.0003945784 0.0000000000 0.0000000000 49.9624061584 0.0082052909 -1.7603938580
359.6399536133 0.0003961989 0.0000000000 0.0000000000 49.9652481079 0.0082429945 -1.7606468201
359.7386169434 0.0003978233 0.0000000000 0.0000000000 49.9681167603 0.0082808919 -1.7608983517
359.8385314941 0.0003994516 0.0000000000 0.0000000000 49.9709434509 0.0083189253 -1.7611494064
359.9447631836 0.0004010837 0.0000000000 0.0000000000 49.9736251831 0.0083570564 -1.7614002228
360.0532836914 0.0004027197 0.0000000000 0.0000000000 49.9761199951 0.0083952118 -1.7616510391
360.1543579102 0.0004043594 0.0000000000 0.0000000000 49.9784660339 0.0084334183 -1.7619006634
360.2370300293 0.0004060029 0.0000000000 0.0000000000 49.9808769226 0.0084717646 -1.7621512413
360.2986450195 0.0004076503 0.0000000000 0.0000000000 49.9833869934 0.0085103214 -1.7624003887
360.3435668945 0.0004093015 0.0000000000 0.0000000000 49.9859809875 0.0085491026 -1.7626492977
360.3970642090 0.0004109565 0.0000000000 0.0000000000 49.9884605408 0.0085879751 -1.7628974915
360.4687500000 0.0004126152 0.0000000000 0.0000000000 49.9907417297 0.0086268689 -1.7631430626
360.5553283691 0.0004142776 0.0000000000 0.0000000000 49.9928436279 0.0086658839 -1.7633905411
360.6529846191 0.0004159437 0.0000000000 0.0000000000 49.9949340820 0.0087050935 -1.7636363506
360.7483825684 0.0004176138 0.0000000000 0.0000000000 49.9970474243 0.0087444540 -1.7638816833
360.8260498047 0.0004192874 0.0000000000 0.0000000000 49.9992256165 0.0087839253 -1.7641253471
360.9008483887 0.0004209650 0.0000000000 0.0000000000 50.0013847351 0.0088235009 -1.7643685341
360.9798889160 0.0004226463 0.0000000000 0.0000000000 50.0035476685 0.0088632097 -1.7646117210
361.0711975098 0.0004243313 0.0000000000 0.0000000000 50.0056724548 0.0089030256 -1.7648549080
361.1763610840 0.0004260201 0.0000000000 0.0000000000 50.0077133179 0.0089429421 -1.7650940418
361.2836303711 0.0004277125 0.0000000000 0.0000000000 50.0097122192 0.0089829890 -1.7653357983
361.3694458008 0.0004294086 0.0000000000 0.0000000000 50.0117683411 0.0090231989 -1.7655742168
361.4355163574 0.0004311085 0.0000000000 0.0000000000 50.0139122009 0.0090634599 -1.7658131123
361.4974060059 0.0004328122 0.0000000000 0.0000000000 50.0161247253 0.0091039101 -1.7660515308
361.5768737793 0.0004345196 0.0000000000 0.0000000000 50.0183105469 0.0091445586 -1.7662882805
361.6632385254 0.0004362308 0.0000000000 0.0000000000 50.0204162598 0.0091853263 -1.7665243149
361.7499694824 0.0004379457 0.0000000000 0.0000000000 50.0223159790 0.0092260679 -1.7667615414
361.8240966797 0.0004396643 0.0000000000 0.0000000000 50.0241394043 0.0092667993 -1.7669961452
361.8874206543 0.0004413866 0.0000000000 0.0000000000 50.0259895325 0.0093076536 -1.7672317028
361.9445800781 0.0004431126 0.0000000000 0.0000000000 50.0279045105 0.0093487334 -1.7674653530
362.0032348633 0.0004448424 0.0000000000 0.0000000000 50.0298881531 0.0093900729 -1.7676997185
362.0695495605 0.0004465757 0.0000000000 0.0000000000 50.0318489075 0.0094315829 -1.7679319382
362.1451416016 0.0004483129 0.0000000000 0.0000000000 50.0336761475 0.0094731739 -1.7681655884
362.2244567871 0.0004500539 0.0000000000 0.0000000000 50.0353775024 0.0095147556 -1.7683990002
362.2921447754 0.0004517984 0.0000000000 0.0000000000 50.0370635986 0.0095563745 -1.7686293125
362.3514709473 0.0004535468 0.0000000000 0.0000000000 50.0388336182 0.0095981266 -1.7688601017
362.4008789062 0.0004552989 0.0000000000 0.0000000000 50.0406799316 0.0096400091 -1.7690913677
362.4626464844 0.0004570549 0.0000000000 0.0000000000 50.0426139832 0.0096820686 -1.7693204880
362.5470581055 0.0004588144 0.0000000000 0.0000000000 50.0445022583 0.0097242929 -1.7695491314
362.6574707031 0.0004605777 0.0000000000 0.0000000000 50.0462646484 0.0097666420 -1.7697777748
362.7864379883 0.0004623448 0.0000000000 0.0000000000 50.0480155945 0.0098090926 -1.7700061798
362.9073791504 0.0004641155 0.0000000000 0.0000000000 50.0498504639 0.0098516447 -1.7702322006
362.9960937500 0.0004658901 0.0000000000 0.0000000000 50.0519485474 0.0098943021 -1.7704584599
363.0588378906 0.0004676687 0.0000000000 0.0000000000 50.0543022156 0.0099371299 -1.7706851959
363.1204833984 0.0004694510 0.0000000000 0.0000000000 50.0567970276 0.0099802203 -1.7709109783
363.1945190430 0.0004712370 0.0000000000 0.0000000000 50.0593147278 0.0100235073 -1.7711362839
363.2801818848 0.0004730268 0.0000000000 0.0000000000 50.0617599487 0.0100669330 -1.7713608742
363.3746032715 0.0004748204 0.0000000000 0.0000000000 50.0640792847 0.0101104015 -1.7715845108
363.4564208984 0.0004766177 0.0000000000 0.0000000000 50.0662765503 0.0101538841 -1.7718071938
363.5211791992 0.0004784190 0.0000000000 0.0000000000 50.0684318542 0.0101974122 -1.7720298767
363.5727233887 0.0004802239 0.0000000000 0.0000000000 50.0706291199 0.0102411183 -1.7722516060
363.6136779785 0.0004820327 0.0000000000 0.0000000000 50.0728874207 0.0102850478 -1.7724728584
363.6595458984 0.0004838452 0.0000000000 0.0000000000 50.0751266479 0.0103291925 -1.7726926804
363.7110290527 0.0004856616 0.0000000000 0.0000000000 50.0772705078 0.0103734490 -1.7729139328
363.7628784180 0.0004874818 0.0000000000 0.0000000000 50.0793380737 0.0104177427 -1.7731328011
363.8108520508 0.0004893057 0.0000000000 0.0000000000 50.0812873840 0.0104620196 -1.7733516693
363.8633117676 0.0004911335 0.0000000000 0.0000000000 50.0831680298 0.0105064353 -1.7735705376
363.9187622070 0.0004929650 0.0000000000 0.0000000000 50.0851097107 0.0105510978 -1.7737882137
363.9859313965 0.0004948004 0.0000000000 0.0000000000 50.0871047974 0.0105960304 -1.7740049362
364.0541687012 0.0004966395 0.0000000000 0.0000000000 50.0891227722 0.0106411511 -1.7742228508
364.1177368164 0.0004984824 0.0000000000 0.0000000000 50.0911560059 0.0106864078 -1.7744388580
364.1795654297 0.0005003290 0.0000000000 0.0000000000 50.0931472778 0.0107317735 -1.7746539116
364.2467651367 0.0005021795 0.0000000000 0.0000000000 50.0950241089 0.0107768727 -1.7748689651
364.3230895996 0.0005040337 0.0000000000 0.0000000000 50.0969238281 0.0108217746 -1.7750847340
364.3980407715 0.0005058916 0.0000000000 0.0000000000 50.0989265442 0.0108671486 -1.7752978802
364.4624328613 0.0005077531 0.0000000000 0.0000000000 50.1010437012 0.0109128412 -1.7755126953
364.5199584961 0.0005096184 0.0000000000 0.0000000000 50.1032447815 0.0109587563 -1.7757263184
364.5791320801 0.0005114875 0.0000000000 0.0000000000 50.1053771973 0.0110047199 -1.7759389877
364.6453857422 0.0005133603 0.0000000000 0.0000000000 50.1073532104 0.0110507011 -1.7761497498
364.7266845703 0.0005152368 0.0000000000 0.0000000000 50.1091690063 0.0110967252 -1.7763628960
364.8253479004 0.0005171170 0.0000000000 0.0000000000 50.1108703613 0.0111429635 -1.7765736580
364.9195251465 0.0005190011 0.0000000000 0.0000000000 50.1126441956 0.0111894477 -1.7767846584
365.0002746582 0.0005208888 0.0000000000 0.0000000000 50.1144294739 0.0112360902 -1.7769961357
365.0571289062 0.0005227805 0.0000000000 0.0000000000 50.1162567139 0.0112828910 -1.7772054672
365.1011657715 0.0005246760 0.0000000000 0.0000000000 50.1180229187 0.0113297822 -1.7774147987
365.1417236328 0.0005265753 0.0000000000 0.0000000000 50.1197204590 0.0113767702 -1.7776250839
365.1987304688 0.0005284784 0.0000000000 0.0000000000 50.1212768555 0.0114239035 -1.7778332233
365.2760620117 0.0005303852 0.0000000000 0.0000000000 50.1226959229 0.0114711663 -1.7780413628
365.3658142090 0.0005322958 0.0000000000 0.0000000000 50.1240577698 0.0115185874 -1.7782511711
365.4462890625 0.0005342104 0.0000000000 0.0000000000 50.1253852844 0.0115661360 -1.7784574032
365.5011596680 0.0005361288 0.0000000000 0.0000000000 50.1267318726 0.0116137946 -1.7786655426
365.5456542969 0.0005380511 0.0000000000 0.0000000000 50.1280746460 0.0116615752 -1.7788715363
365.6045837402 0.0005399771 0.0000000000 0.0000000000 50.1293296814 0.0117094461 -1.7790780067
365.6803894043 0.0005419070 0.0000000000 0.0000000000 50.1305541992 0.0117574064 -1.7792840004
365.7607727051 0.0005438407 0.0000000000 0.0000000000 50.1318092346 0.0118054897 -1.7794897556
365.8376770020 0.0005457783 0.0000000000 0.0000000000 50.1330642700 0.0118536837 -1.7796940804
365.9045410156 0.0005477196 0.0000000000 0.0000000000 50.1343688965 0.0119020008 -1.7798991203
365.9725341797 0.0005496647 0.0000000000 0.0000000000 50.1356964111 0.0119504724 -1.7801024914
366.0387573242 0.0005516137 0.0000000000 0.0000000000 50.1370964050 0.0119991340 -1.7803065777
366.1047363281 0.0005535665 0.0000000000 0.0000000000 50.1385383606 0.0120479614 -1.7805099487
366.1802062988 0.0005555232 0.0000000000 0.0000000000 50.1399192810 0.0120969247 -1.7807116508
366.2588195801 0.0005574838 0.0000000000 0.0000000000 50.1412467957 0.0121458666 -1.7809138298
366.3315734863 0.0005594484 0.0000000000 0.0000000000 50.1425971985 0.0121948989 -1.7811174393
366.4011535645 0.0005614170 0.0000000000 0.0000000000 50.1439781189 0.0122440811 -1.7813189030
366.4689025879 0.0005633893 0.0000000000 0.0000000000 50.1454010010 0.0122934859 -1.7815198898
366.5362854004 0.0005653656 0.0000000000 0.0000000000 50.1468696594 0.0123431077 -1.7817220688
366.6072692871 0.0005673459 0.0000000000 0.0000000000 50.1483116150 0.0123928776 -1.7819218636
366.6731262207 0.0005693302 0.0000000000 0.0000000000 50.1497116089 0.0124427089 -1.7821223736
366.7318725586 0.0005713183 0.0000000000 0.0000000000 50.1510963440 0.0124925487 -1.7823238373
366.7895812988 0.0005733104 0.0000000000 0.0000000000 50.1524620056 0.0125424024 -1.7825231552
366.8466796875 0.0005753064 0.0000000000 0.0000000000 50.1538314819 0.0125924358 -1.7827231884
366.9065246582 0.0005773063 0.0000000000 0.0000000000 50.1552276611 0.0126427403 -1.7829215527
366.9701232910 0.0005793102 0.0000000000 0.0000000000 50.1566390991 0.0126932710 -1.7831203938
367.0346374512 0.0005813179 0.0000000000 0.0000000000 50.1579666138 0.0127439434 -1.7833197117
367.1079406738 0.0005833294 0.0000000000 0.0000000000 50.1591606140 0.0127946110 -1.7835173607
367.1802368164 0.0005853448 0.0000000000 0.0000000000 50.1601982117 0.0128453122 -1.7837152481
367.2511291504 0.0005873640 0.0000000000 0.0000000000 50.1610984802 0.0128961410 -1.7839121819
367.3122253418 0.0005893871 0.0000000000 0.0000000000 50.1619567871 0.0129471784 -1.7841107845
367.3676147461 0.0005914139 0.0000000000 0.0000000000 50.1627273560 0.0129983686 -1.7843079567
367.4200134277 0.0005934445 0.0000000000 0.0000000000 50.1633567810 0.0130496807 -1.7845044136
367.4726257324 0.0005954789 0.0000000000 0.0000000000 50.1637954712 0.0131009137 -1.7846999168
367.5363769531 0.0005975173 0.0000000000 0.0000000000 50.1640930176 0.0131521774 -1.7848968506
367.6190185547 0.0005995595 0.0000000000 0.0000000000 50.1643753052 0.0132036945 -1.7850914001
367.7067260742 0.0006016056 0.0000000000 0.0000000000 50.1646652222 0.0132554341 -1.7852883339
367.7854003906 0.0006036557 0.0000000000 0.0000000000 50.1649551392 0.0133073162 -1.7854845524
367.8492431641 0.0006057098 0.0000000000 0.0000000000 50.1652412415 0.0133592924 -1.7856793404
367.9010620117 0.0006077679 0.0000000000 0.0000000000 50.1655502319 0.0134113813 -1.7858736515
367.9576416016 0.0006098298 0.0000000000 0.0000000000 50.1658325195 0.0134636015 -1.7860682011
368.0339050293 0.0006118958 0.0000000000 0.0000000000 50.1660614014 0.0135159921 -1.7862622738
368.1215515137 0.0006139657 0.0000000000 0.0000000000 50.1662330627 0.0135684647 -1.7864537239
368.2190246582 0.0006160393 0.0000000000 0.0000000000 50.1663551331 0.0136209922 -1.7866475582
368.3037719727 0.0006181167 0.0000000000 0.0000000000 50.1664962769 0.0136736399 -1.7868404388
368.3650817871 0.0006201980 0.0000000000 0.0000000000 50.1667251587 0.0137263471 -1.7870333195
368.4106750488 0.0006222834 0.0000000000 0.0000000000 50.1669845581 0.0137791196 -1.7872252464
368.4577636719 0.0006243727 0.0000000000 0.0000000000 50.1673355103 0.0138321621 -1.7874186039
368.5242614746 0.0006264659 0.0000000000 0.0000000000 50.1677017212 0.0138854673 -1.7876105309
368.5968933105 0.0006285630 0.0000000000 0.0000000000 50.1680870056 0.0139389113 -1.7878022194
368.6596679688 0.0006306641 0.0000000000 0.0000000000 50.1685028076 0.0139924027 -1.7879934311
368.7178955078 0.0006327691 0.0000000000 0.0000000000 50.1689033508 0.0140459128 -1.7881855965
368.7793884277 0.0006348778 0.0000000000 0.0000000000 50.1693267822 0.0140994852 -1.7883763313
368.8467102051 0.0006369905 0.0000000000 0.0000000000 50.1697921753 0.0141532337 -1.7885680199
368.9180297852 0.0006391070 0.0000000000 0.0000000000 50.1703300476 0.0142072076 -1.7887578011
368.9840698242 0.0006412273 0.0000000000 0.0000000000 50.1709175110 0.0142613575 -1.7889461517
369.0448303223 0.0006433513 0.0000000000 0.0000000000 50.1714782715 0.0143155502 -1.7891356945
369.1053161621 0.0006454791 0.0000000000 0.0000000000 50.1719970703 0.0143697783 -1.7893247604
369.1725463867 0.0006476109 0.0000000000 0.0000000000 50.1724853516 0.0144241014 -1.7895138264
369.2444763184 0.0006497465 0.0000000000 0.0000000000 50.1729354858 0.0144785726 -1.7897017002
369.3177490234 0.0006518859 0.0000000000 0.0000000000 50.1733512878 0.0145331770 -1.7898898125
369.3861083984 0.0006540291 0.0000000000 0.0000000000 50.1737174988 0.0145879295 -1.7900786400
369.4486694336 0.0006561765 0.0000000000 0.0000000000 50.1741447449 0.0146429352 -1.7902662754
369.5045166016 0.0006583278 0.0000000000 0.0000000000 50.1744728088 0.0146980500 -1.7904531956
369.5625000000 0.0006604830 0.0000000000 0.0000000000 50.1746749878 0.0147532104 -1.7906417847
369.6296081543 0.0006626419 0.0000000000 0.0000000000 50.1747856140 0.0148084527 -1.7908287048
369.7003784180 0.0006648049 0.0000000000 0.0000000000 50.1748428345 0.0148638552 -1.7910156250
369.7651672363 0.0006669716 0.0000000000 0.0000000000 50.1749992371 0.0149194151 -1.7912001610
369.8290100098 0.0006691424 0.0000000000 0.0000000000 50.1752891541 0.0149751790 -1.7913858891
369.9037170410 0.0006713170 0.0000000000 0.0000000000 50.1753425598 0.0150310183 -1.7915711403
369.9851379395 0.0006734957 0.0000000000 0.0000000000 50.1752395630 0.0150868865 -1.7917561531
370.0819702148 0.0006756785 0.0000000000 0.0000000000 50.1750488281 0.0151428282 -1.7919416428
370.1836242676 0.0006778653 0.0000000000 0.0000000000 50.1748924255 0.0151990550 -1.7921252251
370.2717895508 0.0006800559 0.0000000000 0.0000000000 50.1749038696 0.0152555583 -1.7923092842
370.3487243652 0.0006822506 0.0000000000 0.0000000000 50.1750564575 0.0153122935 -1.7924938202
370.4161071777 0.0006844494 0.0000000000 0.0000000000 50.1752891541 0.0153690474 -1.7926762104
370.4743957520 0.0006866521 0.0000000000 0.0000000000 50.1755065918 0.0154257538 -1.7928597927
370.5466308594 0.0006888586 0.0000000000 0.0000000000 50.1756820679 0.0154824434 -1.7930426598
370.6220092773 0.0006910689 0.0000000000 0.0000000000 50.1759605408 0.0155393900 -1.7932262421
370.6936035156 0.0006932830 0.0000000000 0.0000000000 50.1763229370 0.0155966301 -1.7934064865
370.7554931641 0.0006955012 0.0000000000 0.0000000000 50.1767768860 0.0156541523 -1.7935881615
370.8053588867 0.0006977234 0.0000000000 0.0000000000 50.1772155762 0.0157116652 -1.7937693596
370.8421325684 0.0006999493 0.0000000000 0.0000000000 50.1775970459 0.0157691389 -1.7939505577
370.8765869141 0.0007021792 0.0000000000 0.0000000000 50.1778411865 0.0158265848 -1.7941312790
370.9387512207 0.0007044129 0.0000000000 0.0000000000 50.1779823303 0.0158841778 -1.7943112850
371.0339355469 0.0007066507 0.0000000000 0.0000000000 50.1780967712 0.0159420483 -1.7944903374
371.1323547363 0.0007088922 0.0000000000 0.0000000000 50.1782150269 0.0160001703 -1.7946701050
371.2173767090 0.0007111379 0.0000000000 0.0000000000 50.1782836914 0.0160583556 -1.7948491573
371.2864074707 0.0007133875 0.0000000000 0.0000000000 50.1783027649 0.0161166228 -1.7950270176
371.3546752930 0.0007156411 0.0000000000 0.0000000000 50.1781997681 0.0161748677 -1.7952055931
371.4428405762 0.0007178987 0.0000000000 0.0000000000 50.1779594421 0.0162331667 -1.7953824997
371.5524291992 0.0007201601 0.0000000000 0.0000000000 50.1776275635 0.0162916984 -1.7955608368
371.6526489258 0.0007224253 0.0000000000 0.0000000000 50.1772880554 0.0163504239 -1.7957367897
371.7273864746 0.0007246946 0.0000000000 0.0000000000 50.1769523621 0.0164092630 -1.7959136963
371.7822570801 0.0007269681 0.0000000000 0.0000000000 50.1765823364 0.0164681710 -1.7960889339
371.8393249512 0.0007292454 0.0000000000 0.0000000000 50.1760940552 0.0165270418 -1.7962651253
371.9171752930 0.0007315269 0.0000000000 0.0000000000 50.1755599976 0.0165860504 -1.7964386940
372.0119628906 0.0007338122 0.0000000000 0.0000000000 50.1750564575 0.0166452341 -1.7966132164
372.1025390625 0.0007361015 0.0000000000 0.0000000000 50.1745986938 0.0167044792 -1.7967865467
372.1715698242 0.0007383950 0.0000000000 0.0000000000 50.1742630005 0.0167638287 -1.7969601154
372.2194824219 0.0007406925 0.0000000000 0.0000000000 50.1741294861 0.0168233942 -1.7971343994
372.2644042969 0.0007429940 0.0000000000 0.0000000000 50.1741485596 0.0168831758 -1.7973065376
372.3242187500 0.0007452996 0.0000000000 0.0000000000 50.1741905212 0.0169430431 -1.7974784374
372.3904724121 0.0007476091 0.0000000000 0.0000000000 50.1742324829 0.0170029104 -1.7976512909
372.4567260742 0.0007499228 0.0000000000 0.0000000000 50.1742935181 0.0170628503 -1.7978219986
372.5219726562 0.0007522404 0.0000000000 0.0000000000 50.1743850708 0.0171229169 -1.7979931831
372.5812072754 0.0007545620 0.0000000000 0.0000000000 50.1745033264 0.0171831511 -1.7981636524
372.6316223145 0.0007568876 0.0000000000 0.0000000000 50.1746025085 0.0172434058 -1.7983331680
372.6841430664 0.0007592173 0.0000000000 0.0000000000 50.1746559143 0.0173037481 -1.7985043526
372.7476196289 0.0007615509 0.0000000000 0.0000000000 50.1746673584 0.0173642915 -1.7986731529
372.8149719238 0.0007638885 0.0000000000 0.0000000000 50.1746940613 0.0174250603 -1.7988419533
372.8827209473 0.0007662301 0.0000000000 0.0000000000 50.1747398376 0.0174860116 -1.7990107536
372.9475097656 0.0007685756 0.0000000000 0.0000000000 50.1746749878 0.0175469611 -1.7991788387
373.0095214844 0.0007709250 0.0000000000 0.0000000000 50.1744956970 0.0176077448 -1.7993476391
373.0839538574 0.0007732784 0.0000000000 0.0000000000 50.1742248535 0.0176685844 -1.7995140553
373.1733703613 0.0007756359 0.0000000000 0.0000000000 50.1739807129 0.0177296773 -1.7996816635
373.2661132812 0.0007779972 0.0000000000 0.0000000000 50.1738357544 0.0177911166 -1.7998478413
373.3395080566 0.0007803628 0.0000000000 0.0000000000 50.1738014221 0.0178527683 -1.8000147343
373.3963317871 0.0007827323 0.0000000000 0.0000000000 50.1737060547 0.0179143939 -1.8001804352
373.4521179199 0.0007851057 0.0000000000 0.0000000000 50.1734809875 0.0179759469 -1.8003466129
373.5206604004 0.0007874831 0.0000000000 0.0000000000 50.1731071472 0.0180375110 -1.8005106449
373.5929870605 0.0007898647 0.0000000000 0.0000000000 50.1727294922 0.0180992931 -1.8006753922
373.6617431641 0.0007922502 0.0000000000 0.0000000000 50.1724166870 0.0181613639 -1.8008401394
373.7194213867 0.0007946398 0.0000000000 0.0000000000 50.1722373962 0.0182237048 -1.8010046482
373.7560424805 0.0007970333 0.0000000000 0.0000000000 50.1720771790 0.0182860829 -1.8011674881
373.7926940918 0.0007994309 0.0000000000 0.0000000000 50.1717567444 0.0183482841 -1.8013312817
373.8526306152 0.0008018326 0.0000000000 0.0000000000 50.1712799072 0.0184105169 -1.8014936447
373.9277343750 0.0008042381 0.0000000000 0.0000000000 50.1708564758 0.0184730161 -1.8016557693
373.9968872070 0.0008066477 0.0000000000 0.0000000000 50.1705856323 0.0185358264 -1.8018183708
374.0603942871 0.0008090610 0.0000000000 0.0000000000 50.1704101562 0.0185988992 -1.8019804955
374.1140136719 0.0008114785 0.0000000000 0.0000000000 50.1702384949 0.0186619200 -1.8021421432
374.1744689941 0.0008139001 0.0000000000 0.0000000000 50.1698875427 0.0187246893 -1.8023028374
374.2478942871 0.0008163254 0.0000000000 0.0000000000 50.1695022583 0.0187875628 -1.8024630547
374.3354187012 0.0008187549 0.0000000000 0.0000000000 50.1691589355 0.0188506823 -1.8026232719
374.4129333496 0.0008211883 0.0000000000 0.0000000000 50.1689643860 0.0189140048 -1.8027830124
374.4679565430 0.0008236258 0.0000000000 0.0000000000 50.1689720154 0.0189775173 -1.8029429913
374.5151672363 0.0008260675 0.0000000000 0.0000000000 50.1690254211 0.0190411881 -1.8031024933
374.5825500488 0.0008285130 0.0000000000 0.0000000000 50.1689453125 0.0191048756 -1.8032617569
374.6636962891 0.0008309626 0.0000000000 0.0000000000 50.1687850952 0.0191686843 -1.8034205437
374.7498168945 0.0008334162 0.0000000000 0.0000000000 50.1686630249 0.0192327183 -1.8035788536
374.8146667480 0.0008358740 0.0000000000 0.0000000000 50.1686325073 0.0192969386 -1.8037381172
374.8703002930 0.0008383358 0.0000000000 0.0000000000 50.1686782837 0.0193613246 -1.8038959503
374.9129028320 0.0008408017 0.0000000000 0.0000000000 50.1688461304 0.0194258932 -1.8040535450
374.9566040039 0.0008432718 0.0000000000 0.0000000000 50.1690292358 0.0194905624 -1.8042120934
375.0171813965 0.0008457461 0.0000000000 0.0000000000 50.1690864563 0.0195552055 -1.8043696880
375.0910949707 0.0008482243 0.0000000000 0.0000000000 50.1690711975 0.0196198393 -1.8045265675
375.1616210938 0.0008507067 0.0000000000 0.0000000000 50.1690940857 0.0196845904 -1.8046836853
375.2225341797 0.0008531932 0.0000000000 0.0000000000 50.1692047119 0.0197496191 -1.8048405647
375.2791442871 0.0008556838 0.0000000000 0.0000000000 50.1693878174 0.0198149029 -1.8049979210
375.3388671875 0.0008581780 0.0000000000 0.0000000000 50.1695747375 0.0198804196 -1.8051538467
375.4076843262 0.0008606764 0.0000000000 0.0000000000 50.1696853638 0.0199459642 -1.8053107262
375.4758911133 0.0008631789 0.0000000000 0.0000000000 50.1696586609 0.0200115182 -1.8054656982
375.5467834473 0.0008656854 0.0000000000 0.0000000000 50.1696281433 0.0200772267 -1.8056204319
375.6168823242 0.0008681960 0.0000000000 0.0000000000 50.1695671082 0.0201431289 -1.8057751656
375.6850585938 0.0008707107 0.0000000000 0.0000000000 50.1694526672 0.0202091932 -1.8059301376
375.7522583008 0.0008732292 0.0000000000 0.0000000000 50.1692237854 0.0202752557 -1.8060851097
375.8277893066 0.0008757517 0.0000000000 0.0000000000 50.1688652039 0.0203412846 -1.8062396049
375.9010009766 0.0008782780 0.0000000000 0.0000000000 50.1684226990 0.0204072744 -1.8063929081
375.9700927734 0.0008808085 0.0000000000 0.0000000000 50.1680183411 0.0204735007 -1.8065462112
376.0281372070 0.0008833428 0.0000000000 0.0000000000 50.1677360535 0.0205401313 -1.8066995144
376.0857238770 0.0008858813 0.0000000000 0.0000000000 50.1674804688 0.0206069015 -1.8068537712
376.1488647461 0.0008884236 0.0000000000 0.0000000000 50.1671676636 0.0206736755 -1.8070065975
376.2245788574 0.0008909699 0.0000000000 0.0000000000 50.1667442322 0.0207404494 -1.8071594238
376.2976684570 0.0008935201 0.0000000000 0.0000000000 50.1663017273 0.0208072793 -1.8073101044
376.3572692871 0.0008960744 0.0000000000 0.0000000000 50.1659507751 0.0208742078 -1.8074629307
376.4011535645 0.0008986325 0.0000000000 0.0000000000 50.1657409668 0.0209413543 -1.8076148033
376.4469604492 0.0009011948 0.0000000000 0.0000000000 50.1656341553 0.0210089479 -1.8077664375
376.5175781250 0.0009037610 0.0000000000 0.0000000000 50.1654777527 0.0210768227 -1.8079183102
376.5834960938 0.0009063312 0.0000000000 0.0000000000 50.1651153564 0.0211443268 -1.8080694675
376.6343688965 0.0009089053 0.0000000000 0.0000000000 50.1646041870 0.0212115645 -1.8082203865
376.6862182617 0.0009114833 0.0000000000 0.0000000000 50.1640396118 0.0212788507 -1.8083710670
376.7456970215 0.0009140652 0.0000000000 0.0000000000 50.1635971069 0.0213467479 -1.8085212708
376.8046875000 0.0009166510 0.0000000000 0.0000000000 50.1633224487 0.0214151982 -1.8086709976
376.8632812500 0.0009192409 0.0000000000 0.0000000000 50.1630783081 0.0214838497 -1.8088207245
376.9162902832 0.0009218346 0.0000000000 0.0000000000 50.1626243591 0.0215522107 -1.8089704514
376.9767150879 0.0009244325 0.0000000000 0.0000000000 50.1619606018 0.0216204152 -1.8091204166
377.0467834473 0.0009270342 0.0000000000 0.0000000000 50.1611595154 0.0216886941 -1.8092691898
377.1210937500 0.0009296399 0.0000000000 0.0000000000 50.1603736877 0.0217573140 -1.8094172478
377.2022399902 0.0009322496 0.0000000000 0.0000000000 50.1595916748 0.0218262877 -1.8095664978
377.2625122070 0.0009348632 0.0000000000 0.0000000000 50.1588668823 0.0218953993 -1.8097157478
377.3076477051 0.0009374809 0.0000000000 0.0000000000 50.1582031250 0.0219645575 -1.8098640442
377.3526306152 0.0009401025 0.0000000000 0.0000000000 50.1575202942 0.0220338516 -1.8100118637
377.4072875977 0.0009427280 0.0000000000 0.0000000000 50.1568641663 0.0221034493 -1.8101592064
377.4702758789 0.0009453575 0.0000000000 0.0000000000 50.1562042236 0.0221732445 -1.8103075027
377.5383605957 0.0009479910 0.0000000000 0.0000000000 50.1554412842 0.0222430397 -1.8104548454
377.5948486328 0.0009506284 0.0000000000 0.0000000000 50.1546401978 0.0223127697 -1.8106021881
377.6459350586 0.0009532699 0.0000000000 0.0000000000 50.1537780762 0.0223823898 -1.8107502460
377.7108459473 0.0009559152 0.0000000000 0.0000000000 50.1529998779 0.0224524718 -1.8108963966
377.7863769531 0.0009585644 0.0000000000 0.0000000000 50.1523590088 0.0225229133 -1.8110432625
377.8678894043 0.0009612178 0.0000000000 0.0000000000 50.1517944336 0.0225935671 -1.8111901283
377.9328918457 0.0009638751 0.0000000000 0.0000000000 50.1512870789 0.0226641782 -1.8113365173
377.9792175293 0.0009665362 0.0000000000 0.0000000000 50.1507492065 0.0227346495 -1.8114836216
378.0370788574 0.0009692014 0.0000000000 0.0000000000 50.1502189636 0.0228053927 -1.8116288185
378.1156311035 0.0009718708 0.0000000000 0.0000000000 50.1496238708 0.0228764303 -1.8117744923
378.1991271973 0.0009745440 0.0000000000 0.0000000000 50.1489715576 0.0229475889 -1.8119201660
378.2677917480 0.0009772213 0.0000000000 0.0000000000 50.1484336853 0.0230189245 -1.8120648861
378.3294372559 0.0009799025 0.0000000000 0.0000000000 50.1479644775 0.0230904147 -1.8122103214
378.3913879395 0.0009825878 0.0000000000 0.0000000000 50.1474761963 0.0231619272 -1.8123540878
378.4516601562 0.0009852772 0.0000000000 0.0000000000 50.1469230652 0.0232335925 -1.8124997616
378.5060119629 0.0009879706 0.0000000000 0.0000000000 50.1462936401 0.0233053975 -1.8126440048
378.5483398438 0.0009906682 0.0000000000 0.0000000000 50.1456527710 0.0233772025 -1.8127877712
378.5899963379 0.0009933697 0.0000000000 0.0000000000 50.1448822021 0.0234488770 -1.8129320145
378.6502685547 0.0009960752 0.0000000000 0.0000000000 50.1440277100 0.0235206820 -1.8130757809
378.7225036621 0.0009987849 0.0000000000 0.0000000000 50.1431541443 0.0235926807 -1.8132188320
378.7801208496 0.0010014985 0.0000000000 0.0000000000 50.1424407959 0.0236650165 -1.8133625984
378.8017272949 0.0010042160 0.0000000000 0.0000000000 50.1419296265 0.0237375647 -1.8135066032
378.8392333984 0.0010069376 0.0000000000 0.0000000000 50.1413459778 0.0238101967 -1.8136489391
378.9084777832 0.0010096630 0.0000000000 0.0000000000 50.1405525208 0.0238827839 -1.8137912750
378.9980773926 0.0010123923 0.0000000000 0.0000000000 50.1395835876 0.0239552818 -1.8139338493
379.0635986328 0.0010151258 0.0000000000 0.0000000000 50.1386604309 0.0240278319 -1.8140759468
379.1118774414 0.0010178634 0.0000000000 0.0000000000 50.1378784180 0.0241006203 -1.8142180443
379.1476745605 0.0010206050 0.0000000000 0.0000000000 50.1372375488 0.0241737068 -1.8143601418
379.2023315430 0.0010233507 0.0000000000 0.0000000000 50.1365051270 0.0242470298 -1.8145027161
379.2756958008 0.0010261005 0.0000000000 0.0000000000 50.1355705261 0.0243203491 -1.8146445751
379.3401184082 0.0010288545 0.0000000000 0.0000000000 50.1345481873 0.0243935697 -1.8147873878
379.3858032227 0.0010316125 0.0000000000 0.0000000000 50.1335029602 0.0244668350 -1.8149290085
379.4369812012 0.0010343743 0.0000000000 0.0000000000 50.1323623657 0.0245402623 -1.8150713444
379.5058898926 0.0010371401 0.0000000000 0.0000000000 50.1311302185 0.0246140007 -1.8152120113
379.5860900879 0.0010399099 0.0000000000 0.0000000000 50.1298599243 0.0246879868 -1.8153536320
379.6488342285 0.0010426837 0.0000000000 0.0000000000 50.1286087036 0.0247620307 -1.8154959679
379.6924438477 0.0010454617 0.0000000000 0.0000000000 50.1272239685 0.0248358604 -1.8156366348
379.7446289062 0.0010482437 0.0000000000 0.0000000000 50.1257133484 0.0249096565 -1.8157794476
379.8102722168 0.0010510299 0.0000000000 0.0000000000 50.1240844727 0.0249836203 -1.8159205914
379.8666687012 0.0010538200 0.0000000000 0.0000000000 50.1225318909 0.0250578299 -1.8160643578
379.9104919434 0.0010566144 0.0000000000 0.0000000000 50.1210060120 0.0251320228 -1.8162069321
379.9396362305 0.0010594131 0.0000000000 0.0000000000 50.1194725037 0.0252060816 -1.8163514137
380.0007934570 0.0010622157 0.0000000000 0.0000000000 50.1178131104 0.0252802279 -1.8164956570
380.0860900879 0.0010650221 0.0000000000 0.0000000000 50.1161231995 0.0253545251 -1.8166408539
380.1647644043 0.0010678329 0.0000000000 0.0000000000 50.1146278381 0.0254290365 -1.8167867661
380.2308959961 0.0010706478 0.0000000000 0.0000000000 50.1133346558 0.0255036466 -1.8169333935
380.2720336914 0.0010734668 0.0000000000 0.0000000000 50.1122894287 0.0255783629 -1.8170824051
380.3082580566 0.0010762899 0.0000000000 0.0000000000 50.1113891602 0.0256531946 -1.8172321320
380.3686523438 0.0010791173 0.0000000000 0.0000000000 50.1103782654 0.0257278923 -1.8173823357
380.4657592773 0.0010819486 0.0000000000 0.0000000000 50.1091575623 0.0258023553 -1.8175342083
380.5778503418 0.0010847843 0.0000000000 0.0000000000 50.1079483032 0.0258769505 -1.8176908493
380.6442565918 0.0010876240 0.0000000000 0.0000000000 50.1070594788 0.0259517226 -1.8178498745
380.6690368652 0.0010904678 0.0000000000 0.0000000000 50.1064529419 0.0260267295 -1.8180122375
380.6867675781 0.0010933157 0.0000000000 0.0000000000 50.1058387756 0.0261018481 -1.8181784153
380.7719726562 0.0010961676 0.0000000000 0.0000000000 50.1047363281 0.0261766780 -1.8183488846
380.8765258789 0.0010990235 0.0000000000 0.0000000000 50.1032485962 0.0262508765 -1.8185219765
380.9470214844 0.0011018831 0.0000000000 0.0000000000 50.1017837524 0.0263247471 -1.8186995983
380.9793090820 0.0011047472 0.0000000000 0.0000000000 50.1006317139 0.0263988357 -1.8188748360
380.9907836914 0.0011076152 0.0000000000 0.0000000000 50.0998573303 0.0264735948 -1.8190517426
381.0249328613 0.0011104874 0.0000000000 0.0000000000 50.0990715027 0.0265484992 -1.8192286491
381.1003112793 0.0011133633 0.0000000000 0.0000000000 50.0979003906 0.0266226493 -1.8194046021
381.1985473633 0.0011162431 0.0000000000 0.0000000000 50.0963211060 0.0266958382 -1.8195834160
381.2684631348 0.0011191269 0.0000000000 0.0000000000 50.0949440002 0.0267686676 -1.8197629452
381.3280334473 0.0011220146 0.0000000000 0.0000000000 50.0939064026 0.0268417578 -1.8199424744
381.3854370117 0.0011249062 0.0000000000 0.0000000000 50.0934143066 0.0269156396 -1.8201267719
381.4537658691 0.0011278018 0.0000000000 0.0000000000 50.0931243896 0.0269896742 -1.8203108311
381.5373840332 0.0011307012 0.0000000000 0.0000000000 50.0927009583 0.0270630550 -1.8204948902
381.6279602051 0.0011336043 0.0000000000 0.0000000000 50.0920372009 0.0271354895 -1.8206748962
381.7271118164 0.0011365116 0.0000000000 0.0000000000 50.0913124084 0.0272076819 -1.8208503723
381.8412780762 0.0011394228 0.0000000000 0.0000000000 50.0907173157 0.0272802543 -1.8210220337
381.9503173828 0.0011423382 0.0000000000 0.0000000000 50.0903663635 0.0273534004 -1.8211908340
382.0336608887 0.0011452574 0.0000000000 0.0000000000 50.0903282166 0.0274271481 -1.8213551044
382.0625000000 0.0011481807 0.0000000000 0.0000000000 50.0903472900 0.0275006797 -1.8215172291
382.1201782227 0.0011511075 0.0000000000 0.0000000000 50.0896949768 0.0275733154 -1.8216738701
382.2307739258 0.0011540385 0.0000000000 0.0000000000 50.0883331299 0.0276453178 -1.8218288422
382.3703002930 0.0011569731 0.0000000000 0.0000000000 50.0865745544 0.0277173296 -1.8219795227
382.4747314453 0.0011599117 0.0000000000 0.0000000000 50.0851173401 0.0277900957 -1.8221302032
382.5108947754 0.0011628540 0.0000000000 0.0000000000 50.0841636658 0.0278636664 -1.8222784996
382.5237731934 0.0011658004 0.0000000000 0.0000000000 50.0832023621 0.0279373620 -1.8224256039
382.5628356934 0.0011687506 0.0000000000 0.0000000000 50.0818443298 0.0280107148 -1.8225717545
382.6477355957 0.0011717045 0.0000000000 0.0000000000 50.0797576904 0.0280830879 -1.8227171898
382.7431945801 0.0011746619 0.0000000000 0.0000000000 50.0773506165 0.0281550456 -1.8228611946
382.8028869629 0.0011776234 0.0000000000 0.0000000000 50.0752143860 0.0282273330 -1.8230054379
382.8265075684 0.0011805885 0.0000000000 0.0000000000 50.0735206604 0.0283003598 -1.8231492043
382.8457336426 0.0011835573 0.0000000000 0.0000000000 50.0721588135 0.0283742044 -1.8232929707
382.8941955566 0.0011865298 0.0000000000 0.0000000000 50.0707092285 0.0284481142 -1.8234348297
382.9756164551 0.0011895060 0.0000000000 0.0000000000 50.0689773560 0.0285214856 -1.8235766888
383.0706787109 0.0011924861 0.0000000000 0.0000000000 50.0671157837 0.0285945348 -1.8237180710
383.1372985840 0.0011954701 0.0000000000 0.0000000000 50.0655021667 0.0286676697 -1.8238594532
383.1839904785 0.0011984578 0.0000000000 0.0000000000 50.0643272400 0.0287415665 -1.8239994049
383.2278442383 0.0012014497 0.0000000000 0.0000000000 50.0635032654 0.0288162567 -1.8241400719
383.2804870605 0.0012044454 0.0000000000 0.0000000000 50.0626182556 0.0288909674 -1.8242790699
383.3342590332 0.0012074450 0.0000000000 0.0000000000 50.0614242554 0.0289647281 -1.8244192600
383.3824157715 0.0012104487 0.0000000000 0.0000000000 50.0602226257 0.0290382840 -1.8245582581
383.4344482422 0.0012134564 0.0000000000 0.0000000000 50.0592651367 0.0291124228 -1.8246951103
383.4708862305 0.0012164677 0.0000000000 0.0000000000 50.0586509705 0.0291871056 -1.8248331547
383.4923095703 0.0012194829 0.0000000000 0.0000000000 50.0583114624 0.0292621944 -1.8249711990
383.4998168945 0.0012225021 0.0000000000 0.0000000000 50.0581321716 0.0293371882 -1.8251092434
383.5205688477 0.0012255249 0.0000000000 0.0000000000 50.0577087402 0.0294114128 -1.8252463341
383.5652465820 0.0012285517 0.0000000000 0.0000000000 50.0571403503 0.0294854045 -1.8253831863
383.6174011230 0.0012315824 0.0000000000 0.0000000000 50.0568046570 0.0295599867 -1.8255195618
383.6465759277 0.0012346165 0.0000000000 0.0000000000 50.0568962097 0.0296353344 -1.8256566525
383.6636047363 0.0012376548 0.0000000000 0.0000000000 50.0572395325 0.0297111496 -1.8257923126
383.6927185059 0.0012406970 0.0000000000 0.0000000000 50.0573081970 0.0297866631 -1.8259272575
383.7442626953 0.0012437430 0.0000000000 0.0000000000 50.0568389893 0.0298616402 -1.8260638714
383.8294067383 0.0012467927 0.0000000000 0.0000000000 50.0562095642 0.0299367346 -1.8261995316
383.8938903809 0.0012498462 0.0000000000 0.0000000000 50.0557365417 0.0300119948 -1.8263354301
383.9321594238 0.0012529035 0.0000000000 0.0000000000 50.0554504395 0.0300875176 -1.8264694214
383.9696350098 0.0012559645 0.0000000000 0.0000000000 50.0553207397 0.0301635191 -1.8266041279
384.0390319824 0.0012590296 0.0000000000 0.0000000000 50.0550956726 0.0302399602 -1.8267397881
384.1196289062 0.0012620984 0.0000000000 0.0000000000 50.0545692444 0.0303159151 -1.8268725872
384.1780395508 0.0012651712 0.0000000000 0.0000000000 50.0539550781 0.0303914901 -1.8270063400
384.2223510742 0.0012682481 0.0000000000 0.0000000000 50.0533981323 0.0304672029 -1.8271408081
384.2873535156 0.0012713288 0.0000000000 0.0000000000 50.0528335571 0.0305434056 -1.8272745609
384.3640747070 0.0012744133 0.0000000000 0.0000000000 50.0522193909 0.0306199491 -1.8274083138
384.4340515137 0.0012775020 0.0000000000 0.0000000000 50.0515670776 0.0306966398 -1.8275411129
384.4893188477 0.0012805947 0.0000000000 0.0000000000 50.0508995056 0.0307732876 -1.8276734352
384.5315246582 0.0012836915 0.0000000000 0.0000000000 50.0500984192 0.0308495518 -1.8278071880
384.5773925781 0.0012867921 0.0000000000 0.0000000000 50.0491752625 0.0309257321 -1.8279395103
384.6321411133 0.0012898969 0.0000000000 0.0000000000 50.0482864380 0.0310023222 -1.8280727863
384.6661987305 0.0012930053 0.0000000000 0.0000000000 50.0475959778 0.0310794972 -1.8282043934
384.6804199219 0.0012961179 0.0000000000 0.0000000000 50.0470809937 0.0311570391 -1.8283369541
384.7084655762 0.0012992345 0.0000000000 0.0000000000 50.0463447571 0.0312341228 -1.8284685612
384.7649536133 0.0013023550 0.0000000000 0.0000000000 50.0453186035 0.0313108005 -1.8286013603
384.8301086426 0.0013054792 0.0000000000 0.0000000000 50.0442543030 0.0313874967 -1.8287324905
384.8785705566 0.0013086078 0.0000000000 0.0000000000 50.0435485840 0.0314649865 -1.8288643360
384.9186401367 0.0013117400 0.0000000000 0.0000000000 50.0431671143 0.0315432511 -1.8289954662
384.9569702148 0.0013148760 0.0000000000 0.0000000000 50.0426788330 0.0316213518 -1.8291273117
385.0176696777 0.0013180160 0.0000000000 0.0000000000 50.0418357849 0.0316988640 -1.8292577267
385.0939025879 0.0013211599 0.0000000000 0.0000000000 50.0407676697 0.0317760967 -1.8293895721
385.1658325195 0.0013243078 0.0000000000 0.0000000000 50.0398941040 0.0318540931 -1.8295202255
385.2048645020 0.0013274595 0.0000000000 0.0000000000 50.0394134521 0.0319328271 -1.8296504021
385.2380676270 0.0013306154 0.0000000000 0.0000000000 50.0389862061 0.0320116431 -1.8297817707
385.2929382324 0.0013337752 0.0000000000 0.0000000000 50.0383262634 0.0320901312 -1.8299109936
385.3632202148 0.0013369392 0.0000000000 0.0000000000 50.0374374390 0.0321682021 -1.8300416470
385.4517211914 0.0013401068 0.0000000000 0.0000000000 50.0364837646 0.0322464183 -1.8301730156
385.5074462891 0.0013432787 0.0000000000 0.0000000000 50.0358695984 0.0323254690 -1.8303031921
385.5210876465 0.0013464541 0.0000000000 0.0000000000 50.0355186462 0.0324050076 -1.8304314613
385.5516357422 0.0013496337 0.0000000000 0.0000000000 50.0350227356 0.0324844383 -1.8305616379
385.6366271973 0.0013528176 0.0000000000 0.0000000000 50.0341835022 0.0325636864 -1.8306915760
385.7327270508 0.0013560052 0.0000000000 0.0000000000 50.0330810547 0.0326424688 -1.8308217525
385.7958068848 0.0013591967 0.0000000000 0.0000000000 50.0321426392 0.0327214785 -1.8309507370
385.8370666504 0.0013623924 0.0000000000 0.0000000000 50.0314598083 0.0328011699 -1.8310792446
385.8927307129 0.0013655920 0.0000000000 0.0000000000 50.0307693481 0.0328813046 -1.8312091827
385.9665832520 0.0013687956 0.0000000000 0.0000000000 50.0299530029 0.0329613574 -1.8313376904
386.0292053223 0.0013720033 0.0000000000 0.0000000000 50.0290107727 0.0330409817 -1.8314661980
386.0687561035 0.0013752151 0.0000000000 0.0000000000 50.0281028748 0.0331205130 -1.8315956593
386.1105957031 0.0013784310 0.0000000000 0.0000000000 50.0271835327 0.0332003012 -1.8317227364
386.1720581055 0.0013816510 0.0000000000 0.0000000000 50.0262985229 0.0332805589 -1.8318514824
386.2321166992 0.0013848748 0.0000000000 0.0000000000 50.0254135132 0.0333610214 -1.8319799900
386.2779846191 0.0013881025 0.0000000000 0.0000000000 50.0243949890 0.0334411338 -1.8321070671
386.3315734863 0.0013913342 0.0000000000 0.0000000000 50.0232162476 0.0335209668 -1.8322355747
386.3757324219 0.0013945701 0.0000000000 0.0000000000 50.0222091675 0.0336013697 -1.8323626518
386.4232788086 0.0013978099 0.0000000000 0.0000000000 50.0212936401 0.0336822197 -1.8324918747
386.4714355469 0.0014010539 0.0000000000 0.0000000000 50.0203781128 0.0337631889 -1.8326191902
386.5292053223 0.0014043017 0.0000000000 0.0000000000 50.0192565918 0.0338438116 -1.8327460289
386.5754699707 0.0014075536 0.0000000000 0.0000000000 50.0180969238 0.0339243338 -1.8328735828
386.6283569336 0.0014108095 0.0000000000 0.0000000000 50.0169677734 0.0340053849 -1.8330004215
386.6795959473 0.0014140691 0.0000000000 0.0000000000 50.0158386230 0.0340865925 -1.8331279755
386.7294921875 0.0014173329 0.0000000000 0.0000000000 50.0146942139 0.0341678411 -1.8332555294
386.7875976562 0.0014206007 0.0000000000 0.0000000000 50.0134696960 0.0342491008 -1.8333835602
386.8471984863 0.0014238723 0.0000000000 0.0000000000 50.0121765137 0.0343303271 -1.8335106373
386.9010009766 0.0014271478 0.0000000000 0.0000000000 50.0110015869 0.0344119482 -1.8336377144
386.9563903809 0.0014304273 0.0000000000 0.0000000000 50.0099563599 0.0344940759 -1.8337655067
387.0131225586 0.0014337103 0.0000000000 0.0000000000 50.0089912415 0.0345765166 -1.8338928223
387.0611572266 0.0014369979 0.0000000000 0.0000000000 50.0079193115 0.0346586518 -1.8340187073
387.1142578125 0.0014402890 0.0000000000 0.0000000000 50.0066604614 0.0347405411 -1.8341453075
387.1815795898 0.0014435844 0.0000000000 0.0000000000 50.0052719116 0.0348223485 -1.8342730999
387.2407836914 0.0014468840 0.0000000000 0.0000000000 50.0039863586 0.0349045359 -1.8343989849
387.2797851562 0.0014501874 0.0000000000 0.0000000000 50.0028724670 0.0349871330 -1.8345251083
387.2955322266 0.0014534949 0.0000000000 0.0000000000 50.0018310547 0.0350699015 -1.8346514702
387.3177795410 0.0014568062 0.0000000000 0.0000000000 50.0007362366 0.0351527669 -1.8347778320
387.3681640625 0.0014601214 0.0000000000 0.0000000000 49.9993438721 0.0352353491 -1.8349041939
387.4335937500 0.0014634405 0.0000000000 0.0000000000 49.9977111816 0.0353175886 -1.8350291252
387.4691162109 0.0014667637 0.0000000000 0.0000000000 49.9961204529 0.0353999436 -1.8351550102
387.4910888672 0.0014700907 0.0000000000 0.0000000000 49.9948387146 0.0354832970 -1.8352806568
387.5355529785 0.0014734216 0.0000000000 0.0000000000 49.9935340881 0.0355670340 -1.8354043961
387.5796813965 0.0014767564 0.0000000000 0.0000000000 49.9920310974 0.0356502831 -1.8355298042
387.6181335449 0.0014800952 0.0000000000 0.0000000000 49.9903221130 0.0357329398 -1.8356561661
387.6622619629 0.0014834381 0.0000000000 0.0000000000 49.9885444641 0.0358155966 -1.8357806206
