#         COST_U        COST_H      COST_D       COST_S       REGU_H       REGU_A          HPO 
12.0677967072 619.9717407227 0.0000000000 0.0000000000 0.0000000000 0.0000000000
12.0677509308 611.7141113281 0.0000000000 0.0000000964 -0.8668459058 0.0000431055
12.0676965714 603.5365600586 0.0000000000 0.0000001967 -1.7130773067 0.0213701781
12.0676755905 595.4406127930 0.0000000000 0.0000002504 -2.5392482281 0.0095137460
12.0676555634 587.4279785156 0.0000000000 0.0000002483 -3.3468070030 0.0160052963
12.0676374435 579.4995727539 0.0000000000 0.0000002284 -4.1379013062 0.0137224123
12.0675363541 571.6564941406 0.0000000000 0.0000002633 -4.9147768021 0.0073567815
12.0674638748 563.8995361328 0.0000000000 0.0000003263 -5.6793050766 0.0055006733
12.0674333572 556.2293090820 0.0000000000 0.0000004149 -6.4328761101 0.0079203639
12.0679435730 548.6461181641 0.0000000000 0.0000005785 -7.1764822006 0.0083905756
12.0704669952 541.1502075195 0.0000000000 0.0000011217 -7.9108672142 0.0054861465
12.0735092163 533.7418212891 0.0000000000 0.0000035249 -8.6366195679 0.0031717173
12.0756225586 526.4209594727 0.0000000000 0.0000087897 -9.3542118073 0.0037695765
12.0811014175 519.1870727539 0.0000000000 0.0000151016 -10.0640058517 0.0050143851
12.0875635147 512.0405273438 0.0000000000 0.0000239570 -10.7662343979 0.0044952426
12.0857515335 504.9806518555 0.0000000000 0.0000361016 -11.4610910416 0.0028661147
12.0754270554 498.0064697266 0.0000000000 0.0000500446 -12.1487722397 0.0021337401
12.0683317184 491.1174316406 0.0000000000 0.0000653431 -12.8293991089 0.0026853066
12.0679988861 484.3136291504 0.0000000000 0.0000850851 -13.5030460358 0.0035089098
12.0743169785 477.5950317383 0.0000000000 0.0001118576 -14.1697607040 0.0037703586
12.0848598480 470.9614257812 0.0000000000 0.0001446384 -14.8295860291 0.0034327372
12.0961933136 464.4124145508 0.0000000000 0.0001813968 -15.4825611115 0.0029983227
12.1067180634 457.9471740723 0.0000000000 0.0002186660 -16.1287479401 0.0026391917
12.1130657196 451.5646972656 0.0000000000 0.0002526095 -16.7682209015 0.0024504801
12.1177387238 445.2644042969 0.0000000000 0.0002852952 -17.4010276794 0.0024001733
12.1208925247 439.0455017090 0.0000000000 0.0003187394 -18.0272350311 0.0023805201
12.1186437607 432.9075317383 0.0000000000 0.0003567888 -18.6468677521 0.0022782842
12.1044597626 426.8486022949 0.0000000000 0.0004015195 -19.2600650787 0.0020598399
12.0810585022 420.8676147461 0.0000000000 0.0004587521 -19.8669109344 0.0021150815
12.0707817078 414.9631347656 0.0000000000 0.0005356361 -20.4675140381 0.0024059790
12.0771064758 409.1367492676 0.0000000000 0.0006297260 -21.0617542267 0.0026622899
12.0837392807 403.3878173828 0.0000000000 0.0007405867 -21.6496810913 0.0028089955
12.0905637741 397.7153015137 0.0000000000 0.0008704272 -22.2313461304 0.0029294072
12.0967350006 392.1184082031 0.0000000000 0.0010221654 -22.8068065643 0.0030532852
12.1017570496 386.5960998535 0.0000000000 0.0011993052 -23.3761405945 0.0031414898
12.1065073013 381.1474609375 0.0000000000 0.0014053567 -23.9394016266 0.0031737890
12.1124877930 375.7716064453 0.0000000000 0.0016426274 -24.4966430664 0.0031853428
12.1215410233 370.4679260254 0.0000000000 0.0019107861 -25.0479106903 0.0031866697
12.1333093643 365.2356872559 0.0000000000 0.0022062648 -25.5932254791 0.0031488161
12.1458997726 360.0740051270 0.0000000000 0.0025275233 -26.1326522827 0.0030460986
12.1584234238 354.9820251465 0.0000000000 0.0028710130 -26.6662197113 0.0029012104
12.1708116531 349.9587097168 0.0000000000 0.0032350721 -27.1940002441 0.0027606576
12.1834049225 345.0032348633 0.0000000000 0.0036179482 -27.7160301208 0.0026610028
12.1967153549 340.1146850586 0.0000000000 0.0040225671 -28.2323741913 0.0025819403
12.2111663818 335.2922363281 0.0000000000 0.0044556651 -28.7430648804 0.0024958807
12.2269716263 330.5350646973 0.0000000000 0.0049250792 -29.2481460571 0.0024024765
12.2442712784 325.8424072266 0.0000000000 0.0054395171 -29.7476577759 0.0023129652
12.2626791000 321.2133789062 0.0000000000 0.0060071521 -30.2416305542 0.0022425151
12.2814064026 316.6472167969 0.0000000000 0.0066334982 -30.7301044464 0.0021942323
12.2999763489 312.1429748535 0.0000000000 0.0073235035 -31.2131195068 0.0021574176
12.3185682297 307.6997680664 0.0000000000 0.0080796378 -31.6907234192 0.0021389998
12.3371505737 303.3168029785 0.0000000000 0.0089014294 -32.1629791260 0.0021499642
12.3557872772 298.9931945801 0.0000000000 0.0097868014 -32.6299171448 0.0021777146
12.3744773865 294.7281494141 0.0000000000 0.0107336584 -33.0915908813 0.0022164823
12.3932590485 290.5208129883 0.0000000000 0.0117358854 -33.5480384827 0.0022736785
12.4120340347 286.3704528809 0.0000000000 0.0127884047 -33.9993133545 0.0023440258
12.4308605194 282.2763061523 0.0000000000 0.0138852894 -34.4454765320 0.0024289968
12.4499435425 278.2376403809 0.0000000000 0.0150203612 -34.8865776062 0.0025323792
12.4693088531 274.2537536621 0.0000000000 0.0161882751 -35.3226776123 0.0026528214
12.4888973236 270.3238220215 0.0000000000 0.0173834134 -35.7538452148 0.0027928778
12.5087060928 266.4473266602 0.0000000000 0.0186020955 -36.1801376343 0.0029472774
12.5288715363 262.6235046387 0.0000000000 0.0198408235 -36.6016159058 0.0031127362
12.5493221283 258.8517150879 0.0000000000 0.0210955534 -37.0183486938 0.0032843868
12.5698738098 255.1313018799 0.0000000000 0.0223674886 -37.4303970337 0.0034684418
12.5904560089 251.4616394043 0.0000000000 0.0236578025 -37.8378448486 0.0036619531
12.6111059189 247.8420104980 0.0000000000 0.0249664076 -38.2407760620 0.0038697766
12.6317529678 244.2718353271 0.0000000000 0.0262913946 -38.6392631531 0.0041094576
12.6524829865 240.7505035400 0.0000000000 0.0276347194 -39.0333976746 0.0043877251
12.6732721329 237.2773590088 0.0000000000 0.0289974641 -39.4232635498 0.0047098305
12.6942710876 233.8518829346 0.0000000000 0.0303776674 -39.8089408875 0.0050765378
12.7154102325 230.4734191895 0.0000000000 0.0317741036 -40.1905136108 0.0054725660
12.7367763519 227.1413726807 0.0000000000 0.0331865028 -40.5680694580 0.0059099719
12.7584171295 223.8552398682 0.0000000000 0.0346154086 -40.9416770935 0.0063966997
12.7803850174 220.6143951416 0.0000000000 0.0360608883 -41.3114089966 0.0069160867
12.8026990891 217.4183197021 0.0000000000 0.0375252217 -41.6773185730 0.0074834032
12.8253412247 214.2664794922 0.0000000000 0.0390124209 -42.0394859314 0.0081071705
12.8483314514 211.1582946777 0.0000000000 0.0405294746 -42.3979644775 0.0087645315
12.8715867996 208.0932159424 0.0000000000 0.0420791395 -42.7528419495 0.0094492221
12.8952817917 205.0707244873 0.0000000000 0.0436658747 -43.1041679382 0.0101464493
12.9194040298 202.0902709961 0.0000000000 0.0452927910 -43.4519958496 0.0108417207
12.9437665939 199.1512603760 0.0000000000 0.0469616130 -43.7963867188 0.0115352776
12.9679946899 196.2532196045 0.0000000000 0.0486719795 -44.1374015808 0.0122183822
12.9916591644 193.3954315186 0.0000000000 0.0504242331 -44.4750900269 0.0128647890
13.0148935318 190.5774230957 0.0000000000 0.0522215851 -44.8095016479 0.0134950522
13.0373430252 187.7985382080 0.0000000000 0.0540634170 -45.1407012939 0.0141180195
13.0588579178 185.0581970215 0.0000000000 0.0559482872 -45.4687309265 0.0146755911
13.0794734955 182.3558349609 0.0000000000 0.0578768961 -45.7936439514 0.0151664363
13.0994176865 179.6908721924 0.0000000000 0.0598506220 -46.1154747009 0.0156079764
13.1186199188 177.0627136230 0.0000000000 0.0618649870 -46.4342575073 0.0159626082
13.1370553970 174.4709167480 0.0000000000 0.0639180541 -46.7500534058 0.0162580498
13.1549501419 171.9149169922 0.0000000000 0.0660145953 -47.0628929138 0.0164987650
13.1724376678 169.3942260742 0.0000000000 0.0681536496 -47.3728179932 0.0167059582
13.1898555756 166.9083557129 0.0000000000 0.0703320354 -47.6798591614 0.0168726146
13.2072229385 164.4569091797 0.0000000000 0.0725439414 -47.9840621948 0.0169823188
13.2245674133 162.0393524170 0.0000000000 0.0747889653 -48.2854499817 0.0170225184
13.2418193817 159.6553039551 0.0000000000 0.0770629123 -48.5840644836 0.0170193408
13.2588119507 157.3043212891 0.0000000000 0.0793697983 -48.8799247742 0.0169948209
13.2756471634 154.9859924316 0.0000000000 0.0817126781 -49.1730537415 0.0169756599
13.2923221588 152.6998291016 0.0000000000 0.0840901211 -49.4635047913 0.0169662572
13.3088827133 150.4454803467 0.0000000000 0.0865003988 -49.7512741089 0.0169609338
13.3253383636 148.2225341797 0.0000000000 0.0889433622 -50.0363922119 0.0169614032
13.3418760300 146.0305328369 0.0000000000 0.0914173126 -50.3188896179 0.0169178899
13.3584661484 143.8691406250 0.0000000000 0.0939194858 -50.5987854004 0.0168418959
13.3751335144 141.7379150391 0.0000000000 0.0964446887 -50.8760910034 0.0167890787
13.3917388916 139.6365203857 0.0000000000 0.0989916548 -51.1508712769 0.0167894475
13.4081573486 137.5645446777 0.0000000000 0.1015667990 -51.4231071472 0.0167890526
13.4245414734 135.5216217041 0.0000000000 0.1041705385 -51.6928672791 0.0167540573
13.4406919479 133.5073547363 0.0000000000 0.1067989841 -51.9601631165 0.0166864600
13.4565658569 131.5213775635 0.0000000000 0.1094552651 -52.2250213623 0.0166197345
13.4723501205 129.5633392334 0.0000000000 0.1121377721 -52.4874801636 0.0165334418
13.4881305695 127.6328964233 0.0000000000 0.1148477271 -52.7475509644 0.0164904799
13.5038623810 125.7296676636 0.0000000000 0.1175878346 -53.0052871704 0.0165119991
13.5195007324 123.8532943726 0.0000000000 0.1203581467 -53.2606849670 0.0165879875
13.5352725983 122.0034561157 0.0000000000 0.1231569648 -53.5137634277 0.0167043097
13.5511617661 120.1797866821 0.0000000000 0.1259851009 -53.7645797729 0.0168631691
13.5671758652 118.3819732666 0.0000000000 0.1288408339 -54.0131301880 0.0170634817
13.5830888748 116.6096420288 0.0000000000 0.1317243725 -54.2594299316 0.0172539353
13.5988454819 114.8625030518 0.0000000000 0.1346331686 -54.5034866333 0.0174153410
13.6145763397 113.1402206421 0.0000000000 0.1375645101 -54.7453613281 0.0175803192
13.6301298141 111.4424362183 0.0000000000 0.1405151933 -54.9850540161 0.0177635271
13.6457805634 109.7688674927 0.0000000000 0.1434863508 -55.2225875854 0.0179460347
13.6613454819 108.1191787720 0.0000000000 0.1464801282 -55.4579963684 0.0181440432
13.6767797470 106.4930343628 0.0000000000 0.1494957954 -55.6912994385 0.0183243100
13.6921672821 104.8901519775 0.0000000000 0.1525320709 -55.9225006104 0.0184703693
13.7076721191 103.3102111816 0.0000000000 0.1555861980 -56.1516380310 0.0186220631
13.7229604721 101.7528839111 0.0000000000 0.1586605608 -56.3787040710 0.0187346600
13.7379016876 100.2178726196 0.0000000000 0.1617487073 -56.6037445068 0.0188109055
13.7526149750 98.7048797607 0.0000000000 0.1648484468 -56.8267745972 0.0188860223
13.7673673630 97.2136230469 0.0000000000 0.1679602861 -57.0478134155 0.0189795289
13.7819890976 95.7438125610 0.0000000000 0.1710881889 -57.2668685913 0.0190726221
13.7964439392 94.2951660156 0.0000000000 0.1742337048 -57.4839782715 0.0191512201
13.8107328415 92.8673858643 0.0000000000 0.1773971617 -57.6991462708 0.0192265771
13.8249778748 91.4602050781 0.0000000000 0.1805754453 -57.9124145508 0.0192992017
13.8390035629 90.0733489990 0.0000000000 0.1837683022 -58.1237831116 0.0193934496
13.8529376984 88.7065277100 0.0000000000 0.1869791150 -58.3332748413 0.0195402279
13.8668012619 87.3594970703 0.0000000000 0.1902113855 -58.5409088135 0.0197298303
13.8806190491 86.0319519043 0.0000000000 0.1934670806 -58.7467193604 0.0198871288
13.8945312500 84.7236328125 0.0000000000 0.1967378408 -58.9507141113 0.0200055577
13.9086332321 83.4343032837 0.0000000000 0.2000233978 -59.1529083252 0.0201003328
13.9225883484 82.1636886597 0.0000000000 0.2033242881 -59.3532943726 0.0201725345
13.9363260269 80.9115600586 0.0000000000 0.2066370845 -59.5519065857 0.0202439986
13.9500198364 79.6776580811 0.0000000000 0.2099597603 -59.7487640381 0.0202917568
13.9636611938 78.4617538452 0.0000000000 0.2132863700 -59.9438476562 0.0203653742
13.9771270752 77.2636108398 0.0000000000 0.2166173458 -60.1372070312 0.0205056313
13.9905824661 76.0829849243 0.0000000000 0.2199508548 -60.3288269043 0.0206823051
14.0040035248 74.9196701050 0.0000000000 0.2232871652 -60.5187530518 0.0208253786
14.0174255371 73.7734069824 0.0000000000 0.2266200483 -60.7069969177 0.0209463015
14.0309896469 72.6440124512 0.0000000000 0.2299491763 -60.8935737610 0.0210187696
14.0445051193 71.5312423706 0.0000000000 0.2332756817 -61.0784950256 0.0210919492
14.0579557419 70.4348754883 0.0000000000 0.2365947664 -61.2617950439 0.0211564861
14.0714139938 69.3546905518 0.0000000000 0.2399087697 -61.4434394836 0.0211943928
14.0849666595 68.2904815674 0.0000000000 0.2432236671 -61.6234664917 0.0212299041
14.0984935760 67.2420196533 0.0000000000 0.2465382516 -61.8018646240 0.0212781932
14.1119070053 66.2091140747 0.0000000000 0.2498566657 -61.9786682129 0.0213507731
14.1250829697 65.1915283203 0.0000000000 0.2531835735 -62.1538619995 0.0214676782
14.1381626129 64.1890716553 0.0000000000 0.2565239668 -62.3274803162 0.0216096826
14.1509952545 63.2015228271 0.0000000000 0.2598835230 -62.4995193481 0.0217629578
14.1637191772 62.2286796570 0.0000000000 0.2632601261 -62.6700172424 0.0219326373
14.1761379242 61.2703170776 0.0000000000 0.2666523457 -62.8389816284 0.0220829360
14.1884698868 60.3262252808 0.0000000000 0.2700606585 -63.0064163208 0.0221895985
14.2008371353 59.3962135315 0.0000000000 0.2734801173 -63.1723480225 0.0222902037
14.2131481171 58.4800682068 0.0000000000 0.2769047916 -63.3368072510 0.0224096887
14.2253379822 57.5776100159 0.0000000000 0.2803308666 -63.4997787476 0.0225657113
14.2372531891 56.6886482239 0.0000000000 0.2837594151 -63.6613006592 0.0227318667
14.2490463257 55.8129730225 0.0000000000 0.2871892452 -63.8213348389 0.0228875652
14.2607078552 54.9503974915 0.0000000000 0.2906197309 -63.9799499512 0.0230169259
14.2720203400 54.1007537842 0.0000000000 0.2940557897 -64.1371154785 0.0231799409
14.2831621170 53.2638397217 0.0000000000 0.2974949777 -64.2928466797 0.0233429633
14.2942028046 52.4395027161 0.0000000000 0.3009369373 -64.4471817017 0.0234894287
14.3051090240 51.6275672913 0.0000000000 0.3043743074 -64.6001358032 0.0236457251
14.3158273697 50.8278541565 0.0000000000 0.3078104854 -64.7517089844 0.0238183346
14.3262157440 50.0401992798 0.0000000000 0.3112522960 -64.9019241333 0.0239645392
14.3364000320 49.2644233704 0.0000000000 0.3146959245 -65.0507736206 0.0240878239
14.3463716507 48.5003814697 0.0000000000 0.3181371093 -65.1982955933 0.0242358074
14.3562250137 47.7478942871 0.0000000000 0.3215751052 -65.3444900513 0.0243905690
14.3659782410 47.0067901611 0.0000000000 0.3250139654 -65.4893569946 0.0245674644
14.3755083084 46.2769241333 0.0000000000 0.3284562528 -65.6329116821 0.0247444436
14.3848133087 45.5581398010 0.0000000000 0.3319020867 -65.7751770020 0.0249409974
14.3939065933 44.8502769470 0.0000000000 0.3353526592 -65.9161529541 0.0251415987
14.4029493332 44.1531944275 0.0000000000 0.3388046324 -66.0558395386 0.0253153238
14.4118013382 43.4667396545 0.0000000000 0.3422567844 -66.1942672729 0.0254655518
14.4203395844 42.7907638550 0.0000000000 0.3457104266 -66.3314056396 0.0255732611
14.4287567139 42.1251220703 0.0000000000 0.3491645753 -66.4673004150 0.0256564356
14.4370565414 41.4696769714 0.0000000000 0.3526168764 -66.6019744873 0.0257644542
14.4453878403 40.8242797852 0.0000000000 0.3560608923 -66.7354202271 0.0258750580
14.4534482956 40.1887969971 0.0000000000 0.3594971597 -66.8676528931 0.0260015056
14.4613828659 39.5630989075 0.0000000000 0.3629267514 -66.9986877441 0.0261560623
14.4690799713 38.9470520020 0.0000000000 0.3663597405 -67.1285476685 0.0263372995
14.4765148163 38.3405265808 0.0000000000 0.3697980344 -67.2572326660 0.0265308488
14.4838495255 37.7433929443 0.0000000000 0.3732437491 -67.3847503662 0.0267116502
14.4910573959 37.1554946899 0.0000000000 0.3766865730 -67.5111160278 0.0269012786
14.4979438782 36.5767211914 0.0000000000 0.3801277876 -67.6362991333 0.0271199904
14.5047311783 36.0069274902 0.0000000000 0.3835690320 -67.7603530884 0.0273222253
14.5115823746 35.4459991455 0.0000000000 0.3870092928 -67.8832321167 0.0274812914
14.5184040070 34.8938102722 0.0000000000 0.3904482126 -68.0049743652 0.0276206322
14.5250196457 34.3502540588 0.0000000000 0.3938822150 -68.1255874634 0.0277501550
14.5316019058 33.8152008057 0.0000000000 0.3973138630 -68.2450942993 0.0278666820
14.5379657745 33.2885322571 0.0000000000 0.4007391632 -68.3635101318 0.0279949754
14.5442409515 32.7701339722 0.0000000000 0.4041545987 -68.4808273315 0.0281496868
14.5503835678 32.2598838806 0.0000000000 0.4075641632 -68.5970611572 0.0283279605
14.5563859940 31.7576770782 0.0000000000 0.4109699130 -68.7122039795 0.0285165980
14.5623645782 31.2633972168 0.0000000000 0.4143628180 -68.8262786865 0.0286767911
14.5682582855 30.7769336700 0.0000000000 0.4177475870 -68.9392929077 0.0288179182
14.5739383698 30.2981758118 0.0000000000 0.4211224020 -69.0512924194 0.0289647914
14.5793704987 29.8270206451 0.0000000000 0.4244892299 -69.1622848511 0.0291112680
14.5847530365 29.3633365631 0.0000000000 0.4278463423 -69.2722625732 0.0292445309
14.5899705887 28.9070262909 0.0000000000 0.4311987460 -69.3812103271 0.0293972716
14.5950069427 28.4579601288 0.0000000000 0.4345447421 -69.4891586304 0.0295642018
14.5998783112 28.0160541534 0.0000000000 0.4378851652 -69.5961074829 0.0297031160
14.6045846939 27.5811977386 0.0000000000 0.4412221909 -69.7020645142 0.0298103988
14.6092395782 27.1532878876 0.0000000000 0.4445523620 -69.8070144653 0.0299498513
14.6138153076 26.7322196960 0.0000000000 0.4478714168 -69.9109954834 0.0301207770
14.6182098389 26.3178939819 0.0000000000 0.4511795342 -70.0140228271 0.0302944724
14.6223516464 25.9102210999 0.0000000000 0.4544795156 -70.1160736084 0.0304766111
14.6262121201 25.5090942383 0.0000000000 0.4577733278 -70.2171859741 0.0306822006
14.6298408508 25.1144123077 0.0000000000 0.4610638320 -70.3173675537 0.0308969896
14.6336116791 24.7260704041 0.0000000000 0.4643479884 -70.4165954590 0.0310902856
14.6372156143 24.3439693451 0.0000000000 0.4676223397 -70.5148925781 0.0312702842
14.6405544281 23.9679985046 0.0000000000 0.4708900154 -70.6122436523 0.0314388052
14.6437778473 23.5980815887 0.0000000000 0.4741464853 -70.7086791992 0.0315943807
14.6467456818 23.2341136932 0.0000000000 0.4773889184 -70.8042144775 0.0317325965
14.6496772766 22.8760032654 0.0000000000 0.4806187153 -70.8988418579 0.0318742953
14.6525030136 22.5236644745 0.0000000000 0.4838374555 -70.9925994873 0.0320376270
14.6551914215 22.1770019531 0.0000000000 0.4870429635 -71.0854492188 0.0321769379
14.6576576233 21.8359394073 0.0000000000 0.4902400672 -71.1774215698 0.0323142111
14.6600141525 21.5003967285 0.0000000000 0.4934277534 -71.2685241699 0.0324597731
14.6622142792 21.1702899933 0.0000000000 0.4966083169 -71.3587646484 0.0325886682
14.6643400192 20.8455276489 0.0000000000 0.4997798204 -71.4481430054 0.0327259116
14.6662874222 20.5260410309 0.0000000000 0.5029387474 -71.5366668701 0.0328812934
14.6681432724 20.2117385864 0.0000000000 0.5060821176 -71.6243667603 0.0330273844
14.6698646545 19.9025402069 0.0000000000 0.5092173815 -71.7112350464 0.0331950262
14.6714353561 19.5983791351 0.0000000000 0.5123428106 -71.7972717285 0.0333889276
14.6727190018 19.2991790771 0.0000000000 0.5154585838 -71.8825378418 0.0335703045
14.6739082336 19.0048580170 0.0000000000 0.5185589790 -71.9669799805 0.0336889289
14.6748313904 18.7153472900 0.0000000000 0.5216464400 -72.0506362915 0.0337574594
14.6756849289 18.4305801392 0.0000000000 0.5247254968 -72.1335296631 0.0338265635
14.6766605377 18.1504936218 0.0000000000 0.5277924538 -72.2156524658 0.0338886939
14.6776189804 17.8750095367 0.0000000000 0.5308458209 -72.2969970703 0.0339517891
14.6784172058 17.6040687561 0.0000000000 0.5338792205 -72.3775939941 0.0340285711
14.6790657043 17.3375968933 0.0000000000 0.5369007587 -72.4574432373 0.0341339633
14.6793975830 17.0755233765 0.0000000000 0.5399108529 -72.5365447998 0.0342594720
14.6795730591 16.8177795410 0.0000000000 0.5429117084 -72.6148910522 0.0343729109
14.6795673370 16.5642986298 0.0000000000 0.5459011793 -72.6925125122 0.0344357640
14.6793737411 16.3150081635 0.0000000000 0.5488790274 -72.7693786621 0.0344892405
14.6788330078 16.0698566437 0.0000000000 0.5518433452 -72.8455200195 0.0345553905
14.6781816483 15.8287973404 0.0000000000 0.5547986031 -72.9209671021 0.0346204713
14.6774616241 15.5917568207 0.0000000000 0.5577415228 -72.9957122803 0.0346915871
14.6767625809 15.3586654663 0.0000000000 0.5606738329 -73.0697479248 0.0347404592
14.6759891510 15.1294593811 0.0000000000 0.5635982156 -73.1430740356 0.0347771570
14.6751194000 14.9040851593 0.0000000000 0.5665073395 -73.2157058716 0.0348172300
14.6742210388 14.6824817657 0.0000000000 0.5693987608 -73.2876510620 0.0348505303
14.6731014252 14.4645929337 0.0000000000 0.5722733140 -73.3589019775 0.0348886997
14.6718845367 14.2503633499 0.0000000000 0.5751272440 -73.4294815063 0.0349236540
14.6707229614 14.0397396088 0.0000000000 0.5779646635 -73.4993820190 0.0349450409
14.6696233749 13.8326625824 0.0000000000 0.5807881355 -73.5686187744 0.0349415466
14.6684226990 13.6290788651 0.0000000000 0.5835981965 -73.6371994019 0.0349104218
14.6672077179 13.4289331436 0.0000000000 0.5864015818 -73.7051391602 0.0348512791
14.6660242081 13.2321844101 0.0000000000 0.5891949534 -73.7724151611 0.0347660109
14.6648674011 13.0387821198 0.0000000000 0.5919800997 -73.8390960693 0.0346556529
14.6635799408 12.8486766815 0.0000000000 0.5947511792 -73.9051437378 0.0345658734
14.6620874405 12.6618213654 0.0000000000 0.5975075364 -73.9705810547 0.0345245525
14.6606235504 12.4781637192 0.0000000000 0.6002541780 -74.0353851318 0.0345059074
14.6592836380 12.2976608276 0.0000000000 0.6029856205 -74.0995941162 0.0344801843
14.6577634811 12.1202630997 0.0000000000 0.6057026982 -74.1631851196 0.0344694443
14.6560115814 11.9459171295 0.0000000000 0.6084063053 -74.2261428833 0.0344847590
14.6541767120 11.7745714188 0.0000000000 0.6110912561 -74.2885055542 0.0344754830
14.6524085999 11.6061792374 0.0000000000 0.6137618423 -74.3502426147 0.0343997255
14.6505708694 11.4407072067 0.0000000000 0.6164211035 -74.4113769531 0.0342936888
14.6485891342 11.2781095505 0.0000000000 0.6190690994 -74.4719238281 0.0342055596
14.6464080811 11.1183481216 0.0000000000 0.6217074394 -74.5318679810 0.0341436863
14.6440591812 10.9613771439 0.0000000000 0.6243349314 -74.5912322998 0.0341016278
14.6418094635 10.8071546555 0.0000000000 0.6269516349 -74.6500244141 0.0340634696
14.6394729614 10.6556406021 0.0000000000 0.6295624375 -74.7082519531 0.0339804068
14.6370134354 10.5067977905 0.0000000000 0.6321617961 -74.7659225464 0.0338741988
14.6345510483 10.3605794907 0.0000000000 0.6347544789 -74.8230667114 0.0337696560
14.6320409775 10.2169466019 0.0000000000 0.6373377442 -74.8796463013 0.0336684957
14.6293649673 10.0758609772 0.0000000000 0.6399039626 -74.9356918335 0.0335973874
14.6265907288 9.9372758865 0.0000000000 0.6424555779 -74.9911880493 0.0335474387
14.6235923767 9.8011512756 0.0000000000 0.6449919939 -75.0461273193 0.0335030481
14.6203689575 9.6674451828 0.0000000000 0.6475223303 -75.1005172729 0.0334680825
14.6170263290 9.5361146927 0.0000000000 0.6500481963 -75.1543807983 0.0334166102
14.6135654449 9.4071197510 0.0000000000 0.6525712013 -75.2076797485 0.0333432704
14.6101083755 9.2804307938 0.0000000000 0.6550971270 -75.2604827881 0.0332162194
14.6065216064 9.1560115814 0.0000000000 0.6576215029 -75.3127746582 0.0331006870
14.6028413773 9.0338287354 0.0000000000 0.6601418853 -75.3645401001 0.0330122188
14.5991268158 8.9138498306 0.0000000000 0.6626613140 -75.4158172607 0.0329277180
14.5953159332 8.7960376740 0.0000000000 0.6651812196 -75.4666213989 0.0328341722
14.5913705826 8.6803569794 0.0000000000 0.6677031517 -75.5169219971 0.0327070877
14.5874013901 8.5667676926 0.0000000000 0.6702262759 -75.5667648315 0.0325837508
14.5833091736 8.4552345276 0.0000000000 0.6727480292 -75.6161346436 0.0324349850
14.5791730881 8.3457221985 0.0000000000 0.6752627492 -75.6650238037 0.0322640575
14.5750885010 8.2382049561 0.0000000000 0.6777588129 -75.7134704590 0.0320861638
14.5709466934 8.1326589584 0.0000000000 0.6802369952 -75.7614517212 0.0319340117
14.5667629242 8.0290546417 0.0000000000 0.6826982498 -75.8089828491 0.0318045914
14.5625219345 7.9273600578 0.0000000000 0.6851453781 -75.8561096191 0.0316819996
14.5583124161 7.8275451660 0.0000000000 0.6875796914 -75.9027938843 0.0315432921
14.5541324615 7.7295775414 0.0000000000 0.6900047660 -75.9490356445 0.0313690789
14.5498199463 7.6334242821 0.0000000000 0.6924179792 -75.9948730469 0.0311868265
14.5454435349 7.5390472412 0.0000000000 0.6948171854 -76.0402526855 0.0310211219
14.5409975052 7.4464139938 0.0000000000 0.6972101927 -76.0851745605 0.0308723338
14.5365066528 7.3554897308 0.0000000000 0.6996015310 -76.1296539307 0.0307612121
14.5319480896 7.2662582397 0.0000000000 0.7019838095 -76.1736679077 0.0306499898
14.5273962021 7.1787009239 0.0000000000 0.7043507695 -76.2172622681 0.0305165537
14.5227746964 7.0927963257 0.0000000000 0.7067058682 -76.2604217529 0.0303774346
14.5181541443 7.0085206032 0.0000000000 0.7090451121 -76.3031997681 0.0302358679
14.5134668350 6.9258489609 0.0000000000 0.7113742232 -76.3455581665 0.0300789196
14.5088510513 6.8447651863 0.0000000000 0.7136883140 -76.3875427246 0.0299245752
14.5042629242 6.7652368546 0.0000000000 0.7159964442 -76.4291305542 0.0297588855
14.4996242523 6.6872401237 0.0000000000 0.7182919383 -76.4703369141 0.0296129100
14.4949388504 6.6107301712 0.0000000000 0.7205770612 -76.5111465454 0.0294785425
14.4901485443 6.5356774330 0.0000000000 0.7228499055 -76.5515518188 0.0293311253
14.4852828979 6.4620647430 0.0000000000 0.7251034975 -76.5915603638 0.0291657355
14.4805345535 6.3898754120 0.0000000000 0.7273358107 -76.6311798096 0.0289926622
14.4758920670 6.3190803528 0.0000000000 0.7295504212 -76.6704254150 0.0287998747
14.4712905884 6.2496533394 0.0000000000 0.7317584157 -76.7092971802 0.0285966620
14.4665508270 6.1815733910 0.0000000000 0.7339565754 -76.7477645874 0.0284013338
14.4617185593 6.1148214340 0.0000000000 0.7361441255 -76.7858657837 0.0282184072
14.4568767548 6.0493807793 0.0000000000 0.7383264899 -76.8236007690 0.0280387755
14.4520549774 5.9852223396 0.0000000000 0.7404972911 -76.8609466553 0.0278310627
14.4471607208 5.9223179817 0.0000000000 0.7426609993 -76.8979263306 0.0276224315
14.4422550201 5.8606500626 0.0000000000 0.7448126078 -76.9345703125 0.0274334103
14.4372978210 5.8002028465 0.0000000000 0.7469548583 -76.9708404541 0.0272552744
14.4323520660 5.7409548759 0.0000000000 0.7490947247 -77.0067749023 0.0271062590
14.4274692535 5.6828989983 0.0000000000 0.7512290478 -77.0423812866 0.0269675739
14.4226217270 5.6260027885 0.0000000000 0.7533589005 -77.0776443481 0.0268150158
14.4177942276 5.5702457428 0.0000000000 0.7554796934 -77.1125640869 0.0266529098
14.4129323959 5.5156092644 0.0000000000 0.7575876713 -77.1471405029 0.0264815055
14.4080457687 5.4620766640 0.0000000000 0.7596838474 -77.1813659668 0.0263087340
14.4031095505 5.4096231461 0.0000000000 0.7617716789 -77.2152862549 0.0261458363
14.3981800079 5.3582344055 0.0000000000 0.7638516426 -77.2488784790 0.0259751324
14.3932704926 5.3078961372 0.0000000000 0.7659223676 -77.2821197510 0.0258045532
14.3883810043 5.2585921288 0.0000000000 0.7679826021 -77.3150787354 0.0256307423
14.3835363388 5.2102985382 0.0000000000 0.7700381279 -77.3477020264 0.0254523363
14.3786211014 5.1630010605 0.0000000000 0.7720873952 -77.3800201416 0.0252723601
14.3736944199 5.1166877747 0.0000000000 0.7741245031 -77.4120483398 0.0251084808
14.3688306808 5.0713496208 0.0000000000 0.7761474848 -77.4437713623 0.0249614362
14.3639907837 5.0269732475 0.0000000000 0.7781614661 -77.4752120972 0.0248278882
14.3590240479 4.9835424423 0.0000000000 0.7801624537 -77.5063476562 0.0247019194
14.3540019989 4.9410333633 0.0000000000 0.7821488976 -77.5372238159 0.0245651193
14.3488903046 4.8994269371 0.0000000000 0.7841204405 -77.5677947998 0.0244498961
14.3438444138 4.8587050438 0.0000000000 0.7860786319 -77.5980758667 0.0243535452
14.3388748169 4.8188509941 0.0000000000 0.7880326509 -77.6280517578 0.0242391620
14.3338899612 4.7798523903 0.0000000000 0.7899792194 -77.6577682495 0.0241122693
14.3288688660 4.7416882515 0.0000000000 0.7919212580 -77.6871643066 0.0239835829
14.3238306046 4.7043366432 0.0000000000 0.7938570976 -77.7162551880 0.0238557626
14.3187665939 4.6677818298 0.0000000000 0.7957872748 -77.7450408936 0.0237278678
14.3136692047 4.6320114136 0.0000000000 0.7977123857 -77.7735519409 0.0236199740
14.3086242676 4.5970144272 0.0000000000 0.7996310592 -77.8017349243 0.0235292446
14.3035259247 4.5627856255 0.0000000000 0.8015456200 -77.8296508789 0.0234191269
14.2984161377 4.5293078423 0.0000000000 0.8034535646 -77.8572998047 0.0232975688
14.2933788300 4.4965701103 0.0000000000 0.8053521514 -77.8846664429 0.0231770873
14.2883157730 4.4645581245 0.0000000000 0.8072469234 -77.9117660522 0.0230608471
14.2833232880 4.4332637787 0.0000000000 0.8091340661 -77.9385986328 0.0229492113
14.2784280777 4.4026660919 0.0000000000 0.8110099435 -77.9651565552 0.0228319168
14.2735919952 4.3727579117 0.0000000000 0.8128783703 -77.9914703369 0.0227003153
14.2687406540 4.3435211182 0.0000000000 0.8147388101 -78.0174942017 0.0225697681
14.2639389038 4.3149466515 0.0000000000 0.8165937066 -78.0432586670 0.0224665813
14.2592554092 4.2870192528 0.0000000000 0.8184429407 -78.0687713623 0.0223620199
14.2546567917 4.2597227097 0.0000000000 0.8202857971 -78.0940093994 0.0222412720
14.2500877380 4.2330493927 0.0000000000 0.8221189976 -78.1190032959 0.0221204385
14.2455129623 4.2069830894 0.0000000000 0.8239404559 -78.1437377930 0.0219926387
14.2408952713 4.1815071106 0.0000000000 0.8257504702 -78.1681671143 0.0218598638
14.2361860275 4.1566138268 0.0000000000 0.8275522590 -78.1923522949 0.0217343979
14.2315092087 4.1322908401 0.0000000000 0.8293443918 -78.2162933350 0.0216180794
14.2269182205 4.1085329056 0.0000000000 0.8311281800 -78.2399673462 0.0215189848
14.2223749161 4.0853323936 0.0000000000 0.8329019547 -78.2634277344 0.0214149673
14.2177629471 4.0626807213 0.0000000000 0.8346712589 -78.2866439819 0.0213220380
14.2131738663 4.0405716896 0.0000000000 0.8364328146 -78.3096160889 0.0212420821
14.2085657120 4.0189909935 0.0000000000 0.8381894231 -78.3323516846 0.0211396012
14.2039327621 3.9979212284 0.0000000000 0.8399408460 -78.3548583984 0.0210284702
14.1993627548 3.9773554802 0.0000000000 0.8416855335 -78.3771209717 0.0209261701
14.1947755814 3.9572920799 0.0000000000 0.8434268832 -78.3991699219 0.0208307225
14.1902942657 3.9377264977 0.0000000000 0.8451590538 -78.4209976196 0.0207181014
14.1859197617 3.9186501503 0.0000000000 0.8468821645 -78.4426269531 0.0206163693
14.1815767288 3.9000484943 0.0000000000 0.8485957384 -78.4640579224 0.0205243230
14.1772146225 3.8819019794 0.0000000000 0.8502985239 -78.4852600098 0.0204314217
14.1728696823 3.8641920090 0.0000000000 0.8519965410 -78.5062332153 0.0203451533
14.1685447693 3.8469097614 0.0000000000 0.8536838293 -78.5269775391 0.0202443022
14.1642627716 3.8300602436 0.0000000000 0.8553623557 -78.5475158691 0.0201433245
14.1599969864 3.8136360645 0.0000000000 0.8570304513 -78.5678482056 0.0200502668
14.1558122635 3.7976310253 0.0000000000 0.8586867452 -78.5879821777 0.0199559517
14.1516933441 3.7820460796 0.0000000000 0.8603359461 -78.6079254150 0.0198500901
14.1476430893 3.7668707371 0.0000000000 0.8619824648 -78.6276855469 0.0197414216
14.1436090469 3.7520887852 0.0000000000 0.8636218905 -78.6472320557 0.0196416937
14.1396093369 3.7376873493 0.0000000000 0.8652538061 -78.6665878296 0.0195372589
14.1355848312 3.7236633301 0.0000000000 0.8668721318 -78.6857147217 0.0194459483
14.1315774918 3.7100114822 0.0000000000 0.8684759736 -78.7046508789 0.0193576217
14.1276884079 3.6967370510 0.0000000000 0.8700660467 -78.7233963013 0.0192631539
14.1238403320 3.6838302612 0.0000000000 0.8716441393 -78.7419738770 0.0191765949
14.1199884415 3.6712810993 0.0000000000 0.8732149005 -78.7603454590 0.0190825202
14.1161375046 3.6590840816 0.0000000000 0.8747786880 -78.7785491943 0.0189911649
14.1122369766 3.6472194195 0.0000000000 0.8763382435 -78.7965469360 0.0189125836
14.1084146500 3.6356828213 0.0000000000 0.8778915405 -78.8143539429 0.0188152529
14.1046342850 3.6244802475 0.0000000000 0.8794423938 -78.8319931030 0.0186959896
14.1008119583 3.6136162281 0.0000000000 0.8809912205 -78.8494873047 0.0185819604
14.0970201492 3.6030719280 0.0000000000 0.8825318813 -78.8667984009 0.0184813514
14.0932016373 3.5928339958 0.0000000000 0.8840653896 -78.8839569092 0.0183783658
14.0894289017 3.5828866959 0.0000000000 0.8855918050 -78.9009094238 0.0182683393
14.0856637955 3.5732269287 0.0000000000 0.8871040344 -78.9176940918 0.0181767270
14.0819320679 3.5638463497 0.0000000000 0.8886095285 -78.9342956543 0.0180937964
14.0783672333 3.5547409058 0.0000000000 0.8901077509 -78.9507369995 0.0179971531
14.0748434067 3.5459055901 0.0000000000 0.8915929198 -78.9670104980 0.0178930648
14.0713500977 3.5373406410 0.0000000000 0.8930619359 -78.9830856323 0.0177851133
14.0678300858 3.5290508270 0.0000000000 0.8945202231 -78.9990386963 0.0177011490
14.0642852783 3.5210289955 0.0000000000 0.8959737420 -79.0148315430 0.0176128149
14.0607070923 3.5132629871 0.0000000000 0.8974223733 -79.0304565430 0.0175334327
14.0571260452 3.5057444572 0.0000000000 0.8988679647 -79.0459289551 0.0174662918
14.0535821915 3.4984707832 0.0000000000 0.9003121257 -79.0612182617 0.0173805524
14.0500774384 3.4914433956 0.0000000000 0.9017520547 -79.0763778687 0.0172730573
14.0465269089 3.4846503735 0.0000000000 0.9031913280 -79.0913848877 0.0171719454
14.0429725647 3.4780931473 0.0000000000 0.9046273232 -79.1062240601 0.0170773417
14.0393657684 3.4717564583 0.0000000000 0.9060618281 -79.1209106445 0.0169870872
14.0357637405 3.4656422138 0.0000000000 0.9074944258 -79.1354446411 0.0168992542
14.0322008133 3.4597477913 0.0000000000 0.9089236259 -79.1498184204 0.0168105196
14.0286502838 3.4540593624 0.0000000000 0.9103495479 -79.1640472412 0.0167197008
14.0251302719 3.4485719204 0.0000000000 0.9117709398 -79.1781158447 0.0166369304
14.0216188431 3.4432861805 0.0000000000 0.9131850004 -79.1920394897 0.0165567286
14.0181818008 3.4381973743 0.0000000000 0.9145878553 -79.2058029175 0.0164775774
14.0147323608 3.4332988262 0.0000000000 0.9159814119 -79.2194290161 0.0164032374
14.0112276077 3.4285740852 0.0000000000 0.9173699021 -79.2328948975 0.0163454935
14.0077133179 3.4240181446 0.0000000000 0.9187608957 -79.2461853027 0.0162900351
14.0042638779 3.4196238518 0.0000000000 0.9201497436 -79.2593460083 0.0162239596
14.0008258820 3.4153892994 0.0000000000 0.9215384126 -79.2723388672 0.0161692388
13.9974279404 3.4113216400 0.0000000000 0.9229265451 -79.2851715088 0.0160977729
13.9939804077 3.4074215889 0.0000000000 0.9243164062 -79.2978820801 0.0160247609
13.9904985428 3.4036808014 0.0000000000 0.9257050157 -79.3104476929 0.0159490481
13.9870815277 3.4000866413 0.0000000000 0.9270918965 -79.3228836060 0.0158808641
13.9836444855 3.3966360092 0.0000000000 0.9284762740 -79.3351440430 0.0158059224
13.9802246094 3.3933370113 0.0000000000 0.9298503399 -79.3473052979 0.0157260653
13.9767627716 3.3901846409 0.0000000000 0.9312148094 -79.3593139648 0.0156578794
13.9732942581 3.3871812820 0.0000000000 0.9325674772 -79.3711929321 0.0156069975
13.9698867798 3.3843271732 0.0000000000 0.9339146614 -79.3829727173 0.0155547168
13.9664983749 3.3816220760 0.0000000000 0.9352521896 -79.3946228027 0.0155022070
13.9631261826 3.3790600300 0.0000000000 0.9365882874 -79.4061737061 0.0154369678
13.9597396851 3.3766372204 0.0000000000 0.9379162192 -79.4176101685 0.0153664174
13.9563446045 3.3743362427 0.0000000000 0.9392408133 -79.4289245605 0.0152937761
13.9529390335 3.3721578121 0.0000000000 0.9405629635 -79.4400787354 0.0152360126
13.9495286942 3.3701028824 0.0000000000 0.9418852925 -79.4511489868 0.0151754990
13.9461002350 3.3681631088 0.0000000000 0.9432080984 -79.4620895386 0.0150943231
13.9426841736 3.3663344383 0.0000000000 0.9445239902 -79.4728927612 0.0150266495
13.9392700195 3.3646113873 0.0000000000 0.9458359480 -79.4835815430 0.0149647668
13.9358510971 3.3630015850 0.0000000000 0.9471454620 -79.4941558838 0.0149113946
13.9324569702 3.3614997864 0.0000000000 0.9484565258 -79.5046157837 0.0148388278
13.9291543961 3.3601019382 0.0000000000 0.9497679472 -79.5149841309 0.0147573780
13.9258508682 3.3588051796 0.0000000000 0.9510701299 -79.5252075195 0.0146943666
13.9224720001 3.3576135635 0.0000000000 0.9523651004 -79.5353546143 0.0146568492
13.9191217422 3.3565208912 0.0000000000 0.9536581039 -79.5453720093 0.0146291414
13.9158191681 3.3555366993 0.0000000000 0.9549443126 -79.5553131104 0.0145716872
13.9124889374 3.3546557426 0.0000000000 0.9562264681 -79.5651702881 0.0145092392
13.9091472626 3.3538720608 0.0000000000 0.9575003982 -79.5749053955 0.0144540770
13.9058866501 3.3531713486 0.0000000000 0.9587684274 -79.5845718384 0.0143954549
13.9026536942 3.3525564671 0.0000000000 0.9600288272 -79.5941162109 0.0143229105
13.8994350433 3.3520264626 0.0000000000 0.9612857103 -79.6035690308 0.0142524093
13.8962163925 3.3515822887 0.0000000000 0.9625372291 -79.6129455566 0.0142044723
13.8930349350 3.3512039185 0.0000000000 0.9637848735 -79.6221847534 0.0141672380
13.8898859024 3.3509004116 0.0000000000 0.9650249481 -79.6313171387 0.0140987346
13.8867931366 3.3506724834 0.0000000000 0.9662549496 -79.6403808594 0.0140285296
13.8837261200 3.3505175114 0.0000000000 0.9674766660 -79.6493530273 0.0139835514
13.8806362152 3.3504292965 0.0000000000 0.9686933160 -79.6582107544 0.0139409062
13.8775196075 3.3504033089 0.0000000000 0.9699116945 -79.6669769287 0.0138956197
13.8743734360 3.3504452705 0.0000000000 0.9711287022 -79.6756439209 0.0138577763
13.8711805344 3.3505580425 0.0000000000 0.9723453522 -79.6842117310 0.0138294585
13.8679666519 3.3507404327 0.0000000000 0.9735608101 -79.6926956177 0.0138134677
13.8647384644 3.3509762287 0.0000000000 0.9747734666 -79.7010726929 0.0138077028
13.8615379333 3.3512659073 0.0000000000 0.9759792686 -79.7093582153 0.0137851313
13.8583326340 3.3516190052 0.0000000000 0.9771763086 -79.7175521851 0.0137361530
13.8551797867 3.3520317078 0.0000000000 0.9783682823 -79.7256546021 0.0136607522
13.8520755768 3.3525035381 0.0000000000 0.9795539975 -79.7336654663 0.0135770971
13.8490047455 3.3530280590 0.0000000000 0.9807401299 -79.7416000366 0.0135179013
13.8458719254 3.3536045551 0.0000000000 0.9819249511 -79.7494583130 0.0134821311
13.8427381516 3.3542380333 0.0000000000 0.9831023216 -79.7572250366 0.0134640252
13.8396711349 3.3549220562 0.0000000000 0.9842697978 -79.7649230957 0.0134482039
13.8366785049 3.3556690216 0.0000000000 0.9854308367 -79.7725524902 0.0134048844
13.8336858749 3.3564581871 0.0000000000 0.9865838885 -79.7800979614 0.0133346561
13.8307008743 3.3572900295 0.0000000000 0.9877356887 -79.7875518799 0.0132581182
13.8277549744 3.3581714630 0.0000000000 0.9888849258 -79.7949523926 0.0131959459
13.8248004913 3.3591120243 0.0000000000 0.9900326729 -79.8022766113 0.0131526142
13.8217973709 3.3601129055 0.0000000000 0.9911813736 -79.8095779419 0.0131560303
13.8188238144 3.3611562252 0.0000000000 0.9923268557 -79.8167877197 0.0131448600
13.8158798218 3.3622367382 0.0000000000 0.9934676886 -79.8239288330 0.0131080020
13.8129854202 3.3633584976 0.0000000000 0.9945995808 -79.8310012817 0.0130453613
13.8101243973 3.3645112514 0.0000000000 0.9957306981 -79.8380050659 0.0129889650
13.8072786331 3.3657004833 0.0000000000 0.9968541861 -79.8449325562 0.0129540749
13.8044433594 3.3669214249 0.0000000000 0.9979748726 -79.8517837524 0.0129043274
13.8016529083 3.3681621552 0.0000000000 0.9990925789 -79.8585433960 0.0128395967
13.7988595963 3.3694262505 0.0000000000 1.0002048016 -79.8652572632 0.0127757471
13.7960700989 3.3707170486 0.0000000000 1.0013109446 -79.8718719482 0.0127245095
13.7933034897 3.3720436096 0.0000000000 1.0024130344 -79.8784332275 0.0126751754
13.7905740738 3.3734118938 0.0000000000 1.0035130978 -79.8849334717 0.0126225408
13.7878408432 3.3748185635 0.0000000000 1.0046105385 -79.8913879395 0.0125864130
13.7850904465 3.3762364388 0.0000000000 1.0057061911 -79.8977432251 0.0125659406
13.7823390961 3.3776745796 0.0000000000 1.0067921877 -79.9040222168 0.0125463009
13.7796087265 3.3791456223 0.0000000000 1.0078675747 -79.9102630615 0.0125252083
13.7768821716 3.3806505203 0.0000000000 1.0089313984 -79.9164276123 0.0124974754
13.7741699219 3.3821868896 0.0000000000 1.0099791288 -79.9225540161 0.0124617526
13.7714881897 3.3837521076 0.0000000000 1.0110133886 -79.9286270142 0.0124122947
13.7687969208 3.3853318691 0.0000000000 1.0120384693 -79.9346237183 0.0123680960
13.7661609650 3.3869218826 0.0000000000 1.0130598545 -79.9405364990 0.0123210503
13.7635478973 3.3885254860 0.0000000000 1.0140796900 -79.9464035034 0.0122849541
13.7609920502 3.3901407719 0.0000000000 1.0150995255 -79.9521789551 0.0122632766
13.7584075928 3.3917758465 0.0000000000 1.0161235332 -79.9579010010 0.0122458357
13.7558479309 3.3934204578 0.0000000000 1.0171473026 -79.9635467529 0.0122283902
13.7533302307 3.3950695992 0.0000000000 1.0181719065 -79.9691543579 0.0121924970
13.7508287430 3.3967356682 0.0000000000 1.0191912651 -79.9746856689 0.0121380761
13.7483816147 3.3984184265 0.0000000000 1.0202031136 -79.9801635742 0.0120747425
13.7459344864 3.4001109600 0.0000000000 1.0212051868 -79.9855880737 0.0120348828
13.7434616089 3.4018182755 0.0000000000 1.0222010612 -79.9909667969 0.0120012127
13.7409973145 3.4035351276 0.0000000000 1.0231882334 -79.9962921143 0.0119756013
13.7385559082 3.4052605629 0.0000000000 1.0241723061 -80.0015563965 0.0119471736
13.7361307144 3.4069938660 0.0000000000 1.0251532793 -80.0067596436 0.0119006950
13.7337198257 3.4087285995 0.0000000000 1.0261327028 -80.0119094849 0.0118723735
13.7313022614 3.4104650021 0.0000000000 1.0271136761 -80.0169830322 0.0118377488
13.7288274765 3.4122021198 0.0000000000 1.0280935764 -80.0220031738 0.0118028577
13.7263221741 3.4139575958 0.0000000000 1.0290719271 -80.0269699097 0.0117745046
13.7238473892 3.4157164097 0.0000000000 1.0300481319 -80.0318603516 0.0117225870
13.7213554382 3.4174811840 0.0000000000 1.0310248137 -80.0366897583 0.0116910525
13.7188720703 3.4192454815 0.0000000000 1.0320011377 -80.0414657593 0.0116865234
13.7163801193 3.4210240841 0.0000000000 1.0329734087 -80.0461959839 0.0116897188
13.7139244080 3.4228174686 0.0000000000 1.0339379311 -80.0508880615 0.0116577595
13.7115297318 3.4246101379 0.0000000000 1.0348947048 -80.0555114746 0.0115967924
13.7091655731 3.4264113903 0.0000000000 1.0358489752 -80.0601043701 0.0115344953
13.7068262100 3.4282050133 0.0000000000 1.0367975235 -80.0646209717 0.0114896186
13.7044515610 3.4299917221 0.0000000000 1.0377442837 -80.0690841675 0.0114810932
13.7020998001 3.4317765236 0.0000000000 1.0386801958 -80.0734710693 0.0114690829
13.6996955872 3.4335601330 0.0000000000 1.0396068096 -80.0778198242 0.0114428699
13.6973152161 3.4353470802 0.0000000000 1.0405272245 -80.0821075439 0.0113934744
13.6949443817 3.4371354580 0.0000000000 1.0414410830 -80.0863647461 0.0113506755
13.6925668716 3.4389276505 0.0000000000 1.0423516035 -80.0905685425 0.0113089914
13.6902055740 3.4407181740 0.0000000000 1.0432587862 -80.0947189331 0.0112721585
13.6878547668 3.4425027370 0.0000000000 1.0441579819 -80.0988388062 0.0112475520
13.6855068207 3.4442820549 0.0000000000 1.0450482368 -80.1028823853 0.0112400614
13.6831846237 3.4460642338 0.0000000000 1.0459338427 -80.1069030762 0.0112349633
13.6809148788 3.4478561878 0.0000000000 1.0468122959 -80.1109008789 0.0112234112
13.6786556244 3.4496397972 0.0000000000 1.0476937294 -80.1148529053 0.0112097003
13.6764173508 3.4514148235 0.0000000000 1.0485712290 -80.1187515259 0.0111957258
13.6741771698 3.4531848431 0.0000000000 1.0494457483 -80.1225967407 0.0111733871
13.6719522476 3.4549579620 0.0000000000 1.0503164530 -80.1264190674 0.0111464188
13.6697530746 3.4567344189 0.0000000000 1.0511825085 -80.1302032471 0.0111225434
13.6675281525 3.4585006237 0.0000000000 1.0520548820 -80.1339416504 0.0110988291
13.6653022766 3.4602530003 0.0000000000 1.0529282093 -80.1376419067 0.0110886423
13.6630649567 3.4620039463 0.0000000000 1.0538020134 -80.1412887573 0.0110799521
13.6607875824 3.4637563229 0.0000000000 1.0546736717 -80.1449203491 0.0110809021
13.6585378647 3.4655072689 0.0000000000 1.0555348396 -80.1484756470 0.0110800620
13.6563053131 3.4672577381 0.0000000000 1.0563865900 -80.1520538330 0.0111062322
13.6540517807 3.4690043926 0.0000000000 1.0572342873 -80.1555480957 0.0111219063
13.6518268585 3.4707579613 0.0000000000 1.0580826998 -80.1590118408 0.0111058280
13.6496229172 3.4725298882 0.0000000000 1.0589262247 -80.1624755859 0.0110838264
13.6474199295 3.4743053913 0.0000000000 1.0597730875 -80.1659011841 0.0110634277
13.6452684402 3.4760668278 0.0000000000 1.0606197119 -80.1692962646 0.0110519873
13.6431293488 3.4778156281 0.0000000000 1.0614655018 -80.1726379395 0.0110173244
13.6410064697 3.4795541763 0.0000000000 1.0623077154 -80.1759185791 0.0109750591
13.6388969421 3.4813013077 0.0000000000 1.0631415844 -80.1791839600 0.0109398328
13.6367807388 3.4830493927 0.0000000000 1.0639714003 -80.1824264526 0.0108944625
13.6346340179 3.4848017693 0.0000000000 1.0647977591 -80.1856689453 0.0108723249
13.6324930191 3.4865441322 0.0000000000 1.0656194687 -80.1888427734 0.0108671635
13.6303024292 3.4882659912 0.0000000000 1.0664438009 -80.1919860840 0.0108757690
13.6280946732 3.4899716377 0.0000000000 1.0672645569 -80.1950683594 0.0108693149
13.6258926392 3.4916415215 0.0000000000 1.0680919886 -80.1980743408 0.0108380690
13.6236639023 3.4933075905 0.0000000000 1.0689275265 -80.2010726929 0.0108280033
13.6213750839 3.4949805737 0.0000000000 1.0697627068 -80.2040405273 0.0108432416
13.6190538406 3.4966487885 0.0000000000 1.0705963373 -80.2069702148 0.0108927004
13.6167831421 3.4983184338 0.0000000000 1.0714323521 -80.2099151611 0.0109235458
13.6145095825 3.4999814034 0.0000000000 1.0722725391 -80.2127990723 0.0109256711
13.6122369766 3.5016169548 0.0000000000 1.0731122494 -80.2156448364 0.0109243877
13.6099233627 3.5032441616 0.0000000000 1.0739520788 -80.2184448242 0.0109732142
13.6075496674 3.5048675537 0.0000000000 1.0747897625 -80.2212448120 0.0110257138
13.6051883698 3.5064811707 0.0000000000 1.0756258965 -80.2240142822 0.0110794157
13.6028118134 3.5080778599 0.0000000000 1.0764604807 -80.2267379761 0.0111026801
13.6004590988 3.5096521378 0.0000000000 1.0772951841 -80.2294158936 0.0111072017
13.5980997086 3.5112118721 0.0000000000 1.0781286955 -80.2320785522 0.0110793300
13.5957479477 3.5127713680 0.0000000000 1.0789626837 -80.2347106934 0.0110632535
13.5933732986 3.5143213272 0.0000000000 1.0797902346 -80.2373123169 0.0110619888
13.5909357071 3.5158648491 0.0000000000 1.0806159973 -80.2398986816 0.0110545084
13.5884370804 3.5174148083 0.0000000000 1.0814402103 -80.2424697876 0.0110843182
13.5859489441 3.5189690590 0.0000000000 1.0822592974 -80.2450256348 0.0111556016
13.5834255219 3.5205147266 0.0000000000 1.0830705166 -80.2475891113 0.0112061640
13.5809173584 3.5220427513 0.0000000000 1.0838798285 -80.2500839233 0.0112569015
13.5784330368 3.5235545635 0.0000000000 1.0846956968 -80.2525329590 0.0113022542
13.5759897232 3.5250775814 0.0000000000 1.0855138302 -80.2549819946 0.0113235125
13.5735311508 3.5265951157 0.0000000000 1.0863311291 -80.2574157715 0.0113696158
13.5710716248 3.5281131268 0.0000000000 1.0871455669 -80.2598190308 0.0114451498
13.5686340332 3.5296289921 0.0000000000 1.0879549980 -80.2622070312 0.0114968065
13.5662670135 3.5311446190 0.0000000000 1.0887696743 -80.2645721436 0.0115296114
13.5638923645 3.5326542854 0.0000000000 1.0895868540 -80.2669143677 0.0115112206
13.5615253448 3.5341567993 0.0000000000 1.0904076099 -80.2692260742 0.0114639644
13.5591659546 3.5356388092 0.0000000000 1.0912340879 -80.2714691162 0.0113867074
13.5567808151 3.5371189117 0.0000000000 1.0920577049 -80.2737350464 0.0113064796
13.5544166565 3.5385863781 0.0000000000 1.0928808451 -80.2759552002 0.0112238396
13.5520648956 3.5400297642 0.0000000000 1.0937060118 -80.2781295776 0.0111566288
13.5496730804 3.5414509773 0.0000000000 1.0945328474 -80.2802658081 0.0111202477
13.5472326279 3.5428562164 0.0000000000 1.0953605175 -80.2823791504 0.0111377127
13.5447740555 3.5442519188 0.0000000000 1.0961815119 -80.2844696045 0.0111882836
13.5422897339 3.5456433296 0.0000000000 1.0970000029 -80.2865447998 0.0112860780
13.5398721695 3.5470261574 0.0000000000 1.0978143215 -80.2886047363 0.0113388598
13.5375080109 3.5484118462 0.0000000000 1.0986251831 -80.2906417847 0.0113119893
13.5351686478 3.5497841835 0.0000000000 1.0994343758 -80.2926635742 0.0112262946
13.5327491760 3.5511620045 0.0000000000 1.1002448797 -80.2946624756 0.0111577827
13.5302743912 3.5525445938 0.0000000000 1.1010543108 -80.2966690063 0.0111763207
13.5276880264 3.5539274216 0.0000000000 1.1018711329 -80.2986755371 0.0112589104
13.5249691010 3.5553014278 0.0000000000 1.1026854515 -80.3006362915 0.0113570858
13.5223312378 3.5566599369 0.0000000000 1.1034932137 -80.3025817871 0.0114219282
13.5197362900 3.5580134392 0.0000000000 1.1042919159 -80.3044967651 0.0114173703
13.5171442032 3.5593624115 0.0000000000 1.1050815582 -80.3064117432 0.0114401914
13.5144996643 3.5607199669 0.0000000000 1.1058689356 -80.3083343506 0.0114624370
13.5119638443 3.5620491505 0.0000000000 1.1066584587 -80.3101806641 0.0114819687
13.5093336105 3.5633556843 0.0000000000 1.1074473858 -80.3120117188 0.0115476474
13.5066881180 3.5646479130 0.0000000000 1.1082308292 -80.3138046265 0.0116236713
13.5040655136 3.5659344196 0.0000000000 1.1090161800 -80.3155899048 0.0116706528
13.5015163422 3.5672228336 0.0000000000 1.1098053455 -80.3173828125 0.0116931405
13.4989976883 3.5685133934 0.0000000000 1.1105929613 -80.3191528320 0.0116543118
13.4965248108 3.5698003769 0.0000000000 1.1113773584 -80.3209228516 0.0116033275
13.4941005707 3.5710761547 0.0000000000 1.1121637821 -80.3226928711 0.0115660448
13.4916105270 3.5723316669 0.0000000000 1.1129535437 -80.3244323730 0.0115294680
13.4890298843 3.5735712051 0.0000000000 1.1137484312 -80.3261489868 0.0115539972
13.4865255356 3.5748152733 0.0000000000 1.1145423651 -80.3278427124 0.0115982974
13.4840717316 3.5760684013 0.0000000000 1.1153237820 -80.3295516968 0.0116019771
13.4817266464 3.5773143768 0.0000000000 1.1160979271 -80.3312606812 0.0115814777
13.4794025421 3.5785503387 0.0000000000 1.1168721914 -80.3329391479 0.0115413796
13.4770870209 3.5797817707 0.0000000000 1.1176445484 -80.3345870972 0.0114954403
13.4748058319 3.5809984207 0.0000000000 1.1184173822 -80.3362350464 0.0114670042
13.4725112915 3.5822055340 0.0000000000 1.1191805601 -80.3378448486 0.0114719691
13.4702243805 3.5834081173 0.0000000000 1.1199388504 -80.3394699097 0.0114745880
13.4678974152 3.5846061707 0.0000000000 1.1206941605 -80.3410797119 0.0115012433
13.4655418396 3.5857908726 0.0000000000 1.1214447021 -80.3426513672 0.0115159154
13.4632568359 3.5869596004 0.0000000000 1.1221970320 -80.3442077637 0.0114680491
13.4609670639 3.5881035328 0.0000000000 1.1229482889 -80.3457336426 0.0114100426
13.4586963654 3.5892336369 0.0000000000 1.1237027645 -80.3472290039 0.0113565186
13.4564657211 3.5903582573 0.0000000000 1.1244492531 -80.3487014771 0.0113429241
13.4542570114 3.5914845467 0.0000000000 1.1251869202 -80.3501892090 0.0113419425
13.4520177841 3.5926046371 0.0000000000 1.1259261370 -80.3516464233 0.0113329515
13.4498138428 3.5937085152 0.0000000000 1.1266614199 -80.3530883789 0.0113249226
13.4476051331 3.5947885513 0.0000000000 1.1273900270 -80.3544998169 0.0113180587
13.4454383850 3.5958647728 0.0000000000 1.1281163692 -80.3558959961 0.0112931449
13.4433841705 3.5969254971 0.0000000000 1.1288390160 -80.3572845459 0.0112073598
13.4412736893 3.5979635715 0.0000000000 1.1295560598 -80.3586120605 0.0111591592
13.4392156601 3.5989780426 0.0000000000 1.1302682161 -80.3599166870 0.0111360662
13.4371719360 3.5999889374 0.0000000000 1.1309695244 -80.3612213135 0.0111348331
13.4351873398 3.6010007858 0.0000000000 1.1316637993 -80.3625183105 0.0111367721
13.4332065582 3.6020135880 0.0000000000 1.1323496103 -80.3638153076 0.0111232437
13.4312324524 3.6030328274 0.0000000000 1.1330231428 -80.3651275635 0.0111009963
13.4292516708 3.6040406227 0.0000000000 1.1336876154 -80.3664016724 0.0111057535
13.4272432327 3.6050376892 0.0000000000 1.1343384981 -80.3676757812 0.0111426534
13.4252719879 3.6060304642 0.0000000000 1.1349791288 -80.3689498901 0.0111661851
13.4233160019 3.6070022583 0.0000000000 1.1356133223 -80.3701705933 0.0111626461
13.4214105606 3.6079621315 0.0000000000 1.1362479925 -80.3714141846 0.0111655910
13.4194459915 3.6089153290 0.0000000000 1.1368769407 -80.3726348877 0.0111601241
13.4174365997 3.6098561287 0.0000000000 1.1375064850 -80.3738479614 0.0111775845
13.4154396057 3.6107938290 0.0000000000 1.1381409168 -80.3750762939 0.0111896824
13.4134979248 3.6117246151 0.0000000000 1.1387690306 -80.3762817383 0.0111616123
13.4115324020 3.6126430035 0.0000000000 1.1394009590 -80.3774871826 0.0111237932
13.4095735550 3.6135444641 0.0000000000 1.1400369406 -80.3786544800 0.0110973697
13.4076042175 3.6144313812 0.0000000000 1.1406754255 -80.3797912598 0.0110580921
13.4055995941 3.6153125763 0.0000000000 1.1413129568 -80.3809432983 0.0109972935
13.4035768509 3.6161859035 0.0000000000 1.1419435740 -80.3820800781 0.0109617775
13.4015245438 3.6170580387 0.0000000000 1.1425701380 -80.3832168579 0.0109743951
13.3994426727 3.6179239750 0.0000000000 1.1431919336 -80.3843078613 0.0110053550
13.3973588943 3.6187694073 0.0000000000 1.1438139677 -80.3853759766 0.0110438261
13.3952131271 3.6196155548 0.0000000000 1.1444360018 -80.3864364624 0.0110546239
13.3931016922 3.6204590797 0.0000000000 1.1450603008 -80.3874893188 0.0110771786
13.3909673691 3.6213045120 0.0000000000 1.1456856728 -80.3885498047 0.0111026773
13.3889131546 3.6221458912 0.0000000000 1.1463125944 -80.3895950317 0.0110788364
13.3869085312 3.6229820251 0.0000000000 1.1469463110 -80.3906402588 0.0110043865
13.3848590851 3.6238188744 0.0000000000 1.1475771666 -80.3916854858 0.0109630385
13.3827905655 3.6246390343 0.0000000000 1.1482059956 -80.3927154541 0.0109794214
13.3807210922 3.6254386902 0.0000000000 1.1488412619 -80.3937149048 0.0110088140
13.3785972595 3.6262507439 0.0000000000 1.1494759321 -80.3947448730 0.0110175498
13.3764276505 3.6270561218 0.0000000000 1.1501076221 -80.3957519531 0.0110687837
13.3742437363 3.6278567314 0.0000000000 1.1507433653 -80.3967742920 0.0111410562
13.3720588684 3.6286456585 0.0000000000 1.1513842344 -80.3977508545 0.0112093631
13.3699140549 3.6294236183 0.0000000000 1.1520245075 -80.3987197876 0.0112561630
13.3677864075 3.6301891804 0.0000000000 1.1526733637 -80.3996887207 0.0113082156
13.3656253815 3.6309423447 0.0000000000 1.1533297300 -80.4006271362 0.0113183670
13.3635168076 3.6316795349 0.0000000000 1.1539920568 -80.4015426636 0.0113063306
13.3614139557 3.6324148178 0.0000000000 1.1546595097 -80.4024505615 0.0112804621
13.3592853546 3.6331403255 0.0000000000 1.1553288698 -80.4033660889 0.0112585202
13.3572015762 3.6338605881 0.0000000000 1.1559932232 -80.4042663574 0.0112169292
13.3550748825 3.6345877647 0.0000000000 1.1566569805 -80.4051666260 0.0111588743
13.3528413773 3.6353132725 0.0000000000 1.1573213339 -80.4060668945 0.0111629879
13.3506364822 3.6360239983 0.0000000000 1.1579909325 -80.4069366455 0.0111994259
13.3484449387 3.6367316246 0.0000000000 1.1586602926 -80.4078063965 0.0112023270
13.3462762833 3.6374497414 0.0000000000 1.1593298912 -80.4086914062 0.0112077603
13.3441543579 3.6381700039 0.0000000000 1.1600009203 -80.4095840454 0.0111907348
13.3420457840 3.6388754845 0.0000000000 1.1606695652 -80.4104537964 0.0111685731
13.3399457932 3.6395647526 0.0000000000 1.1613346338 -80.4113006592 0.0111387465
13.3378629684 3.6402373314 0.0000000000 1.1619956493 -80.4121322632 0.0111261085
13.3358478546 3.6409080029 0.0000000000 1.1626532078 -80.4129867554 0.0111290207
13.3337469101 3.6415729523 0.0000000000 1.1633124352 -80.4138107300 0.0111686243
13.3315963745 3.6422228813 0.0000000000 1.1639658213 -80.4146423340 0.0112491921
13.3295221329 3.6428596973 0.0000000000 1.1646121740 -80.4154281616 0.0113242939
13.3274927139 3.6434977055 0.0000000000 1.1652389765 -80.4162292480 0.0113790380
13.3254890442 3.6441276073 0.0000000000 1.1658542156 -80.4170227051 0.0113952290
13.3234815598 3.6447429657 0.0000000000 1.1664623022 -80.4177856445 0.0113901841
13.3215188980 3.6453518867 0.0000000000 1.1670718193 -80.4185409546 0.0113669652
13.3195896149 3.6459555626 0.0000000000 1.1676830053 -80.4193038940 0.0113456063
13.3176689148 3.6465625763 0.0000000000 1.1682817936 -80.4200592041 0.0113122407
13.3157939911 3.6471743584 0.0000000000 1.1688649654 -80.4208068848 0.0112788994
13.3139553070 3.6477608681 0.0000000000 1.1694456339 -80.4215393066 0.0112338644
13.3121089935 3.6483273506 0.0000000000 1.1700237989 -80.4222488403 0.0111631062
13.3101825714 3.6488754749 0.0000000000 1.1706026793 -80.4229125977 0.0111254826
13.3082427979 3.6494297981 0.0000000000 1.1711843014 -80.4235916138 0.0111087188
13.3062791824 3.6499879360 0.0000000000 1.1717679501 -80.4242858887 0.0110768937
13.3042917252 3.6505486965 0.0000000000 1.1723519564 -80.4249877930 0.0110519882
13.3022451401 3.6511030197 0.0000000000 1.1729378700 -80.4256591797 0.0110420501
13.3001871109 3.6516377926 0.0000000000 1.1735271215 -80.4262924194 0.0110438336
13.2981901169 3.6521763802 0.0000000000 1.1741185188 -80.4269256592 0.0110377958
13.2961997986 3.6527044773 0.0000000000 1.1747132540 -80.4275436401 0.0110477917
13.2942752838 3.6532258987 0.0000000000 1.1753125191 -80.4281463623 0.0110599007
13.2923641205 3.6537384987 0.0000000000 1.1759066582 -80.4287338257 0.0110468911
13.2904710770 3.6542398930 0.0000000000 1.1764938831 -80.4293441772 0.0110254157
13.2886304855 3.6547193527 0.0000000000 1.1770845652 -80.4299316406 0.0110108322
13.2867269516 3.6551821232 0.0000000000 1.1776734591 -80.4304885864 0.0110012498
13.2848701477 3.6556346416 0.0000000000 1.1782574654 -80.4310226440 0.0110062743
13.2829475403 3.6560900211 0.0000000000 1.1788413525 -80.4315795898 0.0110022370
13.2810058594 3.6565437317 0.0000000000 1.1794288158 -80.4321136475 0.0110313669
13.2791128159 3.6569857597 0.0000000000 1.1800152063 -80.4326629639 0.0110578192
13.2771692276 3.6574356556 0.0000000000 1.1805990934 -80.4332122803 0.0111084497
13.2752962112 3.6578977108 0.0000000000 1.1811814308 -80.4337921143 0.0111485077
13.2734594345 3.6583549976 0.0000000000 1.1817673445 -80.4343414307 0.0111581013
13.2715797424 3.6588015556 0.0000000000 1.1823501587 -80.4349060059 0.0111310612
13.2697010040 3.6592404842 0.0000000000 1.1829289198 -80.4354476929 0.0111181550
13.2678785324 3.6596896648 0.0000000000 1.1835069656 -80.4360198975 0.0111162681
13.2661113739 3.6601514816 0.0000000000 1.1840823889 -80.4365844727 0.0110911671
13.2642908096 3.6606132984 0.0000000000 1.1846575737 -80.4371643066 0.0110915415
13.2624654770 3.6610729694 0.0000000000 1.1852346659 -80.4377441406 0.0111145098
13.2606420517 3.6615188122 0.0000000000 1.1858077049 -80.4383010864 0.0111379391
13.2588224411 3.6619637012 0.0000000000 1.1863777637 -80.4388351440 0.0111500071
13.2570104599 3.6624150276 0.0000000000 1.1869466305 -80.4393920898 0.0111392206
13.2551746368 3.6628522873 0.0000000000 1.1875163317 -80.4399490356 0.0111346785
13.2533731461 3.6632802486 0.0000000000 1.1880922318 -80.4404602051 0.0110964291
13.2516050339 3.6637063026 0.0000000000 1.1886745691 -80.4409942627 0.0110374270
13.2497310638 3.6641242504 0.0000000000 1.1892621517 -80.4415130615 0.0110122301
13.2478475571 3.6645488739 0.0000000000 1.1898492575 -80.4420318604 0.0110259131
13.2459640503 3.6649813652 0.0000000000 1.1904311180 -80.4425735474 0.0110480692
13.2440233231 3.6654105186 0.0000000000 1.1910165548 -80.4431076050 0.0110699292
13.2420701981 3.6658384800 0.0000000000 1.1916031837 -80.4436340332 0.0110944230
13.2401523590 3.6662569046 0.0000000000 1.1921848059 -80.4441375732 0.0111033302
13.2383117676 3.6666665077 0.0000000000 1.1927664280 -80.4446487427 0.0110995872
13.2363805771 3.6670610905 0.0000000000 1.1933467388 -80.4451370239 0.0111017199
13.2343997955 3.6674439907 0.0000000000 1.1939226389 -80.4455718994 0.0111052450
13.2324399948 3.6678278446 0.0000000000 1.1944864988 -80.4460296631 0.0111188516
13.2304878235 3.6681973934 0.0000000000 1.1950554848 -80.4464721680 0.0111434516
13.2285671234 3.6685736179 0.0000000000 1.1956187487 -80.4469299316 0.0111687332
13.2267026901 3.6689388752 0.0000000000 1.1961834431 -80.4473724365 0.0111653470
13.2248420715 3.6692924500 0.0000000000 1.1967447996 -80.4477844238 0.0111475494
13.2230234146 3.6696424484 0.0000000000 1.1973024607 -80.4482192993 0.0111221410
13.2212085724 3.6700012684 0.0000000000 1.1978633404 -80.4486465454 0.0110944547
13.2194013596 3.6703512669 0.0000000000 1.1984235048 -80.4490814209 0.0110558225
13.2175416946 3.6706943512 0.0000000000 1.1989765167 -80.4495086670 0.0110133458
13.2156572342 3.6710245609 0.0000000000 1.1995289326 -80.4499053955 0.0109773027
13.2137250900 3.6713449955 0.0000000000 1.2000844479 -80.4502944946 0.0109775979
13.2118139267 3.6716542244 0.0000000000 1.2006361485 -80.4506683350 0.0109973401
13.2098951340 3.6719684601 0.0000000000 1.2011890411 -80.4510574341 0.0109884664
13.2079715729 3.6722886562 0.0000000000 1.2017381191 -80.4514465332 0.0109514734
13.2060279846 3.6726107597 0.0000000000 1.2022825480 -80.4518432617 0.0109281726
13.2041044235 3.6729233265 0.0000000000 1.2028275728 -80.4522323608 0.0109282359
13.2022047043 3.6732282639 0.0000000000 1.2033678293 -80.4525833130 0.0109443683
13.2002983093 3.6735117435 0.0000000000 1.2039060593 -80.4529190063 0.0109588718
13.1983785629 3.6737987995 0.0000000000 1.2044397593 -80.4532623291 0.0109837297
13.1964797974 3.6740882397 0.0000000000 1.2049702406 -80.4536056519 0.0110021178
13.1945257187 3.6743705273 0.0000000000 1.2055009604 -80.4539413452 0.0110221095
13.1925497055 3.6746506691 0.0000000000 1.2060338259 -80.4542694092 0.0110290051
13.1905574799 3.6749415398 0.0000000000 1.2065695524 -80.4546356201 0.0110123912
13.1885547638 3.6752176285 0.0000000000 1.2071095705 -80.4549560547 0.0109744091
13.1864423752 3.6755008698 0.0000000000 1.2076480389 -80.4552917480 0.0109577999
13.1843461990 3.6757888794 0.0000000000 1.2081885338 -80.4556198120 0.0109695699
13.1822128296 3.6760764122 0.0000000000 1.2087235451 -80.4559478760 0.0109994579
13.1800842285 3.6763594151 0.0000000000 1.2092580795 -80.4562759399 0.0110491626
13.1779270172 3.6766538620 0.0000000000 1.2097920179 -80.4566040039 0.0111171398
13.1757183075 3.6769490242 0.0000000000 1.2103270292 -80.4569244385 0.0111661851
13.1734867096 3.6772286892 0.0000000000 1.2108583450 -80.4572296143 0.0112359589
13.1713056564 3.6775038242 0.0000000000 1.2113867998 -80.4575347900 0.0113384519
13.1692056656 3.6777639389 0.0000000000 1.2119174004 -80.4578323364 0.0114282239
13.1672229767 3.6780145168 0.0000000000 1.2124468088 -80.4581069946 0.0114686619
13.1653051376 3.6782653332 0.0000000000 1.2129790783 -80.4583740234 0.0114744399
13.1634645462 3.6785171032 0.0000000000 1.2135167122 -80.4586639404 0.0114157610
13.1616573334 3.6787636280 0.0000000000 1.2140567303 -80.4589385986 0.0113308523
13.1598396301 3.6790010929 0.0000000000 1.2145926952 -80.4592056274 0.0112442868
13.1579742432 3.6792318821 0.0000000000 1.2151261568 -80.4594573975 0.0111847566
13.1561307907 3.6794550419 0.0000000000 1.2156565189 -80.4597320557 0.0111462139
13.1543378830 3.6796820164 0.0000000000 1.2161879539 -80.4599838257 0.0111068822
13.1525106430 3.6799306870 0.0000000000 1.2167247534 -80.4602661133 0.0110725230
13.1506681442 3.6801939011 0.0000000000 1.2172580957 -80.4605560303 0.0110647026
13.1488943100 3.6804583073 0.0000000000 1.2177885771 -80.4608612061 0.0110255973
13.1471567154 3.6807014942 0.0000000000 1.2183136940 -80.4611511230 0.0109923184
13.1454076767 3.6809420586 0.0000000000 1.2188329697 -80.4614334106 0.0109444223
13.1436862946 3.6811821461 0.0000000000 1.2193520069 -80.4617233276 0.0108890738
13.1418237686 3.6814148426 0.0000000000 1.2198770046 -80.4619979858 0.0108887330
13.1399526596 3.6816470623 0.0000000000 1.2204096317 -80.4622573853 0.0109262364
13.1381177902 3.6818842888 0.0000000000 1.2209422588 -80.4625549316 0.0109723713
13.1363706589 3.6821312904 0.0000000000 1.2214655876 -80.4628601074 0.0109743206
13.1346492767 3.6823656559 0.0000000000 1.2219812870 -80.4631347656 0.0109675638
13.1329679489 3.6826088428 0.0000000000 1.2224917412 -80.4634170532 0.0109533779
13.1313095093 3.6828713417 0.0000000000 1.2229965925 -80.4637222290 0.0109226480
13.1296539307 3.6831429005 0.0000000000 1.2234952450 -80.4640350342 0.0108663533
13.1279964447 3.6834089756 0.0000000000 1.2239907980 -80.4643630981 0.0108494330
13.1263027191 3.6836624146 0.0000000000 1.2244808674 -80.4646606445 0.0108522102
13.1245679855 3.6839146614 0.0000000000 1.2249724865 -80.4649505615 0.0108569479
13.1227970123 3.6841719151 0.0000000000 1.2254670858 -80.4652481079 0.0108599421
13.1209926605 3.6844270229 0.0000000000 1.2259579897 -80.4655380249 0.0108916461
13.1191492081 3.6846923828 0.0000000000 1.2264407873 -80.4658355713 0.0109143835
13.1174030304 3.6849629879 0.0000000000 1.2269190550 -80.4661407471 0.0109307654
13.1156406403 3.6852328777 0.0000000000 1.2273913622 -80.4664459229 0.0109214270
13.1138610840 3.6854906082 0.0000000000 1.2278676033 -80.4667282104 0.0109338555
13.1121482849 3.6857485771 0.0000000000 1.2283468246 -80.4670104980 0.0109473709
13.1104784012 3.6860077381 0.0000000000 1.2288339138 -80.4673004150 0.0109378090
13.1088428497 3.6862764359 0.0000000000 1.2293139696 -80.4676055908 0.0109029450
13.1072034836 3.6865367889 0.0000000000 1.2297806740 -80.4679107666 0.0108484048
13.1055679321 3.6868002415 0.0000000000 1.2302422523 -80.4682006836 0.0108020268
13.1038942337 3.6870663166 0.0000000000 1.2307044268 -80.4684906006 0.0107793184
13.1022586823 3.6873373985 0.0000000000 1.2311675549 -80.4687957764 0.0107495496
13.1006059647 3.6875994205 0.0000000000 1.2316331863 -80.4690856934 0.0107189827
13.0989065170 3.6878616810 0.0000000000 1.2320972681 -80.4693679810 0.0107286125
13.0971946716 3.6881313324 0.0000000000 1.2325632572 -80.4696731567 0.0107420618
13.0954847336 3.6884045601 0.0000000000 1.2330291271 -80.4699707031 0.0107452292
13.0937747955 3.6886501312 0.0000000000 1.2334994078 -80.4702453613 0.0107459910
13.0920343399 3.6888732910 0.0000000000 1.2339781523 -80.4704971313 0.0107393228
13.0903053284 3.6890985966 0.0000000000 1.2344509363 -80.4707336426 0.0107363202
13.0885467529 3.6893279552 0.0000000000 1.2349311113 -80.4709777832 0.0107524078
13.0867824554 3.6895627975 0.0000000000 1.2354112864 -80.4712219238 0.0107718688
13.0849838257 3.6897993088 0.0000000000 1.2358934879 -80.4714584351 0.0107848588
13.0832023621 3.6900475025 0.0000000000 1.2363717556 -80.4717178345 0.0107876677
13.0814743042 3.6903083324 0.0000000000 1.2368505001 -80.4719848633 0.0107739065
13.0797052383 3.6905775070 0.0000000000 1.2373361588 -80.4722747803 0.0107699744
13.0779380798 3.6908383369 0.0000000000 1.2378265858 -80.4725646973 0.0107390909
13.0761528015 3.6910996437 0.0000000000 1.2383174896 -80.4728622437 0.0107011851
13.0743274689 3.6913657188 0.0000000000 1.2388154268 -80.4731597900 0.0106660165
13.0724754333 3.6916165352 0.0000000000 1.2393251657 -80.4734497070 0.0106497705
13.0706377029 3.6918640137 0.0000000000 1.2398313284 -80.4737091064 0.0106473546
13.0688114166 3.6921083927 0.0000000000 1.2403353453 -80.4739837646 0.0106405411
13.0670070648 3.6923565865 0.0000000000 1.2408313751 -80.4742584229 0.0106423907
13.0651464462 3.6926074028 0.0000000000 1.2413239479 -80.4745483398 0.0106632710
13.0632276535 3.6928548813 0.0000000000 1.2418174744 -80.4748153687 0.0106951660
13.0612373352 3.6930847168 0.0000000000 1.2423174381 -80.4750518799 0.0107380962
13.0592546463 3.6932880878 0.0000000000 1.2428176403 -80.4752807617 0.0107648391
13.0573005676 3.6934990883 0.0000000000 1.2433185577 -80.4754943848 0.0108207120
13.0553379059 3.6937174797 0.0000000000 1.2438266277 -80.4757308960 0.0108632036
13.0534162521 3.6939516068 0.0000000000 1.2443333864 -80.4759902954 0.0108743757
13.0515298843 3.6941871643 0.0000000000 1.2448359728 -80.4762420654 0.0108458707
13.0496644974 3.6944181919 0.0000000000 1.2453396320 -80.4765167236 0.0108097428
13.0477962494 3.6946582794 0.0000000000 1.2458351851 -80.4767990112 0.0107569955
13.0459232330 3.6949002743 0.0000000000 1.2463248968 -80.4770812988 0.0107199941
13.0440378189 3.6951081753 0.0000000000 1.2468265295 -80.4773101807 0.0107152257
13.0422286987 3.6952979565 0.0000000000 1.2473282814 -80.4775161743 0.0107022654
13.0404644012 3.6954839230 0.0000000000 1.2478337288 -80.4777374268 0.0106691271
13.0386972427 3.6956784725 0.0000000000 1.2483413219 -80.4779739380 0.0106461393
13.0369348526 3.6958806515 0.0000000000 1.2488414049 -80.4782104492 0.0106112752
13.0351333618 3.6960532665 0.0000000000 1.2493414879 -80.4784240723 0.0106018893
13.0333480835 3.6962156296 0.0000000000 1.2498400211 -80.4786071777 0.0105874632
13.0315189362 3.6963844299 0.0000000000 1.2503372431 -80.4788055420 0.0105745755
13.0297079086 3.6965715885 0.0000000000 1.2508374453 -80.4790115356 0.0105894338
13.0278940201 3.6967649460 0.0000000000 1.2513390779 -80.4792175293 0.0106000192
13.0260572433 3.6969599724 0.0000000000 1.2518471479 -80.4794464111 0.0106104556
13.0242557526 3.6971542835 0.0000000000 1.2523643970 -80.4796752930 0.0105899349
13.0224781036 3.6973433495 0.0000000000 1.2528755665 -80.4798889160 0.0105724391
13.0206594467 3.6975395679 0.0000000000 1.2533797026 -80.4801254272 0.0105892587
13.0188694000 3.6977424622 0.0000000000 1.2538787127 -80.4803543091 0.0106165707
13.0170431137 3.6979434490 0.0000000000 1.2543745041 -80.4805831909 0.0106302155
13.0152549744 3.6981465816 0.0000000000 1.2548717260 -80.4808197021 0.0106248092
13.0135307312 3.6983637810 0.0000000000 1.2553714514 -80.4810714722 0.0105949827
13.0118265152 3.6985678673 0.0000000000 1.2558629513 -80.4813232422 0.0105416635
13.0100364685 3.6987364292 0.0000000000 1.2563575506 -80.4815292358 0.0105159665
13.0082550049 3.6988914013 0.0000000000 1.2568578720 -80.4817123413 0.0104920343
13.0064907074 3.6990611553 0.0000000000 1.2573580742 -80.4819335938 0.0104873972
13.0047121048 3.6992502213 0.0000000000 1.2578605413 -80.4821777344 0.0104858615
13.0029106140 3.6994380951 0.0000000000 1.2583577633 -80.4823989868 0.0105005978
13.0011310577 3.6996314526 0.0000000000 1.2588495016 -80.4826354980 0.0105139706
12.9993343353 3.6998198032 0.0000000000 1.2593417168 -80.4828338623 0.0105228722
12.9974975586 3.7000000477 0.0000000000 1.2598320246 -80.4830627441 0.0105349682
12.9956264496 3.7001645565 0.0000000000 1.2603306770 -80.4832458496 0.0105428230
12.9937276840 3.7003180981 0.0000000000 1.2608361244 -80.4834289551 0.0105523895
12.9918155670 3.7004823685 0.0000000000 1.2613415718 -80.4836120605 0.0105598681
12.9898700714 3.7006525993 0.0000000000 1.2618528605 -80.4837951660 0.0105713774
12.9879035950 3.7008273602 0.0000000000 1.2623715401 -80.4839935303 0.0105897197
12.9859352112 3.7010042667 0.0000000000 1.2628955841 -80.4841918945 0.0105956364
12.9839582443 3.7011744976 0.0000000000 1.2634235620 -80.4843826294 0.0105814040
12.9819869995 3.7013463974 0.0000000000 1.2639486790 -80.4845733643 0.0105625391
12.9800052643 3.7015137672 0.0000000000 1.2644751072 -80.4847564697 0.0105593465
12.9780206680 3.7016878128 0.0000000000 1.2649996281 -80.4849395752 0.0105578955
12.9760084152 3.7018556595 0.0000000000 1.2655206919 -80.4851226807 0.0105802231
12.9740257263 3.7020163536 0.0000000000 1.2660397291 -80.4853363037 0.0105964048
12.9720277786 3.7021570206 0.0000000000 1.2665569782 -80.4854965210 0.0106144520
12.9699859619 3.7022800446 0.0000000000 1.2670733929 -80.4856719971 0.0106139435
12.9679183960 3.7024106979 0.0000000000 1.2675893307 -80.4858245850 0.0105840787
12.9658603668 3.7025499344 0.0000000000 1.2681121826 -80.4860000610 0.0105583863
12.9637889862 3.7026975155 0.0000000000 1.2686346769 -80.4861755371 0.0105476789
12.9616937637 3.7028679848 0.0000000000 1.2691487074 -80.4863815308 0.0105403271
12.9595623016 3.7030460835 0.0000000000 1.2696624994 -80.4866027832 0.0105546191
12.9574556351 3.7032060623 0.0000000000 1.2701848745 -80.4867935181 0.0105785895
12.9553794861 3.7033543587 0.0000000000 1.2707107067 -80.4869689941 0.0105883051
12.9533262253 3.7034978867 0.0000000000 1.2712420225 -80.4871368408 0.0105844876
12.9513082504 3.7036416531 0.0000000000 1.2717819214 -80.4873046875 0.0105710868
12.9492959976 3.7037968636 0.0000000000 1.2723290920 -80.4875030518 0.0105549172
12.9472808838 3.7039577961 0.0000000000 1.2728751898 -80.4876785278 0.0105385929
12.9452753067 3.7041263580 0.0000000000 1.2734166384 -80.4878616333 0.0105127692
12.9432229996 3.7042942047 0.0000000000 1.2739561796 -80.4880447388 0.0105006173
12.9411640167 3.7044367790 0.0000000000 1.2744977474 -80.4882049561 0.0104838545
12.9390659332 3.7045691013 0.0000000000 1.2750471830 -80.4883575439 0.0104608722
12.9369983673 3.7046995163 0.0000000000 1.2756009102 -80.4885101318 0.0104408339
12.9349164963 3.7048194408 0.0000000000 1.2761595249 -80.4886474609 0.0104283458
12.9328269958 3.7049353123 0.0000000000 1.2767136097 -80.4887771606 0.0104076788
12.9307565689 3.7050449848 0.0000000000 1.2772673368 -80.4888916016 0.0103802290
12.9287157059 3.7051842213 0.0000000000 1.2778159380 -80.4890518188 0.0103494069
12.9266853333 3.7053122520 0.0000000000 1.2783646584 -80.4892044067 0.0103371553
12.9246664047 3.7054388523 0.0000000000 1.2789208889 -80.4893493652 0.0103298109
12.9226303101 3.7055737972 0.0000000000 1.2794866562 -80.4894866943 0.0103072887
12.9205513000 3.7057304382 0.0000000000 1.2800570726 -80.4896469116 0.0103004407
12.9184751511 3.7058765888 0.0000000000 1.2806301117 -80.4898223877 0.0103126653
12.9164190292 3.7060165405 0.0000000000 1.2811980247 -80.4899597168 0.0103094094
12.9144210815 3.7061529160 0.0000000000 1.2817560434 -80.4901123047 0.0102927778
12.9124727249 3.7063002586 0.0000000000 1.2823100090 -80.4902801514 0.0102799907
12.9105319977 3.7064499855 0.0000000000 1.2828652859 -80.4904632568 0.0102561582
12.9085979462 3.7065811157 0.0000000000 1.2834157944 -80.4906082153 0.0102400482
12.9065990448 3.7067191601 0.0000000000 1.2839659452 -80.4907608032 0.0102249254
12.9046134949 3.7068846226 0.0000000000 1.2845175266 -80.4909515381 0.0102289598
12.9026470184 3.7070505619 0.0000000000 1.2850686312 -80.4911422729 0.0102507249
12.9006042480 3.7071917057 0.0000000000 1.2856211662 -80.4913024902 0.0102878362
12.8985519409 3.7073171139 0.0000000000 1.2861783504 -80.4914398193 0.0103208777
12.8965272903 3.7074458599 0.0000000000 1.2867381573 -80.4915542603 0.0103460448
12.8945398331 3.7076003551 0.0000000000 1.2872960567 -80.4917068481 0.0103621706
12.8925304413 3.7077553272 0.0000000000 1.2878514528 -80.4918594360 0.0103988461
12.8905096054 3.7079050541 0.0000000000 1.2884050608 -80.4920196533 0.0104655344
12.8885107040 3.7080624104 0.0000000000 1.2889573574 -80.4921646118 0.0105246175
12.8865299225 3.7082254887 0.0000000000 1.2895071507 -80.4923400879 0.0105626583
12.8845014572 3.7083759308 0.0000000000 1.2900524139 -80.4924926758 0.0105740419
12.8824663162 3.7085220814 0.0000000000 1.2905980349 -80.4926376343 0.0105417799
12.8804244995 3.7086703777 0.0000000000 1.2911466360 -80.4927978516 0.0105107799
12.8784646988 3.7088150978 0.0000000000 1.2916934490 -80.4929504395 0.0104505429
12.8765048981 3.7089464664 0.0000000000 1.2922345400 -80.4931030273 0.0103926528
12.8745260239 3.7090919018 0.0000000000 1.2927671671 -80.4932708740 0.0103668328
12.8724946976 3.7092406750 0.0000000000 1.2932947874 -80.4934234619 0.0103849499
12.8704986572 3.7094035149 0.0000000000 1.2938278913 -80.4936141968 0.0103983264
12.8685588837 3.7095682621 0.0000000000 1.2943605185 -80.4938125610 0.0103908116
12.8666467667 3.7097249031 0.0000000000 1.2948882580 -80.4939880371 0.0103715546
12.8647661209 3.7099015713 0.0000000000 1.2954078913 -80.4941940308 0.0103427805
12.8628406525 3.7100720406 0.0000000000 1.2959320545 -80.4943771362 0.0103214541
12.8609046936 3.7102408409 0.0000000000 1.2964575291 -80.4945755005 0.0103356577
12.8588819504 3.7103993893 0.0000000000 1.2969809771 -80.4947357178 0.0103733372
12.8568372726 3.7105538845 0.0000000000 1.2975050211 -80.4949111938 0.0104311556
12.8548116684 3.7107074261 0.0000000000 1.2980214357 -80.4950866699 0.0104602138
12.8528356552 3.7108662128 0.0000000000 1.2985373735 -80.4952850342 0.0104333963
12.8508663177 3.7110102177 0.0000000000 1.2990597486 -80.4954605103 0.0103638582
12.8489246368 3.7111651897 0.0000000000 1.2995859385 -80.4956665039 0.0102861095
12.8469343185 3.7113373280 0.0000000000 1.3001174927 -80.4958648682 0.0102243824
12.8449001312 3.7115352154 0.0000000000 1.3006489277 -80.4961242676 0.0101829851
12.8428239822 3.7117214203 0.0000000000 1.3011928797 -80.4963302612 0.0101563260
12.8407154083 3.7118937969 0.0000000000 1.3017361164 -80.4965362549 0.0101372972
12.8386392593 3.7120654583 0.0000000000 1.3022813797 -80.4967346191 0.0101153459
12.8365163803 3.7122495174 0.0000000000 1.3028341532 -80.4969711304 0.0101080006
12.8343276978 3.7124338150 0.0000000000 1.3033980131 -80.4971694946 0.0101278163
12.8320455551 3.7126142979 0.0000000000 1.3039658070 -80.4973754883 0.0101719424
12.8296995163 3.7127785683 0.0000000000 1.3045387268 -80.4975738525 0.0102372887
12.8274059296 3.7129313946 0.0000000000 1.3051122427 -80.4977340698 0.0103171384
12.8251886368 3.7131013870 0.0000000000 1.3056832552 -80.4979248047 0.0103692310
12.8229589462 3.7132918835 0.0000000000 1.3062617779 -80.4981384277 0.0104098096
12.8207597733 3.7134616375 0.0000000000 1.3068431616 -80.4983139038 0.0104228565
12.8185501099 3.7136099339 0.0000000000 1.3074240685 -80.4984588623 0.0104285497
12.8162946701 3.7137489319 0.0000000000 1.3080103397 -80.4985885620 0.0104129622
12.8140134811 3.7139010429 0.0000000000 1.3085989952 -80.4987487793 0.0103995800
12.8117237091 3.7140576839 0.0000000000 1.3091920614 -80.4988937378 0.0103999637
12.8093709946 3.7142045498 0.0000000000 1.3097864389 -80.4990386963 0.0104270335
12.8069667816 3.7143254280 0.0000000000 1.3103715181 -80.4991302490 0.0104479790
12.8045063019 3.7144463062 0.0000000000 1.3109539747 -80.4992370605 0.0104476074
12.8020153046 3.7145779133 0.0000000000 1.3115383387 -80.4993515015 0.0104452614
12.7994737625 3.7147243023 0.0000000000 1.3121254444 -80.4994888306 0.0104550272
12.7968997955 3.7148814201 0.0000000000 1.3127101660 -80.4996337891 0.0104805743
12.7942905426 3.7150449753 0.0000000000 1.3132910728 -80.4997940063 0.0105063561
12.7916507721 3.7151916027 0.0000000000 1.3138766289 -80.4999237061 0.0105510503
12.7889719009 3.7153389454 0.0000000000 1.3144603968 -80.5000762939 0.0105829109
12.7862005234 3.7154843807 0.0000000000 1.3150525093 -80.5001907349 0.0106270593
12.7834024429 3.7156288624 0.0000000000 1.3156414032 -80.5003204346 0.0106500676
12.7806730270 3.7157559395 0.0000000000 1.3162326813 -80.5004119873 0.0106395781
12.7779569626 3.7158896923 0.0000000000 1.3168290854 -80.5005187988 0.0106325857
12.7753190994 3.7160148621 0.0000000000 1.3174355030 -80.5006256104 0.0106265433
12.7726659775 3.7161371708 0.0000000000 1.3180553913 -80.5007171631 0.0106108403
12.7699823380 3.7162621021 0.0000000000 1.3186861277 -80.5008316040 0.0105908746
12.7672910690 3.7163913250 0.0000000000 1.3193205595 -80.5009384155 0.0105612837
12.7646379471 3.7165257931 0.0000000000 1.3199620247 -80.5010604858 0.0105377901
12.7620010376 3.7166647911 0.0000000000 1.3206143379 -80.5011596680 0.0105265724
12.7593278885 3.7167859077 0.0000000000 1.3212875128 -80.5012435913 0.0105231740
12.7566738129 3.7168974876 0.0000000000 1.3219636679 -80.5013275146 0.0105228983
12.7539691925 3.7170214653 0.0000000000 1.3226462603 -80.5014114380 0.0105181495
12.7513008118 3.7171609402 0.0000000000 1.3233238459 -80.5015487671 0.0105117708
12.7485866547 3.7173018456 0.0000000000 1.3240028620 -80.5016708374 0.0105074551
12.7458257675 3.7174327374 0.0000000000 1.3246876001 -80.5017852783 0.0105197132
12.7430181503 3.7175488472 0.0000000000 1.3253806829 -80.5018539429 0.0105245877
12.7400999069 3.7176859379 0.0000000000 1.3260868788 -80.5019760132 0.0105451727
12.7371358871 3.7178225517 0.0000000000 1.3268058300 -80.5020599365 0.0105621647
12.7341079712 3.7179710865 0.0000000000 1.3275275230 -80.5021743774 0.0105996337
12.7310810089 3.7181477547 0.0000000000 1.3282508850 -80.5023193359 0.0106501132
12.7280435562 3.7183239460 0.0000000000 1.3289825916 -80.5024719238 0.0106638391
12.7249584198 3.7185120583 0.0000000000 1.3297219276 -80.5026397705 0.0106701944
12.7218074799 3.7187008858 0.0000000000 1.3304589987 -80.5027923584 0.0106640514
12.7186031342 3.7188725471 0.0000000000 1.3312005997 -80.5029373169 0.0106266858
12.7154474258 3.7190327644 0.0000000000 1.3319429159 -80.5030746460 0.0106098047
12.7122592926 3.7191789150 0.0000000000 1.3326847553 -80.5031967163 0.0106135029
12.7089719772 3.7193310261 0.0000000000 1.3334300518 -80.5033187866 0.0106370104
12.7056207657 3.7194709778 0.0000000000 1.3341743946 -80.5034484863 0.0106613655
12.7022466660 3.7196195126 0.0000000000 1.3349220753 -80.5035858154 0.0106772818
12.6988735199 3.7197804451 0.0000000000 1.3356739283 -80.5037384033 0.0106942132
12.6955347061 3.7199168205 0.0000000000 1.3364259005 -80.5038604736 0.0107215624
