#         COST_U        COST_H      COST_D       COST_S       REGU_H       REGU_S          HPO           COSTGLEN 
984.6513671875 0.0000000000 0.0000000000 0.0000000000 37.8168411255 0.0000000000 7.4617252350
302.7984313965 0.0000000000 0.0000000000 0.1231160983 37.4690475464 0.0000000000 2.2345345020
112.8718261719 0.0000000000 0.0000000000 0.4206666350 36.1791496277 0.0000000000 0.0475330353
97.2582015991 0.0000000000 0.0000000000 0.8036337495 35.2048034668 0.0000000000 -0.2346997261
104.5184249878 0.0000000000 0.0000000000 1.2138509750 35.5733833313 0.0000000000 -0.1512932777
106.7698516846 0.0000000000 0.0000000000 1.6214658022 36.3681411743 0.0000000000 -0.0669993162
100.7360839844 0.0000000000 0.0000000000 2.0116565228 37.3286132812 0.0000000000 -0.0356076956
90.6284866333 0.0000000000 0.0000000000 2.3769049644 38.1628723145 0.0000000000 -0.0329169035
79.3062591553 0.0000000000 0.0000000000 2.7117381096 38.2906455994 0.0000000000 -0.0502148867
67.9605102539 0.0000000000 0.0000000000 3.0128753185 37.8860397339 0.0000000000 -0.0817475319
57.3117675781 0.0000000000 0.0000000000 3.2778077126 37.2042961121 0.0000000000 -0.1192586422
48.0641250610 0.0000000000 0.0000000000 3.5050334930 36.5390243530 0.0000000000 -0.1543571949
40.5480155945 0.0000000000 0.0000000000 3.6935355663 36.1858558655 0.0000000000 -0.1840380430
34.6065139771 0.0000000000 0.0000000000 3.8436269760 35.9110298157 0.0000000000 -0.2080301642
30.0314407349 0.0000000000 0.0000000000 3.9562857151 35.6765518188 0.0000000000 -0.2271193266
26.5550022125 0.0000000000 0.0000000000 4.0333228111 35.3914909363 0.0000000000 -0.2416892648
23.9576148987 0.0000000000 0.0000000000 4.0769991875 35.2239151001 0.0000000000 -0.2533577085
22.0708274841 0.0000000000 0.0000000000 4.0898714066 35.0892868042 0.0000000000 -0.2624887228
20.7582130432 0.0000000000 0.0000000000 4.0748100281 35.0123023987 0.0000000000 -0.2695016265
19.9026184082 0.0000000000 0.0000000000 4.0348758698 34.8998413086 0.0000000000 -0.2745904922
19.4006328583 0.0000000000 0.0000000000 3.9730608463 34.7611236572 0.0000000000 -0.2773853540
19.1531562805 0.0000000000 0.0000000000 3.8924283981 34.6057434082 0.0000000000 -0.2782934308
19.0681056976 0.0000000000 0.0000000000 3.7959673405 34.4385337830 0.0000000000 -0.2781326771
19.0729923248 0.0000000000 0.0000000000 3.6864671707 34.2770118713 0.0000000000 -0.2775479853
19.1115379333 0.0000000000 0.0000000000 3.5667076111 34.1268196106 0.0000000000 -0.2768791318
19.1453132629 0.0000000000 0.0000000000 3.4392211437 33.9900321960 0.0000000000 -0.2765173316
19.1504459381 0.0000000000 0.0000000000 3.3063349724 33.8619995117 0.0000000000 -0.2766076326
19.1131248474 0.0000000000 0.0000000000 3.1701447964 33.7451934814 0.0000000000 -0.2771806717
19.0292987823 0.0000000000 0.0000000000 3.0325133801 33.6337814331 0.0000000000 -0.2783586979
18.8963203430 0.0000000000 0.0000000000 2.8950779438 33.5229911804 0.0000000000 -0.2800349593
18.7174835205 0.0000000000 0.0000000000 2.7592034340 33.4138603210 0.0000000000 -0.2822632492
18.5001468658 0.0000000000 0.0000000000 2.6260395050 33.3075599670 0.0000000000 -0.2850046158
18.2501525879 0.0000000000 0.0000000000 2.4964742661 33.1924705505 0.0000000000 -0.2881933749
17.9759883881 0.0000000000 0.0000000000 2.3712303638 33.0674095154 0.0000000000 -0.2917279005
17.6854095459 0.0000000000 0.0000000000 2.2508773804 32.9473495483 0.0000000000 -0.2956798673
17.3867435455 0.0000000000 0.0000000000 2.1358153820 32.8362464905 0.0000000000 -0.2998085916
17.0889053345 0.0000000000 0.0000000000 2.0263144970 32.7597160339 0.0000000000 -0.3042833507
16.8003654480 0.0000000000 0.0000000000 1.9224944115 32.7104949951 0.0000000000 -0.3087891042
16.5303039551 0.0000000000 0.0000000000 1.8244111538 32.6827697754 0.0000000000 -0.3134981394
16.2853660583 0.0000000000 0.0000000000 1.7320189476 32.6688880920 0.0000000000 -0.3182358146
16.0710792542 0.0000000000 0.0000000000 1.6452556849 32.6688156128 0.0000000000 -0.3230102360
15.8920125961 0.0000000000 0.0000000000 1.5639976263 32.6695861816 0.0000000000 -0.3278528452
15.7523641586 0.0000000000 0.0000000000 1.4880646467 32.6745414734 0.0000000000 -0.3327092528
15.6557283401 0.0000000000 0.0000000000 1.4172444344 32.6881179810 0.0000000000 -0.3376142979
15.6048965454 0.0000000000 0.0000000000 1.3513129950 32.6989707947 0.0000000000 -0.3425373733
15.6001491547 0.0000000000 0.0000000000 1.2900129557 32.7061386108 0.0000000000 -0.3475717902
15.6411409378 0.0000000000 0.0000000000 1.2330759764 32.7081565857 0.0000000000 -0.3526116014
15.7271060944 0.0000000000 0.0000000000 1.1802250147 32.7015876770 0.0000000000 -0.3574447632
15.8586034775 0.0000000000 0.0000000000 1.1312264204 32.6874809265 0.0000000000 -0.3626448214
16.0323638916 0.0000000000 0.0000000000 1.0858688354 32.6669845581 0.0000000000 -0.3675052524
16.2453575134 0.0000000000 0.0000000000 1.0439794064 32.6335563660 0.0000000000 -0.3722644448
16.4950847626 0.0000000000 0.0000000000 1.0054211617 32.5989646912 0.0000000000 -0.3769053817
16.7753028870 0.0000000000 0.0000000000 0.9701077938 32.5788230896 0.0000000000 -0.3813559413
17.0826663971 0.0000000000 0.0000000000 0.9379990697 32.5629005432 0.0000000000 -0.3854041100
17.4116897583 0.0000000000 0.0000000000 0.9090634584 32.5310173035 0.0000000000 -0.3892130852
17.7532882690 0.0000000000 0.0000000000 0.8832774758 32.4937705994 0.0000000000 -0.3926091790
18.0987091064 0.0000000000 0.0000000000 0.8606398106 32.4545173645 0.0000000000 -0.3956815004
18.4366016388 0.0000000000 0.0000000000 0.8411796689 32.4118576050 0.0000000000 -0.3982796073
18.7525806427 0.0000000000 0.0000000000 0.8249307275 32.3682403564 0.0000000000 -0.4006126523
19.0371723175 0.0000000000 0.0000000000 0.8119347692 32.3257141113 0.0000000000 -0.4024899006
19.2820796967 0.0000000000 0.0000000000 0.8022756577 32.2872276306 0.0000000000 -0.4043396711
19.4757862091 0.0000000000 0.0000000000 0.7960397601 32.2413139343 0.0000000000 -0.4057540298
19.6114788055 0.0000000000 0.0000000000 0.7933731079 32.1835937500 0.0000000000 -0.4073134065
19.6879329681 0.0000000000 0.0000000000 0.7943382859 32.1205368042 0.0000000000 -0.4084667563
19.7087192535 0.0000000000 0.0000000000 0.7989385724 32.0534553528 0.0000000000 -0.4093350172
19.6784057617 0.0000000000 0.0000000000 0.8070861101 31.9827022552 0.0000000000 -0.4101948738
19.6003704071 0.0000000000 0.0000000000 0.8186379671 31.9119110107 0.0000000000 -0.4109259844
19.4868259430 0.0000000000 0.0000000000 0.8334536552 31.8389301300 0.0000000000 -0.4113851786
19.3467960358 0.0000000000 0.0000000000 0.8512768745 31.7654037476 0.0000000000 -0.4113037586
19.1897735596 0.0000000000 0.0000000000 0.8717956543 31.6933174133 0.0000000000 -0.4115112424
19.0253181458 0.0000000000 0.0000000000 0.8946964741 31.6249942780 0.0000000000 -0.4111350775
18.8604183197 0.0000000000 0.0000000000 0.9196330905 31.5548362732 0.0000000000 -0.4107860923
18.7020683289 0.0000000000 0.0000000000 0.9462816715 31.4831390381 0.0000000000 -0.4100133181
18.5555038452 0.0000000000 0.0000000000 0.9742931128 31.4106788635 0.0000000000 -0.4091820121
18.4248523712 0.0000000000 0.0000000000 1.0034059286 31.3374881744 0.0000000000 -0.4081788659
18.3128376007 0.0000000000 0.0000000000 1.0333493948 31.2647342682 0.0000000000 -0.4067590237
18.2228221893 0.0000000000 0.0000000000 1.0638954639 31.1917457581 0.0000000000 -0.4057661891
18.1567344666 0.0000000000 0.0000000000 1.0948301554 31.1227436066 0.0000000000 -0.4045318961
18.1119365692 0.0000000000 0.0000000000 1.1259821653 31.0659484863 0.0000000000 -0.4033170938
18.0873756409 0.0000000000 0.0000000000 1.1572242975 31.0377788544 0.0000000000 -0.4017279744
18.0825862885 0.0000000000 0.0000000000 1.1883821487 31.0413570404 0.0000000000 -0.4001212716
18.0929317474 0.0000000000 0.0000000000 1.2193329334 31.0546817780 0.0000000000 -0.3985522389
18.1110115051 0.0000000000 0.0000000000 1.2500076294 31.0642013550 0.0000000000 -0.3973280191
18.1264896393 0.0000000000 0.0000000000 1.2803353071 31.0667228699 0.0000000000 -0.3957114816
18.1361160278 0.0000000000 0.0000000000 1.3103109598 31.0618667603 0.0000000000 -0.3936954737
18.1331729889 0.0000000000 0.0000000000 1.3398580551 31.0489158630 0.0000000000 -0.3921418190
18.1111736298 0.0000000000 0.0000000000 1.3689992428 31.0306587219 0.0000000000 -0.3903274536
18.0665626526 0.0000000000 0.0000000000 1.3977024555 31.0076370239 0.0000000000 -0.3883340359
17.9993324280 0.0000000000 0.0000000000 1.4260236025 30.9806919098 0.0000000000 -0.3865958452
17.9074535370 0.0000000000 0.0000000000 1.4540417194 30.9519138336 0.0000000000 -0.3845108151
17.7933464050 0.0000000000 0.0000000000 1.4817394018 30.9203147888 0.0000000000 -0.3826051354
17.6625823975 0.0000000000 0.0000000000 1.5090390444 30.8843727112 0.0000000000 -0.3801033497
17.5185756683 0.0000000000 0.0000000000 1.5359010696 30.8466453552 0.0000000000 -0.3789710999
17.3648815155 0.0000000000 0.0000000000 1.5622390509 30.8084201813 0.0000000000 -0.3771438599
17.2022724152 0.0000000000 0.0000000000 1.5879247189 30.7708415985 0.0000000000 -0.3753181696
17.0321712494 0.0000000000 0.0000000000 1.6129052639 30.7365627289 0.0000000000 -0.3727530241
16.8568801880 0.0000000000 0.0000000000 1.6371011734 30.6982173920 0.0000000000 -0.3715449572
16.6792278290 0.0000000000 0.0000000000 1.6603839397 30.6572723389 0.0000000000 -0.3695726395
16.4990196228 0.0000000000 0.0000000000 1.6826891899 30.6149024963 0.0000000000 -0.3676374555
16.3165473938 0.0000000000 0.0000000000 1.7038626671 30.5728397369 0.0000000000 -0.3660428524
16.1316127777 0.0000000000 0.0000000000 1.7238441706 30.5295486450 0.0000000000 -0.3642147779
15.9415502548 0.0000000000 0.0000000000 1.7425616980 30.4867057800 0.0000000000 -0.3623107076
15.7485704422 0.0000000000 0.0000000000 1.7599418163 30.4447326660 0.0000000000 -0.3606105447
15.5524864197 0.0000000000 0.0000000000 1.7758959532 30.4010791779 0.0000000000 -0.3587156534
15.3538484573 0.0000000000 0.0000000000 1.7902811766 30.3595771790 0.0000000000 -0.3571122289
15.1522245407 0.0000000000 0.0000000000 1.8030301332 30.3208427429 0.0000000000 -0.3554289937
14.9484453201 0.0000000000 0.0000000000 1.8141150475 30.2806015015 0.0000000000 -0.3536021113
14.7446203232 0.0000000000 0.0000000000 1.8235216141 30.2397136688 0.0000000000 -0.3521483541
14.5433187485 0.0000000000 0.0000000000 1.8311486244 30.2009563446 0.0000000000 -0.3505480289
14.3470048904 0.0000000000 0.0000000000 1.8369907141 30.1626625061 0.0000000000 -0.3489054441
14.1587686539 0.0000000000 0.0000000000 1.8411028385 30.1249599457 0.0000000000 -0.3473508954
13.9813413620 0.0000000000 0.0000000000 1.8435029984 30.0885181427 0.0000000000 -0.3460780978
13.8158226013 0.0000000000 0.0000000000 1.8442417383 30.0527191162 0.0000000000 -0.3448710442
13.6629066467 0.0000000000 0.0000000000 1.8433986902 30.0179100037 0.0000000000 -0.3434257507
13.5210924149 0.0000000000 0.0000000000 1.8410971165 29.9836273193 0.0000000000 -0.3423616290
13.3896226883 0.0000000000 0.0000000000 1.8374785185 29.9496421814 0.0000000000 -0.3409119248
13.2676925659 0.0000000000 0.0000000000 1.8326698542 29.9157791138 0.0000000000 -0.3399482965
13.1514396667 0.0000000000 0.0000000000 1.8267809153 29.8809642792 0.0000000000 -0.3387233615
13.0382127762 0.0000000000 0.0000000000 1.8199425936 29.8473911285 0.0000000000 -0.3374621272
12.9258604050 0.0000000000 0.0000000000 1.8122557402 29.8144092560 0.0000000000 -0.3362913728
12.8123044968 0.0000000000 0.0000000000 1.8037536144 29.7793884277 0.0000000000 -0.3353943229
12.6941452026 0.0000000000 0.0000000000 1.7945415974 29.7440834045 0.0000000000 -0.3341214061
12.5693750381 0.0000000000 0.0000000000 1.7846870422 29.7105922699 0.0000000000 -0.3328338265
12.4386711121 0.0000000000 0.0000000000 1.7742401361 29.6781826019 0.0000000000 -0.3319874406
12.3021326065 0.0000000000 0.0000000000 1.7632808685 29.6467876434 0.0000000000 -0.3306202888
12.1625242233 0.0000000000 0.0000000000 1.7517912388 29.6156711578 0.0000000000 -0.3298565745
12.0202283859 0.0000000000 0.0000000000 1.7398433685 29.5874786377 0.0000000000 -0.3288338184
11.8792457581 0.0000000000 0.0000000000 1.7274112701 29.5605125427 0.0000000000 -0.3277567625
11.7407693863 0.0000000000 0.0000000000 1.7144681215 29.5308475494 0.0000000000 -0.3261649609
11.6069450378 0.0000000000 0.0000000000 1.7010146379 29.4997558594 0.0000000000 -0.3256080151
11.4788455963 0.0000000000 0.0000000000 1.6870771646 29.4684314728 0.0000000000 -0.3245047927
11.3587722778 0.0000000000 0.0000000000 1.6727191210 29.4377613068 0.0000000000 -0.3234631419
11.2454757690 0.0000000000 0.0000000000 1.6580494642 29.4073963165 0.0000000000 -0.3224500418
11.1398725510 0.0000000000 0.0000000000 1.6431177855 29.3758010864 0.0000000000 -0.3211728930
11.0419845581 0.0000000000 0.0000000000 1.6279340982 29.3438205719 0.0000000000 -0.3203805685
10.9490756989 0.0000000000 0.0000000000 1.6125780344 29.3127784729 0.0000000000 -0.3192958236
10.8584022522 0.0000000000 0.0000000000 1.5970371962 29.2820682526 0.0000000000 -0.3183541894
10.7680892944 0.0000000000 0.0000000000 1.5813794136 29.2517776489 0.0000000000 -0.3171572089
10.6776208878 0.0000000000 0.0000000000 1.5656309128 29.2220726013 0.0000000000 -0.3162604570
10.5860576630 0.0000000000 0.0000000000 1.5498999357 29.1927680969 0.0000000000 -0.3151668906
10.4933204651 0.0000000000 0.0000000000 1.5342220068 29.1635284424 0.0000000000 -0.3141106367
10.3996086121 0.0000000000 0.0000000000 1.5186181068 29.1344127655 0.0000000000 -0.3131420016
10.3053541183 0.0000000000 0.0000000000 1.5031192303 29.1055927277 0.0000000000 -0.3120687604
10.2116022110 0.0000000000 0.0000000000 1.4877704382 29.0771255493 0.0000000000 -0.3109492660
10.1179065704 0.0000000000 0.0000000000 1.4726194143 29.0493164062 0.0000000000 -0.3099470139
10.0262699127 0.0000000000 0.0000000000 1.4577107430 29.0216579437 0.0000000000 -0.3089099526
9.9368686676 0.0000000000 0.0000000000 1.4430769682 28.9943294525 0.0000000000 -0.3078652024
9.8494291306 0.0000000000 0.0000000000 1.4286750555 28.9670124054 0.0000000000 -0.3066784739
9.7636728287 0.0000000000 0.0000000000 1.4144946337 28.9395828247 0.0000000000 -0.3057259917
9.6794767380 0.0000000000 0.0000000000 1.4004942179 28.9121723175 0.0000000000 -0.3046658039
9.5965127945 0.0000000000 0.0000000000 1.3867021799 28.8850421906 0.0000000000 -0.3029859662
9.5140600204 0.0000000000 0.0000000000 1.3730993271 28.8576564789 0.0000000000 -0.3025110364
9.4310989380 0.0000000000 0.0000000000 1.3596765995 28.8302249908 0.0000000000 -0.3015103936
9.3464174271 0.0000000000 0.0000000000 1.3464624882 28.8038520813 0.0000000000 -0.3004162908
9.2602319717 0.0000000000 0.0000000000 1.3334077597 28.7789382935 0.0000000000 -0.2994506359
9.1724119186 0.0000000000 0.0000000000 1.3204778433 28.7547264099 0.0000000000 -0.2983904481
9.0836486816 0.0000000000 0.0000000000 1.3076554537 28.7299823761 0.0000000000 -0.2972727418
8.9946641922 0.0000000000 0.0000000000 1.2949132919 28.7041664124 0.0000000000 -0.2963526249
8.9059333801 0.0000000000 0.0000000000 1.2822105885 28.6803016663 0.0000000000 -0.2952221036
8.8184709549 0.0000000000 0.0000000000 1.2695764303 28.6559696198 0.0000000000 -0.2942904234
8.7313365936 0.0000000000 0.0000000000 1.2570066452 28.6300792694 0.0000000000 -0.2931445837
8.6454944611 0.0000000000 0.0000000000 1.2444787025 28.6047458649 0.0000000000 -0.2922775149
8.5607585907 0.0000000000 0.0000000000 1.2319706678 28.5790615082 0.0000000000 -0.2912010550
8.4763870239 0.0000000000 0.0000000000 1.2194759846 28.5538005829 0.0000000000 -0.2901313305
8.3931064606 0.0000000000 0.0000000000 1.2069847584 28.5287551880 0.0000000000 -0.2893040776
8.3105602264 0.0000000000 0.0000000000 1.1944916248 28.5039138794 0.0000000000 -0.2883322239
8.2288541794 0.0000000000 0.0000000000 1.1819890738 28.4790267944 0.0000000000 -0.2873561978
8.1475820541 0.0000000000 0.0000000000 1.1695178747 28.4546108246 0.0000000000 -0.2863457203
8.0661611557 0.0000000000 0.0000000000 1.1570855379 28.4301433563 0.0000000000 -0.2851110697
7.9853410721 0.0000000000 0.0000000000 1.1447060108 28.4071712494 0.0000000000 -0.2843543291
7.9044485092 0.0000000000 0.0000000000 1.1323860884 28.3843955994 0.0000000000 -0.2834670544
7.8228411674 0.0000000000 0.0000000000 1.1201052666 28.3618640900 0.0000000000 -0.2825906277
7.7415146828 0.0000000000 0.0000000000 1.1078317165 28.3379459381 0.0000000000 -0.2817495465
7.6618657112 0.0000000000 0.0000000000 1.0955312252 28.3139343262 0.0000000000 -0.2807617784
7.5833401680 0.0000000000 0.0000000000 1.0832254887 28.2898998260 0.0000000000 -0.2800006270
7.5066270828 0.0000000000 0.0000000000 1.0709240437 28.2650966644 0.0000000000 -0.2791348100
7.4311132431 0.0000000000 0.0000000000 1.0586585999 28.2409954071 0.0000000000 -0.2782216072
7.3561596870 0.0000000000 0.0000000000 1.0464357138 28.2200222015 0.0000000000 -0.2773718238
7.2831478119 0.0000000000 0.0000000000 1.0342476368 28.1966838837 0.0000000000 -0.2765121460
7.2115640640 0.0000000000 0.0000000000 1.0220717192 28.1727275848 0.0000000000 -0.2755433321
7.1415300369 0.0000000000 0.0000000000 1.0099327564 28.1487083435 0.0000000000 -0.2747294903
7.0733079910 0.0000000000 0.0000000000 0.9978359938 28.1250400543 0.0000000000 -0.2740005851
7.0054998398 0.0000000000 0.0000000000 0.9858068824 28.1014728546 0.0000000000 -0.2730474472
6.9384560585 0.0000000000 0.0000000000 0.9738495946 28.0780086517 0.0000000000 -0.2723456025
6.8716516495 0.0000000000 0.0000000000 0.9619714022 28.0545654297 0.0000000000 -0.2713901997
6.8057298660 0.0000000000 0.0000000000 0.9502126575 28.0316562653 0.0000000000 -0.2706211209
6.7410879135 0.0000000000 0.0000000000 0.9385879040 28.0085563660 0.0000000000 -0.2698546648
6.6777939796 0.0000000000 0.0000000000 0.9270706773 27.9862365723 0.0000000000 -0.2688549757
6.6163201332 0.0000000000 0.0000000000 0.9156684875 27.9643020630 0.0000000000 -0.2685673237
6.5561532974 0.0000000000 0.0000000000 0.9043905139 27.9417285919 0.0000000000 -0.2676239014
6.4980721474 0.0000000000 0.0000000000 0.8932448030 27.9188537598 0.0000000000 -0.2671738863
6.4420495033 0.0000000000 0.0000000000 0.8822172880 27.8951759338 0.0000000000 -0.2663821578
6.3882327080 0.0000000000 0.0000000000 0.8712901473 27.8719291687 0.0000000000 -0.2657937407
6.3354759216 0.0000000000 0.0000000000 0.8604813218 27.8487682343 0.0000000000 -0.2651044726
6.2839794159 0.0000000000 0.0000000000 0.8497922421 27.8242797852 0.0000000000 -0.2644254565
6.2345876694 0.0000000000 0.0000000000 0.8392603397 27.8021888733 0.0000000000 -0.2638837099
6.1860084534 0.0000000000 0.0000000000 0.8289149404 27.7778682709 0.0000000000 -0.2632551789
6.1380882263 0.0000000000 0.0000000000 0.8187558055 27.7542514801 0.0000000000 -0.2625721693
6.0907220840 0.0000000000 0.0000000000 0.8088114858 27.7311172485 0.0000000000 -0.2619991899
6.0438499451 0.0000000000 0.0000000000 0.7991024852 27.7085723877 0.0000000000 -0.2612413168
5.9977345467 0.0000000000 0.0000000000 0.7896568179 27.6864147186 0.0000000000 -0.2607684731
5.9526429176 0.0000000000 0.0000000000 0.7804723382 27.6646099091 0.0000000000 -0.2601758838
5.9085903168 0.0000000000 0.0000000000 0.7715417147 27.6428108215 0.0000000000 -0.2595790625
5.8651633263 0.0000000000 0.0000000000 0.7628725171 27.6208057404 0.0000000000 -0.2589594126
5.8222088814 0.0000000000 0.0000000000 0.7544636726 27.5981197357 0.0000000000 -0.2583178878
5.7797045708 0.0000000000 0.0000000000 0.7463116050 27.5738277435 0.0000000000 -0.2577442527
5.7379684448 0.0000000000 0.0000000000 0.7384150028 27.5487632751 0.0000000000 -0.2572417259
5.6963682175 0.0000000000 0.0000000000 0.7307413220 27.5238761902 0.0000000000 -0.2565528750
5.6551790237 0.0000000000 0.0000000000 0.7232794166 27.4991188049 0.0000000000 -0.2560883760
5.6143193245 0.0000000000 0.0000000000 0.7160021067 27.4749832153 0.0000000000 -0.2554025650
5.5745806694 0.0000000000 0.0000000000 0.7088878155 27.4516429901 0.0000000000 -0.2549920082
5.5352792740 0.0000000000 0.0000000000 0.7019375563 27.4292602539 0.0000000000 -0.2545659542
5.4967365265 0.0000000000 0.0000000000 0.6951304078 27.4071388245 0.0000000000 -0.2540563345
5.4592599869 0.0000000000 0.0000000000 0.6884494424 27.3851432800 0.0000000000 -0.2535504103
5.4224042892 0.0000000000 0.0000000000 0.6819064617 27.3645267487 0.0000000000 -0.2529859543
5.3859467506 0.0000000000 0.0000000000 0.6754795909 27.3447322845 0.0000000000 -0.2525647879
5.3498177528 0.0000000000 0.0000000000 0.6691574454 27.3255138397 0.0000000000 -0.2520498633
5.3142924309 0.0000000000 0.0000000000 0.6629396677 27.3066520691 0.0000000000 -0.2515479922
5.2789411545 0.0000000000 0.0000000000 0.6568305492 27.2881946564 0.0000000000 -0.2511054873
5.2438135147 0.0000000000 0.0000000000 0.6508143544 27.2686367035 0.0000000000 -0.2506068349
5.2085199356 0.0000000000 0.0000000000 0.6448765993 27.2495651245 0.0000000000 -0.2500234842
5.1734204292 0.0000000000 0.0000000000 0.6389950514 27.2311172485 0.0000000000 -0.2496991158
5.1385393143 0.0000000000 0.0000000000 0.6331582069 27.2127628326 0.0000000000 -0.2492309213
5.1040177345 0.0000000000 0.0000000000 0.6273760200 27.1939983368 0.0000000000 -0.2488729358
5.0695261955 0.0000000000 0.0000000000 0.6216614246 27.1751747131 0.0000000000 -0.2484319210
5.0353593826 0.0000000000 0.0000000000 0.6160145402 27.1562976837 0.0000000000 -0.2480358481
5.0018892288 0.0000000000 0.0000000000 0.6104183197 27.1372852325 0.0000000000 -0.2474887073
4.9693522453 0.0000000000 0.0000000000 0.6048821211 27.1184444427 0.0000000000 -0.2472123802
4.9373064041 0.0000000000 0.0000000000 0.5994120240 27.0995693207 0.0000000000 -0.2468101680
4.9059548378 0.0000000000 0.0000000000 0.5940084457 27.0806674957 0.0000000000 -0.2463170290
4.8751630783 0.0000000000 0.0000000000 0.5886873603 27.0619258881 0.0000000000 -0.2458559275
4.8451561928 0.0000000000 0.0000000000 0.5834478736 27.0432605743 0.0000000000 -0.2455234230
4.8151478767 0.0000000000 0.0000000000 0.5783118606 27.0249710083 0.0000000000 -0.2451593280
4.7852482796 0.0000000000 0.0000000000 0.5732730031 27.0069198608 0.0000000000 -0.2448906898
4.7552947998 0.0000000000 0.0000000000 0.5683395863 26.9892883301 0.0000000000 -0.2442857027
4.7256250381 0.0000000000 0.0000000000 0.5635232329 26.9726142883 0.0000000000 -0.2441219985
4.6965098381 0.0000000000 0.0000000000 0.5588143468 26.9561595917 0.0000000000 -0.2437639832
4.6676530838 0.0000000000 0.0000000000 0.5542144775 26.9399833679 0.0000000000 -0.2434992194
4.6387314796 0.0000000000 0.0000000000 0.5496984720 26.9246025085 0.0000000000 -0.2431084216
4.6097111702 0.0000000000 0.0000000000 0.5452706218 26.9086322784 0.0000000000 -0.2428157926
4.5803251266 0.0000000000 0.0000000000 0.5409311056 26.8931007385 0.0000000000 -0.2424700558
4.5504102707 0.0000000000 0.0000000000 0.5366609693 26.8780670166 0.0000000000 -0.2420734167
4.5204176903 0.0000000000 0.0000000000 0.5324458480 26.8634872437 0.0000000000 -0.2417585850
4.4903964996 0.0000000000 0.0000000000 0.5282642245 26.8496570587 0.0000000000 -0.2414579988
4.4602642059 0.0000000000 0.0000000000 0.5241136551 26.8358764648 0.0000000000 -0.2411353588
4.4304919243 0.0000000000 0.0000000000 0.5200039148 26.8222599030 0.0000000000 -0.2408001721
4.4009981155 0.0000000000 0.0000000000 0.5159394741 26.8087482452 0.0000000000 -0.2404385209
4.3717112541 0.0000000000 0.0000000000 0.5119207501 26.7957839966 0.0000000000 -0.2401334345
4.3429150581 0.0000000000 0.0000000000 0.5079588890 26.7830219269 0.0000000000 -0.2397994399
4.3144006729 0.0000000000 0.0000000000 0.5040668845 26.7702121735 0.0000000000 -0.2394984663
4.2860126495 0.0000000000 0.0000000000 0.5002515316 26.7571067810 0.0000000000 -0.2392078638
4.2577857971 0.0000000000 0.0000000000 0.4965277016 26.7438449860 0.0000000000 -0.2389130592
4.2300248146 0.0000000000 0.0000000000 0.4928970039 26.7303562164 0.0000000000 -0.2385388017
4.2030816078 0.0000000000 0.0000000000 0.4893298745 26.7170066833 0.0000000000 -0.2382630706
4.1775040627 0.0000000000 0.0000000000 0.4858112037 26.7042236328 0.0000000000 -0.2380173802
4.1531043053 0.0000000000 0.0000000000 0.4823410213 26.6915359497 0.0000000000 -0.2377266586
4.1294636726 0.0000000000 0.0000000000 0.4789054990 26.6793079376 0.0000000000 -0.2373463511
4.1070585251 0.0000000000 0.0000000000 0.4754948020 26.6675548553 0.0000000000 -0.2371417880
4.0856561661 0.0000000000 0.0000000000 0.4721028209 26.6561698914 0.0000000000 -0.2368147075
4.0652413368 0.0000000000 0.0000000000 0.4687337875 26.6448650360 0.0000000000 -0.2365493476
4.0454564095 0.0000000000 0.0000000000 0.4653969109 26.6342277527 0.0000000000 -0.2362892628
4.0262036324 0.0000000000 0.0000000000 0.4621011913 26.6224956512 0.0000000000 -0.2360231280
4.0077948570 0.0000000000 0.0000000000 0.4588389993 26.6109809875 0.0000000000 -0.2357408702
3.9900219440 0.0000000000 0.0000000000 0.4556248486 26.5995998383 0.0000000000 -0.2354706228
3.9728651047 0.0000000000 0.0000000000 0.4524442554 26.5889930725 0.0000000000 -0.2351903915
3.9565391541 0.0000000000 0.0000000000 0.4492943287 26.5787181854 0.0000000000 -0.2349621654
3.9406054020 0.0000000000 0.0000000000 0.4461866617 26.5686950684 0.0000000000 -0.2345895767
3.9249477386 0.0000000000 0.0000000000 0.4431232810 26.5589389801 0.0000000000 -0.2344462276
3.9094820023 0.0000000000 0.0000000000 0.4401233494 26.5493354797 0.0000000000 -0.2342346311
3.8943619728 0.0000000000 0.0000000000 0.4371896982 26.5397453308 0.0000000000 -0.2339999676
3.8796060085 0.0000000000 0.0000000000 0.4343271852 26.5297031403 0.0000000000 -0.2336608171
3.8659503460 0.0000000000 0.0000000000 0.4315351546 26.5199584961 0.0000000000 -0.2335482240
3.8524165154 0.0000000000 0.0000000000 0.4287928641 26.5099487305 0.0000000000 -0.2333094478
3.8389301300 0.0000000000 0.0000000000 0.4260817170 26.4998626709 0.0000000000 -0.2331120968
3.8254666328 0.0000000000 0.0000000000 0.4234024286 26.4894752502 0.0000000000 -0.2328987718
3.8119533062 0.0000000000 0.0000000000 0.4207566381 26.4787578583 0.0000000000 -0.2326864004
3.7983536720 0.0000000000 0.0000000000 0.4181467295 26.4673404694 0.0000000000 -0.2324762940
3.7847115993 0.0000000000 0.0000000000 0.4155839384 26.4556808472 0.0000000000 -0.2321812510
3.7710673809 0.0000000000 0.0000000000 0.4130676687 26.4438495636 0.0000000000 -0.2320463061
3.7574372292 0.0000000000 0.0000000000 0.4106009603 26.4315586090 0.0000000000 -0.2318504751
3.7438378334 0.0000000000 0.0000000000 0.4081941545 26.4191341400 0.0000000000 -0.2316448689
3.7303302288 0.0000000000 0.0000000000 0.4058463871 26.4067592621 0.0000000000 -0.2314376533
3.7167115211 0.0000000000 0.0000000000 0.4035456479 26.3947868347 0.0000000000 -0.2312318087
3.7031638622 0.0000000000 0.0000000000 0.4012904763 26.3829879761 0.0000000000 -0.2310257554
3.6895859241 0.0000000000 0.0000000000 0.3990848660 26.3713531494 0.0000000000 -0.2307696044
3.6762425900 0.0000000000 0.0000000000 0.3969421089 26.3598308563 0.0000000000 -0.2306212187
3.6628599167 0.0000000000 0.0000000000 0.3948545158 26.3484268188 0.0000000000 -0.2304229438
3.6496007442 0.0000000000 0.0000000000 0.3927977085 26.3372802734 0.0000000000 -0.2302259505
3.6366178989 0.0000000000 0.0000000000 0.3907591105 26.3262233734 0.0000000000 -0.2300299406
3.6238393784 0.0000000000 0.0000000000 0.3887386620 26.3151397705 0.0000000000 -0.2298366427
3.6113355160 0.0000000000 0.0000000000 0.3867286742 26.3046798706 0.0000000000 -0.2296459377
3.5989289284 0.0000000000 0.0000000000 0.3847251534 26.2943630219 0.0000000000 -0.2294519544
3.5867125988 0.0000000000 0.0000000000 0.3827264607 26.2843456268 0.0000000000 -0.2292692065
3.5746564865 0.0000000000 0.0000000000 0.3807234764 26.2745132446 0.0000000000 -0.2289468050
3.5629081726 0.0000000000 0.0000000000 0.3787236810 26.2659435272 0.0000000000 -0.2288991511
3.5512430668 0.0000000000 0.0000000000 0.3767533898 26.2561378479 0.0000000000 -0.2287110686
3.5397889614 0.0000000000 0.0000000000 0.3748116493 26.2462997437 0.0000000000 -0.2285302877
3.5284116268 0.0000000000 0.0000000000 0.3728998601 26.2359352112 0.0000000000 -0.2283387780
3.5171642303 0.0000000000 0.0000000000 0.3710177243 26.2251091003 0.0000000000 -0.2281603813
3.5059256554 0.0000000000 0.0000000000 0.3691650331 26.2140598297 0.0000000000 -0.2279810905
3.4947326183 0.0000000000 0.0000000000 0.3673180044 26.2031612396 0.0000000000 -0.2277710140
3.4837150574 0.0000000000 0.0000000000 0.3654960394 26.1922531128 0.0000000000 -0.2276045680
3.4728956223 0.0000000000 0.0000000000 0.3637153506 26.1810741425 0.0000000000 -0.2274186611
3.4623949528 0.0000000000 0.0000000000 0.3619771302 26.1696205139 0.0000000000 -0.2272087336
3.4521324635 0.0000000000 0.0000000000 0.3602858484 26.1584091187 0.0000000000 -0.2270519435
3.4420797825 0.0000000000 0.0000000000 0.3586460054 26.1474037170 0.0000000000 -0.2268544436
3.4321696758 0.0000000000 0.0000000000 0.3570531905 26.1370506287 0.0000000000 -0.2265640497
3.4226918221 0.0000000000 0.0000000000 0.3555339277 26.1267910004 0.0000000000 -0.2264821231
3.4132561684 0.0000000000 0.0000000000 0.3540595174 26.1174278259 0.0000000000 -0.2263213396
3.4038069248 0.0000000000 0.0000000000 0.3526309133 26.1082763672 0.0000000000 -0.2261430621
3.3943719864 0.0000000000 0.0000000000 0.3512494862 26.0995655060 0.0000000000 -0.2259671688
3.3850400448 0.0000000000 0.0000000000 0.3498820662 26.0911445618 0.0000000000 -0.2257924080
3.3757898808 0.0000000000 0.0000000000 0.3485249579 26.0828704834 0.0000000000 -0.2255842090
3.3666715622 0.0000000000 0.0000000000 0.3471522033 26.0756664276 0.0000000000 -0.2252984047
3.3575737476 0.0000000000 0.0000000000 0.3457509577 26.0689048767 0.0000000000 -0.2252710462
3.3484089375 0.0000000000 0.0000000000 0.3443129659 26.0624866486 0.0000000000 -0.2250540555
3.3393023014 0.0000000000 0.0000000000 0.3428333998 26.0561122894 0.0000000000 -0.2249327302
3.3302757740 0.0000000000 0.0000000000 0.3413452804 26.0499515533 0.0000000000 -0.2247714996
3.3212940693 0.0000000000 0.0000000000 0.3398485780 26.0423851013 0.0000000000 -0.2246001363
3.3123571873 0.0000000000 0.0000000000 0.3383356333 26.0350227356 0.0000000000 -0.2244236469
3.3034539223 0.0000000000 0.0000000000 0.3368102312 26.0275173187 0.0000000000 -0.2242516279
3.2946393490 0.0000000000 0.0000000000 0.3352750242 26.0196132660 0.0000000000 -0.2240830660
3.2858874798 0.0000000000 0.0000000000 0.3337512612 26.0113925934 0.0000000000 -0.2238411307
3.2771809101 0.0000000000 0.0000000000 0.3322287202 26.0030479431 0.0000000000 -0.2236973643
3.2685759068 0.0000000000 0.0000000000 0.3307107985 25.9946403503 0.0000000000 -0.2235624194
3.2600417137 0.0000000000 0.0000000000 0.3292028606 25.9860763550 0.0000000000 -0.2233089805
3.2515730858 0.0000000000 0.0000000000 0.3277221918 25.9776000977 0.0000000000 -0.2232197225
3.2431218624 0.0000000000 0.0000000000 0.3262794912 25.9688835144 0.0000000000 -0.2230447829
3.2346909046 0.0000000000 0.0000000000 0.3248863518 25.9599151611 0.0000000000 -0.2228748202
3.2262969017 0.0000000000 0.0000000000 0.3235450685 25.9507007599 0.0000000000 -0.2227039337
3.2179532051 0.0000000000 0.0000000000 0.3222514689 25.9412364960 0.0000000000 -0.2225316763
3.2096779346 0.0000000000 0.0000000000 0.3210024238 25.9315147400 0.0000000000 -0.2223539054
3.2013964653 0.0000000000 0.0000000000 0.3197912574 25.9216804504 0.0000000000 -0.2221809626
3.1930425167 0.0000000000 0.0000000000 0.3185975254 25.9120635986 0.0000000000 -0.2220044434
3.1845951080 0.0000000000 0.0000000000 0.3174209595 25.9026756287 0.0000000000 -0.2218286693
3.1761403084 0.0000000000 0.0000000000 0.3162589073 25.8935203552 0.0000000000 -0.2216524780
3.1676344872 0.0000000000 0.0000000000 0.3151063323 25.8845615387 0.0000000000 -0.2214756310
3.1591520309 0.0000000000 0.0000000000 0.3139568567 25.8757610321 0.0000000000 -0.2212688327
3.1507277489 0.0000000000 0.0000000000 0.3127993047 25.8670330048 0.0000000000 -0.2211241722
3.1424443722 0.0000000000 0.0000000000 0.3116350770 25.8581867218 0.0000000000 -0.2209490240
3.1343014240 0.0000000000 0.0000000000 0.3104608357 25.8492126465 0.0000000000 -0.2207558751
3.1263618469 0.0000000000 0.0000000000 0.3092920780 25.8401355743 0.0000000000 -0.2206009626
3.1185612679 0.0000000000 0.0000000000 0.3081234992 25.8306808472 0.0000000000 -0.2203976512
3.1109626293 0.0000000000 0.0000000000 0.3069703877 25.8212413788 0.0000000000 -0.2202618718
3.1034245491 0.0000000000 0.0000000000 0.3058338165 25.8118877411 0.0000000000 -0.2200942934
3.0960659981 0.0000000000 0.0000000000 0.3047099113 25.8027076721 0.0000000000 -0.2199283838
3.0888140202 0.0000000000 0.0000000000 0.3035898507 25.7932338715 0.0000000000 -0.2197634876
3.0816464424 0.0000000000 0.0000000000 0.3024666011 25.7835235596 0.0000000000 -0.2196025848
3.0744171143 0.0000000000 0.0000000000 0.3013451099 25.7739467621 0.0000000000 -0.2194379270
3.0671703815 0.0000000000 0.0000000000 0.3002351522 25.7643470764 0.0000000000 -0.2192799449
3.0600025654 0.0000000000 0.0000000000 0.2991378605 25.7552814484 0.0000000000 -0.2190915346
3.0529286861 0.0000000000 0.0000000000 0.2980566025 25.7456951141 0.0000000000 -0.2189643979
3.0458767414 0.0000000000 0.0000000000 0.2969905138 25.7359523773 0.0000000000 -0.2188177109
3.0388896465 0.0000000000 0.0000000000 0.2959382534 25.7260608673 0.0000000000 -0.2186624408
3.0319278240 0.0000000000 0.0000000000 0.2949063778 25.7161407471 0.0000000000 -0.2185057402
3.0249989033 0.0000000000 0.0000000000 0.2938936353 25.7061882019 0.0000000000 -0.2183372378
3.0180709362 0.0000000000 0.0000000000 0.2928974032 25.6966171265 0.0000000000 -0.2182043195
3.0111756325 0.0000000000 0.0000000000 0.2919151783 25.6869182587 0.0000000000 -0.2180549800
3.0043544769 0.0000000000 0.0000000000 0.2909559011 25.6772594452 0.0000000000 -0.2178683877
2.9976572990 0.0000000000 0.0000000000 0.2900100648 25.6677646637 0.0000000000 -0.2177452743
2.9911081791 0.0000000000 0.0000000000 0.2890765667 25.6583271027 0.0000000000 -0.2176121473
2.9846618176 0.0000000000 0.0000000000 0.2881518006 25.6488933563 0.0000000000 -0.2174665332
2.9783020020 0.0000000000 0.0000000000 0.2872318625 25.6394748688 0.0000000000 -0.2173272073
2.9720547199 0.0000000000 0.0000000000 0.2863278687 25.6298332214 0.0000000000 -0.2170731425
2.9659705162 0.0000000000 0.0000000000 0.2854506373 25.6205368042 0.0000000000 -0.2169950902
2.9602851868 0.0000000000 0.0000000000 0.2845932245 25.6113605499 0.0000000000 -0.2168987393
2.9546313286 0.0000000000 0.0000000000 0.2837551236 25.6022205353 0.0000000000 -0.2167571187
2.9490215778 0.0000000000 0.0000000000 0.2829364836 25.5928764343 0.0000000000 -0.2166242599
2.9434354305 0.0000000000 0.0000000000 0.2821325362 25.5833606720 0.0000000000 -0.2164875865
2.9378373623 0.0000000000 0.0000000000 0.2813450098 25.5737857819 0.0000000000 -0.2163666487
2.9322223663 0.0000000000 0.0000000000 0.2805656791 25.5645828247 0.0000000000 -0.2162222266
2.9265885353 0.0000000000 0.0000000000 0.2797990441 25.5552558899 0.0000000000 -0.2160913050
2.9209203720 0.0000000000 0.0000000000 0.2790426314 25.5459442139 0.0000000000 -0.2159684002
2.9151756763 0.0000000000 0.0000000000 0.2783023417 25.5367641449 0.0000000000 -0.2158412933
2.9093482494 0.0000000000 0.0000000000 0.2775700092 25.5277690887 0.0000000000 -0.2157118618
2.9034957886 0.0000000000 0.0000000000 0.2768361866 25.5191688538 0.0000000000 -0.2155891657
2.8976469040 0.0000000000 0.0000000000 0.2760990858 25.5107975006 0.0000000000 -0.2154808044
2.8918159008 0.0000000000 0.0000000000 0.2753660083 25.5029106140 0.0000000000 -0.2153502107
2.8860189915 0.0000000000 0.0000000000 0.2746221423 25.4956417084 0.0000000000 -0.2152315378
2.8803114891 0.0000000000 0.0000000000 0.2738889158 25.4884185791 0.0000000000 -0.2150918245
2.8747327328 0.0000000000 0.0000000000 0.2731852829 25.4810676575 0.0000000000 -0.2149953246
2.8692741394 0.0000000000 0.0000000000 0.2725120783 25.4731674194 0.0000000000 -0.2148769796
2.8638949394 0.0000000000 0.0000000000 0.2718822062 25.4648094177 0.0000000000 -0.2147585750
2.8585708141 0.0000000000 0.0000000000 0.2712962627 25.4559707642 0.0000000000 -0.2146394253
2.8533496857 0.0000000000 0.0000000000 0.2707385421 25.4468231201 0.0000000000 -0.2145202160
2.8482608795 0.0000000000 0.0000000000 0.2702036202 25.4370441437 0.0000000000 -0.2144008279
2.8432283401 0.0000000000 0.0000000000 0.2696904242 25.4263458252 0.0000000000 -0.2142822146
2.8382713795 0.0000000000 0.0000000000 0.2691716850 25.4156150818 0.0000000000 -0.2141641676
2.8333334923 0.0000000000 0.0000000000 0.2686454654 25.4048805237 0.0000000000 -0.2140481174
2.8284862041 0.0000000000 0.0000000000 0.2681003213 25.3941230774 0.0000000000 -0.2139284015
2.8237049580 0.0000000000 0.0000000000 0.2675302923 25.3833236694 0.0000000000 -0.2137508988
2.8192601204 0.0000000000 0.0000000000 0.2669339478 25.3723392487 0.0000000000 -0.2136865854
2.8149268627 0.0000000000 0.0000000000 0.2663139105 25.3616676331 0.0000000000 -0.2135843337
2.8106613159 0.0000000000 0.0000000000 0.2656686604 25.3511219025 0.0000000000 -0.2134755254
2.8064556122 0.0000000000 0.0000000000 0.2650055885 25.3417720795 0.0000000000 -0.2133306563
2.8023986816 0.0000000000 0.0000000000 0.2643512487 25.3327007294 0.0000000000 -0.2132483125
2.7983801365 0.0000000000 0.0000000000 0.2637220919 25.3236331940 0.0000000000 -0.2131357789
2.7943851948 0.0000000000 0.0000000000 0.2631111741 25.3148803711 0.0000000000 -0.2130048871
2.7904062271 0.0000000000 0.0000000000 0.2625100911 25.3060607910 0.0000000000 -0.2129156590
2.7864062786 0.0000000000 0.0000000000 0.2619298398 25.2976932526 0.0000000000 -0.2127516270
2.7825725079 0.0000000000 0.0000000000 0.2613514066 25.2903823853 0.0000000000 -0.2126989961
2.7787246704 0.0000000000 0.0000000000 0.2607783377 25.2830867767 0.0000000000 -0.2125247717
2.7749423981 0.0000000000 0.0000000000 0.2602157593 25.2764606476 0.0000000000 -0.2124987841
2.7710549831 0.0000000000 0.0000000000 0.2596749663 25.2711238861 0.0000000000 -0.2123995721
2.7670891285 0.0000000000 0.0000000000 0.2591346204 25.2654914856 0.0000000000 -0.2123042643
2.7630574703 0.0000000000 0.0000000000 0.2585962415 25.2581081390 0.0000000000 -0.2122101188
2.7589285374 0.0000000000 0.0000000000 0.2580734789 25.2506866455 0.0000000000 -0.2121205628
2.7547535896 0.0000000000 0.0000000000 0.2575623095 25.2431125641 0.0000000000 -0.2120231986
2.7506022453 0.0000000000 0.0000000000 0.2570417821 25.2353439331 0.0000000000 -0.2119292617
2.7465324402 0.0000000000 0.0000000000 0.2565162480 25.2276554108 0.0000000000 -0.2118338048
2.7424850464 0.0000000000 0.0000000000 0.2559862435 25.2198162079 0.0000000000 -0.2116469145
2.7386796474 0.0000000000 0.0000000000 0.2554481924 25.2116737366 0.0000000000 -0.2116421461
2.7349729538 0.0000000000 0.0000000000 0.2549041212 25.2034282684 0.0000000000 -0.2115430832
2.7313888073 0.0000000000 0.0000000000 0.2543545067 25.1951484680 0.0000000000 -0.2114433050
2.7279489040 0.0000000000 0.0000000000 0.2538053691 25.1866874695 0.0000000000 -0.2113415599
2.7245788574 0.0000000000 0.0000000000 0.2532568872 25.1777324677 0.0000000000 -0.2112264037
2.7213361263 0.0000000000 0.0000000000 0.2527318597 25.1690521240 0.0000000000 -0.2111350894
2.7181701660 0.0000000000 0.0000000000 0.2522263527 25.1603832245 0.0000000000 -0.2110304236
2.7150652409 0.0000000000 0.0000000000 0.2517296374 25.1516227722 0.0000000000 -0.2109124064
2.7120339870 0.0000000000 0.0000000000 0.2512383163 25.1437301636 0.0000000000 -0.2108211815
2.7090060711 0.0000000000 0.0000000000 0.2507568002 25.1355991364 0.0000000000 -0.2107095420
2.7059111595 0.0000000000 0.0000000000 0.2502889037 25.1277332306 0.0000000000 -0.2106181979
2.7027149200 0.0000000000 0.0000000000 0.2498294413 25.1201038361 0.0000000000 -0.2105100751
2.6994788647 0.0000000000 0.0000000000 0.2493804693 25.1132164001 0.0000000000 -0.2104073167
2.6962184906 0.0000000000 0.0000000000 0.2489384711 25.1064434052 0.0000000000 -0.2103070021
2.6929247379 0.0000000000 0.0000000000 0.2485154122 25.0996437073 0.0000000000 -0.2102028430
2.6896047592 0.0000000000 0.0000000000 0.2480928898 25.0931301117 0.0000000000 -0.2101016343
2.6863200665 0.0000000000 0.0000000000 0.2476742566 25.0856285095 0.0000000000 -0.2100004554
2.6830980778 0.0000000000 0.0000000000 0.2472507507 25.0788555145 0.0000000000 -0.2098994851
2.6798954010 0.0000000000 0.0000000000 0.2468216568 25.0720920563 0.0000000000 -0.2097999454
2.6767337322 0.0000000000 0.0000000000 0.2463880181 25.0653800964 0.0000000000 -0.2096992731
2.6736216545 0.0000000000 0.0000000000 0.2459561974 25.0578117371 0.0000000000 -0.2095978856
2.6705024242 0.0000000000 0.0000000000 0.2455358952 25.0499763489 0.0000000000 -0.2094973326
2.6673955917 0.0000000000 0.0000000000 0.2451179922 25.0420780182 0.0000000000 -0.2093968987
2.6643054485 0.0000000000 0.0000000000 0.2446907312 25.0341072083 0.0000000000 -0.2092955112
2.6612010002 0.0000000000 0.0000000000 0.2442732006 25.0262203217 0.0000000000 -0.2091949582
2.6581084728 0.0000000000 0.0000000000 0.2438879013 25.0185203552 0.0000000000 -0.2090921402
2.6549780369 0.0000000000 0.0000000000 0.2435399443 25.0111865997 0.0000000000 -0.2089863420
2.6518242359 0.0000000000 0.0000000000 0.2432044446 25.0041637421 0.0000000000 -0.2088819146
2.6486899853 0.0000000000 0.0000000000 0.2428638339 24.9972763062 0.0000000000 -0.2087773383
2.6455602646 0.0000000000 0.0000000000 0.2425081283 24.9905490875 0.0000000000 -0.2086754739
2.6424539089 0.0000000000 0.0000000000 0.2421387136 24.9839744568 0.0000000000 -0.2085589767
2.6394085884 0.0000000000 0.0000000000 0.2417660952 24.9776515961 0.0000000000 -0.2084731460
2.6364071369 0.0000000000 0.0000000000 0.2413952351 24.9717559814 0.0000000000 -0.2083363235
2.6334707737 0.0000000000 0.0000000000 0.2410193086 24.9660930634 0.0000000000 -0.2082755864
2.6305725574 0.0000000000 0.0000000000 0.2406445444 24.9604606628 0.0000000000 -0.2081781030
2.6276955605 0.0000000000 0.0000000000 0.2402738482 24.9535408020 0.0000000000 -0.2080844641
2.6248023510 0.0000000000 0.0000000000 0.2399171740 24.9468173981 0.0000000000 -0.2079834044
2.6219615936 0.0000000000 0.0000000000 0.2395705879 24.9404640198 0.0000000000 -0.2078902721
2.6191267967 0.0000000000 0.0000000000 0.2392179370 24.9340190887 0.0000000000 -0.2077949941
2.6163771152 0.0000000000 0.0000000000 0.2388668358 24.9275035858 0.0000000000 -0.2077021897
2.6137263775 0.0000000000 0.0000000000 0.2385142297 24.9215145111 0.0000000000 -0.2076023221
2.6111228466 0.0000000000 0.0000000000 0.2381654084 24.9155387878 0.0000000000 -0.2075033486
2.6085898876 0.0000000000 0.0000000000 0.2378228754 24.9093074799 0.0000000000 -0.2074053884
2.6060941219 0.0000000000 0.0000000000 0.2374999076 24.9026927948 0.0000000000 -0.2073082030
2.6035625935 0.0000000000 0.0000000000 0.2371979207 24.8958606720 0.0000000000 -0.2072126865
2.6009788513 0.0000000000 0.0000000000 0.2369147539 24.8889923096 0.0000000000 -0.2071094215
2.5983817577 0.0000000000 0.0000000000 0.2366344035 24.8819885254 0.0000000000 -0.2070111036
2.5957589149 0.0000000000 0.0000000000 0.2363460660 24.8750362396 0.0000000000 -0.2069200277
2.5931782722 0.0000000000 0.0000000000 0.2360541373 24.8678436279 0.0000000000 -0.2068170011
2.5906269550 0.0000000000 0.0000000000 0.2357642055 24.8607101440 0.0000000000 -0.2067273259
2.5881962776 0.0000000000 0.0000000000 0.2354781181 24.8534450531 0.0000000000 -0.2066294849
2.5857913494 0.0000000000 0.0000000000 0.2352027744 24.8459568024 0.0000000000 -0.2065334320
2.5834171772 0.0000000000 0.0000000000 0.2349307537 24.8381919861 0.0000000000 -0.2064390779
2.5810875893 0.0000000000 0.0000000000 0.2346653938 24.8303146362 0.0000000000 -0.2063417137
2.5787827969 0.0000000000 0.0000000000 0.2344100177 24.8225002289 0.0000000000 -0.2062472105
2.5764710903 0.0000000000 0.0000000000 0.2341608405 24.8149127960 0.0000000000 -0.2061527967
2.5741689205 0.0000000000 0.0000000000 0.2339210659 24.8074340820 0.0000000000 -0.2060598731
2.5719640255 0.0000000000 0.0000000000 0.2336874753 24.7997722626 0.0000000000 -0.2059186697
2.5698299408 0.0000000000 0.0000000000 0.2334566414 24.7923755646 0.0000000000 -0.2058735192
2.5677449703 0.0000000000 0.0000000000 0.2332144529 24.7855758667 0.0000000000 -0.2057831883
2.5656909943 0.0000000000 0.0000000000 0.2329549342 24.7781753540 0.0000000000 -0.2056932449
2.5636286736 0.0000000000 0.0000000000 0.2326668650 24.7711772919 0.0000000000 -0.2056034207
2.5615453720 0.0000000000 0.0000000000 0.2323625088 24.7641487122 0.0000000000 -0.2055139840
2.5593979359 0.0000000000 0.0000000000 0.2320445627 24.7571887970 0.0000000000 -0.2054294944
2.5572047234 0.0000000000 0.0000000000 0.2317222506 24.7501754761 0.0000000000 -0.2053397596
2.5549304485 0.0000000000 0.0000000000 0.2314219773 24.7435741425 0.0000000000 -0.2052533627
2.5525906086 0.0000000000 0.0000000000 0.2311527878 24.7372074127 0.0000000000 -0.2051679492
2.5501747131 0.0000000000 0.0000000000 0.2309164256 24.7309017181 0.0000000000 -0.2050211132
2.5478641987 0.0000000000 0.0000000000 0.2307029217 24.7241230011 0.0000000000 -0.2049289644
2.5457539558 0.0000000000 0.0000000000 0.2305096090 24.7174873352 0.0000000000 -0.2049167454
2.5434679985 0.0000000000 0.0000000000 0.2303307801 24.7110347748 0.0000000000 -0.2048482299
2.5411348343 0.0000000000 0.0000000000 0.2301746160 24.7046604156 0.0000000000 -0.2047711015
2.5387995243 0.0000000000 0.0000000000 0.2300327569 24.6983642578 0.0000000000 -0.2046248317
2.5366122723 0.0000000000 0.0000000000 0.2298848182 24.6927032471 0.0000000000 -0.2046172619
2.5344216824 0.0000000000 0.0000000000 0.2297218591 24.6870746613 0.0000000000 -0.2045406699
2.5323204994 0.0000000000 0.0000000000 0.2295405716 24.6813392639 0.0000000000 -0.2044644356
2.5302965641 0.0000000000 0.0000000000 0.2293560207 24.6755485535 0.0000000000 -0.2043860853
2.5283358097 0.0000000000 0.0000000000 0.2291542739 24.6696357727 0.0000000000 -0.2043097615
2.5264594555 0.0000000000 0.0000000000 0.2289391309 24.6636886597 0.0000000000 -0.2042187452
2.5246820450 0.0000000000 0.0000000000 0.2287091911 24.6582050323 0.0000000000 -0.2041584253
2.5229601860 0.0000000000 0.0000000000 0.2284714431 24.6521587372 0.0000000000 -0.2040809393
2.5212368965 0.0000000000 0.0000000000 0.2282319218 24.6459541321 0.0000000000 -0.2040059268
2.5195255280 0.0000000000 0.0000000000 0.2279904634 24.6390323639 0.0000000000 -0.2039296627
2.5177824497 0.0000000000 0.0000000000 0.2277426869 24.6319637299 0.0000000000 -0.2038540840
2.5160174370 0.0000000000 0.0000000000 0.2274846435 24.6252040863 0.0000000000 -0.2037791312
2.5142192841 0.0000000000 0.0000000000 0.2272293419 24.6182518005 0.0000000000 -0.2037045360
2.5124053955 0.0000000000 0.0000000000 0.2269876748 24.6111030579 0.0000000000 -0.2036300004
2.5106348991 0.0000000000 0.0000000000 0.2267538160 24.6038246155 0.0000000000 -0.2035560608
2.5088922977 0.0000000000 0.0000000000 0.2265194803 24.5965023041 0.0000000000 -0.2034761608
