#         rmsthk      stdthk       rmsvel       stdvel       rmsdiv       stddiv       rmsusurf       stdusurf
0.0000000000 0.0000000000 178.6378631592 133.1120147705 0.0000000000 0.0000000000 0.0000000000 0.0000000000
-0.1188185737 0.4723911285 92.3929061890 78.7489395142 0.0000000000 0.0000000000 -0.0629246011 0.9904391170
-0.2355372161 0.8641675115 61.8025856018 49.8670616150 0.0000000000 0.0000000000 -0.1251175404 1.8302127123
-0.3597541153 1.2030133009 61.3675880432 43.1366081238 0.0000000000 0.0000000000 -0.1783555299 2.5292801857
-0.4930793047 1.5063481331 63.8685607910 42.5442581177 0.0000000000 0.0000000000 -0.2204235643 3.1084113121
-0.6335928440 1.7896293402 63.9622993469 42.1726531982 0.0000000000 0.0000000000 -0.2536844909 3.5926828384
-0.7788611054 2.0628211498 61.3157081604 40.3798828125 0.0000000000 0.0000000000 -0.2791416049 4.0019159317
-0.9266344309 2.3311049938 57.0171318054 38.0726776123 0.0000000000 0.0000000000 -0.2971898317 4.3505077362
-1.0747531652 2.5961396694 51.8703117371 35.8901062012 0.0000000000 0.0000000000 -0.3085218370 4.6474423409
-1.2215508223 2.8580598831 46.3328819275 33.8356819153 0.0000000000 0.0000000000 -0.3138475418 4.8994388580
-1.3654322624 3.1158301830 40.6601791382 31.9082355499 0.0000000000 0.0000000000 -0.3136071265 5.1111745834
-1.5050538778 3.3679947853 35.1223373413 30.2685585022 0.0000000000 0.0000000000 -0.3079862595 5.2863421440
-1.6392906904 3.6130926609 29.8969573975 29.1153240204 0.0000000000 0.0000000000 -0.2974449098 5.4276890755
-1.7673295736 3.8498244286 25.0577564240 28.3367500305 0.0000000000 0.0000000000 -0.2826037109 5.5379734039
-1.8886630535 4.0771389008 20.6600761414 27.8751773834 0.0000000000 0.0000000000 -0.2641700208 5.6196532249
-2.0030071735 4.2943682671 16.6850490570 27.6707496643 0.0000000000 0.0000000000 -0.2427176684 5.6751799583
-2.1102952957 4.5011186600 13.1005716324 27.7011184692 0.0000000000 0.0000000000 -0.2186962962 5.7068529129
-2.2106158733 4.6973052025 9.8892583847 27.9185390472 0.0000000000 0.0000000000 -0.1925133914 5.7168097496
-2.3041315079 4.8829822540 7.0338912010 28.2786502838 0.0000000000 0.0000000000 -0.1646156758 5.7071342468
-2.3911399841 5.0584530830 4.5306601524 28.7314739227 0.0000000000 0.0000000000 -0.1354499608 5.6798467636
-2.4718384743 5.2238597870 2.3613874912 29.2253551483 0.0000000000 0.0000000000 -0.1054402143 5.6367869377
-2.5464861393 5.3795623779 0.5131565332 29.7281646729 0.0000000000 0.0000000000 -0.0749587864 5.5797677040
-2.6153767109 5.5260677338 -1.0357062817 30.1957111359 0.0000000000 0.0000000000 -0.0444169082 5.5105142593
-2.6789174080 5.6640648842 -2.3211386204 30.6057720184 0.0000000000 0.0000000000 -0.0141037563 5.4306111336
-2.7374467850 5.7941384315 -3.3684380054 30.9476852417 0.0000000000 0.0000000000 0.0156580247 5.3416676521
-2.7913312912 5.9169368744 -4.2044901848 31.2175064087 0.0000000000 0.0000000000 0.0445863977 5.2451672554
-2.8409175873 6.0330972672 -4.8521704674 31.4143085480 0.0000000000 0.0000000000 0.0724182874 5.1425127983
-2.8865723610 6.1433424950 -5.3309350014 31.5384998322 0.0000000000 0.0000000000 0.0989226848 5.0350146294
-2.9286329746 6.2482953072 -5.6576151848 31.5963802338 0.0000000000 0.0000000000 0.1239153594 4.9238963127
-2.9674363136 6.3485851288 -5.8464579582 31.5921821594 0.0000000000 0.0000000000 0.1472401172 4.8102955818
-3.0032999516 6.4448571205 -5.9101648331 31.5324554443 0.0000000000 0.0000000000 0.1687458158 4.6952261925
-3.0364854336 6.5376133919 -5.8591985703 31.4258785248 0.0000000000 0.0000000000 0.1883311123 4.5796117783
-3.0672383308 6.6272716522 -5.7019467354 31.2773303986 0.0000000000 0.0000000000 0.2059163749 4.4642348289
-3.0958154202 6.7143292427 -5.4461278915 31.0944614410 0.0000000000 0.0000000000 0.2214629352 4.3498044014
-3.1224250793 6.7991647720 -5.0996584892 30.8826828003 0.0000000000 0.0000000000 0.2349447012 4.2369589806
-3.1473090649 6.8822245598 -4.6706700325 30.6484985352 0.0000000000 0.0000000000 0.2463595122 4.1262369156
-3.1706480980 6.9638280869 -4.1659102440 30.3983287811 0.0000000000 0.0000000000 0.2557810545 4.0180954933
-3.1926696301 7.0443577766 -3.5927207470 30.1382751465 0.0000000000 0.0000000000 0.2632952631 3.9128799438
-3.2135746479 7.1241683960 -2.9591984749 29.8750095367 0.0000000000 0.0000000000 0.2690151036 3.8108952045
-3.2335693836 7.2036013603 -2.2732269764 29.6145877838 0.0000000000 0.0000000000 0.2730824649 3.7123546600
-3.2528157234 7.2829461098 -1.5421853065 29.3617153168 0.0000000000 0.0000000000 0.2756460607 3.6174669266
-3.2715158463 7.3625736237 -0.7740986943 29.1207389832 0.0000000000 0.0000000000 0.2768554091 3.5263764858
-3.2897989750 7.4427108765 0.0232012663 28.8965015411 0.0000000000 0.0000000000 0.2768318057 3.4391686916
-3.3078434467 7.5236234665 0.8417407870 28.6923484802 0.0000000000 0.0000000000 0.2757145166 3.3558807373
-3.3257997036 7.6055355072 1.6747932434 28.5132064819 0.0000000000 0.0000000000 0.2736475170 3.2765257359
-3.3438339233 7.6887183189 2.5140380859 28.3613338470 0.0000000000 0.0000000000 0.2707947493 3.2010581493
-3.3620994091 7.7733912468 3.3526093960 28.2389354706 0.0000000000 0.0000000000 0.2672673464 3.1294052601
-3.3807413578 7.8598389626 4.1834421158 28.1468925476 0.0000000000 0.0000000000 0.2631652355 3.0614612103
-3.3998489380 7.9481229782 5.0023627281 28.0886173248 0.0000000000 0.0000000000 0.2585869730 2.9971561432
-3.4196326733 8.0386381149 5.8054952621 28.0629196167 0.0000000000 0.0000000000 0.2536398768 2.9364292622
-3.4401757717 8.1314420700 6.5882453918 28.0688743591 0.0000000000 0.0000000000 0.2483863980 2.8792603016
-3.4616048336 8.2267246246 7.3470730782 28.1065330505 0.0000000000 0.0000000000 0.2429208159 2.8256609440
-3.4839632511 8.3244237900 8.0807113647 28.1720504761 0.0000000000 0.0000000000 0.2373171896 2.7757058144
-3.5073642731 8.4246768951 8.7861137390 28.2643985748 0.0000000000 0.0000000000 0.2316531390 2.7295293808
-3.5318315029 8.5274534225 9.4634723663 28.3788318634 0.0000000000 0.0000000000 0.2259969115 2.6872723103
-3.5574607849 8.6328907013 10.1094379425 28.5094470978 0.0000000000 0.0000000000 0.2204199880 2.6490819454
-3.5843129158 8.7409391403 10.7229852676 28.6499271393 0.0000000000 0.0000000000 0.2149225771 2.6151342392
-3.6124329567 8.8517265320 11.3040542603 28.7917804718 0.0000000000 0.0000000000 0.2095279247 2.5856401920
-3.6418385506 8.9651546478 11.8470306396 28.9254341125 0.0000000000 0.0000000000 0.2042543292 2.5608057976
-3.6726202965 9.0814008713 12.3505687714 29.0444545746 0.0000000000 0.0000000000 0.1991278380 2.5408318043
-3.7047338486 9.2003583908 12.8156948090 29.1407489777 0.0000000000 0.0000000000 0.1941882521 2.5259642601
-3.7381930351 9.3219633102 13.2392253876 29.2059745789 0.0000000000 0.0000000000 0.1894500852 2.5164313316
-3.7728981972 9.4459409714 13.6179609299 29.2359123230 0.0000000000 0.0000000000 0.1849723011 2.5125226974
-3.8089280128 9.5724182129 13.9512739182 29.2295417786 0.0000000000 0.0000000000 0.1808240414 2.5143604279
-3.8462781906 9.7013683319 14.2402734756 29.1892490387 0.0000000000 0.0000000000 0.1770909876 2.5219330788
-3.8847811222 9.8323554993 14.4872255325 29.1172237396 0.0000000000 0.0000000000 0.1738442630 2.5350480080
-3.9244515896 9.9653882980 14.6936244965 29.0144748688 0.0000000000 0.0000000000 0.1711890548 2.5533895493
-3.9652020931 10.1003684998 14.8634319305 28.8892860413 0.0000000000 0.0000000000 0.1691989750 2.5766258240
-4.0070362091 10.2372131348 14.9986362457 28.7487583160 0.0000000000 0.0000000000 0.1679278016 2.6042301655
-4.0499401093 10.3758478165 15.1027507782 28.5997600555 0.0000000000 0.0000000000 0.1674152613 2.6355903149
-4.0937876701 10.5159130096 15.1819458008 28.4486141205 0.0000000000 0.0000000000 0.1677119434 2.6701018810
-4.1385803223 10.6574535370 15.2396926880 28.3007450104 0.0000000000 0.0000000000 0.1688638330 2.7071294785
-4.1842684746 10.8003292084 15.2797803879 28.1622848511 0.0000000000 0.0000000000 0.1708786190 2.7460975647
-4.2307939529 10.9444208145 15.3052835464 28.0374622345 0.0000000000 0.0000000000 0.1737078577 2.7864260674
-4.2780089378 11.0894784927 15.3225126266 27.9287395477 0.0000000000 0.0000000000 0.1773493737 2.8276834488
-4.3258752823 11.2353315353 15.3355531693 27.8386898041 0.0000000000 0.0000000000 0.1817258298 2.8694546223
-4.3742551804 11.3816299438 15.3509206772 27.7678050995 0.0000000000 0.0000000000 0.1867129356 2.9114089012
-4.4230723381 11.5282096863 15.3742427826 27.7159862518 0.0000000000 0.0000000000 0.1922352612 2.9532501698
-4.4723534584 11.6752157211 15.4080085754 27.6794719696 0.0000000000 0.0000000000 0.1981489509 2.9947612286
-4.5221228600 11.8226833344 15.4552659988 27.6556320190 0.0000000000 0.0000000000 0.2042824924 3.0357966423
-4.5721983910 11.9701919556 15.5203914642 27.6412258148 0.0000000000 0.0000000000 0.2105714381 3.0761528015
-4.6224851608 12.1174154282 15.6048574448 27.6303253174 0.0000000000 0.0000000000 0.2169289589 3.1157031059
-4.6729464531 12.2642593384 15.7065820694 27.6159610748 0.0000000000 0.0000000000 0.2233088464 3.1543929577
-4.7237606049 12.4112920761 15.8220806122 27.5883884430 0.0000000000 0.0000000000 0.2296389639 3.1921696663
-4.7750334740 12.5586681366 15.9490451813 27.5453300476 0.0000000000 0.0000000000 0.2358571142 3.2290644646
-4.8267254829 12.7063798904 16.0824470520 27.4818973541 0.0000000000 0.0000000000 0.2418700457 3.2650210857
-4.8788666725 12.8543930054 16.2177886963 27.3937816620 0.0000000000 0.0000000000 0.2476426065 3.3001010418
-4.9315252304 13.0028429031 16.3497695923 27.2799396515 0.0000000000 0.0000000000 0.2531008124 3.3343005180
-4.9846696854 13.1516914368 16.4749526978 27.1425952911 0.0000000000 0.0000000000 0.2582064867 3.3677170277
-5.0382838249 13.3008546829 16.5887985229 26.9815540314 0.0000000000 0.0000000000 0.2629508972 3.4004690647
-5.0923571587 13.4501676559 16.6865329742 26.8029384613 0.0000000000 0.0000000000 0.2673302889 3.4325573444
-5.1468057632 13.5993614197 16.7647075653 26.6157836914 0.0000000000 0.0000000000 0.2713490129 3.4639112949
-5.2016043663 13.7482213974 16.8189468384 26.4273796082 0.0000000000 0.0000000000 0.2750152647 3.4945061207
-5.2567777634 13.8968782425 16.8490180969 26.2423019409 0.0000000000 0.0000000000 0.2783688307 3.5242619514
-5.3123521805 14.0453767776 16.8499908447 26.0653419495 0.0000000000 0.0000000000 0.2813981771 3.5530569553
-5.3682389259 14.1936283112 16.8204917908 25.8994731903 0.0000000000 0.0000000000 0.2841061652 3.5808553696
-5.4243178368 14.3413991928 16.7604751587 25.7478237152 0.0000000000 0.0000000000 0.2864840329 3.6075940132
-5.4806046486 14.4887323380 16.6726074219 25.6124000549 0.0000000000 0.0000000000 0.2885300219 3.6331555843
-5.5372362137 14.6359949112 16.5591354370 25.4912700653 0.0000000000 0.0000000000 0.2902544439 3.6574945450
-5.5941462517 14.7830476761 16.4239616394 25.3810863495 0.0000000000 0.0000000000 0.2916231453 3.6804697514
-5.6512928009 14.9297904968 16.2689857483 25.2799339294 0.0000000000 0.0000000000 0.2926075459 3.7020447254
-5.7086606026 15.0762500763 16.0975112915 25.1814727783 0.0000000000 0.0000000000 0.2931978405 3.7221672535
-5.7661237717 15.2220592499 15.9166927338 25.0830307007 0.0000000000 0.0000000000 0.2933963239 3.7407824993
-5.8236689568 15.3673868179 15.7300453186 24.9815483093 0.0000000000 0.0000000000 0.2932223082 3.7578170300
-5.8812298775 15.5121889114 15.5420103073 24.8743991852 0.0000000000 0.0000000000 0.2927001417 3.7731387615
-5.9386324883 15.6561260223 15.3573818207 24.7579174042 0.0000000000 0.0000000000 0.2918534875 3.7866954803
-5.9959745407 15.7994289398 15.1786613464 24.6314525604 0.0000000000 0.0000000000 0.2907190025 3.7984738350
-6.0531635284 15.9418916702 15.0088415146 24.4957370758 0.0000000000 0.0000000000 0.2893599868 3.8084700108
-6.1101355553 16.0834617615 14.8505992889 24.3526058197 0.0000000000 0.0000000000 0.2878048420 3.8165898323
-6.1669559479 16.2243156433 14.7049150467 24.2048549652 0.0000000000 0.0000000000 0.2861034870 3.8228349686
-6.2234969139 16.3640327454 14.5736188889 24.0558853149 0.0000000000 0.0000000000 0.2842690349 3.8272721767
-6.2797994614 16.5027942657 14.4560594559 23.9101924896 0.0000000000 0.0000000000 0.2823278010 3.8299233913
-6.3357400894 16.6403923035 14.3515567780 23.7701225281 0.0000000000 0.0000000000 0.2803191245 3.8308424950
-6.3915061951 16.7771816254 14.2579078674 23.6384639740 0.0000000000 0.0000000000 0.2782343924 3.8301141262
-6.4471755028 16.9132595062 14.1705627441 23.5163440704 0.0000000000 0.0000000000 0.2760845721 3.8278653622
-6.5028367043 17.0488929749 14.0884237289 23.4035987854 0.0000000000 0.0000000000 0.2738792300 3.8242406845
-6.5583276749 17.1836338043 14.0099954605 23.3001976013 0.0000000000 0.0000000000 0.2716390491 3.8193681240
-6.6138539314 17.3180255890 13.9316787720 23.2032413483 0.0000000000 0.0000000000 0.2693736851 3.8133559227
-6.6693878174 17.4521179199 13.8519887924 23.1098613739 0.0000000000 0.0000000000 0.2670824230 3.8063380718
-6.7247819901 17.5855846405 13.7693948746 23.0179576874 0.0000000000 0.0000000000 0.2647973299 3.7984111309
-6.7800936699 17.7184963226 13.6823348999 22.9257068634 0.0000000000 0.0000000000 0.2625314593 3.7896049023
-6.8354167938 17.8510761261 13.5877513885 22.8303260803 0.0000000000 0.0000000000 0.2602996826 3.7800230980
-6.8907637596 17.9833126068 13.4850502014 22.7291831970 0.0000000000 0.0000000000 0.2581389844 3.7697293758
-6.9460291862 18.1150531769 13.3742742538 22.6231536865 0.0000000000 0.0000000000 0.2561016679 3.7587673664
-7.0012731552 18.2463493347 13.2558240891 22.5118923187 0.0000000000 0.0000000000 0.2542184591 3.7472150326
-7.0565252304 18.3772277832 13.1318359375 22.3981227875 0.0000000000 0.0000000000 0.2524960041 3.7350468636
-7.1118140221 18.5078506470 13.0026016235 22.2821273804 0.0000000000 0.0000000000 0.2509201467 3.7223360538
-7.1671566963 18.6383056641 12.8716287613 22.1674232483 0.0000000000 0.0000000000 0.2494687438 3.7090504169
-7.2224678993 18.7684078217 12.7401685715 22.0550441742 0.0000000000 0.0000000000 0.2481247336 3.6951563358
-7.2776794434 18.8979644775 12.6104459763 21.9466400146 0.0000000000 0.0000000000 0.2468870133 3.6806471348
-7.3327903748 19.0270042419 12.4845094681 21.8426094055 0.0000000000 0.0000000000 0.2457529306 3.6655454636
-7.3878035545 19.1556262970 12.3648977280 21.7450180054 0.0000000000 0.0000000000 0.2447382212 3.6499116421
-7.4426150322 19.2835903168 12.2506179810 21.6527976990 0.0000000000 0.0000000000 0.2438779175 3.6338572502
-7.4973115921 19.4110355377 12.1432952881 21.5664482117 0.0000000000 0.0000000000 0.2432039976 3.6174290180
-7.5518674850 19.5379238129 12.0436439514 21.4856739044 0.0000000000 0.0000000000 0.2427200526 3.6006333828
-7.6062836647 19.6642627716 11.9516201019 21.4066505432 0.0000000000 0.0000000000 0.2424140871 3.5835540295
-7.6605911255 19.7901897430 11.8657445908 21.3262538910 0.0000000000 0.0000000000 0.2422440052 3.5661766529
-7.7148394585 19.9157733917 11.7837886810 21.2431507111 0.0000000000 0.0000000000 0.2421809733 3.5485749245
-7.7689957619 20.0409297943 11.7052497864 21.1568222046 0.0000000000 0.0000000000 0.2422240674 3.5307753086
-7.8230652809 20.1656703949 11.6296119690 21.0661373138 0.0000000000 0.0000000000 0.2423709780 3.5128984451
-7.8770394325 20.2900810242 11.5562019348 20.9714832306 0.0000000000 0.0000000000 0.2426435053 3.4949824810
-7.9309792519 20.4142036438 11.4846048355 20.8734416962 0.0000000000 0.0000000000 0.2430010289 3.4770526886
-7.9849810600 20.5382938385 11.4137067795 20.7732524872 0.0000000000 0.0000000000 0.2434183657 3.4591474533
-8.0389719009 20.6621608734 11.3427314758 20.6730175018 0.0000000000 0.0000000000 0.2438947260 3.4413194656
-8.0928668976 20.7855091095 11.2708358765 20.5725269318 0.0000000000 0.0000000000 0.2444172502 3.4236261845
-8.1467523575 20.9086246490 11.1990060806 20.4744205475 0.0000000000 0.0000000000 0.2450206876 3.4061193466
-8.2006607056 21.0316600800 11.1269874573 20.3792266846 0.0000000000 0.0000000000 0.2457195669 3.3888401985
-8.2545881271 21.1546154022 11.0551137924 20.2864856720 0.0000000000 0.0000000000 0.2465253174 3.3717391491
-8.3084878922 21.2773609161 10.9829473495 20.1960659027 0.0000000000 0.0000000000 0.2474400699 3.3548069000
-8.3623971939 21.3999881744 10.9104652405 20.1078510284 0.0000000000 0.0000000000 0.2484338433 3.3379983902
-8.4162750244 21.5224571228 10.8384323120 20.0208282471 0.0000000000 0.0000000000 0.2494679987 3.3213524818
-8.4699811935 21.6445045471 10.7664651871 19.9341773987 0.0000000000 0.0000000000 0.2504902780 3.3048524857
-8.5236883163 21.7664813995 10.6938943863 19.8465194702 0.0000000000 0.0000000000 0.2514664829 3.2884914875
-8.5773267746 21.8882751465 10.6196460724 19.7564697266 0.0000000000 0.0000000000 0.2523618340 3.2723100185
-8.6309347153 22.0100040436 10.5436973572 19.6642074585 0.0000000000 0.0000000000 0.2531695664 3.2562503815
-8.6844921112 22.1316337585 10.4654874802 19.5698299408 0.0000000000 0.0000000000 0.2538842559 3.2402722836
-8.7379693985 22.2531127930 10.3855047226 19.4741840363 0.0000000000 0.0000000000 0.2545057237 3.2243556976
-8.7913627625 22.3743782043 10.3039808273 19.3783206940 0.0000000000 0.0000000000 0.2550340295 3.2084674835
-8.8446760178 22.4954872131 10.2215251923 19.2827911377 0.0000000000 0.0000000000 0.2554661036 3.1925573349
-8.8979215622 22.6164913177 10.1387653351 19.1888523102 0.0000000000 0.0000000000 0.2558030486 3.1766612530
-8.9510822296 22.7373638153 10.0546283722 19.0955276489 0.0000000000 0.0000000000 0.2560685277 3.1607723236
-9.0041055679 22.8581085205 9.9695386887 19.0042533875 0.0000000000 0.0000000000 0.2562369406 3.1448643208
-9.0569992065 22.9786930084 9.8834524155 18.9146327972 0.0000000000 0.0000000000 0.2562986612 3.1289098263
-9.1096792221 23.0989513397 9.7960119247 18.8256111145 0.0000000000 0.0000000000 0.2562848926 3.1128966808
-9.1622047424 23.2190551758 9.7069520950 18.7387542725 0.0000000000 0.0000000000 0.2562076449 3.0968105793
-9.2146549225 23.3391437531 9.6159505844 18.6534900665 0.0000000000 0.0000000000 0.2560833693 3.0806419849
-9.2670030594 23.4591598511 9.5234928131 18.5696411133 0.0000000000 0.0000000000 0.2559276223 3.0643780231
-9.3191490173 23.5789051056 9.4300909042 18.4861469269 0.0000000000 0.0000000000 0.2557527423 3.0480701923
-9.3711147308 23.6984462738 9.3359279633 18.4018230438 0.0000000000 0.0000000000 0.2555758655 3.0317263603
-9.4226999283 23.8173141479 9.2419910431 18.3175411224 0.0000000000 0.0000000000 0.2554250956 3.0153617859
-9.4741020203 23.9359607697 9.1489324570 18.2316532135 0.0000000000 0.0000000000 0.2552987337 2.9989850521
-9.5253219604 24.0544109344 9.0559978485 18.1433258057 0.0000000000 0.0000000000 0.2551919520 2.9825692177
-9.5762968063 24.1725978851 8.9634466171 18.0541667938 0.0000000000 0.0000000000 0.2551120222 2.9660701752
-9.6270437241 24.2905673981 8.8731126785 17.9657344818 0.0000000000 0.0000000000 0.2550399303 2.9494414330
-9.6775951385 24.4083213806 8.7833347321 17.8779716492 0.0000000000 0.0000000000 0.2549494207 2.9327125549
-9.7279968262 24.5259475708 8.6943740845 17.7920570374 0.0000000000 0.0000000000 0.2548238933 2.9158971310
-9.7782020569 24.6433982849 8.6056098938 17.7071189880 0.0000000000 0.0000000000 0.2546657324 2.8990368843
-9.8280992508 24.7605495453 8.5168046951 17.6221160889 0.0000000000 0.0000000000 0.2544930875 2.8821377754
-9.8778553009 24.8775711060 8.4287624359 17.5392932892 0.0000000000 0.0000000000 0.2542847097 2.8651912212
-9.9274473190 24.9943885803 8.3405590057 17.4582843781 0.0000000000 0.0000000000 0.2540411949 2.8481640816
-9.9767522812 25.1107921600 8.2526836395 17.3790416718 0.0000000000 0.0000000000 0.2537545264 2.8310899734
-10.0258054733 25.2267742157 8.1647348404 17.3023586273 0.0000000000 0.0000000000 0.2534313798 2.8139758110
-10.0746326447 25.3424320221 8.0752372742 17.2263774872 0.0000000000 0.0000000000 0.2530735433 2.7968568802
-10.1232051849 25.4576873779 7.9850325584 17.1512832642 0.0000000000 0.0000000000 0.2526671886 2.7797400951
-10.1714658737 25.5725078583 7.8930525780 17.0765647888 0.0000000000 0.0000000000 0.2522231638 2.7626354694
-10.2193431854 25.6865787506 7.8008933067 17.0024642944 0.0000000000 0.0000000000 0.2517421842 2.7456014156
-10.2668943405 25.8000965118 7.7082962990 16.9299068451 0.0000000000 0.0000000000 0.2512224019 2.7286608219
-10.3140716553 25.9128360748 7.6155891418 16.8588752747 0.0000000000 0.0000000000 0.2506716251 2.7117762566
-10.3608503342 26.0249977112 7.5241637230 16.7896537781 0.0000000000 0.0000000000 0.2501025200 2.6949574947
-10.4073467255 26.1366863251 7.4337782860 16.7214870453 0.0000000000 0.0000000000 0.2495232373 2.6782200336
-10.4534645081 26.2476367950 7.3449344635 16.6556854248 0.0000000000 0.0000000000 0.2489245534 2.6615774632
-10.4992971420 26.3580684662 7.2584352493 16.5918750763 0.0000000000 0.0000000000 0.2483031154 2.6450109482
-10.5447845459 26.4679298401 7.1749944687 16.5300464630 0.0000000000 0.0000000000 0.2476699799 2.6284940243
-10.5900049210 26.5774230957 7.0933198929 16.4686927795 0.0000000000 0.0000000000 0.2470116615 2.6120557785
-10.6349210739 26.6863765717 7.0143871307 16.4077663422 0.0000000000 0.0000000000 0.2463364899 2.5956997871
-10.6795606613 26.7948722839 6.9387402534 16.3486862183 0.0000000000 0.0000000000 0.2456496060 2.5794842243
-10.7239036560 26.9029350281 6.8642821312 16.2900066376 0.0000000000 0.0000000000 0.2449594885 2.5634574890
-10.7679920197 27.0106182098 6.7909116745 16.2314949036 0.0000000000 0.0000000000 0.2442725003 2.5476217270
-10.8118066788 27.1179237366 6.7178859711 16.1733379364 0.0000000000 0.0000000000 0.2435852438 2.5320262909
-10.8553848267 27.2248897552 6.6457872391 16.1151218414 0.0000000000 0.0000000000 0.2428817302 2.5167100430
-10.8986701965 27.3313922882 6.5741844177 16.0576324463 0.0000000000 0.0000000000 0.2421522737 2.5017228127
-10.9417572021 27.4376468658 6.5034708977 16.0012302399 0.0000000000 0.0000000000 0.2414081693 2.4870667458
-10.9846611023 27.5436420441 6.4340019226 15.9459390640 0.0000000000 0.0000000000 0.2406648993 2.4727339745
-11.0273284912 27.6491813660 6.3654804230 15.8909883499 0.0000000000 0.0000000000 0.2399303317 2.4587421417
-11.0697469711 27.7541828156 6.2977118492 15.8361949921 0.0000000000 0.0000000000 0.2391865104 2.4450969696
-11.1119003296 27.8587207794 6.2317004204 15.7809886932 0.0000000000 0.0000000000 0.2384208590 2.4317994118
-11.1538248062 27.9628868103 6.1672010422 15.7262792587 0.0000000000 0.0000000000 0.2376238853 2.4188537598
-11.1955366135 28.0667228699 6.1037015915 15.6709203720 0.0000000000 0.0000000000 0.2367859781 2.4062135220
-11.2370338440 28.1701831818 6.0408792496 15.6155643463 0.0000000000 0.0000000000 0.2358981818 2.3938646317
-11.2782230377 28.2730636597 5.9791769981 15.5600576401 0.0000000000 0.0000000000 0.2349881381 2.3817634583
-11.3190803528 28.3752822876 5.9190611839 15.5057735443 0.0000000000 0.0000000000 0.2340790778 2.3698754311
-11.3596611023 28.4769039154 5.8590903282 15.4519395828 0.0000000000 0.0000000000 0.2332057208 2.3582017422
-11.3999795914 28.5781192780 5.7996368408 15.3990907669 0.0000000000 0.0000000000 0.2323858291 2.3467085361
-11.4401063919 28.6789550781 5.7409534454 15.3478345871 0.0000000000 0.0000000000 0.2316428125 2.3353664875
-11.4799232483 28.7791118622 5.6824045181 15.2974681854 0.0000000000 0.0000000000 0.2309809029 2.3241987228
-11.5194597244 28.8786506653 5.6229033470 15.2479190826 0.0000000000 0.0000000000 0.2304083705 2.3131685257
-11.5587768555 28.9777374268 5.5619506836 15.1993160248 0.0000000000 0.0000000000 0.2299313247 2.3022577763
-11.5978803635 29.0763950348 5.5000028610 15.1520528793 0.0000000000 0.0000000000 0.2295323461 2.2914695740
-11.6367425919 29.1746158600 5.4371623993 15.1051015854 0.0000000000 0.0000000000 0.2291820645 2.2808156013
-11.6754045486 29.2724742889 5.3738017082 15.0584058762 0.0000000000 0.0000000000 0.2288588583 2.2702727318
-11.7138681412 29.3699665070 5.3102507591 15.0109100342 0.0000000000 0.0000000000 0.2285101116 2.2598218918
-11.7520723343 29.4669322968 5.2475948334 14.9628744125 0.0000000000 0.0000000000 0.2280957550 2.2494292259
-11.7900705338 29.5634746552 5.1861581802 14.9142093658 0.0000000000 0.0000000000 0.2275941074 2.2390770912
-11.8277645111 29.6593666077 5.1271605492 14.8646221161 0.0000000000 0.0000000000 0.2270088792 2.2287831306
-11.8652772903 29.7549095154 5.0705380440 14.8134717941 0.0000000000 0.0000000000 0.2263693810 2.2185690403
-11.9025831223 29.8499965668 5.0159702301 14.7615880966 0.0000000000 0.0000000000 0.2256956846 2.2084333897
-11.9396362305 29.9445800781 4.9636831284 14.7097291946 0.0000000000 0.0000000000 0.2250112146 2.1983439922
-11.9764232635 30.0384273529 4.9139809608 14.6585369110 0.0000000000 0.0000000000 0.2243291885 2.1883172989
-12.0130300522 30.1319103241 4.8653268814 14.6077632904 0.0000000000 0.0000000000 0.2236434519 2.1783664227
-12.0494508743 30.2250175476 4.8179216385 14.5578708649 0.0000000000 0.0000000000 0.2229633331 2.1684911251
-12.0855875015 30.3176383972 4.7713937759 14.5087432861 0.0000000000 0.0000000000 0.2222827822 2.1587238312
-12.1215028763 30.4097976685 4.7260417938 14.4606513977 0.0000000000 0.0000000000 0.2215826958 2.1490657330
-12.1573038101 30.5017490387 4.6806411743 14.4124908447 0.0000000000 0.0000000000 0.2208476812 2.1395609379
-12.1929359436 30.5934600830 4.6352024078 14.3642950058 0.0000000000 0.0000000000 0.2200870067 2.1301984787
-12.2283821106 30.6848278046 4.5892753601 14.3159208298 0.0000000000 0.0000000000 0.2193118632 2.1209948063
-12.2636280060 30.7756805420 4.5427093506 14.2682323456 0.0000000000 0.0000000000 0.2185432911 2.1119716167
-12.2986154556 30.8658733368 4.4960923195 14.2215509415 0.0000000000 0.0000000000 0.2177776396 2.1031136513
-12.3334531784 30.9556922913 4.4487872124 14.1753482819 0.0000000000 0.0000000000 0.2170215845 2.0944252014
-12.3681354523 31.0450859070 4.4005098343 14.1289520264 0.0000000000 0.0000000000 0.2162705809 2.0858607292
-12.4026775360 31.1342658997 4.3511219025 14.0823202133 0.0000000000 0.0000000000 0.2155150622 2.0774304867
-12.4371633530 31.2233448029 4.3004751205 14.0350427628 0.0000000000 0.0000000000 0.2147644609 2.0691361427
-12.4715547562 31.3122730255 4.2486667633 13.9866456985 0.0000000000 0.0000000000 0.2140269428 2.0609414577
-12.5058555603 31.4010314941 4.1962485313 13.9379100800 0.0000000000 0.0000000000 0.2133031785 2.0528197289
-12.5400819778 31.4896183014 4.1436471939 13.8886899948 0.0000000000 0.0000000000 0.2125913501 2.0447297096
-12.5742425919 31.5780735016 4.0910172462 13.8389530182 0.0000000000 0.0000000000 0.2118837237 2.0366675854
-12.6083173752 31.6663761139 4.0388364792 13.7896337509 0.0000000000 0.0000000000 0.2111690938 2.0286545753
-12.6423215866 31.7544860840 3.9870388508 13.7405481339 0.0000000000 0.0000000000 0.2104469836 2.0206997395
-12.6761779785 31.8422927856 3.9353756905 13.6915426254 0.0000000000 0.0000000000 0.2097264975 2.0128042698
-12.7099208832 31.9298210144 3.8849821091 13.6429147720 0.0000000000 0.0000000000 0.2089885324 2.0049924850
-12.7435283661 32.0169868469 3.8355414867 13.5944747925 0.0000000000 0.0000000000 0.2082463503 1.9972903728
-12.7770109177 32.1037979126 3.7865719795 13.5459671021 0.0000000000 0.0000000000 0.2075057924 1.9897121191
-12.8103189468 32.1901435852 3.7378365993 13.4975824356 0.0000000000 0.0000000000 0.2067654133 1.9822888374
-12.8434696198 32.2761001587 3.6896107197 13.4497461319 0.0000000000 0.0000000000 0.2060436457 1.9750245810
-12.8764925003 32.3616790771 3.6415963173 13.4033432007 0.0000000000 0.0000000000 0.2053595930 1.9678581953
-12.9093294144 32.4467506409 3.5948822498 13.3593406677 0.0000000000 0.0000000000 0.2047291100 1.9607589245
-12.9420404434 32.5313682556 3.5495040417 13.3174009323 0.0000000000 0.0000000000 0.2041410506 1.9537283182
-12.9745273590 32.6153411865 3.5051321983 13.2766342163 0.0000000000 0.0000000000 0.2035876811 1.9467397928
-13.0068349838 32.6986999512 3.4621305466 13.2380342484 0.0000000000 0.0000000000 0.2030658722 1.9397739172
-13.0389661789 32.7815055847 3.4197566509 13.2014484406 0.0000000000 0.0000000000 0.2025684565 1.9328187704
-13.0708675385 32.8635597229 3.3777911663 13.1668987274 0.0000000000 0.0000000000 0.2021108717 1.9258819818
-13.1026048660 32.9451293945 3.3356590271 13.1336889267 0.0000000000 0.0000000000 0.2016889751 1.9189831018
-13.1342220306 33.0262985229 3.2932875156 13.1017322540 0.0000000000 0.0000000000 0.2012946755 1.9121427536
-13.1656732559 33.1069984436 3.2519414425 13.0713195801 0.0000000000 0.0000000000 0.2009257525 1.9053453207
-13.1969804764 33.1872291565 3.2112641335 13.0421218872 0.0000000000 0.0000000000 0.2005747259 1.8986227512
-13.2280979156 33.2668800354 3.1723597050 13.0137424469 0.0000000000 0.0000000000 0.2002351880 1.8919460773
-13.2590160370 33.3459930420 3.1354181767 12.9865798950 0.0000000000 0.0000000000 0.1999038607 1.8853098154
-13.2897167206 33.4245910645 3.1004087925 12.9597616196 0.0000000000 0.0000000000 0.1995665133 1.8787406683
-13.3202419281 33.5026817322 3.0670557022 12.9331665039 0.0000000000 0.0000000000 0.1992222518 1.8722438812
-13.3505668640 33.5802726746 3.0353362560 12.9065074921 0.0000000000 0.0000000000 0.1988698989 1.8658609390
-13.3807725906 33.6574974060 3.0050427914 12.8801984787 0.0000000000 0.0000000000 0.1985137612 1.8595993519
-13.4107837677 33.7343025208 2.9757719040 12.8544340134 0.0000000000 0.0000000000 0.1981640607 1.8534693718
-13.4405155182 33.8104820251 2.9483330250 12.8306312561 0.0000000000 0.0000000000 0.1978140324 1.8474714756
-13.4701452255 33.8863296509 2.9209876060 12.8071069717 0.0000000000 0.0000000000 0.1974702924 1.8415614367
-13.4996500015 33.9618797302 2.8932147026 12.7836484909 0.0000000000 0.0000000000 0.1971446276 1.8356981277
-13.5290756226 34.0371665955 2.8650560379 12.7602376938 0.0000000000 0.0000000000 0.1968512386 1.8298822641
-13.5584335327 34.1122093201 2.8361535072 12.7367696762 0.0000000000 0.0000000000 0.1966107637 1.8241155148
-13.5877161026 34.1869888306 2.8066322803 12.7131986618 0.0000000000 0.0000000000 0.1964309961 1.8184028864
-13.6168842316 34.2614288330 2.7766819000 12.6894674301 0.0000000000 0.0000000000 0.1962874085 1.8127720356
-13.6458854675 34.3355407715 2.7465670109 12.6657152176 0.0000000000 0.0000000000 0.1961465925 1.8072265387
-13.6747541428 34.4093818665 2.7158129215 12.6420288086 0.0000000000 0.0000000000 0.1959879249 1.8017759323
-13.7035799026 34.4830627441 2.6843242645 12.6185035706 0.0000000000 0.0000000000 0.1957903653 1.7964463234
-13.7323169708 34.5565032959 2.6515958309 12.5952606201 0.0000000000 0.0000000000 0.1955576241 1.7912364006
-13.7610025406 34.6297607422 2.6178605556 12.5718288422 0.0000000000 0.0000000000 0.1952871233 1.7861208916
-13.7896404266 34.7028350830 2.5837459564 12.5484676361 0.0000000000 0.0000000000 0.1949808002 1.7810968161
-13.8182134628 34.7757110596 2.5487768650 12.5248975754 0.0000000000 0.0000000000 0.1946429759 1.7761737108
-13.8466959000 34.8482856750 2.5138337612 12.5016403198 0.0000000000 0.0000000000 0.1942793578 1.7713812590
-13.8751049042 34.9206390381 2.4792630672 12.4780321121 0.0000000000 0.0000000000 0.1938938498 1.7667034864
-13.9034357071 34.9927597046 2.4451534748 12.4545125961 0.0000000000 0.0000000000 0.1934984028 1.7620838881
-13.9315786362 35.0644989014 2.4116871357 12.4314069748 0.0000000000 0.0000000000 0.1931025982 1.7574936152
-13.9596385956 35.1359863281 2.3789601326 12.4085407257 0.0000000000 0.0000000000 0.1927078515 1.7529327869
-13.9875431061 35.2071685791 2.3469054699 12.3862524033 0.0000000000 0.0000000000 0.1923136562 1.7483834028
-14.0153760910 35.2781105042 2.3155581951 12.3641004562 0.0000000000 0.0000000000 0.1919097155 1.7438383102
-14.0430946350 35.3487548828 2.2853670120 12.3421421051 0.0000000000 0.0000000000 0.1914934069 1.7392933369
-14.0707120895 35.4190750122 2.2560317516 12.3203592300 0.0000000000 0.0000000000 0.1910650283 1.7347280979
-14.0981140137 35.4888267517 2.2274801731 12.2990074158 0.0000000000 0.0000000000 0.1906163841 1.7301603556
-14.1254358292 35.5583114624 2.1994280815 12.2776746750 0.0000000000 0.0000000000 0.1901379973 1.7256518602
-14.1526126862 35.6274528503 2.1722481251 12.2564802170 0.0000000000 0.0000000000 0.1896440983 1.7211996317
-14.1797380447 35.6964035034 2.1462857723 12.2350101471 0.0000000000 0.0000000000 0.1891468912 1.7168058157
-14.2067775726 35.7651062012 2.1217823029 12.2132930756 0.0000000000 0.0000000000 0.1886633486 1.7124683857
-14.2337703705 35.8336563110 2.0983271599 12.1910524368 0.0000000000 0.0000000000 0.1882177293 1.7081844807
-14.2606153488 35.9019660950 2.0758163929 12.1683902740 0.0000000000 0.0000000000 0.1878128052 1.7038984299
-14.2873992920 35.9700965881 2.0547053814 12.1456403732 0.0000000000 0.0000000000 0.1874405891 1.6996570826
-14.3141698837 36.0381050110 2.0342218876 12.1231889725 0.0000000000 0.0000000000 0.1871028841 1.6954984665
-14.3409261703 36.1059951782 2.0140516758 12.1014871597 0.0000000000 0.0000000000 0.1867858917 1.6914278269
-14.3676156998 36.1737136841 1.9937081337 12.0803546906 0.0000000000 0.0000000000 0.1864742488 1.6874577999
-14.3942012787 36.2411193848 1.9729346037 12.0596475601 0.0000000000 0.0000000000 0.1861772984 1.6835992336
-14.4206924438 36.3082542419 1.9521954060 12.0393791199 0.0000000000 0.0000000000 0.1859060675 1.6798405647
-14.4471025467 36.3751678467 1.9316878319 12.0202903748 0.0000000000 0.0000000000 0.1856490523 1.6762475967
-14.4733943939 36.4418830872 1.9113920927 12.0013599396 0.0000000000 0.0000000000 0.1854136288 1.6727516651
-14.4996910095 36.5085601807 1.8910802603 11.9823789597 0.0000000000 0.0000000000 0.1852003038 1.6693555117
-14.5259561539 36.5751380920 1.8708200455 11.9633483887 0.0000000000 0.0000000000 0.1849851012 1.6660660505
-14.5522289276 36.6416511536 1.8507062197 11.9445648193 0.0000000000 0.0000000000 0.1847615093 1.6628047228
-14.5784645081 36.7080612183 1.8307907581 11.9258499146 0.0000000000 0.0000000000 0.1845228374 1.6595634222
-14.6045894623 36.7742729187 1.8109339476 11.9072666168 0.0000000000 0.0000000000 0.1842814833 1.6562782526
-14.6306514740 36.8403701782 1.7906342745 11.8886842728 0.0000000000 0.0000000000 0.1840558648 1.6529159546
-14.6567268372 36.9064369202 1.7699061632 11.8699674606 0.0000000000 0.0000000000 0.1838572025 1.6494544744
-14.6827821732 36.9724349976 1.7486598492 11.8513612747 0.0000000000 0.0000000000 0.1836852729 1.6458817720
-14.7088041306 37.0383453369 1.7271783352 11.8329238892 0.0000000000 0.0000000000 0.1835295856 1.6422786713
-14.7347087860 37.1040840149 1.7054677010 11.8145694733 0.0000000000 0.0000000000 0.1833867282 1.6386450529
-14.7605733871 37.1696624756 1.6831815243 11.7963991165 0.0000000000 0.0000000000 0.1832592189 1.6349620819
-14.7863979340 37.2350997925 1.6607855558 11.7782611847 0.0000000000 0.0000000000 0.1831438392 1.6312388182
-14.8121528625 37.3004417419 1.6382994652 11.7604646683 0.0000000000 0.0000000000 0.1830388606 1.6274816990
-14.8378877640 37.3656806946 1.6161432266 11.7427968979 0.0000000000 0.0000000000 0.1829344034 1.6237441301
-14.8635931015 37.4307060242 1.5936723948 11.7254095078 0.0000000000 0.0000000000 0.1828268617 1.6200011969
-14.8892850876 37.4955978394 1.5708743334 11.7082357407 0.0000000000 0.0000000000 0.1827104390 1.6162621975
-14.9149913788 37.5604553223 1.5480793715 11.6912841797 0.0000000000 0.0000000000 0.1825686246 1.6125419140
-14.9406566620 37.6251983643 1.5252430439 11.6745252609 0.0000000000 0.0000000000 0.1823960394 1.6088843346
-14.9662446976 37.6897048950 1.5020771027 11.6579360962 0.0000000000 0.0000000000 0.1822052896 1.6053152084
-14.9917821884 37.7540702820 1.4785177708 11.6415777206 0.0000000000 0.0000000000 0.1820075661 1.6018626690
-15.0173130035 37.8183631897 1.4545365572 11.6254510880 0.0000000000 0.0000000000 0.1818108410 1.5985323191
-15.0427942276 37.8825187683 1.4300141335 11.6095838547 0.0000000000 0.0000000000 0.1816133559 1.5953145027
-15.0682163239 37.9464950562 1.4053158760 11.5937271118 0.0000000000 0.0000000000 0.1814148277 1.5922023058
-15.0936107635 38.0103683472 1.3806349039 11.5776586533 0.0000000000 0.0000000000 0.1811999530 1.5891810656
-15.1188898087 38.0739974976 1.3559746742 11.5612010956 0.0000000000 0.0000000000 0.1809592247 1.5862010717
-15.1441345215 38.1374931335 1.3319181204 11.5442390442 0.0000000000 0.0000000000 0.1807008088 1.5832608938
-15.1693429947 38.2008399963 1.3085662127 11.5269660950 0.0000000000 0.0000000000 0.1804091036 1.5803555250
-15.1945009232 38.2640037537 1.2856049538 11.5094337463 0.0000000000 0.0000000000 0.1800931394 1.5774717331
-15.2196111679 38.3269958496 1.2619836330 11.4919538498 0.0000000000 0.0000000000 0.1797688007 1.5745915174
-15.2446346283 38.3897438049 1.2374675274 11.4747009277 0.0000000000 0.0000000000 0.1794372946 1.5716859102
-15.2696046829 38.4523200989 1.2122800350 11.4578447342 0.0000000000 0.0000000000 0.1791039705 1.5687581301
-15.2945156097 38.5147094727 1.1858631372 11.4414453506 0.0000000000 0.0000000000 0.1787772924 1.5657986403
-15.3192729950 38.5767250061 1.1595076323 11.4254817963 0.0000000000 0.0000000000 0.1784525365 1.5628471375
-15.3439073563 38.6384925842 1.1331318617 11.4098844528 0.0000000000 0.0000000000 0.1781193763 1.5598915815
-15.3684291840 38.7000389099 1.1070346832 11.3946762085 0.0000000000 0.0000000000 0.1777662784 1.5569720268
-15.3928985596 38.7614440918 1.0810880661 11.3796043396 0.0000000000 0.0000000000 0.1773876548 1.5540926456
-15.4171800613 38.8225402832 1.0559067726 11.3649559021 0.0000000000 0.0000000000 0.1769835055 1.5512434244
-15.4413976669 38.8834686279 1.0311845541 11.3505439758 0.0000000000 0.0000000000 0.1765907109 1.5483973026
-15.4655523300 38.9442176819 1.0070170164 11.3363008499 0.0000000000 0.0000000000 0.1762237847 1.5455348492
-15.4896030426 39.0047798157 0.9832075238 11.3219127655 0.0000000000 0.0000000000 0.1758782268 1.5426688194
-15.5135965347 39.0652122498 0.9600302577 11.3074398041 0.0000000000 0.0000000000 0.1755480468 1.5398259163
-15.5374984741 39.1254959106 0.9373495579 11.2930450439 0.0000000000 0.0000000000 0.1752374321 1.5370082855
-15.5612878799 39.1855621338 0.9151129723 11.2788124084 0.0000000000 0.0000000000 0.1749565452 1.5342237949
-15.5850496292 39.2455482483 0.8929070830 11.2644653320 0.0000000000 0.0000000000 0.1747175455 1.5314691067
-15.6087379456 39.3054084778 0.8710761666 11.2498703003 0.0000000000 0.0000000000 0.1745176017 1.5287411213
-15.6323308945 39.3651008606 0.8497062325 11.2349843979 0.0000000000 0.0000000000 0.1743381470 1.5260593891
-15.6559019089 39.4247131348 0.8285657763 11.2199926376 0.0000000000 0.0000000000 0.1741651148 1.5234222412
-15.6793670654 39.4841041565 0.8074672818 11.2049007416 0.0000000000 0.0000000000 0.1740013957 1.5208230019
-15.7027988434 39.5434036255 0.7862226963 11.1897983551 0.0000000000 0.0000000000 0.1738486588 1.5182549953
-15.7261972427 39.6026000977 0.7648206353 11.1748008728 0.0000000000 0.0000000000 0.1737158895 1.5157407522
-15.7495241165 39.6615257263 0.7426942587 11.1601896286 0.0000000000 0.0000000000 0.1736081541 1.5132548809
-15.7727289200 39.7202682495 0.7202053070 11.1458806992 0.0000000000 0.0000000000 0.1735220701 1.5107952356
-15.7959079742 39.7789039612 0.6971232295 11.1319952011 0.0000000000 0.0000000000 0.1734499037 1.5083532333
-15.8190488815 39.8374176025 0.6732553840 11.1185283661 0.0000000000 0.0000000000 0.1733875722 1.5059188604
-15.8420505524 39.8956642151 0.6489948630 11.1054315567 0.0000000000 0.0000000000 0.1733215600 1.5035232306
-15.8649272919 39.9535446167 0.6241931915 11.0926122665 0.0000000000 0.0000000000 0.1732393950 1.5011970997
-15.8876295090 40.0109901428 0.5999861360 11.0809335709 0.0000000000 0.0000000000 0.1731435657 1.4989219904
-15.9102621078 40.0683097839 0.5760245323 11.0693559647 0.0000000000 0.0000000000 0.1730131805 1.4966988564
-15.9328231812 40.1254768372 0.5523626804 11.0578937531 0.0000000000 0.0000000000 0.1728414297 1.4945292473
-15.9553546906 40.1825141907 0.5295544863 11.0463380814 0.0000000000 0.0000000000 0.1726204157 1.4924014807
-15.9778041840 40.2393569946 0.5075183511 11.0345478058 0.0000000000 0.0000000000 0.1723650843 1.4903188944
-16.0001468658 40.2959938049 0.4860297143 11.0225439072 0.0000000000 0.0000000000 0.1720839739 1.4882581234
-16.0224494934 40.3525505066 0.4647812843 11.0102415085 0.0000000000 0.0000000000 0.1717829853 1.4862310886
-16.0447196960 40.4090042114 0.4434158504 10.9975738525 0.0000000000 0.0000000000 0.1714626849 1.4842309952
-16.0669040680 40.4653244019 0.4221473634 10.9844264984 0.0000000000 0.0000000000 0.1711373180 1.4822721481
-16.0890178680 40.5214996338 0.4009455442 10.9709033966 0.0000000000 0.0000000000 0.1708117872 1.4803321362
-16.1111106873 40.5775909424 0.3795483410 10.9572973251 0.0000000000 0.0000000000 0.1705004275 1.4783838987
-16.1331729889 40.6336059570 0.3579348028 10.9438199997 0.0000000000 0.0000000000 0.1701879054 1.4764242172
-16.1550693512 40.6893882751 0.3359411359 10.9305667877 0.0000000000 0.0000000000 0.1698623598 1.4744744301
-16.1768951416 40.7450256348 0.3140173256 10.9176387787 0.0000000000 0.0000000000 0.1695351452 1.4724926949
-16.1986789703 40.8005638123 0.2926282883 10.9050970078 0.0000000000 0.0000000000 0.1692014337 1.4705380201
-16.2203865051 40.8559608459 0.2719644308 10.8930797577 0.0000000000 0.0000000000 0.1688549668 1.4686627388
-16.2420578003 40.9112434387 0.2521808743 10.8813867569 0.0000000000 0.0000000000 0.1684811115 1.4668710232
-16.2637214661 40.9664154053 0.2335287035 10.8698539734 0.0000000000 0.0000000000 0.1681060493 1.4651954174
-16.2853679657 41.0214729309 0.2154601067 10.8584547043 0.0000000000 0.0000000000 0.1677622944 1.4636343718
-16.3069953918 41.0764160156 0.1982584745 10.8471927643 0.0000000000 0.0000000000 0.1674727052 1.4621425867
-16.3285942078 41.1312255859 0.1822888851 10.8360338211 0.0000000000 0.0000000000 0.1672334522 1.4607058764
-16.3501281738 41.1858825684 0.1668361872 10.8246984482 0.0000000000 0.0000000000 0.1670338064 1.4593228102
-16.3716354370 41.2404403687 0.1520245671 10.8132934570 0.0000000000 0.0000000000 0.1668574512 1.4579203129
-16.3931217194 41.2948913574 0.1375178695 10.8017578125 0.0000000000 0.0000000000 0.1666816771 1.4564961195
-16.4145488739 41.3491859436 0.1234119907 10.7902498245 0.0000000000 0.0000000000 0.1664983630 1.4550192356
-16.4359416962 41.4033699036 0.1095791608 10.7788658142 0.0000000000 0.0000000000 0.1663145870 1.4534722567
-16.4572658539 41.4573745728 0.0954836681 10.7684679031 0.0000000000 0.0000000000 0.1661421806 1.4518499374
-16.4785346985 41.5112571716 0.0802716315 10.7586021423 0.0000000000 0.0000000000 0.1659823060 1.4501590729
-16.4997825623 41.5650291443 0.0639941916 10.7490482330 0.0000000000 0.0000000000 0.1658223718 1.4483963251
-16.5209197998 41.6186256409 0.0470198318 10.7397871017 0.0000000000 0.0000000000 0.1656722128 1.4465811253
-16.5419921875 41.6720542908 0.0296424013 10.7311038971 0.0000000000 0.0000000000 0.1655229181 1.4447878599
-16.5629997253 41.7253723145 0.0119452002 10.7225999832 0.0000000000 0.0000000000 0.1653695107 1.4430625439
-16.5839824677 41.7785949707 -0.0062639830 10.7141819000 0.0000000000 0.0000000000 0.1652090400 1.4413864613
-16.6048965454 41.8316802979 -0.0247653071 10.7057228088 0.0000000000 0.0000000000 0.1650204360 1.4397391081
-16.6257476807 41.8846282959 -0.0435710587 10.6971645355 0.0000000000 0.0000000000 0.1647968888 1.4381517172
-16.6464920044 41.9373741150 -0.0626026839 10.6889677048 0.0000000000 0.0000000000 0.1645508856 1.4365702868
-16.6672191620 41.9900436401 -0.0814719796 10.6806764603 0.0000000000 0.0000000000 0.1642860770 1.4350041151
-16.6877593994 42.0424880981 -0.0994832367 10.6724271774 0.0000000000 0.0000000000 0.1640065610 1.4334670305
-16.7081642151 42.0947227478 -0.1167971417 10.6637964249 0.0000000000 0.0000000000 0.1637162864 1.4319905043
-16.7285461426 42.1468963623 -0.1335299760 10.6549110413 0.0000000000 0.0000000000 0.1634273678 1.4305132627
-16.7489128113 42.1990203857 -0.1491950452 10.6456842422 0.0000000000 0.0000000000 0.1631300747 1.4290410280
-16.7692680359 42.2510948181 -0.1638537347 10.6361141205 0.0000000000 0.0000000000 0.1628096849 1.4276137352
-16.7895011902 42.3030014038 -0.1773868650 10.6262588501 0.0000000000 0.0000000000 0.1624777913 1.4262185097
-16.8097343445 42.3548622131 -0.1898802221 10.6163625717 0.0000000000 0.0000000000 0.1621441692 1.4247959852
-16.8299636841 42.4066581726 -0.2019289583 10.6067199707 0.0000000000 0.0000000000 0.1617923677 1.4233597517
-16.8501892090 42.4583892822 -0.2135490924 10.5971593857 0.0000000000 0.0000000000 0.1614420116 1.4219093323
-16.8703479767 42.5099983215 -0.2246936113 10.5882558823 0.0000000000 0.0000000000 0.1611156613 1.4204320908
-16.8904743195 42.5615348816 -0.2356470823 10.5795850754 0.0000000000 0.0000000000 0.1608263254 1.4189319611
-16.9106121063 42.6130142212 -0.2471700013 10.5712785721 0.0000000000 0.0000000000 0.1605923921 1.4174081087
-16.9307689667 42.6644439697 -0.2593680918 10.5632944107 0.0000000000 0.0000000000 0.1603995860 1.4158794880
-16.9509334564 42.7158203125 -0.2721550465 10.5553722382 0.0000000000 0.0000000000 0.1602250040 1.4143488407
-16.9710712433 42.7671012878 -0.2854020894 10.5476083755 0.0000000000 0.0000000000 0.1600583196 1.4128820896
-16.9912185669 42.8183212280 -0.2990280688 10.5398511887 0.0000000000 0.0000000000 0.1598876864 1.4114695787
-17.0113697052 42.8694648743 -0.3135155439 10.5321483612 0.0000000000 0.0000000000 0.1597134173 1.4100810289
-17.0314826965 42.9204902649 -0.3290583193 10.5245323181 0.0000000000 0.0000000000 0.1595353633 1.4087067842
-17.0515956879 42.9714508057 -0.3452195525 10.5168466568 0.0000000000 0.0000000000 0.1593428254 1.4073607922
-17.0716724396 43.0223007202 -0.3621394932 10.5089521408 0.0000000000 0.0000000000 0.1591430902 1.4060528278
-17.0916595459 43.0729598999 -0.3786836863 10.5008230209 0.0000000000 0.0000000000 0.1589535922 1.4047666788
-17.1115837097 43.1235046387 -0.3952395022 10.4926986694 0.0000000000 0.0000000000 0.1587960869 1.4035053253
-17.1315021515 43.1739921570 -0.4116259217 10.4845800400 0.0000000000 0.0000000000 0.1586644948 1.4022600651
-17.1513271332 43.2243080139 -0.4278529286 10.4763879776 0.0000000000 0.0000000000 0.1585371643 1.4010671377
-17.1711521149 43.2745513916 -0.4440106750 10.4682350159 0.0000000000 0.0000000000 0.1584156752 1.3998742104
-17.1909847260 43.3247261047 -0.4600545764 10.4602479935 0.0000000000 0.0000000000 0.1582808942 1.3986926079
-17.2107734680 43.3747901917 -0.4756130874 10.4525089264 0.0000000000 0.0000000000 0.1581184715 1.3974993229
-17.2305603027 43.4247856140 -0.4909083247 10.4449310303 0.0000000000 0.0000000000 0.1579221040 1.3962928057
-17.2502861023 43.4747276306 -0.5055972934 10.4374446869 0.0000000000 0.0000000000 0.1576911062 1.3950762749
-17.2699699402 43.5245590210 -0.5197640061 10.4299278259 0.0000000000 0.0000000000 0.1574497223 1.3938647509
-17.2896595001 43.5743446350 -0.5337014198 10.4222784042 0.0000000000 0.0000000000 0.1572148800 1.3926845789
-17.3093452454 43.6240539551 -0.5473261476 10.4144878387 0.0000000000 0.0000000000 0.1570021063 1.3915078640
-17.3290233612 43.6736869812 -0.5605862141 10.4066810608 0.0000000000 0.0000000000 0.1568383723 1.3902976513
-17.3486881256 43.7232284546 -0.5736178756 10.3988227844 0.0000000000 0.0000000000 0.1567083895 1.3891104460
-17.3682899475 43.7725524902 -0.5864717960 10.3910112381 0.0000000000 0.0000000000 0.1565844566 1.3880146742
-17.3878326416 43.8216857910 -0.5989590287 10.3830471039 0.0000000000 0.0000000000 0.1564344615 1.3870284557
-17.4073696136 43.8707580566 -0.6117356420 10.3750114441 0.0000000000 0.0000000000 0.1562541872 1.3860808611
-17.4269008636 43.9197616577 -0.6246801615 10.3669862747 0.0000000000 0.0000000000 0.1560424864 1.3851213455
-17.4464168549 43.9687004089 -0.6381639242 10.3590059280 0.0000000000 0.0000000000 0.1558140516 1.3841195107
-17.4658622742 44.0174942017 -0.6521057487 10.3512010574 0.0000000000 0.0000000000 0.1555929482 1.3830765486
-17.4851436615 44.0660324097 -0.6659812331 10.3436050415 0.0000000000 0.0000000000 0.1553908736 1.3820210695
-17.5043239594 44.1143875122 -0.6798751950 10.3361415863 0.0000000000 0.0000000000 0.1552127153 1.3809673786
-17.5234508514 44.1626014709 -0.6935974360 10.3287878036 0.0000000000 0.0000000000 0.1550623029 1.3798948526
-17.5425758362 44.2107353210 -0.7074167132 10.3215055466 0.0000000000 0.0000000000 0.1549308896 1.3788229227
-17.5616741180 44.2587776184 -0.7211488485 10.3142433167 0.0000000000 0.0000000000 0.1548010558 1.3777617216
-17.5806713104 44.3066291809 -0.7350273132 10.3069477081 0.0000000000 0.0000000000 0.1546502858 1.3767427206
-17.5995998383 44.3543663025 -0.7488815784 10.2998332977 0.0000000000 0.0000000000 0.1544969380 1.3757526875
-17.6185150146 44.4020423889 -0.7629709244 10.2928047180 0.0000000000 0.0000000000 0.1543510109 1.3747433424
-17.6374149323 44.4496383667 -0.7771093249 10.2860269547 0.0000000000 0.0000000000 0.1542321146 1.3737347126
-17.6562099457 44.4970169067 -0.7919015884 10.2796125412 0.0000000000 0.0000000000 0.1541291326 1.3727191687
-17.6749649048 44.5442581177 -0.8069947958 10.2733898163 0.0000000000 0.0000000000 0.1540537477 1.3717107773
-17.6937294006 44.5914573669 -0.8227120638 10.2674436569 0.0000000000 0.0000000000 0.1540080011 1.3707166910
-17.7124843597 44.6385879517 -0.8384345770 10.2616024017 0.0000000000 0.0000000000 0.1539667398 1.3697786331
-17.7312316895 44.6856536865 -0.8537883162 10.2556638718 0.0000000000 0.0000000000 0.1539182663 1.3689018488
-17.7499198914 44.7325744629 -0.8687667847 10.2497100830 0.0000000000 0.0000000000 0.1538514644 1.3680818081
-17.7685604095 44.7793846130 -0.8830975890 10.2438011169 0.0000000000 0.0000000000 0.1537739486 1.3672705889
-17.7871551514 44.8260726929 -0.8970881701 10.2379608154 0.0000000000 0.0000000000 0.1536812186 1.3664371967
-17.8057441711 44.8727149963 -0.9107947350 10.2322874069 0.0000000000 0.0000000000 0.1535812467 1.3655936718
-17.8242721558 44.9192237854 -0.9246188402 10.2266807556 0.0000000000 0.0000000000 0.1534750015 1.3647561073
-17.8427505493 44.9655494690 -0.9381034374 10.2214279175 0.0000000000 0.0000000000 0.1533691138 1.3639291525
-17.8612251282 45.0117874146 -0.9515763521 10.2163047791 0.0000000000 0.0000000000 0.1532479525 1.3631349802
-17.8796806335 45.0579376221 -0.9647805095 10.2113723755 0.0000000000 0.0000000000 0.1531207263 1.3623508215
-17.8980655670 45.1039581299 -0.9780153632 10.2066354752 0.0000000000 0.0000000000 0.1529919654 1.3615859747
-17.9162883759 45.1496963501 -0.9915336370 10.2019433975 0.0000000000 0.0000000000 0.1528573781 1.3608506918
-17.9345016479 45.1953735352 -1.0052804947 10.1971855164 0.0000000000 0.0000000000 0.1527151316 1.3601340055
-17.9527034760 45.2409667969 -1.0197857618 10.1923789978 0.0000000000 0.0000000000 0.1525621414 1.3594459295
-17.9708003998 45.2863159180 -1.0346530676 10.1876831055 0.0000000000 0.0000000000 0.1523976326 1.3587769270
-17.9887847900 45.3314628601 -1.0497037172 10.1829576492 0.0000000000 0.0000000000 0.1522323787 1.3581157923
-18.0066776276 45.3764305115 -1.0653375387 10.1781330109 0.0000000000 0.0000000000 0.1520839036 1.3574188948
-18.0245628357 45.4213333130 -1.0815991163 10.1731548309 0.0000000000 0.0000000000 0.1519256830 1.3566716909
-18.0424423218 45.4661788940 -1.0981590748 10.1679182053 0.0000000000 0.0000000000 0.1517785341 1.3558385372
-18.0603179932 45.5109596252 -1.1144747734 10.1625022888 0.0000000000 0.0000000000 0.1516391486 1.3549557924
-18.0781917572 45.5556907654 -1.1304875612 10.1568326950 0.0000000000 0.0000000000 0.1515135765 1.3540310860
-18.0959815979 45.6002426147 -1.1456140280 10.1511259079 0.0000000000 0.0000000000 0.1514153183 1.3530893326
-18.1137351990 45.6446380615 -1.1601713896 10.1453428268 0.0000000000 0.0000000000 0.1513284445 1.3522113562
-18.1314506531 45.6888504028 -1.1740398407 10.1395578384 0.0000000000 0.0000000000 0.1512412131 1.3514245749
-18.1491260529 45.7328948975 -1.1870336533 10.1337404251 0.0000000000 0.0000000000 0.1511345953 1.3507366180
-18.1667308807 45.7768173218 -1.1992532015 10.1284008026 0.0000000000 0.0000000000 0.1510238647 1.3501166105
-18.1843128204 45.8206672668 -1.2111651897 10.1238107681 0.0000000000 0.0000000000 0.1509176493 1.3495557308
-18.2018356323 45.8644104004 -1.2233405113 10.1188516617 0.0000000000 0.0000000000 0.1508086771 1.3490377665
-18.2193107605 45.9080543518 -1.2356799841 10.1138019562 0.0000000000 0.0000000000 0.1507096142 1.3485857248
-18.2368259430 45.9516868591 -1.2478548288 10.1087255478 0.0000000000 0.0000000000 0.1506169885 1.3481751680
-18.2542400360 45.9950752258 -1.2599762678 10.1040296555 0.0000000000 0.0000000000 0.1505316794 1.3477457762
-18.2716884613 46.0384597778 -1.2724086046 10.0991420746 0.0000000000 0.0000000000 0.1504508257 1.3472710848
-18.2891540527 46.0818214417 -1.2854002714 10.0943078995 0.0000000000 0.0000000000 0.1503678709 1.3467420340
-18.3066101074 46.1250953674 -1.2987177372 10.0895671844 0.0000000000 0.0000000000 0.1502949148 1.3462018967
-18.3240776062 46.1683120728 -1.3124754429 10.0847892761 0.0000000000 0.0000000000 0.1502530724 1.3456070423
-18.3415679932 46.2114906311 -1.3267334700 10.0800714493 0.0000000000 0.0000000000 0.1502383202 1.3449689150
-18.3590202332 46.2545776367 -1.3415342569 10.0755119324 0.0000000000 0.0000000000 0.1502386630 1.3442848921
-18.3764438629 46.2976074219 -1.3566668034 10.0710773468 0.0000000000 0.0000000000 0.1502381712 1.3435772657
-18.3938655853 46.3405799866 -1.3718594313 10.0666837692 0.0000000000 0.0000000000 0.1502165794 1.3428664207
-18.4112205505 46.3834266663 -1.3869462013 10.0623407364 0.0000000000 0.0000000000 0.1501544714 1.3421539068
-18.4285736084 46.4261970520 -1.4015855789 10.0579805374 0.0000000000 0.0000000000 0.1500690430 1.3414248228
-18.4458751678 46.4687423706 -1.4152605534 10.0537033081 0.0000000000 0.0000000000 0.1499838233 1.3406647444
-18.4631690979 46.5112152100 -1.4282727242 10.0494585037 0.0000000000 0.0000000000 0.1499120593 1.3399107456
-18.4804439545 46.5535926819 -1.4409750700 10.0452985764 0.0000000000 0.0000000000 0.1498629302 1.3391947746
-18.4977035522 46.5958976746 -1.4535200596 10.0414876938 0.0000000000 0.0000000000 0.1498405337 1.3384984732
-18.5148620605 46.6380348206 -1.4657310247 10.0379018784 0.0000000000 0.0000000000 0.1498200893 1.3378002644
