#         COST_U        COST_H      COST_D       COST_S       REGU_H       REGU_S          HPO           COSTGLEN 
294.1456604004 0.0000000000 0.0000000000 0.0000000000 0.0000000000 0.0000000000 1.7718815804
102.8512191772 0.0000000000 0.0000000000 0.1212623939 0.0000000000 0.0000000000 -0.1089258194
74.1337203979 0.0000000000 0.0000000000 0.3881037533 0.0000000000 0.0000000000 -0.3737425804
67.8429260254 0.0000000000 0.0000000000 0.7315009236 0.0000000000 0.0000000000 -0.3895310163
62.2735290527 0.0000000000 0.0000000000 1.1124900579 0.0000000000 0.0000000000 -0.3625028133
55.7323341370 0.0000000000 0.0000000000 1.5083504915 0.0000000000 0.0000000000 -0.3354997635
48.7584991455 0.0000000000 0.0000000000 1.9023752213 0.0000000000 0.0000000000 -0.3193867207
41.9942436218 0.0000000000 0.0000000000 2.2810077667 0.0000000000 0.0000000000 -0.3157972097
35.7260932922 0.0000000000 0.0000000000 2.6330122948 0.0000000000 0.0000000000 -0.3213516474
30.1985607147 0.0000000000 0.0000000000 2.9490122795 0.0000000000 0.0000000000 -0.3325698376
25.6704425812 0.0000000000 0.0000000000 3.2220759392 0.0000000000 0.0000000000 -0.3449428082
22.2704524994 0.0000000000 0.0000000000 3.4472112656 0.0000000000 0.0000000000 -0.3540781736
19.9203834534 0.0000000000 0.0000000000 3.6214632988 0.0000000000 0.0000000000 -0.3586032987
18.3947982788 0.0000000000 0.0000000000 3.7439694405 0.0000000000 0.0000000000 -0.3584360480
17.4409675598 0.0000000000 0.0000000000 3.8161768913 0.0000000000 0.0000000000 -0.3556846082
16.8569469452 0.0000000000 0.0000000000 3.8413250446 0.0000000000 0.0000000000 -0.3518363237
16.4732265472 0.0000000000 0.0000000000 3.8241486549 0.0000000000 0.0000000000 -0.3481506109
16.1804409027 0.0000000000 0.0000000000 3.7702038288 0.0000000000 0.0000000000 -0.3453229964
15.9216451645 0.0000000000 0.0000000000 3.6857194901 0.0000000000 0.0000000000 -0.3436740637
15.6683750153 0.0000000000 0.0000000000 3.5766332150 0.0000000000 0.0000000000 -0.3434274793
15.4153203964 0.0000000000 0.0000000000 3.4486784935 0.0000000000 0.0000000000 -0.3444884419
15.1712083817 0.0000000000 0.0000000000 3.3072078228 0.0000000000 0.0000000000 -0.3470052481
14.9567337036 0.0000000000 0.0000000000 3.1571042538 0.0000000000 0.0000000000 -0.3504915237
14.8007173538 0.0000000000 0.0000000000 3.0027303696 0.0000000000 0.0000000000 -0.3549364209
14.7297592163 0.0000000000 0.0000000000 2.8478469849 0.0000000000 0.0000000000 -0.3604530096
14.7701797485 0.0000000000 0.0000000000 2.6956317425 0.0000000000 0.0000000000 -0.3667040467
14.9485416412 0.0000000000 0.0000000000 2.5485289097 0.0000000000 0.0000000000 -0.3733109236
15.2906007767 0.0000000000 0.0000000000 2.4084379673 0.0000000000 0.0000000000 -0.3799650073
15.8191184998 0.0000000000 0.0000000000 2.2768855095 0.0000000000 0.0000000000 -0.3869730830
16.5456352234 0.0000000000 0.0000000000 2.1550281048 0.0000000000 0.0000000000 -0.3933954835
17.4739685059 0.0000000000 0.0000000000 2.0435988903 0.0000000000 0.0000000000 -0.3991382122
18.5974025726 0.0000000000 0.0000000000 1.9432930946 0.0000000000 0.0000000000 -0.4038552046
19.8966159821 0.0000000000 0.0000000000 1.8547171354 0.0000000000 0.0000000000 -0.4070475101
21.2973232269 0.0000000000 0.0000000000 1.7784409523 0.0000000000 0.0000000000 -0.4088431597
22.7022895813 0.0000000000 0.0000000000 1.7150524855 0.0000000000 0.0000000000 -0.4087030292
23.9806385040 0.0000000000 0.0000000000 1.6651386023 0.0000000000 0.0000000000 -0.4078577757
24.9921398163 0.0000000000 0.0000000000 1.6293622255 0.0000000000 0.0000000000 -0.4060159922
25.6058845520 0.0000000000 0.0000000000 1.6083074808 0.0000000000 0.0000000000 -0.4040476084
25.7494792938 0.0000000000 0.0000000000 1.6022543907 0.0000000000 0.0000000000 -0.4021339417
25.4276485443 0.0000000000 0.0000000000 1.6110956669 0.0000000000 0.0000000000 -0.4011837840
24.7144641876 0.0000000000 0.0000000000 1.6342985630 0.0000000000 0.0000000000 -0.4006315470
23.7281551361 0.0000000000 0.0000000000 1.6705549955 0.0000000000 0.0000000000 -0.3992834091
22.6067829132 0.0000000000 0.0000000000 1.7180366516 0.0000000000 0.0000000000 -0.3980313540
21.4721031189 0.0000000000 0.0000000000 1.7743241787 0.0000000000 0.0000000000 -0.3959186077
20.4137096405 0.0000000000 0.0000000000 1.8365366459 0.0000000000 0.0000000000 -0.3927818537
19.4862785339 0.0000000000 0.0000000000 1.9016021490 0.0000000000 0.0000000000 -0.3897284865
18.7048225403 0.0000000000 0.0000000000 1.9666529894 0.0000000000 0.0000000000 -0.3861467838
18.0796909332 0.0000000000 0.0000000000 2.0292682648 0.0000000000 0.0000000000 -0.3824512959
17.6114826202 0.0000000000 0.0000000000 2.0875492096 0.0000000000 0.0000000000 -0.3793252110
17.2870178223 0.0000000000 0.0000000000 2.1401803493 0.0000000000 0.0000000000 -0.3763228655
17.0851440430 0.0000000000 0.0000000000 2.1864645481 0.0000000000 0.0000000000 -0.3732835054
16.9739532471 0.0000000000 0.0000000000 2.2261312008 0.0000000000 0.0000000000 -0.3703769445
16.9236259460 0.0000000000 0.0000000000 2.2592809200 0.0000000000 0.0000000000 -0.3681833744
16.9003715515 0.0000000000 0.0000000000 2.2864687443 0.0000000000 0.0000000000 -0.3660224676
16.8773803711 0.0000000000 0.0000000000 2.3083095551 0.0000000000 0.0000000000 -0.3637012839
16.8328781128 0.0000000000 0.0000000000 2.3256528378 0.0000000000 0.0000000000 -0.3615061641
16.7477626801 0.0000000000 0.0000000000 2.3391706944 0.0000000000 0.0000000000 -0.3591934443
16.6184387207 0.0000000000 0.0000000000 2.3493745327 0.0000000000 0.0000000000 -0.3568485975
16.4448089600 0.0000000000 0.0000000000 2.3568451405 0.0000000000 0.0000000000 -0.3545238972
16.2287521362 0.0000000000 0.0000000000 2.3618142605 0.0000000000 0.0000000000 -0.3516877294
15.9732294083 0.0000000000 0.0000000000 2.3644330502 0.0000000000 0.0000000000 -0.3490499258
15.6802453995 0.0000000000 0.0000000000 2.3647494316 0.0000000000 0.0000000000 -0.3465952277
15.3508234024 0.0000000000 0.0000000000 2.3627333641 0.0000000000 0.0000000000 -0.3442547321
14.9934053421 0.0000000000 0.0000000000 2.3582160473 0.0000000000 0.0000000000 -0.3417513371
14.6200342178 0.0000000000 0.0000000000 2.3509294987 0.0000000000 0.0000000000 -0.3397065401
14.2398509979 0.0000000000 0.0000000000 2.3405332565 0.0000000000 0.0000000000 -0.3379684091
13.8570861816 0.0000000000 0.0000000000 2.3267378807 0.0000000000 0.0000000000 -0.3358328938
13.4746551514 0.0000000000 0.0000000000 2.3093144894 0.0000000000 0.0000000000 -0.3337183595
13.0984153748 0.0000000000 0.0000000000 2.2881186008 0.0000000000 0.0000000000 -0.3319727778
12.7316951752 0.0000000000 0.0000000000 2.2630608082 0.0000000000 0.0000000000 -0.3298845887
12.3819799423 0.0000000000 0.0000000000 2.2342011929 0.0000000000 0.0000000000 -0.3283752203
12.0578985214 0.0000000000 0.0000000000 2.2015666962 0.0000000000 0.0000000000 -0.3266748786
11.7647285461 0.0000000000 0.0000000000 2.1653602123 0.0000000000 0.0000000000 -0.3251496553
11.5097913742 0.0000000000 0.0000000000 2.1259620190 0.0000000000 0.0000000000 -0.3238790631
11.2957868576 0.0000000000 0.0000000000 2.0838112831 0.0000000000 0.0000000000 -0.3222870827
11.1201295853 0.0000000000 0.0000000000 2.0394556522 0.0000000000 0.0000000000 -0.3213301897
10.9781265259 0.0000000000 0.0000000000 1.9933496714 0.0000000000 0.0000000000 -0.3201820850
10.8623933792 0.0000000000 0.0000000000 1.9461251497 0.0000000000 0.0000000000 -0.3189252615
10.7627124786 0.0000000000 0.0000000000 1.8984682560 0.0000000000 0.0000000000 -0.3181469440
10.6700525284 0.0000000000 0.0000000000 1.8509006500 0.0000000000 0.0000000000 -0.3167585135
10.5740299225 0.0000000000 0.0000000000 1.8039816618 0.0000000000 0.0000000000 -0.3155452013
10.4660148621 0.0000000000 0.0000000000 1.7581351995 0.0000000000 0.0000000000 -0.3148306608
10.3416290283 0.0000000000 0.0000000000 1.7135946751 0.0000000000 0.0000000000 -0.3135942817
10.2009468079 0.0000000000 0.0000000000 1.6705436707 0.0000000000 0.0000000000 -0.3126617074
10.0478525162 0.0000000000 0.0000000000 1.6290663481 0.0000000000 0.0000000000 -0.3113877177
9.8877878189 0.0000000000 0.0000000000 1.5891705751 0.0000000000 0.0000000000 -0.3102469444
9.7297792435 0.0000000000 0.0000000000 1.5507812500 0.0000000000 0.0000000000 -0.3092325330
9.5813045502 0.0000000000 0.0000000000 1.5137534142 0.0000000000 0.0000000000 -0.3081613183
9.4476070404 0.0000000000 0.0000000000 1.4779459238 0.0000000000 0.0000000000 -0.3071089983
9.3296308517 0.0000000000 0.0000000000 1.4432772398 0.0000000000 0.0000000000 -0.3058595061
9.2278347015 0.0000000000 0.0000000000 1.4096550941 0.0000000000 0.0000000000 -0.3047488928
9.1400842667 0.0000000000 0.0000000000 1.3771216869 0.0000000000 0.0000000000 -0.3039166331
9.0640335083 0.0000000000 0.0000000000 1.3457467556 0.0000000000 0.0000000000 -0.3026277423
8.9961500168 0.0000000000 0.0000000000 1.3156026602 0.0000000000 0.0000000000 -0.3017475605
8.9299278259 0.0000000000 0.0000000000 1.2868167162 0.0000000000 0.0000000000 -0.3007839918
8.8610849380 0.0000000000 0.0000000000 1.2594579458 0.0000000000 0.0000000000 -0.2998449206
8.7878293991 0.0000000000 0.0000000000 1.2335801125 0.0000000000 0.0000000000 -0.2985666394
8.7090139389 0.0000000000 0.0000000000 1.2091487646 0.0000000000 0.0000000000 -0.2977381349
8.6248836517 0.0000000000 0.0000000000 1.1860500574 0.0000000000 0.0000000000 -0.2967011929
8.5358781815 0.0000000000 0.0000000000 1.1642200947 0.0000000000 0.0000000000 -0.2959327102
8.4437246323 0.0000000000 0.0000000000 1.1436080933 0.0000000000 0.0000000000 -0.2949467301
8.3504447937 0.0000000000 0.0000000000 1.1241142750 0.0000000000 0.0000000000 -0.2938219309
8.2582483292 0.0000000000 0.0000000000 1.1056064367 0.0000000000 0.0000000000 -0.2927926779
8.1676158905 0.0000000000 0.0000000000 1.0879505873 0.0000000000 0.0000000000 -0.2920350432
8.0793628693 0.0000000000 0.0000000000 1.0710526705 0.0000000000 0.0000000000 -0.2909390330
7.9944014549 0.0000000000 0.0000000000 1.0547981262 0.0000000000 0.0000000000 -0.2899639606
7.9115314484 0.0000000000 0.0000000000 1.0390694141 0.0000000000 0.0000000000 -0.2891778946
7.8304791451 0.0000000000 0.0000000000 1.0237758160 0.0000000000 0.0000000000 -0.2884135246
7.7503099442 0.0000000000 0.0000000000 1.0088546276 0.0000000000 0.0000000000 -0.2875775099
7.6698169708 0.0000000000 0.0000000000 0.9942753315 0.0000000000 0.0000000000 -0.2868199348
7.5893325806 0.0000000000 0.0000000000 0.9799324274 0.0000000000 0.0000000000 -0.2857822776
7.5083580017 0.0000000000 0.0000000000 0.9658123851 0.0000000000 0.0000000000 -0.2851449251
7.4277820587 0.0000000000 0.0000000000 0.9519228339 0.0000000000 0.0000000000 -0.2843298912
7.3493304253 0.0000000000 0.0000000000 0.9382183552 0.0000000000 0.0000000000 -0.2833762765
7.2729091644 0.0000000000 0.0000000000 0.9246995449 0.0000000000 0.0000000000 -0.2826393843
7.1998772621 0.0000000000 0.0000000000 0.9113952518 0.0000000000 0.0000000000 -0.2820305824
7.1298537254 0.0000000000 0.0000000000 0.8982838392 0.0000000000 0.0000000000 -0.2814020514
7.0622735023 0.0000000000 0.0000000000 0.8854034543 0.0000000000 0.0000000000 -0.2807157040
6.9967269897 0.0000000000 0.0000000000 0.8727872372 0.0000000000 0.0000000000 -0.2799006104
6.9321160316 0.0000000000 0.0000000000 0.8604294658 0.0000000000 0.0000000000 -0.2793573737
6.8681592941 0.0000000000 0.0000000000 0.8483138680 0.0000000000 0.0000000000 -0.2787082791
6.8041138649 0.0000000000 0.0000000000 0.8364261389 0.0000000000 0.0000000000 -0.2782015204
6.7400374413 0.0000000000 0.0000000000 0.8247444630 0.0000000000 0.0000000000 -0.2775510550
6.6755504608 0.0000000000 0.0000000000 0.8132874370 0.0000000000 0.0000000000 -0.2769485712
6.6106290817 0.0000000000 0.0000000000 0.8020567894 0.0000000000 0.0000000000 -0.2764320970
6.5460195541 0.0000000000 0.0000000000 0.7910351753 0.0000000000 0.0000000000 -0.2757667303
6.4824290276 0.0000000000 0.0000000000 0.7802445889 0.0000000000 0.0000000000 -0.2748986483
6.4201235771 0.0000000000 0.0000000000 0.7696693540 0.0000000000 0.0000000000 -0.2747497559
6.3594512939 0.0000000000 0.0000000000 0.7593196034 0.0000000000 0.0000000000 -0.2739076614
6.3002119064 0.0000000000 0.0000000000 0.7492125630 0.0000000000 0.0000000000 -0.2736632824
6.2426118851 0.0000000000 0.0000000000 0.7393683195 0.0000000000 0.0000000000 -0.2730099559
6.1860604286 0.0000000000 0.0000000000 0.7297571301 0.0000000000 0.0000000000 -0.2725397944
6.1303567886 0.0000000000 0.0000000000 0.7203819156 0.0000000000 0.0000000000 -0.2722455263
6.0752468109 0.0000000000 0.0000000000 0.7112539411 0.0000000000 0.0000000000 -0.2717480659
6.0197649002 0.0000000000 0.0000000000 0.7024022937 0.0000000000 0.0000000000 -0.2712278962
5.9651412964 0.0000000000 0.0000000000 0.6938217282 0.0000000000 0.0000000000 -0.2707820535
5.9109635353 0.0000000000 0.0000000000 0.6854922175 0.0000000000 0.0000000000 -0.2703046799
5.8568034172 0.0000000000 0.0000000000 0.6773737073 0.0000000000 0.0000000000 -0.2699042559
5.8033099174 0.0000000000 0.0000000000 0.6694577336 0.0000000000 0.0000000000 -0.2694791555
5.7506155968 0.0000000000 0.0000000000 0.6617507339 0.0000000000 0.0000000000 -0.2684677243
5.6982622147 0.0000000000 0.0000000000 0.6542623043 0.0000000000 0.0000000000 -0.2684135437
5.6466460228 0.0000000000 0.0000000000 0.6470019221 0.0000000000 0.0000000000 -0.2682332993
5.5956587791 0.0000000000 0.0000000000 0.6399504542 0.0000000000 0.0000000000 -0.2678416967
5.5452213287 0.0000000000 0.0000000000 0.6330980659 0.0000000000 0.0000000000 -0.2674361467
5.4958343506 0.0000000000 0.0000000000 0.6264200807 0.0000000000 0.0000000000 -0.2668715119
5.4471716881 0.0000000000 0.0000000000 0.6199053526 0.0000000000 0.0000000000 -0.2664614916
5.3994684219 0.0000000000 0.0000000000 0.6135143042 0.0000000000 0.0000000000 -0.2662096024
5.3524270058 0.0000000000 0.0000000000 0.6072320938 0.0000000000 0.0000000000 -0.2657288313
5.3054585457 0.0000000000 0.0000000000 0.6010609865 0.0000000000 0.0000000000 -0.2655579448
5.2593617439 0.0000000000 0.0000000000 0.5950062871 0.0000000000 0.0000000000 -0.2648844719
5.2138504982 0.0000000000 0.0000000000 0.5890534520 0.0000000000 0.0000000000 -0.2648840547
5.1687545776 0.0000000000 0.0000000000 0.5832176208 0.0000000000 0.0000000000 -0.2645629048
5.1239967346 0.0000000000 0.0000000000 0.5775139332 0.0000000000 0.0000000000 -0.2641774416
5.0791792870 0.0000000000 0.0000000000 0.5719229579 0.0000000000 0.0000000000 -0.2638694644
5.0354099274 0.0000000000 0.0000000000 0.5664522052 0.0000000000 0.0000000000 -0.2634330392
4.9930229187 0.0000000000 0.0000000000 0.5611155629 0.0000000000 0.0000000000 -0.2631593347
4.9514598846 0.0000000000 0.0000000000 0.5558869839 0.0000000000 0.0000000000 -0.2628152966
4.9106001854 0.0000000000 0.0000000000 0.5507577658 0.0000000000 0.0000000000 -0.2625111341
4.8703188896 0.0000000000 0.0000000000 0.5457181334 0.0000000000 0.0000000000 -0.2622203231
4.8303055763 0.0000000000 0.0000000000 0.5407593846 0.0000000000 0.0000000000 -0.2618299723
4.7897372246 0.0000000000 0.0000000000 0.5358746648 0.0000000000 0.0000000000 -0.2614735961
4.7492804527 0.0000000000 0.0000000000 0.5310217738 0.0000000000 0.0000000000 -0.2610630393
4.7089781761 0.0000000000 0.0000000000 0.5261692405 0.0000000000 0.0000000000 -0.2608776093
4.6690664291 0.0000000000 0.0000000000 0.5213004351 0.0000000000 0.0000000000 -0.2605759501
4.6299309731 0.0000000000 0.0000000000 0.5164142847 0.0000000000 0.0000000000 -0.2602648139
4.5912365913 0.0000000000 0.0000000000 0.5115232468 0.0000000000 0.0000000000 -0.2601824403
4.5533871651 0.0000000000 0.0000000000 0.5065977573 0.0000000000 0.0000000000 -0.2598809004
4.5162239075 0.0000000000 0.0000000000 0.5016537905 0.0000000000 0.0000000000 -0.2596904635
4.4800362587 0.0000000000 0.0000000000 0.4967034459 0.0000000000 0.0000000000 -0.2594799995
4.4452509880 0.0000000000 0.0000000000 0.4917552471 0.0000000000 0.0000000000 -0.2592381835
4.4113726616 0.0000000000 0.0000000000 0.4868599772 0.0000000000 0.0000000000 -0.2589063644
4.3782453537 0.0000000000 0.0000000000 0.4820139110 0.0000000000 0.0000000000 -0.2587528825
4.3454327583 0.0000000000 0.0000000000 0.4772342145 0.0000000000 0.0000000000 -0.2585551143
4.3127455711 0.0000000000 0.0000000000 0.4724881947 0.0000000000 0.0000000000 -0.2582525611
4.2798047066 0.0000000000 0.0000000000 0.4677860737 0.0000000000 0.0000000000 -0.2581518888
4.2465167046 0.0000000000 0.0000000000 0.4631391764 0.0000000000 0.0000000000 -0.2579370737
4.2133316994 0.0000000000 0.0000000000 0.4585660398 0.0000000000 0.0000000000 -0.2578422427
4.1797246933 0.0000000000 0.0000000000 0.4540815055 0.0000000000 0.0000000000 -0.2576781511
4.1458363533 0.0000000000 0.0000000000 0.4496957660 0.0000000000 0.0000000000 -0.2575410008
4.1121854782 0.0000000000 0.0000000000 0.4454221427 0.0000000000 0.0000000000 -0.2573310137
4.0790472031 0.0000000000 0.0000000000 0.4412741959 0.0000000000 0.0000000000 -0.2571342587
4.0468168259 0.0000000000 0.0000000000 0.4372648299 0.0000000000 0.0000000000 -0.2570178509
4.0148391724 0.0000000000 0.0000000000 0.4334037006 0.0000000000 0.0000000000 -0.2570183873
3.9832787514 0.0000000000 0.0000000000 0.4296513498 0.0000000000 0.0000000000 -0.2566507161
3.9526069164 0.0000000000 0.0000000000 0.4260242879 0.0000000000 0.0000000000 -0.2566293478
3.9225258827 0.0000000000 0.0000000000 0.4225108922 0.0000000000 0.0000000000 -0.2563422322
3.8930666447 0.0000000000 0.0000000000 0.4190908670 0.0000000000 0.0000000000 -0.2562706470
3.8646171093 0.0000000000 0.0000000000 0.4157328010 0.0000000000 0.0000000000 -0.2561930716
3.8369884491 0.0000000000 0.0000000000 0.4124131501 0.0000000000 0.0000000000 -0.2560640574
3.8102016449 0.0000000000 0.0000000000 0.4090849757 0.0000000000 0.0000000000 -0.2558477521
3.7845089436 0.0000000000 0.0000000000 0.4057653844 0.0000000000 0.0000000000 -0.2557145059
3.7596240044 0.0000000000 0.0000000000 0.4024631977 0.0000000000 0.0000000000 -0.2557006776
3.7356028557 0.0000000000 0.0000000000 0.3991690874 0.0000000000 0.0000000000 -0.2556140125
3.7119905949 0.0000000000 0.0000000000 0.3958800435 0.0000000000 0.0000000000 -0.2552166283
3.6888573170 0.0000000000 0.0000000000 0.3925939500 0.0000000000 0.0000000000 -0.2552690208
3.6659617424 0.0000000000 0.0000000000 0.3893277347 0.0000000000 0.0000000000 -0.2552103400
3.6432409286 0.0000000000 0.0000000000 0.3860936761 0.0000000000 0.0000000000 -0.2551191449
3.6207046509 0.0000000000 0.0000000000 0.3828818798 0.0000000000 0.0000000000 -0.2549243569
3.5982584953 0.0000000000 0.0000000000 0.3796882927 0.0000000000 0.0000000000 -0.2548382282
3.5759704113 0.0000000000 0.0000000000 0.3765335381 0.0000000000 0.0000000000 -0.2546749115
3.5541071892 0.0000000000 0.0000000000 0.3734246194 0.0000000000 0.0000000000 -0.2546376288
3.5327441692 0.0000000000 0.0000000000 0.3703602850 0.0000000000 0.0000000000 -0.2545334101
3.5116956234 0.0000000000 0.0000000000 0.3673478365 0.0000000000 0.0000000000 -0.2546247244
3.4904832840 0.0000000000 0.0000000000 0.3644023836 0.0000000000 0.0000000000 -0.2544256449
3.4697425365 0.0000000000 0.0000000000 0.3615315259 0.0000000000 0.0000000000 -0.2543051541
3.4494566917 0.0000000000 0.0000000000 0.3587255180 0.0000000000 0.0000000000 -0.2541890740
3.4300472736 0.0000000000 0.0000000000 0.3559940159 0.0000000000 0.0000000000 -0.2540426850
3.4113445282 0.0000000000 0.0000000000 0.3533374071 0.0000000000 0.0000000000 -0.2540444136
3.3927123547 0.0000000000 0.0000000000 0.3507866859 0.0000000000 0.0000000000 -0.2539916933
3.3744225502 0.0000000000 0.0000000000 0.3483428061 0.0000000000 0.0000000000 -0.2540176511
3.3563597202 0.0000000000 0.0000000000 0.3459903598 0.0000000000 0.0000000000 -0.2539283633
3.3382132053 0.0000000000 0.0000000000 0.3437009752 0.0000000000 0.0000000000 -0.2538123131
3.3205745220 0.0000000000 0.0000000000 0.3414627314 0.0000000000 0.0000000000 -0.2538217604
3.3027722836 0.0000000000 0.0000000000 0.3392957747 0.0000000000 0.0000000000 -0.2537853122
3.2850103378 0.0000000000 0.0000000000 0.3371948898 0.0000000000 0.0000000000 -0.2537089586
3.2672743797 0.0000000000 0.0000000000 0.3351619244 0.0000000000 0.0000000000 -0.2535952032
3.2496473789 0.0000000000 0.0000000000 0.3331943750 0.0000000000 0.0000000000 -0.2535215616
3.2320752144 0.0000000000 0.0000000000 0.3313107193 0.0000000000 0.0000000000 -0.2533384264
3.2146782875 0.0000000000 0.0000000000 0.3295036554 0.0000000000 0.0000000000 -0.2533206344
3.1972949505 0.0000000000 0.0000000000 0.3277540505 0.0000000000 0.0000000000 -0.2532939017
3.1799573898 0.0000000000 0.0000000000 0.3260518610 0.0000000000 0.0000000000 -0.2532301545
3.1628458500 0.0000000000 0.0000000000 0.3243814111 0.0000000000 0.0000000000 -0.2531570792
3.1460442543 0.0000000000 0.0000000000 0.3227214217 0.0000000000 0.0000000000 -0.2531145811
3.1295304298 0.0000000000 0.0000000000 0.3210707903 0.0000000000 0.0000000000 -0.2529249191
3.1132075787 0.0000000000 0.0000000000 0.3193949461 0.0000000000 0.0000000000 -0.2528198361
3.0972876549 0.0000000000 0.0000000000 0.3176823556 0.0000000000 0.0000000000 -0.2528215945
3.0817806721 0.0000000000 0.0000000000 0.3159542978 0.0000000000 0.0000000000 -0.2526044846
3.0664806366 0.0000000000 0.0000000000 0.3142127693 0.0000000000 0.0000000000 -0.2527455389
3.0515484810 0.0000000000 0.0000000000 0.3124594688 0.0000000000 0.0000000000 -0.2527183890
3.0371196270 0.0000000000 0.0000000000 0.3106872737 0.0000000000 0.0000000000 -0.2527373731
3.0232675076 0.0000000000 0.0000000000 0.3088953495 0.0000000000 0.0000000000 -0.2525565922
3.0098361969 0.0000000000 0.0000000000 0.3071143031 0.0000000000 0.0000000000 -0.2526625395
2.9967777729 0.0000000000 0.0000000000 0.3053604066 0.0000000000 0.0000000000 -0.2525341511
2.9841969013 0.0000000000 0.0000000000 0.3036388755 0.0000000000 0.0000000000 -0.2525300384
2.9717278481 0.0000000000 0.0000000000 0.3019448817 0.0000000000 0.0000000000 -0.2524358034
2.9593911171 0.0000000000 0.0000000000 0.3002743423 0.0000000000 0.0000000000 -0.2524270415
2.9473311901 0.0000000000 0.0000000000 0.2986326218 0.0000000000 0.0000000000 -0.2523556352
2.9355723858 0.0000000000 0.0000000000 0.2970305383 0.0000000000 0.0000000000 -0.2522736192
2.9240872860 0.0000000000 0.0000000000 0.2954660952 0.0000000000 0.0000000000 -0.2521421611
2.9125852585 0.0000000000 0.0000000000 0.2939365208 0.0000000000 0.0000000000 -0.2519432306
2.9009802341 0.0000000000 0.0000000000 0.2924433947 0.0000000000 0.0000000000 -0.2520934343
2.8894829750 0.0000000000 0.0000000000 0.2910188437 0.0000000000 0.0000000000 -0.2521963418
2.8776257038 0.0000000000 0.0000000000 0.2896536291 0.0000000000 0.0000000000 -0.2519347072
2.8653700352 0.0000000000 0.0000000000 0.2883479595 0.0000000000 0.0000000000 -0.2520032525
2.8524255753 0.0000000000 0.0000000000 0.2871096730 0.0000000000 0.0000000000 -0.2519535422
2.8387215137 0.0000000000 0.0000000000 0.2859374881 0.0000000000 0.0000000000 -0.2518187761
2.8246231079 0.0000000000 0.0000000000 0.2848230004 0.0000000000 0.0000000000 -0.2518011332
2.8102135658 0.0000000000 0.0000000000 0.2837554216 0.0000000000 0.0000000000 -0.2517985702
2.7954971790 0.0000000000 0.0000000000 0.2827253044 0.0000000000 0.0000000000 -0.2514877319
2.7808535099 0.0000000000 0.0000000000 0.2817268968 0.0000000000 0.0000000000 -0.2515463233
2.7661762238 0.0000000000 0.0000000000 0.2807638943 0.0000000000 0.0000000000 -0.2516173124
2.7517201900 0.0000000000 0.0000000000 0.2798262239 0.0000000000 0.0000000000 -0.2515505552
2.7375361919 0.0000000000 0.0000000000 0.2789232731 0.0000000000 0.0000000000 -0.2514191270
2.7237737179 0.0000000000 0.0000000000 0.2780510783 0.0000000000 0.0000000000 -0.2513548136
2.7104516029 0.0000000000 0.0000000000 0.2771849334 0.0000000000 0.0000000000 -0.2515174448
2.6972172260 0.0000000000 0.0000000000 0.2763264775 0.0000000000 0.0000000000 -0.2512452602
2.6841249466 0.0000000000 0.0000000000 0.2754594386 0.0000000000 0.0000000000 -0.2513007522
2.6711699963 0.0000000000 0.0000000000 0.2745673954 0.0000000000 0.0000000000 -0.2511162758
2.6584434509 0.0000000000 0.0000000000 0.2736401260 0.0000000000 0.0000000000 -0.2510722876
2.6459834576 0.0000000000 0.0000000000 0.2726739943 0.0000000000 0.0000000000 -0.2511789799
2.6337685585 0.0000000000 0.0000000000 0.2716573179 0.0000000000 0.0000000000 -0.2510839701
2.6219103336 0.0000000000 0.0000000000 0.2706333101 0.0000000000 0.0000000000 -0.2511078119
2.6103947163 0.0000000000 0.0000000000 0.2696367800 0.0000000000 0.0000000000 -0.2509679198
2.5992312431 0.0000000000 0.0000000000 0.2686557472 0.0000000000 0.0000000000 -0.2509222031
2.5883572102 0.0000000000 0.0000000000 0.2676989734 0.0000000000 0.0000000000 -0.2509022057
2.5777974129 0.0000000000 0.0000000000 0.2667528391 0.0000000000 0.0000000000 -0.2509276867
2.5674741268 0.0000000000 0.0000000000 0.2658125758 0.0000000000 0.0000000000 -0.2507517040
2.5574419498 0.0000000000 0.0000000000 0.2648900449 0.0000000000 0.0000000000 -0.2508394122
2.5476019382 0.0000000000 0.0000000000 0.2639836371 0.0000000000 0.0000000000 -0.2505370080
2.5381426811 0.0000000000 0.0000000000 0.2630821168 0.0000000000 0.0000000000 -0.2506885827
2.5288968086 0.0000000000 0.0000000000 0.2621982098 0.0000000000 0.0000000000 -0.2506876886
2.5199251175 0.0000000000 0.0000000000 0.2613370121 0.0000000000 0.0000000000 -0.2505429387
2.5113179684 0.0000000000 0.0000000000 0.2605037987 0.0000000000 0.0000000000 -0.2505458593
2.5030360222 0.0000000000 0.0000000000 0.2597185373 0.0000000000 0.0000000000 -0.2504768968
2.4949016571 0.0000000000 0.0000000000 0.2589526176 0.0000000000 0.0000000000 -0.2502713203
2.4869110584 0.0000000000 0.0000000000 0.2581959665 0.0000000000 0.0000000000 -0.2503084242
2.4789595604 0.0000000000 0.0000000000 0.2574338615 0.0000000000 0.0000000000 -0.2503379881
2.4710178375 0.0000000000 0.0000000000 0.2566686869 0.0000000000 0.0000000000 -0.2503520846
2.4630684853 0.0000000000 0.0000000000 0.2559188902 0.0000000000 0.0000000000 -0.2502185106
2.4550549984 0.0000000000 0.0000000000 0.2551680505 0.0000000000 0.0000000000 -0.2502300739
2.4469175339 0.0000000000 0.0000000000 0.2544140816 0.0000000000 0.0000000000 -0.2500855923
2.4387862682 0.0000000000 0.0000000000 0.2536688149 0.0000000000 0.0000000000 -0.2500022054
2.4306542873 0.0000000000 0.0000000000 0.2529271841 0.0000000000 0.0000000000 -0.2499341965
2.4224925041 0.0000000000 0.0000000000 0.2521940470 0.0000000000 0.0000000000 -0.2498435974
2.4142413139 0.0000000000 0.0000000000 0.2514600754 0.0000000000 0.0000000000 -0.2497680783
2.4059009552 0.0000000000 0.0000000000 0.2507211566 0.0000000000 0.0000000000 -0.2496350408
2.3975310326 0.0000000000 0.0000000000 0.2499545515 0.0000000000 0.0000000000 -0.2495590448
2.3890023232 0.0000000000 0.0000000000 0.2491585761 0.0000000000 0.0000000000 -0.2495191097
2.3803491592 0.0000000000 0.0000000000 0.2483563721 0.0000000000 0.0000000000 -0.2494092584
2.3714747429 0.0000000000 0.0000000000 0.2475537211 0.0000000000 0.0000000000 -0.2494371235
2.3623201847 0.0000000000 0.0000000000 0.2467805594 0.0000000000 0.0000000000 -0.2494320273
2.3528027534 0.0000000000 0.0000000000 0.2460359931 0.0000000000 0.0000000000 -0.2493029535
2.3432362080 0.0000000000 0.0000000000 0.2453081608 0.0000000000 0.0000000000 -0.2492159605
2.3338918686 0.0000000000 0.0000000000 0.2446111292 0.0000000000 0.0000000000 -0.2491731346
2.3247768879 0.0000000000 0.0000000000 0.2439193130 0.0000000000 0.0000000000 -0.2491632104
2.3160114288 0.0000000000 0.0000000000 0.2432145625 0.0000000000 0.0000000000 -0.2490869164
2.3076829910 0.0000000000 0.0000000000 0.2424806058 0.0000000000 0.0000000000 -0.2491000295
2.2997100353 0.0000000000 0.0000000000 0.2417297363 0.0000000000 0.0000000000 -0.2489892840
2.2918732166 0.0000000000 0.0000000000 0.2409852743 0.0000000000 0.0000000000 -0.2488357425
2.2840909958 0.0000000000 0.0000000000 0.2402282506 0.0000000000 0.0000000000 -0.2488165498
2.2763433456 0.0000000000 0.0000000000 0.2394477427 0.0000000000 0.0000000000 -0.2488056719
2.2685835361 0.0000000000 0.0000000000 0.2386482656 0.0000000000 0.0000000000 -0.2484712601
2.2608621120 0.0000000000 0.0000000000 0.2377950400 0.0000000000 0.0000000000 -0.2485765219
2.2531557083 0.0000000000 0.0000000000 0.2368866354 0.0000000000 0.0000000000 -0.2485640049
2.2453629971 0.0000000000 0.0000000000 0.2359450907 0.0000000000 0.0000000000 -0.2486339808
2.2376024723 0.0000000000 0.0000000000 0.2349614352 0.0000000000 0.0000000000 -0.2481287122
2.2300715446 0.0000000000 0.0000000000 0.2339463085 0.0000000000 0.0000000000 -0.2484769821
2.2227449417 0.0000000000 0.0000000000 0.2329033464 0.0000000000 0.0000000000 -0.2484359145
2.2156479359 0.0000000000 0.0000000000 0.2318589836 0.0000000000 0.0000000000 -0.2483884096
2.2087938786 0.0000000000 0.0000000000 0.2308297604 0.0000000000 0.0000000000 -0.2482900918
2.2021601200 0.0000000000 0.0000000000 0.2298340797 0.0000000000 0.0000000000 -0.2482808232
2.1955940723 0.0000000000 0.0000000000 0.2288730145 0.0000000000 0.0000000000 -0.2481946945
2.1891212463 0.0000000000 0.0000000000 0.2279658318 0.0000000000 0.0000000000 -0.2481972575
2.1826148033 0.0000000000 0.0000000000 0.2271207422 0.0000000000 0.0000000000 -0.2480825484
2.1762504578 0.0000000000 0.0000000000 0.2263260931 0.0000000000 0.0000000000 -0.2480437756
2.1698224545 0.0000000000 0.0000000000 0.2255653143 0.0000000000 0.0000000000 -0.2480390668
2.1632080078 0.0000000000 0.0000000000 0.2248253226 0.0000000000 0.0000000000 -0.2479372025
2.1564993858 0.0000000000 0.0000000000 0.2240788341 0.0000000000 0.0000000000 -0.2479016185
2.1497445107 0.0000000000 0.0000000000 0.2233079970 0.0000000000 0.0000000000 -0.2477871776
2.1428713799 0.0000000000 0.0000000000 0.2225232571 0.0000000000 0.0000000000 -0.2478559911
2.1359219551 0.0000000000 0.0000000000 0.2217301279 0.0000000000 0.0000000000 -0.2476884723
2.1290383339 0.0000000000 0.0000000000 0.2209291309 0.0000000000 0.0000000000 -0.2477640808
2.1221745014 0.0000000000 0.0000000000 0.2201171666 0.0000000000 0.0000000000 -0.2477537990
2.1153001785 0.0000000000 0.0000000000 0.2193149030 0.0000000000 0.0000000000 -0.2475063801
2.1085064411 0.0000000000 0.0000000000 0.2185276151 0.0000000000 0.0000000000 -0.2476750016
2.1017463207 0.0000000000 0.0000000000 0.2177651972 0.0000000000 0.0000000000 -0.2476063073
2.0949575901 0.0000000000 0.0000000000 0.2170415223 0.0000000000 0.0000000000 -0.2474501729
2.0882146358 0.0000000000 0.0000000000 0.2163555920 0.0000000000 0.0000000000 -0.2476001084
2.0813584328 0.0000000000 0.0000000000 0.2156897336 0.0000000000 0.0000000000 -0.2475510240
2.0744230747 0.0000000000 0.0000000000 0.2150142640 0.0000000000 0.0000000000 -0.2475779057
2.0673406124 0.0000000000 0.0000000000 0.2143404782 0.0000000000 0.0000000000 -0.2475064993
2.0601620674 0.0000000000 0.0000000000 0.2136740685 0.0000000000 0.0000000000 -0.2476325631
2.0529038906 0.0000000000 0.0000000000 0.2130055279 0.0000000000 0.0000000000 -0.2475626469
2.0457086563 0.0000000000 0.0000000000 0.2123672813 0.0000000000 0.0000000000 -0.2474911213
2.0385475159 0.0000000000 0.0000000000 0.2117597312 0.0000000000 0.0000000000 -0.2475097775
2.0314950943 0.0000000000 0.0000000000 0.2111874223 0.0000000000 0.0000000000 -0.2477081418
2.0244584084 0.0000000000 0.0000000000 0.2106253207 0.0000000000 0.0000000000 -0.2474104762
2.0175316334 0.0000000000 0.0000000000 0.2100657672 0.0000000000 0.0000000000 -0.2475196123
2.0107903481 0.0000000000 0.0000000000 0.2095020115 0.0000000000 0.0000000000 -0.2476882339
2.0040113926 0.0000000000 0.0000000000 0.2089200020 0.0000000000 0.0000000000 -0.2475275993
1.9972583055 0.0000000000 0.0000000000 0.2082977891 0.0000000000 0.0000000000 -0.2475221157
1.9905380011 0.0000000000 0.0000000000 0.2076341212 0.0000000000 0.0000000000 -0.2475045621
1.9838392735 0.0000000000 0.0000000000 0.2069451362 0.0000000000 0.0000000000 -0.2475257516
1.9771304131 0.0000000000 0.0000000000 0.2062479705 0.0000000000 0.0000000000 -0.2469178438
1.9705108404 0.0000000000 0.0000000000 0.2055415958 0.0000000000 0.0000000000 -0.2475227118
1.9640123844 0.0000000000 0.0000000000 0.2048479468 0.0000000000 0.0000000000 -0.2475567460
1.9575812817 0.0000000000 0.0000000000 0.2041426450 0.0000000000 0.0000000000 -0.2474445701
1.9511711597 0.0000000000 0.0000000000 0.2034393251 0.0000000000 0.0000000000 -0.2475874722
1.9447535276 0.0000000000 0.0000000000 0.2027455270 0.0000000000 0.0000000000 -0.2474958599
1.9384657145 0.0000000000 0.0000000000 0.2020732015 0.0000000000 0.0000000000 -0.2475890517
1.9321106672 0.0000000000 0.0000000000 0.2014127523 0.0000000000 0.0000000000 -0.2476354837
1.9257174730 0.0000000000 0.0000000000 0.2007756382 0.0000000000 0.0000000000 -0.2476854324
1.9192737341 0.0000000000 0.0000000000 0.2001558244 0.0000000000 0.0000000000 -0.2476372421
1.9129093885 0.0000000000 0.0000000000 0.1995665729 0.0000000000 0.0000000000 -0.2477160394
1.9065715075 0.0000000000 0.0000000000 0.1990181953 0.0000000000 0.0000000000 -0.2476511598
1.9002171755 0.0000000000 0.0000000000 0.1984933913 0.0000000000 0.0000000000 -0.2477639019
1.8938060999 0.0000000000 0.0000000000 0.1980013251 0.0000000000 0.0000000000 -0.2476904094
1.8875164986 0.0000000000 0.0000000000 0.1975427121 0.0000000000 0.0000000000 -0.2477436066
1.8812457323 0.0000000000 0.0000000000 0.1971336156 0.0000000000 0.0000000000 -0.2478162050
1.8750212193 0.0000000000 0.0000000000 0.1967631876 0.0000000000 0.0000000000 -0.2476638556
1.8687614202 0.0000000000 0.0000000000 0.1964110285 0.0000000000 0.0000000000 -0.2473331392
1.8626673222 0.0000000000 0.0000000000 0.1960743666 0.0000000000 0.0000000000 -0.2480258346
1.8565444946 0.0000000000 0.0000000000 0.1957490444 0.0000000000 0.0000000000 -0.2478865385
1.8505753279 0.0000000000 0.0000000000 0.1954232454 0.0000000000 0.0000000000 -0.2479206920
1.8446886539 0.0000000000 0.0000000000 0.1950992346 0.0000000000 0.0000000000 -0.2479183674
1.8388879299 0.0000000000 0.0000000000 0.1947611868 0.0000000000 0.0000000000 -0.2478186488
1.8332136869 0.0000000000 0.0000000000 0.1943928897 0.0000000000 0.0000000000 -0.2479787469
1.8277096748 0.0000000000 0.0000000000 0.1939923912 0.0000000000 0.0000000000 -0.2479227185
1.8223243952 0.0000000000 0.0000000000 0.1935567409 0.0000000000 0.0000000000 -0.2478924394
1.8171958923 0.0000000000 0.0000000000 0.1930636168 0.0000000000 0.0000000000 -0.2480543256
1.8121269941 0.0000000000 0.0000000000 0.1925183088 0.0000000000 0.0000000000 -0.2480444908
1.8071315289 0.0000000000 0.0000000000 0.1919369996 0.0000000000 0.0000000000 -0.2480650544
1.8021968603 0.0000000000 0.0000000000 0.1913056076 0.0000000000 0.0000000000 -0.2480910122
1.7972710133 0.0000000000 0.0000000000 0.1906575859 0.0000000000 0.0000000000 -0.2480727434
1.7923866510 0.0000000000 0.0000000000 0.1900038123 0.0000000000 0.0000000000 -0.2480344772
1.7876150608 0.0000000000 0.0000000000 0.1893547773 0.0000000000 0.0000000000 -0.2480643988
1.7829910517 0.0000000000 0.0000000000 0.1887171715 0.0000000000 0.0000000000 -0.2481284142
1.7785838842 0.0000000000 0.0000000000 0.1880922765 0.0000000000 0.0000000000 -0.2481704950
1.7743630409 0.0000000000 0.0000000000 0.1874806285 0.0000000000 0.0000000000 -0.2481413484
1.7703957558 0.0000000000 0.0000000000 0.1868958771 0.0000000000 0.0000000000 -0.2482414544
1.7666914463 0.0000000000 0.0000000000 0.1863588989 0.0000000000 0.0000000000 -0.2482957840
1.7630919218 0.0000000000 0.0000000000 0.1858669519 0.0000000000 0.0000000000 -0.2482445836
1.7594933510 0.0000000000 0.0000000000 0.1854155958 0.0000000000 0.0000000000 -0.2483097315
1.7558845282 0.0000000000 0.0000000000 0.1850028634 0.0000000000 0.0000000000 -0.2484124899
1.7521572113 0.0000000000 0.0000000000 0.1846193820 0.0000000000 0.0000000000 -0.2484349012
1.7483186722 0.0000000000 0.0000000000 0.1842579395 0.0000000000 0.0000000000 -0.2484472990
1.7442209721 0.0000000000 0.0000000000 0.1839272827 0.0000000000 0.0000000000 -0.2483607829
1.7399631739 0.0000000000 0.0000000000 0.1836119592 0.0000000000 0.0000000000 -0.2483800352
1.7357081175 0.0000000000 0.0000000000 0.1833314300 0.0000000000 0.0000000000 -0.2485325933
1.7312318087 0.0000000000 0.0000000000 0.1830985248 0.0000000000 0.0000000000 -0.2486271262
1.7266635895 0.0000000000 0.0000000000 0.1829155684 0.0000000000 0.0000000000 -0.2485360801
1.7221183777 0.0000000000 0.0000000000 0.1827612221 0.0000000000 0.0000000000 -0.2485121191
1.7176027298 0.0000000000 0.0000000000 0.1826136857 0.0000000000 0.0000000000 -0.2485443354
1.7132498026 0.0000000000 0.0000000000 0.1824555695 0.0000000000 0.0000000000 -0.2485838532
1.7090616226 0.0000000000 0.0000000000 0.1822975278 0.0000000000 0.0000000000 -0.2486575246
1.7047441006 0.0000000000 0.0000000000 0.1821545213 0.0000000000 0.0000000000 -0.2485866249
1.7005493641 0.0000000000 0.0000000000 0.1820026636 0.0000000000 0.0000000000 -0.2485874593
1.6962777376 0.0000000000 0.0000000000 0.1818553954 0.0000000000 0.0000000000 -0.2485315204
1.6919181347 0.0000000000 0.0000000000 0.1817272305 0.0000000000 0.0000000000 -0.2486158609
1.6875153780 0.0000000000 0.0000000000 0.1815830618 0.0000000000 0.0000000000 -0.2486283779
1.6831603050 0.0000000000 0.0000000000 0.1814118475 0.0000000000 0.0000000000 -0.2485365868
1.6788984537 0.0000000000 0.0000000000 0.1812018305 0.0000000000 0.0000000000 -0.2485743463
1.6747459173 0.0000000000 0.0000000000 0.1809228361 0.0000000000 0.0000000000 -0.2484047115
1.6707787514 0.0000000000 0.0000000000 0.1806098968 0.0000000000 0.0000000000 -0.2485393882
1.6670470238 0.0000000000 0.0000000000 0.1802661121 0.0000000000 0.0000000000 -0.2484151423
1.6633855104 0.0000000000 0.0000000000 0.1798974723 0.0000000000 0.0000000000 -0.2485800087
1.6597920656 0.0000000000 0.0000000000 0.1795126200 0.0000000000 0.0000000000 -0.2486392260
1.6561586857 0.0000000000 0.0000000000 0.1791209280 0.0000000000 0.0000000000 -0.2485969067
1.6526633501 0.0000000000 0.0000000000 0.1787104309 0.0000000000 0.0000000000 -0.2487350702
1.6492725611 0.0000000000 0.0000000000 0.1782814413 0.0000000000 0.0000000000 -0.2485710382
1.6459475756 0.0000000000 0.0000000000 0.1778366566 0.0000000000 0.0000000000 -0.2484467030
1.6426992416 0.0000000000 0.0000000000 0.1773825437 0.0000000000 0.0000000000 -0.2486222386
1.6394340992 0.0000000000 0.0000000000 0.1769218594 0.0000000000 0.0000000000 -0.2484893799
1.6362359524 0.0000000000 0.0000000000 0.1764608771 0.0000000000 0.0000000000 -0.2482386231
1.6330959797 0.0000000000 0.0000000000 0.1760091037 0.0000000000 0.0000000000 -0.2486202121
1.6300770044 0.0000000000 0.0000000000 0.1755607128 0.0000000000 0.0000000000 -0.2486289144
1.6271429062 0.0000000000 0.0000000000 0.1751351804 0.0000000000 0.0000000000 -0.2485804558
1.6243766546 0.0000000000 0.0000000000 0.1747451425 0.0000000000 0.0000000000 -0.2486192286
1.6216592789 0.0000000000 0.0000000000 0.1743849963 0.0000000000 0.0000000000 -0.2486093044
1.6190547943 0.0000000000 0.0000000000 0.1740826368 0.0000000000 0.0000000000 -0.2486214638
1.6164013147 0.0000000000 0.0000000000 0.1738240868 0.0000000000 0.0000000000 -0.2486492693
1.6136155128 0.0000000000 0.0000000000 0.1735918522 0.0000000000 0.0000000000 -0.2489392161
1.6105029583 0.0000000000 0.0000000000 0.1733687222 0.0000000000 0.0000000000 -0.2487184703
1.6074382067 0.0000000000 0.0000000000 0.1731545180 0.0000000000 0.0000000000 -0.2486328483
1.6044858694 0.0000000000 0.0000000000 0.1729546487 0.0000000000 0.0000000000 -0.2486417294
1.6016830206 0.0000000000 0.0000000000 0.1727386117 0.0000000000 0.0000000000 -0.2486662269
1.5990090370 0.0000000000 0.0000000000 0.1725466251 0.0000000000 0.0000000000 -0.2486523688
1.5963659286 0.0000000000 0.0000000000 0.1723826081 0.0000000000 0.0000000000 -0.2486384511
1.5937725306 0.0000000000 0.0000000000 0.1722163260 0.0000000000 0.0000000000 -0.2485296726
1.5912505388 0.0000000000 0.0000000000 0.1720234007 0.0000000000 0.0000000000 -0.2485798001
1.5886051655 0.0000000000 0.0000000000 0.1718006134 0.0000000000 0.0000000000 -0.2485780716
1.5858532190 0.0000000000 0.0000000000 0.1715286076 0.0000000000 0.0000000000 -0.2485369444
1.5830478668 0.0000000000 0.0000000000 0.1712237448 0.0000000000 0.0000000000 -0.2483589351
1.5800517797 0.0000000000 0.0000000000 0.1708923578 0.0000000000 0.0000000000 -0.2484082580
1.5770852566 0.0000000000 0.0000000000 0.1705554277 0.0000000000 0.0000000000 -0.2484655976
1.5741100311 0.0000000000 0.0000000000 0.1702152640 0.0000000000 0.0000000000 -0.2484771609
1.5711194277 0.0000000000 0.0000000000 0.1698631048 0.0000000000 0.0000000000 -0.2484952509
1.5682936907 0.0000000000 0.0000000000 0.1694939882 0.0000000000 0.0000000000 -0.2484579086
1.5655727386 0.0000000000 0.0000000000 0.1691159308 0.0000000000 0.0000000000 -0.2480857372
1.5630671978 0.0000000000 0.0000000000 0.1687283069 0.0000000000 0.0000000000 -0.2485252023
1.5606625080 0.0000000000 0.0000000000 0.1683447063 0.0000000000 0.0000000000 -0.2485457659
1.5584719181 0.0000000000 0.0000000000 0.1679619402 0.0000000000 0.0000000000 -0.2486662269
1.5562943220 0.0000000000 0.0000000000 0.1675759405 0.0000000000 0.0000000000 -0.2485709786
1.5541381836 0.0000000000 0.0000000000 0.1671884656 0.0000000000 0.0000000000 -0.2486630976
1.5519533157 0.0000000000 0.0000000000 0.1668129414 0.0000000000 0.0000000000 -0.2486014068
1.5497379303 0.0000000000 0.0000000000 0.1664519310 0.0000000000 0.0000000000 -0.2487146854
1.5474648476 0.0000000000 0.0000000000 0.1661214381 0.0000000000 0.0000000000 -0.2487258315
1.5449572802 0.0000000000 0.0000000000 0.1658533216 0.0000000000 0.0000000000 -0.2486097217
1.5422887802 0.0000000000 0.0000000000 0.1656401157 0.0000000000 0.0000000000 -0.2487789690
1.5394121408 0.0000000000 0.0000000000 0.1654626280 0.0000000000 0.0000000000 -0.2487882972
1.5364155769 0.0000000000 0.0000000000 0.1653182656 0.0000000000 0.0000000000 -0.2490564585
1.5335165262 0.0000000000 0.0000000000 0.1651851684 0.0000000000 0.0000000000 -0.2488712668
1.5309565067 0.0000000000 0.0000000000 0.1650469899 0.0000000000 0.0000000000 -0.2489377260
1.5286830664 0.0000000000 0.0000000000 0.1648826450 0.0000000000 0.0000000000 -0.2488093376
1.5267593861 0.0000000000 0.0000000000 0.1647007763 0.0000000000 0.0000000000 -0.2488808632
1.5250151157 0.0000000000 0.0000000000 0.1644872874 0.0000000000 0.0000000000 -0.2488649487
1.5232717991 0.0000000000 0.0000000000 0.1642596573 0.0000000000 0.0000000000 -0.2487820983
1.5214577913 0.0000000000 0.0000000000 0.1640246063 0.0000000000 0.0000000000 -0.2488895059
1.5197520256 0.0000000000 0.0000000000 0.1637752056 0.0000000000 0.0000000000 -0.2488996387
1.5180416107 0.0000000000 0.0000000000 0.1635063142 0.0000000000 0.0000000000 -0.2488784194
1.5161644220 0.0000000000 0.0000000000 0.1632494926 0.0000000000 0.0000000000 -0.2488415539
1.5141791105 0.0000000000 0.0000000000 0.1630159169 0.0000000000 0.0000000000 -0.2489235997
1.5120829344 0.0000000000 0.0000000000 0.1628023833 0.0000000000 0.0000000000 -0.2489525080
1.5099506378 0.0000000000 0.0000000000 0.1625995934 0.0000000000 0.0000000000 -0.2490134835
1.5078508854 0.0000000000 0.0000000000 0.1623830795 0.0000000000 0.0000000000 -0.2489554882
1.5058271885 0.0000000000 0.0000000000 0.1621508747 0.0000000000 0.0000000000 -0.2488331497
1.5040153265 0.0000000000 0.0000000000 0.1619070619 0.0000000000 0.0000000000 -0.2491018474
1.5022933483 0.0000000000 0.0000000000 0.1616355181 0.0000000000 0.0000000000 -0.2491170764
1.5005671978 0.0000000000 0.0000000000 0.1613499075 0.0000000000 0.0000000000 -0.2492240369
1.4988396168 0.0000000000 0.0000000000 0.1610413194 0.0000000000 0.0000000000 -0.2492667139
1.4970749617 0.0000000000 0.0000000000 0.1607307345 0.0000000000 0.0000000000 -0.2492746711
1.4951153994 0.0000000000 0.0000000000 0.1604207009 0.0000000000 0.0000000000 -0.2494874001
1.4929053783 0.0000000000 0.0000000000 0.1601367742 0.0000000000 0.0000000000 -0.2494100928
1.4906408787 0.0000000000 0.0000000000 0.1598701626 0.0000000000 0.0000000000 -0.2494523525
1.4883935452 0.0000000000 0.0000000000 0.1596214026 0.0000000000 0.0000000000 -0.2494196892
1.4863164425 0.0000000000 0.0000000000 0.1593886763 0.0000000000 0.0000000000 -0.2494222522
1.4843975306 0.0000000000 0.0000000000 0.1591557264 0.0000000000 0.0000000000 -0.2493513227
1.4826987982 0.0000000000 0.0000000000 0.1589315087 0.0000000000 0.0000000000 -0.2495900989
1.4809725285 0.0000000000 0.0000000000 0.1587219238 0.0000000000 0.0000000000 -0.2494916916
1.4791756868 0.0000000000 0.0000000000 0.1585136354 0.0000000000 0.0000000000 -0.2495856285
1.4771653414 0.0000000000 0.0000000000 0.1582959741 0.0000000000 0.0000000000 -0.2496287823
1.4748554230 0.0000000000 0.0000000000 0.1580596566 0.0000000000 0.0000000000 -0.2495814562
1.4723981619 0.0000000000 0.0000000000 0.1577932388 0.0000000000 0.0000000000 -0.2496860027
1.4698325396 0.0000000000 0.0000000000 0.1574859768 0.0000000000 0.0000000000 -0.2496885657
1.4672824144 0.0000000000 0.0000000000 0.1571331024 0.0000000000 0.0000000000 -0.2497066259
1.4649261236 0.0000000000 0.0000000000 0.1567525119 0.0000000000 0.0000000000 -0.2496637702
1.4628877640 0.0000000000 0.0000000000 0.1563529670 0.0000000000 0.0000000000 -0.2498551607
1.4613015652 0.0000000000 0.0000000000 0.1559517682 0.0000000000 0.0000000000 -0.2497425675
1.4600002766 0.0000000000 0.0000000000 0.1555682421 0.0000000000 0.0000000000 -0.2497277260
1.4588541985 0.0000000000 0.0000000000 0.1552336067 0.0000000000 0.0000000000 -0.2497192621
1.4578186274 0.0000000000 0.0000000000 0.1549544036 0.0000000000 0.0000000000 -0.2497878671
1.4568407536 0.0000000000 0.0000000000 0.1546951234 0.0000000000 0.0000000000 -0.2497789264
1.4558019638 0.0000000000 0.0000000000 0.1544531584 0.0000000000 0.0000000000 -0.2498222589
1.4547204971 0.0000000000 0.0000000000 0.1542149484 0.0000000000 0.0000000000 -0.2497571707
1.4535509348 0.0000000000 0.0000000000 0.1539818645 0.0000000000 0.0000000000 -0.2494806647
1.4524251223 0.0000000000 0.0000000000 0.1537514627 0.0000000000 0.0000000000 -0.2499006987
1.4511280060 0.0000000000 0.0000000000 0.1535290182 0.0000000000 0.0000000000 -0.2499305010
1.4498018026 0.0000000000 0.0000000000 0.1533047557 0.0000000000 0.0000000000 -0.2499574423
1.4485625029 0.0000000000 0.0000000000 0.1530783474 0.0000000000 0.0000000000 -0.2499488592
1.4474669695 0.0000000000 0.0000000000 0.1528428197 0.0000000000 0.0000000000 -0.2499935627
