#         rmsthk      stdthk       rmsvel       stdvel       rmsdiv       stddiv       rmsusurf       stdusurf
0.0000000000 0.0000000000 89.5015106201 78.0862045288 0.0000000000 0.0000000000 0.0000000000 0.0000000000
-0.1470253319 0.4547623396 54.2588844299 50.8414535522 0.0000000000 0.0000000000 -0.0916426405 0.9806635976
-0.2969900370 0.8231309056 49.8947105408 43.0455055237 0.0000000000 0.0000000000 -0.1760692149 1.7532340288
-0.4504483640 1.1628348827 48.7571945190 40.4106445312 0.0000000000 0.0000000000 -0.2467511594 2.4064748287
-0.6064105034 1.4882795811 46.2036437988 38.2338714600 0.0000000000 0.0000000000 -0.3038312495 2.9677612782
-0.7631930709 1.8053994179 42.3918876648 36.2908630371 0.0000000000 0.0000000000 -0.3478574157 3.4562697411
-0.9190199971 2.1153194904 37.8435401917 34.5731163025 0.0000000000 0.0000000000 -0.3804513812 3.8825581074
-1.0719237328 2.4178996086 32.9664726257 33.1428833008 0.0000000000 0.0000000000 -0.4033100307 4.2526936531
-1.2200692892 2.7118847370 27.9709396362 31.9590167999 0.0000000000 0.0000000000 -0.4168804288 4.5705919266
-1.3620500565 2.9959077835 22.9836769104 31.0370788574 0.0000000000 0.0000000000 -0.4215699732 4.8388404846
-1.4966682196 3.2686145306 18.2069644928 30.3986949921 0.0000000000 0.0000000000 -0.4179588258 5.0598335266
-1.6228008270 3.5284509659 13.8578472137 30.0491294861 0.0000000000 0.0000000000 -0.4066140354 5.2356810570
-1.7396485806 3.7743203640 10.0839099884 29.9360637665 0.0000000000 0.0000000000 -0.3883754313 5.3685073853
-1.8467841148 4.0056428909 6.9728727341 29.9513854980 0.0000000000 0.0000000000 -0.3643974066 5.4606747627
-1.9443175793 4.2225389481 4.5137710571 30.0243320465 0.0000000000 0.0000000000 -0.3359897137 5.5151176453
-2.0323908329 4.4252200127 2.6451632977 30.1140365601 0.0000000000 0.0000000000 -0.3044121265 5.5351543427
-2.1115338802 4.6147832870 1.2876002789 30.1705150604 0.0000000000 0.0000000000 -0.2707641721 5.5244798660
-2.1824510098 4.7924528122 0.3788034916 30.1643962860 0.0000000000 0.0000000000 -0.2359499186 5.4868893623
-2.2458558083 4.9594912529 -0.1408272833 30.0906257629 0.0000000000 0.0000000000 -0.2007544935 5.4263663292
-2.3024134636 5.1170120239 -0.3215794265 29.9520015717 0.0000000000 0.0000000000 -0.1657838970 5.3465485573
-2.3527958393 5.2662515640 -0.2067190707 29.7603893280 0.0000000000 0.0000000000 -0.1316030025 5.2509150505
-2.3976972103 5.4084901810 0.1666728556 29.5322380066 0.0000000000 0.0000000000 -0.0987878740 5.1427521706
-2.4377443790 5.5448408127 0.7681772113 29.2876911163 0.0000000000 0.0000000000 -0.0678186491 5.0251603127
-2.4736390114 5.6765103340 1.5702240467 29.0533065796 0.0000000000 0.0000000000 -0.0390691571 4.9010524750
-2.5060317516 5.8046121597 2.5516562462 28.8520240784 0.0000000000 0.0000000000 -0.0128946230 4.7731132507
-2.5355479717 5.9302177429 3.6927299500 28.7041740417 0.0000000000 0.0000000000 0.0104217445 4.6438074112
-2.5629630089 6.0546612740 4.9755029678 28.6287269592 0.0000000000 0.0000000000 0.0306257103 4.5152292252
-2.5888226032 6.1787028313 6.3882617950 28.6418647766 0.0000000000 0.0000000000 0.0474990234 4.3892192841
-2.6137323380 6.3033046722 7.9107465744 28.7571010590 0.0000000000 0.0000000000 0.0609452948 4.2674779892
-2.6383237839 6.4293665886 9.5234842300 28.9764289856 0.0000000000 0.0000000000 0.0709842891 4.1515283585
-2.6632778645 6.5580201149 11.2069005966 29.2933521271 0.0000000000 0.0000000000 0.0776836127 4.0426177979
-2.6891963482 6.6902503967 12.9341716766 29.6952171326 0.0000000000 0.0000000000 0.0812425837 3.9420483112
-2.7167909145 6.8271379471 14.6749753952 30.1629295349 0.0000000000 0.0000000000 0.0818559825 3.8511083126
-2.7466833591 6.9695134163 16.3635444641 30.6543540955 0.0000000000 0.0000000000 0.0798893571 3.7710931301
-2.7794196606 7.1179661751 17.9364166260 31.1271305084 0.0000000000 0.0000000000 0.0755661726 3.7033374310
-2.8154587746 7.2728862762 19.3179340363 31.5225276947 0.0000000000 0.0000000000 0.0692007244 3.6491532326
-2.8551478386 7.4346766472 20.4396362305 31.7871799469 0.0000000000 0.0000000000 0.0611189529 3.6098699570
-2.8986737728 7.6034584045 21.2415771484 31.8715476990 0.0000000000 0.0000000000 0.0516422763 3.5866129398
-2.9460358620 7.7788276672 21.6918563843 31.7521438599 0.0000000000 0.0000000000 0.0411472432 3.5799918175
-2.9970979691 7.9603872299 21.7980041504 31.4331531525 0.0000000000 0.0000000000 0.0301384907 3.5899662971
-3.0513827801 8.1470670700 21.5975742340 30.9467945099 0.0000000000 0.0000000000 0.0191081595 3.6158018112
-3.1085493565 8.3384494781 21.1501979828 30.3444023132 0.0000000000 0.0000000000 0.0086085703 3.6557304859
-3.1679174900 8.5330934525 20.5324287415 29.6881752014 0.0000000000 0.0000000000 -0.0008674140 3.7073297501
-3.2290289402 8.7300472260 19.8112964630 29.0416526794 0.0000000000 0.0000000000 -0.0089015840 3.7675609589
-3.2914638519 8.9287815094 19.0479316711 28.4551963806 0.0000000000 0.0000000000 -0.0151946712 3.8330223560
-3.3547468185 9.1283550262 18.2962036133 27.9581146240 0.0000000000 0.0000000000 -0.0195406545 3.9003119469
-3.4183549881 9.3277854919 17.5962066650 27.5534152985 0.0000000000 0.0000000000 -0.0218425002 3.9664523602
-3.4818744659 9.5263032913 16.9834804535 27.2448596954 0.0000000000 0.0000000000 -0.0221114345 4.0291013718
-3.5449118614 9.7231969833 16.4846057892 27.0324897766 0.0000000000 0.0000000000 -0.0205237940 4.0865602493
-3.6073620319 9.9185619354 16.1169223785 26.9013500214 0.0000000000 0.0000000000 -0.0171630867 4.1377711296
-3.6692249775 10.1126947403 15.8962917328 26.8234977722 0.0000000000 0.0000000000 -0.0122115212 4.1822919846
-3.7304716110 10.3054199219 15.8240938187 26.7644901276 0.0000000000 0.0000000000 -0.0059499391 4.2200727463
-3.7912366390 10.4972076416 15.8872184753 26.6980190277 0.0000000000 0.0000000000 0.0013093242 4.2513813972
-3.8517196178 10.6884069443 16.0621604919 26.5968017578 0.0000000000 0.0000000000 0.0092751216 4.2768754959
-3.9119935036 10.8789558411 16.3166294098 26.4456920624 0.0000000000 0.0000000000 0.0176078882 4.2972278595
-3.9722206593 11.0689916611 16.6129913330 26.2383060455 0.0000000000 0.0000000000 0.0259914380 4.3132991791
-4.0327548981 11.2589673996 16.9074764252 25.9761810303 0.0000000000 0.0000000000 0.0340935476 4.3257603645
-4.0936002731 11.4485626221 17.1647186279 25.6746463776 0.0000000000 0.0000000000 0.0416429304 4.3351197243
-4.1550188065 11.6382236481 17.3519649506 25.3546257019 0.0000000000 0.0000000000 0.0484735519 4.3419361115
-4.2171049118 11.8279170990 17.4421558380 25.0391826630 0.0000000000 0.0000000000 0.0544202402 4.3464412689
-4.2799072266 12.0176963806 17.4199657440 24.7472438812 0.0000000000 0.0000000000 0.0594014339 4.3487854004
-4.3433480263 12.2075061798 17.2759685516 24.4908237457 0.0000000000 0.0000000000 0.0633385405 4.3490209579
-4.4073967934 12.3973321915 17.0099182129 24.2721481323 0.0000000000 0.0000000000 0.0662411600 4.3471226692
-4.4718503952 12.5869064331 16.6376495361 24.0880451202 0.0000000000 0.0000000000 0.0681987852 4.3429341316
-4.5364451408 12.7758893967 16.1816101074 23.9333839417 0.0000000000 0.0000000000 0.0693014041 4.3362002373
-4.6009435654 12.9641799927 15.6707401276 23.7948551178 0.0000000000 0.0000000000 0.0696788877 4.3265933990
-4.6651210785 13.1515512466 15.1335859299 23.6548175812 0.0000000000 0.0000000000 0.0694765449 4.3138237000
-4.7287678719 13.3380041122 14.5969066620 23.4981422424 0.0000000000 0.0000000000 0.0688322410 4.2976479530
-4.7916164398 13.5231628418 14.0853672028 23.3181629181 0.0000000000 0.0000000000 0.0678524673 4.2778902054
-4.8535013199 13.7069225311 13.6170806885 23.1106834412 0.0000000000 0.0000000000 0.0666294917 4.2544150352
-4.9142694473 13.8890419006 13.2065029144 22.8805122375 0.0000000000 0.0000000000 0.0651839599 4.2272167206
-4.9737730026 14.0691938400 12.8625431061 22.6378269196 0.0000000000 0.0000000000 0.0635684803 4.1962471008
-5.0320882797 14.2475643158 12.5865240097 22.3924102783 0.0000000000 0.0000000000 0.0618179813 4.1616172791
-5.0891385078 14.4238891602 12.3782711029 22.1577987671 0.0000000000 0.0000000000 0.0599522255 4.1236033440
-5.1450219154 14.5983276367 12.2293319702 21.9452877045 0.0000000000 0.0000000000 0.0579426773 4.0825400352
-5.1997079849 14.7708520889 12.1270761490 21.7596664429 0.0000000000 0.0000000000 0.0557856299 4.0388774872
-5.2533826828 14.9416618347 12.0577850342 21.6029644012 0.0000000000 0.0000000000 0.0534333810 3.9929864407
-5.3061037064 15.1107320786 12.0078001022 21.4719390869 0.0000000000 0.0000000000 0.0508442186 3.9454298019
-5.3580646515 15.2783603668 11.9631853104 21.3590335846 0.0000000000 0.0000000000 0.0479773954 3.8968503475
-5.4092602730 15.4443149567 11.9120588303 21.2575187683 0.0000000000 0.0000000000 0.0448971465 3.8477511406
-5.4598517418 15.6088933945 11.8436441422 21.1578979492 0.0000000000 0.0000000000 0.0416210964 3.7986998558
-5.5098776817 15.7721319199 11.7502527237 21.0519123077 0.0000000000 0.0000000000 0.0381722227 3.7501497269
-5.5595688820 15.9346265793 11.6294078827 20.9344024658 0.0000000000 0.0000000000 0.0346399471 3.7023718357
-5.6088376045 16.0961513519 11.4814376831 20.8047485352 0.0000000000 0.0000000000 0.0311561748 3.6555953026
-5.6577482224 16.2568569183 11.3097906113 20.6662960052 0.0000000000 0.0000000000 0.0277642608 3.6099526882
-5.7062325478 16.4164562225 11.1212911606 20.5230178833 0.0000000000 0.0000000000 0.0244891476 3.5654964447
-5.7542824745 16.5750503540 10.9276514053 20.3820762634 0.0000000000 0.0000000000 0.0213687718 3.5221860409
-5.8017339706 16.7323551178 10.7396478653 20.2495822906 0.0000000000 0.0000000000 0.0184423234 3.4798977375
-5.8487453461 16.8888282776 10.5667133331 20.1298446655 0.0000000000 0.0000000000 0.0157624371 3.4385051727
-5.8952851295 17.0444145203 10.4147491455 20.0224971771 0.0000000000 0.0000000000 0.0133930342 3.3979461193
-5.9411921501 17.1986217499 10.2883605957 19.9267787933 0.0000000000 0.0000000000 0.0113902995 3.3581409454
-5.9864492416 17.3515396118 10.1878623962 19.8400802612 0.0000000000 0.0000000000 0.0097572822 3.3191680908
-6.0310926437 17.5032005310 10.1123952866 19.7595653534 0.0000000000 0.0000000000 0.0084766829 3.2811431885
-6.0752139091 17.6538448334 10.0585460663 19.6812553406 0.0000000000 0.0000000000 0.0074992999 3.2441895008
-6.1188678741 17.8034782410 10.0190858841 19.5981712341 0.0000000000 0.0000000000 0.0068051629 3.2085022926
-6.1620683670 17.9520320892 9.9872989655 19.5065517426 0.0000000000 0.0000000000 0.0063318587 3.1742122173
-6.2049245834 18.0997657776 9.9571876526 19.4062213898 0.0000000000 0.0000000000 0.0060202889 3.1414334774
-6.2475538254 18.2469310760 9.9223165512 19.2986145020 0.0000000000 0.0000000000 0.0058017629 3.1101696491
-6.2898211479 18.3930454254 9.8791942596 19.1857872009 0.0000000000 0.0000000000 0.0056627668 3.0803194046
-6.3318037987 18.5383663177 9.8231878281 19.0707683563 0.0000000000 0.0000000000 0.0055855042 3.0518403053
-6.3735914230 18.6830635071 9.7523040771 18.9577007294 0.0000000000 0.0000000000 0.0055071693 3.0247042179
-6.4151663780 18.8271217346 9.6662569046 18.8501224518 0.0000000000 0.0000000000 0.0054039401 2.9988141060
-6.4563703537 18.9701995850 9.5664443970 18.7511386871 0.0000000000 0.0000000000 0.0052779438 2.9740247726
-6.4971618652 19.1122474670 9.4542427063 18.6610012054 0.0000000000 0.0000000000 0.0051162872 2.9501829147
-6.5375418663 19.2533779144 9.3329257965 18.5792846680 0.0000000000 0.0000000000 0.0048887930 2.9271824360
-6.5773587227 19.3931083679 9.2077550888 18.5045833588 0.0000000000 0.0000000000 0.0046019838 2.9048860073
-6.6167478561 19.5319404602 9.0803918839 18.4339256287 0.0000000000 0.0000000000 0.0042695794 2.8831470013
-6.6556549072 19.6698036194 8.9564781189 18.3635330200 0.0000000000 0.0000000000 0.0038921668 2.8618507385
-6.6941094398 19.8070526123 8.8393831253 18.2900142670 0.0000000000 0.0000000000 0.0034852470 2.8409197330
-6.7321839333 19.9438018799 8.7287054062 18.2115592957 0.0000000000 0.0000000000 0.0030495073 2.8203179836
-6.7698564529 20.0799884796 8.6257781982 18.1280136108 0.0000000000 0.0000000000 0.0026202174 2.7999022007
-6.8070554733 20.2153930664 8.5293588638 18.0391292572 0.0000000000 0.0000000000 0.0022314687 2.7796571255
-6.8438138962 20.3502178192 8.4393272400 17.9467411041 0.0000000000 0.0000000000 0.0018762141 2.7595975399
-6.8800435066 20.4842453003 8.3558254242 17.8540306091 0.0000000000 0.0000000000 0.0015461383 2.7396614552
-6.9158511162 20.6177062988 8.2755002975 17.7626304626 0.0000000000 0.0000000000 0.0012435034 2.7198522091
-6.9511604309 20.7503604889 8.1986694336 17.6750259399 0.0000000000 0.0000000000 0.0009555827 2.7002148628
-6.9859867096 20.8823356628 8.1234493256 17.5915031433 0.0000000000 0.0000000000 0.0006760327 2.6807217598
-7.0202841759 21.0134773254 8.0482969284 17.5118865967 0.0000000000 0.0000000000 0.0003973707 2.6614332199
-7.0541119576 21.1438999176 7.9720029831 17.4359283447 0.0000000000 0.0000000000 0.0001084561 2.6424036026
-7.0874457359 21.2734642029 7.8946418762 17.3613262177 0.0000000000 0.0000000000 -0.0001554582 2.6236302853
-7.1203861237 21.4025306702 7.8152446747 17.2878818512 0.0000000000 0.0000000000 -0.0003905245 2.6050932407
-7.1529188156 21.5309848785 7.7337889671 17.2141323090 0.0000000000 0.0000000000 -0.0005818778 2.5867755413
-7.1850442886 21.6588935852 7.6505217552 17.1400260925 0.0000000000 0.0000000000 -0.0007050873 2.5686483383
-7.2167677879 21.7861766815 7.5660066605 17.0645008087 0.0000000000 0.0000000000 -0.0007719412 2.5507447720
-7.2481274605 21.9130344391 7.4806933403 16.9872894287 0.0000000000 0.0000000000 -0.0007924240 2.5330717564
-7.2791476250 22.0394725800 7.3963122368 16.9092006683 0.0000000000 0.0000000000 -0.0007787427 2.5156073570
-7.3095879555 22.1649456024 7.3144850731 16.8310184479 0.0000000000 0.0000000000 -0.0007753643 2.4983906746
-7.3395504951 22.2896842957 7.2355027199 16.7532424927 0.0000000000 0.0000000000 -0.0007784077 2.4814014435
-7.3691082001 22.4138107300 7.1601934433 16.6762981415 0.0000000000 0.0000000000 -0.0007881856 2.4646615982
-7.3981618881 22.5370349884 7.0891084671 16.5996646881 0.0000000000 0.0000000000 -0.0008087633 2.4482035637
-7.4268221855 22.6596488953 7.0217204094 16.5241127014 0.0000000000 0.0000000000 -0.0008383706 2.4320659637
-7.4551062584 22.7815494537 6.9569964409 16.4488754272 0.0000000000 0.0000000000 -0.0008696030 2.4162070751
-7.4830436707 22.9028701782 6.8945078850 16.3736591339 0.0000000000 0.0000000000 -0.0009000927 2.4006364346
-7.5106749535 23.0236129761 6.8332571983 16.2983531952 0.0000000000 0.0000000000 -0.0009081506 2.3853783607
-7.5380907059 23.1440563202 6.7711958885 16.2220897675 0.0000000000 0.0000000000 -0.0008838706 2.3704888821
-7.5652356148 23.2641315460 6.7089562416 16.1470527649 0.0000000000 0.0000000000 -0.0008485562 2.3559653759
-7.5920577049 23.3836479187 6.6464052200 16.0724468231 0.0000000000 0.0000000000 -0.0007933286 2.3417806625
-7.6185512543 23.5025253296 6.5818581581 15.9980554581 0.0000000000 0.0000000000 -0.0007180650 2.3278720379
-7.6448464394 23.6210308075 6.5159082413 15.9249544144 0.0000000000 0.0000000000 -0.0006366977 2.3142302036
-7.6709074974 23.7391128540 6.4485802650 15.8532991409 0.0000000000 0.0000000000 -0.0005471442 2.3008706570
-7.6966981888 23.8566322327 6.3793458939 15.7824440002 0.0000000000 0.0000000000 -0.0004506271 2.2878150940
-7.7221040726 23.9734916687 6.3111166954 15.7116937637 0.0000000000 0.0000000000 -0.0003709296 2.2750856876
-7.7473626137 24.0899658203 6.2446007729 15.6409454346 0.0000000000 0.0000000000 -0.0003171259 2.2626540661
-7.7724480629 24.2059879303 6.1800699234 15.5698280334 0.0000000000 0.0000000000 -0.0002885070 2.2505073547
-7.7972826958 24.3214797974 6.1178936958 15.4994068146 0.0000000000 0.0000000000 -0.0002939739 2.2386066914
-7.8219518661 24.4365367889 6.0572290421 15.4294424057 0.0000000000 0.0000000000 -0.0002958167 2.2269356251
-7.8463487625 24.5509204865 5.9983386993 15.3604907990 0.0000000000 0.0000000000 -0.0002894842 2.2154264450
-7.8705320358 24.6647720337 5.9410672188 15.2919502258 0.0000000000 0.0000000000 -0.0002691634 2.2040545940
-7.8944520950 24.7779979706 5.8847374916 15.2229948044 0.0000000000 0.0000000000 -0.0002395393 2.1928265095
-7.9181318283 24.8907089233 5.8299756050 15.1547040939 0.0000000000 0.0000000000 -0.0002348709 2.1817538738
-7.9415388107 25.0027236938 5.7769913673 15.0864543915 0.0000000000 0.0000000000 -0.0002690182 2.1708126068
-7.9648375511 25.1144409180 5.7259750366 15.0178852081 0.0000000000 0.0000000000 -0.0003520327 2.1600327492
-7.9880619049 25.2258491516 5.6756401062 14.9492492676 0.0000000000 0.0000000000 -0.0004723216 2.1494443417
-8.0111865997 25.3368968964 5.6246848106 14.8800659180 0.0000000000 0.0000000000 -0.0006396797 2.1390144825
-8.0342445374 25.4476566315 5.5739912987 14.8127260208 0.0000000000 0.0000000000 -0.0008555141 2.1287596226
-8.0570850372 25.5578823090 5.5244507790 14.7476482391 0.0000000000 0.0000000000 -0.0011403969 2.1187078953
-8.0797309875 25.6675930023 5.4738926888 14.6844892502 0.0000000000 0.0000000000 -0.0014723991 2.1088132858
-8.1022949219 25.7769565582 5.4212093353 14.6236553192 0.0000000000 0.0000000000 -0.0018429434 2.0990612507
-8.1247892380 25.8860702515 5.3659119606 14.5648384094 0.0000000000 0.0000000000 -0.0022403700 2.0894353390
-8.1472034454 25.9949398041 5.3068795204 14.5079088211 0.0000000000 0.0000000000 -0.0026488197 2.0799202919
-8.1694679260 26.1034717560 5.2432126999 14.4513301849 0.0000000000 0.0000000000 -0.0030255457 2.0705044270
-8.1915779114 26.2116565704 5.1765522957 14.3955926895 0.0000000000 0.0000000000 -0.0033505787 2.0611071587
-8.2134418488 26.3192081451 5.1082053185 14.3402090073 0.0000000000 0.0000000000 -0.0035879682 2.0516679287
-8.2351694107 26.4264984131 5.0393404961 14.2853345871 0.0000000000 0.0000000000 -0.0037235578 2.0421531200
-8.2567710876 26.5335674286 4.9696369171 14.2319107056 0.0000000000 0.0000000000 -0.0037566440 2.0325598717
-8.2781772614 26.6401424408 4.8998856544 14.1790390015 0.0000000000 0.0000000000 -0.0036760643 2.0229120255
-8.2994127274 26.7462577820 4.8313670158 14.1273622513 0.0000000000 0.0000000000 -0.0035021391 2.0131492615
-8.3205680847 26.8521900177 4.7651281357 14.0760507584 0.0000000000 0.0000000000 -0.0032561838 2.0033020973
-8.3415336609 26.9576225281 4.7018089294 14.0255870819 0.0000000000 0.0000000000 -0.0029902479 1.9933937788
-8.3623533249 27.0627117157 4.6422982216 13.9766311646 0.0000000000 0.0000000000 -0.0027362849 1.9834399223
-8.3829841614 27.1672687531 4.5851664543 13.9286203384 0.0000000000 0.0000000000 -0.0025313844 1.9735434055
-8.4033746719 27.2712554932 4.5285897255 13.8816099167 0.0000000000 0.0000000000 -0.0023945828 1.9636969566
-8.4234275818 27.3743057251 4.4721651077 13.8344774246 0.0000000000 0.0000000000 -0.0023240992 1.9539365768
-8.4432830811 27.4769096375 4.4144797325 13.7871942520 0.0000000000 0.0000000000 -0.0022940228 1.9441965818
-8.4629001617 27.5790653229 4.3555808067 13.7390489578 0.0000000000 0.0000000000 -0.0023143548 1.9344983101
-8.4823188782 27.6808204651 4.2948412895 13.6900291443 0.0000000000 0.0000000000 -0.0023768586 1.9248656034
-8.5015068054 27.7821216583 4.2331376076 13.6408681870 0.0000000000 0.0000000000 -0.0024625815 1.9153387547
-8.5204172134 27.8829402924 4.1700625420 13.5907564163 0.0000000000 0.0000000000 -0.0026077759 1.9059498310
-8.5391130447 27.9833679199 4.1066136360 13.5396318436 0.0000000000 0.0000000000 -0.0027957256 1.8967229128
-8.5575551987 28.0833473206 4.0445895195 13.4879655838 0.0000000000 0.0000000000 -0.0030466819 1.8876882792
-8.5757951736 28.1829948425 3.9840211868 13.4367828369 0.0000000000 0.0000000000 -0.0033511317 1.8788779974
-8.5938282013 28.2822761536 3.9257748127 13.3865880966 0.0000000000 0.0000000000 -0.0037455817 1.8703219891
-8.6116218567 28.3812885284 3.8692665100 13.3362722397 0.0000000000 0.0000000000 -0.0041924617 1.8620450497
-8.6292009354 28.4799480438 3.8157565594 13.2856740952 0.0000000000 0.0000000000 -0.0046888627 1.8539656401
-8.6464719772 28.5779895782 3.7660856247 13.2351961136 0.0000000000 0.0000000000 -0.0052305791 1.8461220264
-8.6635818481 28.6757450104 3.7188301086 13.1848449707 0.0000000000 0.0000000000 -0.0058066603 1.8384920359
-8.6804685593 28.7730426788 3.6733949184 13.1346693039 0.0000000000 0.0000000000 -0.0063984892 1.8310341835
-8.6972141266 28.8700885773 3.6285974979 13.0860700607 0.0000000000 0.0000000000 -0.0069898823 1.8236813545
-8.7137880325 28.9667320251 3.5856187344 13.0382108688 0.0000000000 0.0000000000 -0.0075421920 1.8163833618
-8.7301273346 29.0630245209 3.5450944901 12.9912023544 0.0000000000 0.0000000000 -0.0080275973 1.8090372086
-8.7462310791 29.1586914062 3.5069282055 12.9455270767 0.0000000000 0.0000000000 -0.0084350975 1.8016802073
-8.7621393204 29.2538566589 3.4706885815 12.9006881714 0.0000000000 0.0000000000 -0.0087559149 1.7943323851
-8.7779531479 29.3488197327 3.4369773865 12.8567705154 0.0000000000 0.0000000000 -0.0089677647 1.7869728804
-8.7935514450 29.4433860779 3.4044179916 12.8131189346 0.0000000000 0.0000000000 -0.0090686455 1.7795948982
-8.8088951111 29.5373477936 3.3727538586 12.7700157166 0.0000000000 0.0000000000 -0.0090553388 1.7721933126
-8.8240957260 29.6309452057 3.3413114548 12.7268266678 0.0000000000 0.0000000000 -0.0089452853 1.7648063898
-8.8391332626 29.7241191864 3.3105821609 12.6832370758 0.0000000000 0.0000000000 -0.0087814871 1.7574619055
-8.8541049957 29.8171253204 3.2804856300 12.6395587921 0.0000000000 0.0000000000 -0.0085761212 1.7501375675
-8.8688869476 29.9095134735 3.2509076595 12.5955505371 0.0000000000 0.0000000000 -0.0083302939 1.7428244352
-8.8835840225 30.0017185211 3.2213897705 12.5516586304 0.0000000000 0.0000000000 -0.0080791451 1.7355699539
-8.8979787827 30.0932197571 3.1922442913 12.5084800720 0.0000000000 0.0000000000 -0.0078177908 1.7283910513
-8.9122171402 30.1844806671 3.1633584499 12.4663209915 0.0000000000 0.0000000000 -0.0075766463 1.7212858200
-8.9263153076 30.2752723694 3.1339125633 12.4247694016 0.0000000000 0.0000000000 -0.0073420377 1.7142721415
-8.9402551651 30.3655967712 3.1033926010 12.3823852539 0.0000000000 0.0000000000 -0.0071397787 1.7073863745
-8.9540328979 30.4555072784 3.0715947151 12.3411817551 0.0000000000 0.0000000000 -0.0069539482 1.7006480694
-8.9677228928 30.5450305939 3.0388760567 12.3011255264 0.0000000000 0.0000000000 -0.0067712669 1.6940360069
-8.9812927246 30.6341857910 3.0064461231 12.2632274628 0.0000000000 0.0000000000 -0.0065846602 1.6875747442
-8.9947195053 30.7228775024 2.9748430252 12.2269582748 0.0000000000 0.0000000000 -0.0063888622 1.6812669039
-9.0080528259 30.8112716675 2.9445953369 12.1907348633 0.0000000000 0.0000000000 -0.0061962185 1.6751880646
-9.0213155746 30.8993453979 2.9170482159 12.1548099518 0.0000000000 0.0000000000 -0.0059965895 1.6693429947
-9.0345191956 30.9872074127 2.8912940025 12.1190423965 0.0000000000 0.0000000000 -0.0058209305 1.6636973619
-9.0477237701 31.0749111176 2.8681573868 12.0824232101 0.0000000000 0.0000000000 -0.0056408546 1.6581845284
-9.0608339310 31.1623096466 2.8473002911 12.0465478897 0.0000000000 0.0000000000 -0.0055149035 1.6527768373
-9.0739526749 31.2495689392 2.8277397156 12.0098886490 0.0000000000 0.0000000000 -0.0054132990 1.6475244761
-9.0870780945 31.3367271423 2.8097887039 11.9726905823 0.0000000000 0.0000000000 -0.0053954911 1.6424157619
-9.1001539230 31.4236087799 2.7915310860 11.9352445602 0.0000000000 0.0000000000 -0.0054184534 1.6374571323
-9.1131582260 31.5102481842 2.7715938091 11.8981704712 0.0000000000 0.0000000000 -0.0055134264 1.6326434612
-9.1261034012 31.5964488983 2.7496194839 11.8613805771 0.0000000000 0.0000000000 -0.0056567471 1.6280214787
-9.1389665604 31.6821651459 2.7252547741 11.8253431320 0.0000000000 0.0000000000 -0.0058617205 1.6235746145
-9.1517066956 31.7672100067 2.6983132362 11.7892560959 0.0000000000 0.0000000000 -0.0060979147 1.6192576885
-9.1643114090 31.8517856598 2.6691727638 11.7532596588 0.0000000000 0.0000000000 -0.0063599693 1.6150462627
-9.1768226624 31.9358291626 2.6381251812 11.7177200317 0.0000000000 0.0000000000 -0.0066097779 1.6109025478
-9.1892547607 32.0195426941 2.6055974960 11.6833076477 0.0000000000 0.0000000000 -0.0068396316 1.6067745686
-9.2017126083 32.1030883789 2.5734291077 11.6498165131 0.0000000000 0.0000000000 -0.0069827763 1.6026595831
-9.2140531540 32.1861763000 2.5418756008 11.6168117523 0.0000000000 0.0000000000 -0.0070558260 1.5984711647
-9.2262763977 32.2689056396 2.5110361576 11.5847396851 0.0000000000 0.0000000000 -0.0070216451 1.5941798687
-9.2384738922 32.3514976501 2.4820306301 11.5536794662 0.0000000000 0.0000000000 -0.0069070435 1.5898385048
-9.2505512238 32.4337158203 2.4546484947 11.5235157013 0.0000000000 0.0000000000 -0.0067239408 1.5854516029
-9.2625627518 32.5157508850 2.4300682545 11.4938068390 0.0000000000 0.0000000000 -0.0064695030 1.5810229778
-9.2744951248 32.5975532532 2.4093768597 11.4643831253 0.0000000000 0.0000000000 -0.0061931140 1.5765340328
-9.2863483429 32.6791687012 2.3918626308 11.4356164932 0.0000000000 0.0000000000 -0.0058980230 1.5719821453
-9.2981090546 32.7604866028 2.3756694794 11.4076166153 0.0000000000 0.0000000000 -0.0056096977 1.5674446821
-9.3099317551 32.8417930603 2.3605046272 11.3802642822 0.0000000000 0.0000000000 -0.0053878911 1.5629632473
-9.3216867447 32.9226379395 2.3450968266 11.3537597656 0.0000000000 0.0000000000 -0.0052211750 1.5585517883
-9.3334159851 33.0032806396 2.3283243179 11.3270215988 0.0000000000 0.0000000000 -0.0051487652 1.5541983843
-9.3451032639 33.0837326050 2.3095476627 11.3004198074 0.0000000000 0.0000000000 -0.0051663662 1.5498927832
-9.3566398621 33.1636734009 2.2886812687 11.2744550705 0.0000000000 0.0000000000 -0.0052940990 1.5456497669
-9.3680229187 33.2429962158 2.2658913136 11.2495050430 0.0000000000 0.0000000000 -0.0055117593 1.5414973497
-9.3793563843 33.3220863342 2.2414712906 11.2255163193 0.0000000000 0.0000000000 -0.0057957545 1.5374313593
-9.3905916214 33.4007186890 2.2178456783 11.2009983063 0.0000000000 0.0000000000 -0.0061227363 1.5334453583
-9.4017944336 33.4791564941 2.1945111752 11.1760683060 0.0000000000 0.0000000000 -0.0064616492 1.5295441151
-9.4128894806 33.5573348999 2.1742401123 11.1506862640 0.0000000000 0.0000000000 -0.0067862049 1.5258128643
-9.4238719940 33.6349906921 2.1566283703 11.1237573624 0.0000000000 0.0000000000 -0.0070825573 1.5222282410
-9.4347457886 33.7121620178 2.1405425072 11.0953073502 0.0000000000 0.0000000000 -0.0073276893 1.5187922716
-9.4455747604 33.7891845703 2.1273560524 11.0635948181 0.0000000000 0.0000000000 -0.0075319614 1.5155264139
-9.4564332962 33.8660316467 2.1173095703 11.0285291672 0.0000000000 0.0000000000 -0.0076767486 1.5124288797
-9.4672632217 33.9425468445 2.1102962494 10.9912204742 0.0000000000 0.0000000000 -0.0077415472 1.5094779730
-9.4779796600 34.0185050964 2.1063323021 10.9523401260 0.0000000000 0.0000000000 -0.0077566612 1.5066462755
-9.4887247086 34.0942649841 2.1029992104 10.9126319885 0.0000000000 0.0000000000 -0.0076735681 1.5039093494
-9.4993143082 34.1693611145 2.0999517441 10.8734426498 0.0000000000 0.0000000000 -0.0075370991 1.5012521744
-9.5097560883 34.2439804077 2.0933461189 10.8355455399 0.0000000000 0.0000000000 -0.0073194276 1.4986853600
-9.5202865601 34.3185348511 2.0828297138 10.7997913361 0.0000000000 0.0000000000 -0.0070949434 1.4961814880
-9.5308761597 34.3928451538 2.0686886311 10.7660665512 0.0000000000 0.0000000000 -0.0068289852 1.4937669039
-9.5413665771 34.4663810730 2.0514552593 10.7344236374 0.0000000000 0.0000000000 -0.0065580294 1.4914307594
-9.5518226624 34.5393638611 2.0321278572 10.7042350769 0.0000000000 0.0000000000 -0.0062799146 1.4891071320
-9.5621461868 34.6116676331 2.0115470886 10.6738176346 0.0000000000 0.0000000000 -0.0060068867 1.4868005514
-9.5723743439 34.6835174561 1.9886702299 10.6435270309 0.0000000000 0.0000000000 -0.0057577151 1.4844670296
-9.5825433731 34.7549667358 1.9644469023 10.6132650375 0.0000000000 0.0000000000 -0.0055237906 1.4820622206
-9.5926427841 34.8259544373 1.9387898445 10.5834751129 0.0000000000 0.0000000000 -0.0053277686 1.4795582294
-9.6026687622 34.8966407776 1.9141273499 10.5539503098 0.0000000000 0.0000000000 -0.0051463889 1.4769446850
-9.6126298904 34.9671401978 1.8912491798 10.5248546600 0.0000000000 0.0000000000 -0.0049884934 1.4741890430
-9.6224279404 35.0371475220 1.8717749119 10.4964017868 0.0000000000 0.0000000000 -0.0048389207 1.4714086056
-9.6320800781 35.1065483093 1.8540625572 10.4688062668 0.0000000000 0.0000000000 -0.0047263158 1.4686971903
-9.6416387558 35.1755599976 1.8383530378 10.4420576096 0.0000000000 0.0000000000 -0.0046278248 1.4660233259
-9.6511182785 35.2443161011 1.8240886927 10.4155302048 0.0000000000 0.0000000000 -0.0045540938 1.4634107351
-9.6605224609 35.3126335144 1.8098458052 10.3892908096 0.0000000000 0.0000000000 -0.0044874717 1.4608225822
-9.6699161530 35.3806495667 1.7963246107 10.3628759384 0.0000000000 0.0000000000 -0.0044494127 1.4582457542
-9.6792917252 35.4481887817 1.7823704481 10.3366394043 0.0000000000 0.0000000000 -0.0044425051 1.4557130337
-9.6886768341 35.5153884888 1.7677893639 10.3104972839 0.0000000000 0.0000000000 -0.0044567669 1.4532203674
-9.6979465485 35.5820808411 1.7528945208 10.2850122452 0.0000000000 0.0000000000 -0.0044960044 1.4507366419
-9.7071924210 35.6483955383 1.7393021584 10.2596893311 0.0000000000 0.0000000000 -0.0045617945 1.4482971430
-9.7164936066 35.7145309448 1.7285628319 10.2347621918 0.0000000000 0.0000000000 -0.0046637366 1.4459164143
-9.7258481979 35.7804908752 1.7199560404 10.2112150192 0.0000000000 0.0000000000 -0.0047884397 1.4436092377
-9.7352399826 35.8462562561 1.7133525610 10.1889305115 0.0000000000 0.0000000000 -0.0049392632 1.4414312840
-9.7445859909 35.9116592407 1.7070634365 10.1674928665 0.0000000000 0.0000000000 -0.0050973878 1.4393035173
-9.7537889481 35.9761390686 1.7004631758 10.1465492249 0.0000000000 0.0000000000 -0.0052521145 1.4371986389
-9.7629747391 36.0402145386 1.6931276321 10.1258869171 0.0000000000 0.0000000000 -0.0053655151 1.4350757599
-9.7722206116 36.1041069031 1.6845369339 10.1055030823 0.0000000000 0.0000000000 -0.0054576988 1.4329408407
-9.7814426422 36.1674919128 1.6744153500 10.0854587555 0.0000000000 0.0000000000 -0.0055169472 1.4308459759
-9.7907104492 36.2307167053 1.6630957127 10.0651988983 0.0000000000 0.0000000000 -0.0055798446 1.4287453890
-9.7999582291 36.2936630249 1.6506711245 10.0447092056 0.0000000000 0.0000000000 -0.0056074052 1.4266327620
-9.8092603683 36.3565025330 1.6362468004 10.0244026184 0.0000000000 0.0000000000 -0.0056470251 1.4245414734
-9.8185606003 36.4192581177 1.6192610264 10.0044898987 0.0000000000 0.0000000000 -0.0056635737 1.4224575758
-9.8278808594 36.4819297791 1.5998649597 9.9850654602 0.0000000000 0.0000000000 -0.0056680357 1.4203944206
-9.8371782303 36.5444297791 1.5783040524 9.9659032822 0.0000000000 0.0000000000 -0.0056362143 1.4183261395
-9.8464002609 36.6065711975 1.5549387932 9.9469823837 0.0000000000 0.0000000000 -0.0055664843 1.4162409306
-9.8555173874 36.6684875488 1.5316339731 9.9281072617 0.0000000000 0.0000000000 -0.0054532872 1.4140744209
-9.8645200729 36.7301063538 1.5084215403 9.9087781906 0.0000000000 0.0000000000 -0.0053191497 1.4118216038
-9.8735370636 36.7916564941 1.4857904911 9.8890590668 0.0000000000 0.0000000000 -0.0051495493 1.4095475674
-9.8825035095 36.8529129028 1.4643605947 9.8681697845 0.0000000000 0.0000000000 -0.0049841683 1.4072686434
-9.8914251328 36.9139060974 1.4439603090 9.8463888168 0.0000000000 0.0000000000 -0.0048222798 1.4050698280
-9.9003124237 36.9747428894 1.4253206253 9.8232593536 0.0000000000 0.0000000000 -0.0046894378 1.4029489756
-9.9091682434 37.0355072021 1.4065018892 9.8002662659 0.0000000000 0.0000000000 -0.0045575225 1.4008727074
-9.9179039001 37.0959854126 1.3883394003 9.7779045105 0.0000000000 0.0000000000 -0.0044511352 1.3988813162
-9.9266300201 37.1565551758 1.3694524765 9.7562923431 0.0000000000 0.0000000000 -0.0043265801 1.3969022036
-9.9353256226 37.2171783447 1.3487979174 9.7359027863 0.0000000000 0.0000000000 -0.0042504594 1.3948829174
-9.9440002441 37.2777175903 1.3263866901 9.7166481018 0.0000000000 0.0000000000 -0.0041551343 1.3927768469
-9.9526271820 37.3380508423 1.3035898209 9.6982831955 0.0000000000 0.0000000000 -0.0041204789 1.3906188011
-9.9612483978 37.3985748291 1.2806761265 9.6802692413 0.0000000000 0.0000000000 -0.0040928484 1.3884758949
-9.9698648453 37.4592132568 1.2575854063 9.6624841690 0.0000000000 0.0000000000 -0.0041083531 1.3862934113
-9.9784135818 37.5198974609 1.2355471849 9.6449880600 0.0000000000 0.0000000000 -0.0040891515 1.3840395212
-9.9869375229 37.5806732178 1.2151402235 9.6274681091 0.0000000000 0.0000000000 -0.0040907850 1.3817268610
-9.9952487946 37.6409835815 1.1960326433 9.6094064713 0.0000000000 0.0000000000 -0.0040647127 1.3792548180
-10.0033378601 37.7008514404 1.1797583103 9.5905971527 0.0000000000 0.0000000000 -0.0040437579 1.3766177893
-10.0112218857 37.7602310181 1.1649608612 9.5712099075 0.0000000000 0.0000000000 -0.0040374114 1.3738793135
-10.0189447403 37.8194580078 1.1524082422 9.5517854691 0.0000000000 0.0000000000 -0.0040339744 1.3710124493
-10.0265531540 37.8786239624 1.1395317316 9.5333242416 0.0000000000 0.0000000000 -0.0040647765 1.3680473566
-10.0341043472 37.9379234314 1.1278001070 9.5151777267 0.0000000000 0.0000000000 -0.0040993905 1.3649945259
-10.0416460037 37.9974060059 1.1163798571 9.4972457886 0.0000000000 0.0000000000 -0.0041772225 1.3619303703
-10.0491542816 38.0570335388 1.1049691439 9.4795312881 0.0000000000 0.0000000000 -0.0042703194 1.3589037657
-10.0565929413 38.1166915894 1.0928001404 9.4622192383 0.0000000000 0.0000000000 -0.0043788762 1.3559695482
-10.0640144348 38.1764602661 1.0796308517 9.4450931549 0.0000000000 0.0000000000 -0.0045039533 1.3531310558
-10.0714530945 38.2363319397 1.0651818514 9.4282979965 0.0000000000 0.0000000000 -0.0046109101 1.3504463434
-10.0789422989 38.2963523865 1.0489596128 9.4114828110 0.0000000000 0.0000000000 -0.0047107358 1.3479405642
-10.0863561630 38.3562850952 1.0323305130 9.3946666718 0.0000000000 0.0000000000 -0.0047329329 1.3455803394
-10.0936145782 38.4159011841 1.0159444809 9.3769884109 0.0000000000 0.0000000000 -0.0047320952 1.3433169127
-10.1008234024 38.4754371643 1.0006248951 9.3583116531 0.0000000000 0.0000000000 -0.0046516270 1.3411117792
-10.1080255508 38.5349464417 0.9862350225 9.3391437531 0.0000000000 0.0000000000 -0.0045640115 1.3388837576
-10.1151380539 38.5942230225 0.9742248058 9.3198785782 0.0000000000 0.0000000000 -0.0043918872 1.3365793228
-10.1222095490 38.6535072327 0.9628263116 9.3006925583 0.0000000000 0.0000000000 -0.0042154379 1.3342294693
-10.1292762756 38.7127265930 0.9523960352 9.2818059921 0.0000000000 0.0000000000 -0.0039746561 1.3318501711
-10.1362266541 38.7715835571 0.9414900541 9.2632846832 0.0000000000 0.0000000000 -0.0037578279 1.3294429779
-10.1431131363 38.8303604126 0.9301559329 9.2452697754 0.0000000000 0.0000000000 -0.0035065312 1.3269984722
-10.1498565674 38.8887519836 0.9176810384 9.2274684906 0.0000000000 0.0000000000 -0.0032982382 1.3245785236
-10.1564874649 38.9468727112 0.9038085938 9.2098531723 0.0000000000 0.0000000000 -0.0030924163 1.3221994638
-10.1631565094 39.0051269531 0.8883273602 9.1921291351 0.0000000000 0.0000000000 -0.0029217133 1.3198913336
-10.1697959900 39.0632514954 0.8719551563 9.1738548279 0.0000000000 0.0000000000 -0.0027820054 1.3176966906
-10.1762714386 39.1208572388 0.8546033502 9.1553010941 0.0000000000 0.0000000000 -0.0026647025 1.3156129122
-10.1827716827 39.1786460876 0.8382126093 9.1362466812 0.0000000000 0.0000000000 -0.0025894304 1.3135871887
-10.1891965866 39.2364730835 0.8226998448 9.1171159744 0.0000000000 0.0000000000 -0.0025033515 1.3115288019
-10.1956014633 39.2944030762 0.8086724877 9.0979881287 0.0000000000 0.0000000000 -0.0024521111 1.3094723225
-10.2018527985 39.3520011902 0.7965033054 9.0785493851 0.0000000000 0.0000000000 -0.0023678290 1.3074351549
-10.2080993652 39.4096412659 0.7856151462 9.0592269897 0.0000000000 0.0000000000 -0.0022969602 1.3053883314
-10.2143936157 39.4675025940 0.7744551897 9.0403299332 0.0000000000 0.0000000000 -0.0021968216 1.3034313917
-10.2206144333 39.5253372192 0.7633710504 9.0214042664 0.0000000000 0.0000000000 -0.0021174899 1.3015657663
-10.2267980576 39.5829734802 0.7515849471 9.0025682449 0.0000000000 0.0000000000 -0.0020397245 1.2998057604
-10.2329587936 39.6405906677 0.7395512462 8.9828243256 0.0000000000 0.0000000000 -0.0019773827 1.2980750799
-10.2389593124 39.6978569031 0.7259328961 8.9629344940 0.0000000000 0.0000000000 -0.0019421856 1.2963495255
-10.2449512482 39.7552146912 0.7112885714 8.9434041977 0.0000000000 0.0000000000 -0.0019341834 1.2946088314
-10.2508258820 39.8125457764 0.6971052289 8.9235563278 0.0000000000 0.0000000000 -0.0019654548 1.2928092480
-10.2565603256 39.8697204590 0.6831807494 8.9036464691 0.0000000000 0.0000000000 -0.0019807834 1.2908827066
-10.2622871399 39.9268569946 0.6692290306 8.8839950562 0.0000000000 0.0000000000 -0.0020358770 1.2888245583
-10.2680253983 39.9840278625 0.6558724046 8.8644657135 0.0000000000 0.0000000000 -0.0020310131 1.2866843939
-10.2737522125 40.0412216187 0.6430110931 8.8451318741 0.0000000000 0.0000000000 -0.0020758766 1.2845151424
-10.2793979645 40.0982818604 0.6282176375 8.8266162872 0.0000000000 0.0000000000 -0.0020268753 1.2823137045
-10.2849550247 40.1552238464 0.6135625243 8.8084926605 0.0000000000 0.0000000000 -0.0019869122 1.2801481485
-10.2904806137 40.2120971680 0.5995951891 8.7900762558 0.0000000000 0.0000000000 -0.0018700854 1.2779426575
-10.2960100174 40.2689247131 0.5868682265 8.7710018158 0.0000000000 0.0000000000 -0.0017175226 1.2757396698
-10.3014507294 40.3256111145 0.5751114488 8.7515802383 0.0000000000 0.0000000000 -0.0015624330 1.2735626698
-10.3066930771 40.3818130493 0.5638461709 8.7329196930 0.0000000000 0.0000000000 -0.0013858499 1.2714494467
-10.3119096756 40.4378089905 0.5547127724 8.7139682770 0.0000000000 0.0000000000 -0.0012602392 1.2693699598
-10.3171129227 40.4937095642 0.5467630625 8.6951246262 0.0000000000 0.0000000000 -0.0011250447 1.2673609257
-10.3223361969 40.5495681763 0.5405581594 8.6761827469 0.0000000000 0.0000000000 -0.0010244176 1.2654032707
-10.3274736404 40.6052169800 0.5342527032 8.6578054428 0.0000000000 0.0000000000 -0.0009446056 1.2635393143
-10.3326187134 40.6607551575 0.5295513868 8.6395263672 0.0000000000 0.0000000000 -0.0008801571 1.2618020773
-10.3376331329 40.7159652710 0.5258827209 8.6204481125 0.0000000000 0.0000000000 -0.0008716538 1.2601373196
-10.3426761627 40.7711448669 0.5229970813 8.6004734039 0.0000000000 0.0000000000 -0.0008764534 1.2585744858
-10.3476877213 40.8260917664 0.5189179778 8.5800695419 0.0000000000 0.0000000000 -0.0009025455 1.2571159601
-10.3526697159 40.8806457520 0.5156657696 8.5589752197 0.0000000000 0.0000000000 -0.0009390800 1.2558137178
-10.3573884964 40.9345016479 0.5130509734 8.5382165909 0.0000000000 0.0000000000 -0.0009985865 1.2546330690
-10.3620204926 40.9879341125 0.5098523498 8.5182523727 0.0000000000 0.0000000000 -0.0010637596 1.2535098791
-10.3666057587 41.0410499573 0.5030391216 8.5003585815 0.0000000000 0.0000000000 -0.0011516169 1.2524350882
-10.3711395264 41.0937385559 0.4959292710 8.4829111099 0.0000000000 0.0000000000 -0.0012135066 1.2513955832
-10.3756742477 41.1461982727 0.4875436127 8.4670543671 0.0000000000 0.0000000000 -0.0012614370 1.2503536940
-10.3803358078 41.1987915039 0.4782885909 8.4514522552 0.0000000000 0.0000000000 -0.0012689435 1.2493166924
-10.3849935532 41.2512550354 0.4683620036 8.4357614517 0.0000000000 0.0000000000 -0.0012665911 1.2482337952
-10.3896007538 41.3035316467 0.4566083848 8.4198312759 0.0000000000 0.0000000000 -0.0012154554 1.2470531464
-10.3942432404 41.3557472229 0.4448964596 8.4038257599 0.0000000000 0.0000000000 -0.0011557479 1.2457679510
-10.3989162445 41.4079551697 0.4322147369 8.3879375458 0.0000000000 0.0000000000 -0.0010650272 1.2443684340
-10.4036436081 41.4601669312 0.4181489050 8.3727912903 0.0000000000 0.0000000000 -0.0010021604 1.2427823544
-10.4083032608 41.5118293762 0.4036364555 8.3581113815 0.0000000000 0.0000000000 -0.0009243308 1.2410260439
-10.4130458832 41.5636482239 0.3895805776 8.3441438675 0.0000000000 0.0000000000 -0.0008755921 1.2391508818
-10.4178695679 41.6156082153 0.3763343990 8.3306865692 0.0000000000 0.0000000000 -0.0008003549 1.2371112108
-10.4226770401 41.6674880981 0.3650788665 8.3171014786 0.0000000000 0.0000000000 -0.0007396003 1.2350142002
-10.4274835587 41.7193260193 0.3546754420 8.3032150269 0.0000000000 0.0000000000 -0.0006751072 1.2328950167
-10.4321718216 41.7707557678 0.3444685042 8.2891845703 0.0000000000 0.0000000000 -0.0005979477 1.2307875156
-10.4368247986 41.8221130371 0.3334342837 8.2751617432 0.0000000000 0.0000000000 -0.0005167397 1.2287137508
-10.4412956238 41.8731269836 0.3226606846 8.2613792419 0.0000000000 0.0000000000 -0.0003900093 1.2266776562
-10.4456596375 41.9238662720 0.3103589714 8.2483816147 0.0000000000 0.0000000000 -0.0002997605 1.2246814966
-10.4498214722 41.9742164612 0.2959952950 8.2363395691 0.0000000000 0.0000000000 -0.0001618548 1.2227702141
-10.4539632797 42.0244865417 0.2801407576 8.2257356644 0.0000000000 0.0000000000 -0.0001059585 1.2210123539
-10.4581508636 42.0748825073 0.2649848163 8.2157249451 0.0000000000 0.0000000000 -0.0000160113 1.2193996906
-10.4623174667 42.1252174377 0.2500554919 8.2057161331 0.0000000000 0.0000000000 -0.0000298140 1.2179181576
-10.4664964676 42.1754646301 0.2369126827 8.1956567764 0.0000000000 0.0000000000 -0.0000298545 1.2165619135
-10.4707212448 42.2257957458 0.2261849642 8.1847782135 0.0000000000 0.0000000000 -0.0000839457 1.2153004408
-10.4749727249 42.2759590149 0.2178328335 8.1734313965 0.0000000000 0.0000000000 -0.0001710311 1.2141101360
-10.4792051315 42.3258666992 0.2111318707 8.1610956192 0.0000000000 0.0000000000 -0.0002477759 1.2130202055
-10.4834938049 42.3757972717 0.2043393105 8.1482267380 0.0000000000 0.0000000000 -0.0004125848 1.2119798660
-10.4877519608 42.4256401062 0.1965881288 8.1347579956 0.0000000000 0.0000000000 -0.0005115170 1.2110537291
-10.4920539856 42.4755325317 0.1877775937 8.1205615997 0.0000000000 0.0000000000 -0.0007108600 1.2102841139
-10.4963731766 42.5254516602 0.1786659509 8.1056680679 0.0000000000 0.0000000000 -0.0008522432 1.2096791267
-10.5006332397 42.5751075745 0.1696536094 8.0907936096 0.0000000000 0.0000000000 -0.0010085976 1.2091685534
-10.5048913956 42.6244812012 0.1606420726 8.0758113861 0.0000000000 0.0000000000 -0.0011416757 1.2086802721
-10.5090579987 42.6734657288 0.1520422101 8.0615558624 0.0000000000 0.0000000000 -0.0012160431 1.2081568241
-10.5132417679 42.7223243713 0.1424297094 8.0480251312 0.0000000000 0.0000000000 -0.0012852731 1.2076333761
-10.5173406601 42.7709197998 0.1343507171 8.0335674286 0.0000000000 0.0000000000 -0.0013028870 1.2071596384
-10.5213727951 42.8193168640 0.1267970353 8.0196790695 0.0000000000 0.0000000000 -0.0012903225 1.2066563368
-10.5254364014 42.8675918579 0.1202315390 8.0057468414 0.0000000000 0.0000000000 -0.0012512095 1.2061681747
-10.5294876099 42.9156036377 0.1138734445 7.9919109344 0.0000000000 0.0000000000 -0.0011810554 1.2057430744
-10.5335235596 42.9632797241 0.1082608998 7.9782247543 0.0000000000 0.0000000000 -0.0011047266 1.2052648067
-10.5375099182 43.0107498169 0.1029100642 7.9647288322 0.0000000000 0.0000000000 -0.0009781261 1.2046965361
-10.5414981842 43.0582275391 0.0964616910 7.9517092705 0.0000000000 0.0000000000 -0.0008337930 1.2039990425
-10.5454616547 43.1057281494 0.0880034715 7.9391670227 0.0000000000 0.0000000000 -0.0006301363 1.2030719519
-10.5493717194 43.1530723572 0.0777949393 7.9269156456 0.0000000000 0.0000000000 -0.0004423499 1.2020311356
-10.5531749725 43.2002601624 0.0669549182 7.9154329300 0.0000000000 0.0000000000 -0.0002177163 1.2008866072
-10.5568981171 43.2472000122 0.0555530377 7.9041590691 0.0000000000 0.0000000000 -0.0000337732 1.1996581554
-10.5606908798 43.2942237854 0.0438005812 7.8931713104 0.0000000000 0.0000000000 0.0001498991 1.1983742714
-10.5644760132 43.3410530090 0.0338386483 7.8817443848 0.0000000000 0.0000000000 0.0002981425 1.1970660686
-10.5682506561 43.3877525330 0.0236077849 7.8709874153 0.0000000000 0.0000000000 0.0004521069 1.1956936121
-10.5719509125 43.4341392517 0.0133352606 7.8611278534 0.0000000000 0.0000000000 0.0006098950 1.1942576170
-10.5755825043 43.4802627563 0.0031673282 7.8514113426 0.0000000000 0.0000000000 0.0007519205 1.1927667856
-10.5791721344 43.5261154175 -0.0076071806 7.8417773247 0.0000000000 0.0000000000 0.0008679710 1.1912428141
-10.5827512741 43.5719299316 -0.0164124034 7.8317532539 0.0000000000 0.0000000000 0.0010007449 1.1896948814
-10.5863084793 43.6175346375 -0.0245093964 7.8211126328 0.0000000000 0.0000000000 0.0011038834 1.1881438494
-10.5897989273 43.6629562378 -0.0331641026 7.8110990524 0.0000000000 0.0000000000 0.0012374124 1.1866217852
-10.5932626724 43.7083091736 -0.0417817198 7.8019766808 0.0000000000 0.0000000000 0.0013365960 1.1851092577
-10.5966291428 43.7533569336 -0.0494922847 7.7936210632 0.0000000000 0.0000000000 0.0014298616 1.1836719513
-10.5999069214 43.7980346680 -0.0569065660 7.7859592438 0.0000000000 0.0000000000 0.0014924143 1.1823531389
-10.6031513214 43.8424224854 -0.0633733422 7.7783141136 0.0000000000 0.0000000000 0.0015295561 1.1811339855
-10.6064062119 43.8867759705 -0.0702712908 7.7708101273 0.0000000000 0.0000000000 0.0015842587 1.1801096201
-10.6096811295 43.9310569763 -0.0765874311 7.7629771233 0.0000000000 0.0000000000 0.0015949707 1.1792328358
-10.6130352020 43.9753990173 -0.0818376765 7.7547321320 0.0000000000 0.0000000000 0.0015949162 1.1784447432
-10.6164188385 44.0195846558 -0.0841674134 7.7444596291 0.0000000000 0.0000000000 0.0015237555 1.1776874065
-10.6198520660 44.0636634827 -0.0875227377 7.7343730927 0.0000000000 0.0000000000 0.0014152059 1.1769597530
-10.6232509613 44.1074714661 -0.0931161046 7.7246012688 0.0000000000 0.0000000000 0.0012718054 1.1762803793
-10.6266727448 44.1512641907 -0.1018620804 7.7153148651 0.0000000000 0.0000000000 0.0011297660 1.1755455732
-10.6301441193 44.1950645447 -0.1129402146 7.7066497803 0.0000000000 0.0000000000 0.0009937185 1.1748923063
-10.6335592270 44.2386245728 -0.1248232275 7.6983962059 0.0000000000 0.0000000000 0.0008669728 1.1743339300
-10.6369981766 44.2821578979 -0.1375796646 7.6903853416 0.0000000000 0.0000000000 0.0007768734 1.1737674475
-10.6404037476 44.3255004883 -0.1501116902 7.6828708649 0.0000000000 0.0000000000 0.0007116334 1.1731097698
-10.6438465118 44.3689041138 -0.1611671597 7.6751608849 0.0000000000 0.0000000000 0.0006961400 1.1723498106
-10.6472501755 44.4121284485 -0.1702869236 7.6673164368 0.0000000000 0.0000000000 0.0007150481 1.1714214087
-10.6505794525 44.4549636841 -0.1781528443 7.6593160629 0.0000000000 0.0000000000 0.0007565944 1.1703799963
-10.6537532806 44.4972114563 -0.1863117665 7.6505212784 0.0000000000 0.0000000000 0.0008071062 1.1692467928
-10.6567583084 44.5393409729 -0.1952357441 7.6420736313 0.0000000000 0.0000000000 0.0008449348 1.1680935621
-10.6597442627 44.5815200806 -0.2047921270 7.6335158348 0.0000000000 0.0000000000 0.0009172529 1.1669281721
-10.6626253128 44.6233940125 -0.2143478692 7.6246767044 0.0000000000 0.0000000000 0.0009739826 1.1657202244
-10.6654787064 44.6651649475 -0.2252264917 7.6164550781 0.0000000000 0.0000000000 0.0010601117 1.1644530296
-10.6682939529 44.7067985535 -0.2363367528 7.6086697578 0.0000000000 0.0000000000 0.0011414831 1.1631535292
-10.6710100174 44.7483062744 -0.2507091165 7.6027426720 0.0000000000 0.0000000000 0.0012267606 1.1618196964
-10.6736421585 44.7897949219 -0.2649583220 7.5970954895 0.0000000000 0.0000000000 0.0013040205 1.1604981422
-10.6761798859 44.8313179016 -0.2791535258 7.5917277336 0.0000000000 0.0000000000 0.0013646272 1.1591778994
-10.6786623001 44.8727340698 -0.2909994125 7.5857295990 0.0000000000 0.0000000000 0.0014247339 1.1578451395
-10.6810598373 44.9139480591 -0.3006066978 7.5791444778 0.0000000000 0.0000000000 0.0014301394 1.1565058231
-10.6834573746 44.9551887512 -0.3072141111 7.5722765923 0.0000000000 0.0000000000 0.0014173992 1.1552062035
-10.6857481003 44.9961776733 -0.3115724921 7.5651068687 0.0000000000 0.0000000000 0.0013432229 1.1539556980
-10.6880378723 45.0371398926 -0.3144926131 7.5579094887 0.0000000000 0.0000000000 0.0012896482 1.1528095007
-10.6903171539 45.0780982971 -0.3160841763 7.5501756668 0.0000000000 0.0000000000 0.0011742706 1.1518789530
-10.6923894882 45.1185264587 -0.3173279166 7.5417947769 0.0000000000 0.0000000000 0.0010830488 1.1511383057
-10.6943702698 45.1586685181 -0.3179125488 7.5329275131 0.0000000000 0.0000000000 0.0009593716 1.1505217552
-10.6963319778 45.1987380981 -0.3197327852 7.5242562294 0.0000000000 0.0000000000 0.0008620658 1.1500197649
-10.6983032227 45.2388916016 -0.3230216801 7.5162730217 0.0000000000 0.0000000000 0.0007544068 1.1495567560
-10.7003355026 45.2791976929 -0.3295185864 7.5089759827 0.0000000000 0.0000000000 0.0006223045 1.1490758657
-10.7023448944 45.3194274902 -0.3383313119 7.5022153854 0.0000000000 0.0000000000 0.0005086998 1.1485037804
-10.7042732239 45.3593330383 -0.3495515883 7.4956641197 0.0000000000 0.0000000000 0.0003831924 1.1478701830
-10.7062511444 45.3993797302 -0.3610976040 7.4888691902 0.0000000000 0.0000000000 0.0003090749 1.1471260786
-10.7081813812 45.4392204285 -0.3718380630 7.4817743301 0.0000000000 0.0000000000 0.0002368505 1.1463320255
-10.7100782394 45.4789657593 -0.3814826608 7.4749307632 0.0000000000 0.0000000000 0.0002200686 1.1455115080
-10.7119274139 45.5187911987 -0.3915946484 7.4693522453 0.0000000000 0.0000000000 0.0002480803 1.1446403265
-10.7138328552 45.5588493347 -0.4019691646 7.4651012421 0.0000000000 0.0000000000 0.0003196500 1.1437003613
-10.7157239914 45.5989685059 -0.4114129245 7.4613323212 0.0000000000 0.0000000000 0.0004522074 1.1428016424
-10.7175292969 45.6388092041 -0.4196991324 7.4578065872 0.0000000000 0.0000000000 0.0005921066 1.1419837475
-10.7192811966 45.6786499023 -0.4276669323 7.4541778564 0.0000000000 0.0000000000 0.0007901205 1.1412353516
-10.7209949493 45.7186431885 -0.4362227917 7.4501972198 0.0000000000 0.0000000000 0.0009600738 1.1405243874
-10.7227420807 45.7588577271 -0.4456644058 7.4457721710 0.0000000000 0.0000000000 0.0011438340 1.1397645473
-10.7243928909 45.7988243103 -0.4557127059 7.4410052299 0.0000000000 0.0000000000 0.0012801579 1.1389491558
-10.7260208130 45.8389053345 -0.4694379270 7.4368171692 0.0000000000 0.0000000000 0.0013623027 1.1380925179
-10.7275819778 45.8789749146 -0.4842543006 7.4325704575 0.0000000000 0.0000000000 0.0014050357 1.1371377707
-10.7291059494 45.9191894531 -0.4974063933 7.4279904366 0.0000000000 0.0000000000 0.0013981741 1.1361325979
-10.7306241989 45.9596061707 -0.5091872215 7.4236216545 0.0000000000 0.0000000000 0.0013682778 1.1350456476
-10.7320604324 46.0001564026 -0.5187919140 7.4193739891 0.0000000000 0.0000000000 0.0013017604 1.1339507103
-10.7333555222 46.0405769348 -0.5257780552 7.4143037796 0.0000000000 0.0000000000 0.0012039896 1.1328566074
-10.7345466614 46.0808753967 -0.5294120908 7.4071555138 0.0000000000 0.0000000000 0.0011282206 1.1318536997
-10.7356443405 46.1210441589 -0.5310573578 7.3991045952 0.0000000000 0.0000000000 0.0010524557 1.1309112310
-10.7367315292 46.1613502502 -0.5314073563 7.3909502029 0.0000000000 0.0000000000 0.0010395172 1.1300309896
-10.7376308441 46.2012062073 -0.5320819616 7.3837175369 0.0000000000 0.0000000000 0.0010418695 1.1292068958
-10.7384595871 46.2408599854 -0.5324939489 7.3776102066 0.0000000000 0.0000000000 0.0011288838 1.1283812523
-10.7392711639 46.2803840637 -0.5345330834 7.3718423843 0.0000000000 0.0000000000 0.0012162888 1.1275861263
-10.7401809692 46.3200759888 -0.5375399590 7.3666892052 0.0000000000 0.0000000000 0.0013432592 1.1268422604
-10.7411146164 46.3597221375 -0.5418125987 7.3617305756 0.0000000000 0.0000000000 0.0014421273 1.1261025667
-10.7420330048 46.3992729187 -0.5449895859 7.3564600945 0.0000000000 0.0000000000 0.0015467107 1.1253290176
-10.7429132462 46.4388008118 -0.5472396016 7.3506226540 0.0000000000 0.0000000000 0.0016077403 1.1244884729
-10.7437229156 46.4779930115 -0.5499522686 7.3440356255 0.0000000000 0.0000000000 0.0016834982 1.1235404015
-10.7445230484 46.5172462463 -0.5532077551 7.3370637894 0.0000000000 0.0000000000 0.0017624822 1.1224458218
-10.7453155518 46.5565719604 -0.5574223995 7.3299608231 0.0000000000 0.0000000000 0.0018751167 1.1211874485
-10.7461290359 46.5958518982 -0.5631101727 7.3234405518 0.0000000000 0.0000000000 0.0019774148 1.1198285818
-10.7467575073 46.6343383789 -0.5708321333 7.3179626465 0.0000000000 0.0000000000 0.0020944064 1.1184004545
-10.7472066879 46.6724700928 -0.5800300837 7.3137388229 0.0000000000 0.0000000000 0.0022097700 1.1169642210
-10.7476234436 46.7105636597 -0.5903487802 7.3109974861 0.0000000000 0.0000000000 0.0023146439 1.1155897379
-10.7480087280 46.7486724854 -0.6006171107 7.3092317581 0.0000000000 0.0000000000 0.0024100649 1.1143890619
-10.7484426498 46.7868614197 -0.6105284691 7.3079123497 0.0000000000 0.0000000000 0.0024752310 1.1133862734
-10.7489547729 46.8252639771 -0.6196362972 7.3069548607 0.0000000000 0.0000000000 0.0025450068 1.1124542952
-10.7494974136 46.8638191223 -0.6268331409 7.3064212799 0.0000000000 0.0000000000 0.0026223911 1.1115837097
-10.7500448227 46.9024581909 -0.6332150698 7.3058838844 0.0000000000 0.0000000000 0.0026926792 1.1107261181
-10.7504949570 46.9406967163 -0.6389226913 7.3046398163 0.0000000000 0.0000000000 0.0027841036 1.1098860502
-10.7509565353 46.9789123535 -0.6466362476 7.3033323288 0.0000000000 0.0000000000 0.0028267892 1.1090552807
-10.7514925003 47.0173683167 -0.6534632444 7.3012857437 0.0000000000 0.0000000000 0.0029000773 1.1082525253
-10.7520065308 47.0559768677 -0.6600199342 7.2988214493 0.0000000000 0.0000000000 0.0029133523 1.1074428558
-10.7525157928 47.0947227478 -0.6679841280 7.2968258858 0.0000000000 0.0000000000 0.0029429570 1.1066247225
-10.7530050278 47.1334037781 -0.6775706410 7.2954573631 0.0000000000 0.0000000000 0.0029405460 1.1057729721
