#         COST_U        COST_H      COST_D       COST_S       REGU_H       REGU_S          HPO           COSTGLEN 
294.1456604004 0.0000000000 0.0000000000 0.0000000000 33.0505104065 0.0000000000 1.7718815804
102.8544921875 0.0000000000 0.0000000000 0.1215107962 32.0961647034 0.0000000000 -0.1090577841
74.1053314209 0.0000000000 0.0000000000 0.3887106180 30.4741535187 0.0000000000 -0.3742412329
67.8060531616 0.0000000000 0.0000000000 0.7321510911 29.8752708435 0.0000000000 -0.3903508186
62.2468490601 0.0000000000 0.0000000000 1.1129699945 30.2166805267 0.0000000000 -0.3636058569
55.7268295288 0.0000000000 0.0000000000 1.5082043409 31.1177024841 0.0000000000 -0.3368082047
48.7732162476 0.0000000000 0.0000000000 1.9005495310 31.2108192444 0.0000000000 -0.3209563494
42.0274391174 0.0000000000 0.0000000000 2.2762205601 31.5382862091 0.0000000000 -0.3174314499
35.7758178711 0.0000000000 0.0000000000 2.6244778633 31.3932495117 0.0000000000 -0.3230632544
30.2583389282 0.0000000000 0.0000000000 2.9364941120 30.8215084076 0.0000000000 -0.3343456984
25.7322673798 0.0000000000 0.0000000000 3.2059175968 30.3832015991 0.0000000000 -0.3468092084
22.3303489685 0.0000000000 0.0000000000 3.4284303188 29.9958992004 0.0000000000 -0.3561989069
19.9723472595 0.0000000000 0.0000000000 3.6015288830 29.3026084900 0.0000000000 -0.3607433438
18.4364337921 0.0000000000 0.0000000000 3.7246124744 28.7942066193 0.0000000000 -0.3607115149
17.4732151031 0.0000000000 0.0000000000 3.7991526127 28.3976860046 0.0000000000 -0.3579458892
16.8785552979 0.0000000000 0.0000000000 3.8282859325 28.2572803497 0.0000000000 -0.3542362154
16.4864292145 0.0000000000 0.0000000000 3.8166191578 28.1429843903 0.0000000000 -0.3506327271
16.1869468689 0.0000000000 0.0000000000 3.7695572376 28.0195999146 0.0000000000 -0.3479791880
15.9228296280 0.0000000000 0.0000000000 3.6929647923 27.9186019897 0.0000000000 -0.3464053273
15.6655130386 0.0000000000 0.0000000000 3.5925984383 27.8489761353 0.0000000000 -0.3461709619
15.4096279144 0.0000000000 0.0000000000 3.4738950729 27.8336868286 0.0000000000 -0.3474742472
15.1646690369 0.0000000000 0.0000000000 3.3419365883 27.8437118530 0.0000000000 -0.3499647677
14.9522171021 0.0000000000 0.0000000000 3.2014060020 27.8609905243 0.0000000000 -0.3536221385
14.7995939255 0.0000000000 0.0000000000 3.0563240051 27.8635444641 0.0000000000 -0.3582324386
14.7349414825 0.0000000000 0.0000000000 2.9103395939 27.8627376556 0.0000000000 -0.3637207150
14.7874383926 0.0000000000 0.0000000000 2.7663912773 27.8507537842 0.0000000000 -0.3698687553
14.9829788208 0.0000000000 0.0000000000 2.6269063950 27.8264293671 0.0000000000 -0.3764470220
15.3489141464 0.0000000000 0.0000000000 2.4937171936 27.7902851105 0.0000000000 -0.3833446503
15.9040603638 0.0000000000 0.0000000000 2.3682861328 27.7322044373 0.0000000000 -0.3901139498
16.6623001099 0.0000000000 0.0000000000 2.2517030239 27.6610927582 0.0000000000 -0.3963491321
17.6228103638 0.0000000000 0.0000000000 2.1447179317 27.5860710144 0.0000000000 -0.4020606279
18.7807197571 0.0000000000 0.0000000000 2.0480387211 27.4823360443 0.0000000000 -0.4065652490
20.1134204865 0.0000000000 0.0000000000 1.9623693228 27.3891963959 0.0000000000 -0.4096353650
21.5406742096 0.0000000000 0.0000000000 1.8883191347 27.3342514038 0.0000000000 -0.4108807445
22.9619693756 0.0000000000 0.0000000000 1.8264701366 27.3018741608 0.0000000000 -0.4108799100
24.2460422516 0.0000000000 0.0000000000 1.7773827314 27.2614765167 0.0000000000 -0.4093687534
25.2492160797 0.0000000000 0.0000000000 1.7417039871 27.2129821777 0.0000000000 -0.4075667262
25.8423252106 0.0000000000 0.0000000000 1.7200851440 27.1567440033 0.0000000000 -0.4057058096
25.9610500336 0.0000000000 0.0000000000 1.7128534317 27.0875778198 0.0000000000 -0.4041745663
25.6067695618 0.0000000000 0.0000000000 1.7200334072 27.0104122162 0.0000000000 -0.4028847814
24.8595619202 0.0000000000 0.0000000000 1.7411553860 26.9377403259 0.0000000000 -0.4021162987
23.8463821411 0.0000000000 0.0000000000 1.7749756575 26.8556747437 0.0000000000 -0.4006463289
22.6985416412 0.0000000000 0.0000000000 1.8196765184 26.7819938660 0.0000000000 -0.3991864920
21.5391960144 0.0000000000 0.0000000000 1.8729494810 26.7145233154 0.0000000000 -0.3966664672
20.4569835663 0.0000000000 0.0000000000 1.9320119619 26.6575050354 0.0000000000 -0.3934246302
19.5056743622 0.0000000000 0.0000000000 1.9940309525 26.5991001129 0.0000000000 -0.3903210163
18.7083969116 0.0000000000 0.0000000000 2.0562584400 26.5238285065 0.0000000000 -0.3867240548
18.0684738159 0.0000000000 0.0000000000 2.1163909435 26.4534282684 0.0000000000 -0.3830267787
17.5868148804 0.0000000000 0.0000000000 2.1726541519 26.3891639709 0.0000000000 -0.3796116114
17.2454109192 0.0000000000 0.0000000000 2.2238104343 26.3334312439 0.0000000000 -0.3764663935
17.0246772766 0.0000000000 0.0000000000 2.2691962719 26.2760715485 0.0000000000 -0.3736737967
16.8994121552 0.0000000000 0.0000000000 2.3086130619 26.2152633667 0.0000000000 -0.3705984354
16.8392734528 0.0000000000 0.0000000000 2.3422012329 26.1536922455 0.0000000000 -0.3681899309
16.8135528564 0.0000000000 0.0000000000 2.3702602386 26.0928516388 0.0000000000 -0.3659220934
16.7903766632 0.0000000000 0.0000000000 2.3933920860 26.0327968597 0.0000000000 -0.3634920120
16.7480659485 0.0000000000 0.0000000000 2.4122352600 25.9679965973 0.0000000000 -0.3614556789
16.6680221558 0.0000000000 0.0000000000 2.4274592400 25.9072742462 0.0000000000 -0.3591480255
16.5418472290 0.0000000000 0.0000000000 2.4395325184 25.8519744873 0.0000000000 -0.3566368222
16.3686599731 0.0000000000 0.0000000000 2.4487402439 25.7970008850 0.0000000000 -0.3536803722
16.1497669220 0.0000000000 0.0000000000 2.4552350044 25.7412357330 0.0000000000 -0.3512249589
15.8871355057 0.0000000000 0.0000000000 2.4591090679 25.6825637817 0.0000000000 -0.3486586213
15.5827140808 0.0000000000 0.0000000000 2.4603722095 25.6180858612 0.0000000000 -0.3457446694
15.2391872406 0.0000000000 0.0000000000 2.4588553905 25.5477352142 0.0000000000 -0.3434264660
14.8669013977 0.0000000000 0.0000000000 2.4545156956 25.4752712250 0.0000000000 -0.3408967257
14.4781341553 0.0000000000 0.0000000000 2.4472224712 25.3953380585 0.0000000000 -0.3389049172
14.0856599808 0.0000000000 0.0000000000 2.4367556572 25.3152294159 0.0000000000 -0.3368279934
13.6951904297 0.0000000000 0.0000000000 2.4228932858 25.2383251190 0.0000000000 -0.3348104954
13.3110017776 0.0000000000 0.0000000000 2.4053761959 25.1664276123 0.0000000000 -0.3325780630
12.9338235855 0.0000000000 0.0000000000 2.3839600086 25.0988731384 0.0000000000 -0.3308103085
12.5656700134 0.0000000000 0.0000000000 2.3586220741 25.0356101990 0.0000000000 -0.3289268017
12.2094507217 0.0000000000 0.0000000000 2.3293609619 24.9772243500 0.0000000000 -0.3270923495
11.8746175766 0.0000000000 0.0000000000 2.2963914871 24.9220046997 0.0000000000 -0.3249918222
11.5703096390 0.0000000000 0.0000000000 2.2598137856 24.8673877716 0.0000000000 -0.3238326907
11.3015556335 0.0000000000 0.0000000000 2.2199835777 24.8155822754 0.0000000000 -0.3222044706
11.0714921951 0.0000000000 0.0000000000 2.1772897243 24.7643203735 0.0000000000 -0.3207803965
10.8824138641 0.0000000000 0.0000000000 2.1321671009 24.7148399353 0.0000000000 -0.3196527362
10.7293586731 0.0000000000 0.0000000000 2.0851616859 24.6652851105 0.0000000000 -0.3180708885
10.6067390442 0.0000000000 0.0000000000 2.0368480682 24.6145858765 0.0000000000 -0.3171046376
10.5063734055 0.0000000000 0.0000000000 1.9878798723 24.5626029968 0.0000000000 -0.3156229258
10.4192523956 0.0000000000 0.0000000000 1.9389081001 24.5089263916 0.0000000000 -0.3147011399
10.3351545334 0.0000000000 0.0000000000 1.8904935122 24.4549560547 0.0000000000 -0.3133416772
10.2416734695 0.0000000000 0.0000000000 1.8430606127 24.4011802673 0.0000000000 -0.3118838072
10.1312456131 0.0000000000 0.0000000000 1.7969682217 24.3487091064 0.0000000000 -0.3109785318
10.0036659241 0.0000000000 0.0000000000 1.7523998022 24.2977123260 0.0000000000 -0.3100028634
9.8608007431 0.0000000000 0.0000000000 1.7093387842 24.2482185364 0.0000000000 -0.3088795543
9.7080287933 0.0000000000 0.0000000000 1.6678073406 24.1994895935 0.0000000000 -0.3075605035
9.5525875092 0.0000000000 0.0000000000 1.6278358698 24.1519870758 0.0000000000 -0.3065537214
9.4025297165 0.0000000000 0.0000000000 1.5894062519 24.1050357819 0.0000000000 -0.3052987456
9.2631893158 0.0000000000 0.0000000000 1.5524191856 24.0584259033 0.0000000000 -0.3042854667
9.1379041672 0.0000000000 0.0000000000 1.5168260336 24.0123386383 0.0000000000 -0.3029657006
9.0278730392 0.0000000000 0.0000000000 1.4825111628 23.9670696259 0.0000000000 -0.3019003272
8.9328432083 0.0000000000 0.0000000000 1.4493770599 23.9224166870 0.0000000000 -0.3008480668
8.8505096436 0.0000000000 0.0000000000 1.4174103737 23.8784198761 0.0000000000 -0.2997657061
8.7766637802 0.0000000000 0.0000000000 1.3866360188 23.8347949982 0.0000000000 -0.2985735536
8.7074432373 0.0000000000 0.0000000000 1.3571947813 23.7931785583 0.0000000000 -0.2976005077
8.6377191544 0.0000000000 0.0000000000 1.3291785717 23.7535762787 0.0000000000 -0.2966001034
8.5651912689 0.0000000000 0.0000000000 1.3025847673 23.7163867950 0.0000000000 -0.2954909205
8.4871397018 0.0000000000 0.0000000000 1.2774347067 23.6811923981 0.0000000000 -0.2943978310
8.4040021896 0.0000000000 0.0000000000 1.2536108494 23.6457118988 0.0000000000 -0.2933946252
8.3161573410 0.0000000000 0.0000000000 1.2311097383 23.6104125977 0.0000000000 -0.2923254967
8.2247819901 0.0000000000 0.0000000000 1.2098430395 23.5763568878 0.0000000000 -0.2911869884
8.1318511963 0.0000000000 0.0000000000 1.1896600723 23.5435886383 0.0000000000 -0.2901333570
8.0386896133 0.0000000000 0.0000000000 1.1704405546 23.5094070435 0.0000000000 -0.2890566587
7.9462776184 0.0000000000 0.0000000000 1.1521025896 23.4732799530 0.0000000000 -0.2881060839
7.8562741280 0.0000000000 0.0000000000 1.1345583200 23.4360427856 0.0000000000 -0.2872314453
7.7689819336 0.0000000000 0.0000000000 1.1176803112 23.3981037140 0.0000000000 -0.2860197425
7.6841135025 0.0000000000 0.0000000000 1.1013411283 23.3609218597 0.0000000000 -0.2851909995
7.6021218300 0.0000000000 0.0000000000 1.0854551792 23.3252906799 0.0000000000 -0.2842980623
7.5217471123 0.0000000000 0.0000000000 1.0700348616 23.2907485962 0.0000000000 -0.2830858827
7.4421100616 0.0000000000 0.0000000000 1.0549800396 23.2564811707 0.0000000000 -0.2823606133
7.3634538651 0.0000000000 0.0000000000 1.0402818918 23.2225799561 0.0000000000 -0.2814292908
7.2859621048 0.0000000000 0.0000000000 1.0258157253 23.1891860962 0.0000000000 -0.2807139158
7.2092223167 0.0000000000 0.0000000000 1.0115666389 23.1563587189 0.0000000000 -0.2798666954
7.1334180832 0.0000000000 0.0000000000 0.9975629449 23.1235427856 0.0000000000 -0.2790313363
7.0589847565 0.0000000000 0.0000000000 0.9837547541 23.0906276703 0.0000000000 -0.2782374620
6.9856171608 0.0000000000 0.0000000000 0.9702118039 23.0570564270 0.0000000000 -0.2774107456
6.9137592316 0.0000000000 0.0000000000 0.9569892287 23.0232238770 0.0000000000 -0.2765419483
6.8431663513 0.0000000000 0.0000000000 0.9440716505 22.9889793396 0.0000000000 -0.2758834362
6.7740550041 0.0000000000 0.0000000000 0.9313833714 22.9543190002 0.0000000000 -0.2751492262
6.7063450813 0.0000000000 0.0000000000 0.9189299345 22.9188804626 0.0000000000 -0.2741847038
6.6390848160 0.0000000000 0.0000000000 0.9067817926 22.8825511932 0.0000000000 -0.2736319304
6.5729126930 0.0000000000 0.0000000000 0.8949269056 22.8462753296 0.0000000000 -0.2729096413
6.5076360703 0.0000000000 0.0000000000 0.8833262324 22.8105697632 0.0000000000 -0.2721501589
6.4430851936 0.0000000000 0.0000000000 0.8719483614 22.7748203278 0.0000000000 -0.2715659738
6.3793649673 0.0000000000 0.0000000000 0.8607577085 22.7388439178 0.0000000000 -0.2709444165
6.3163247108 0.0000000000 0.0000000000 0.8497132063 22.7036132812 0.0000000000 -0.2700362206
6.2538623810 0.0000000000 0.0000000000 0.8388648629 22.6691799164 0.0000000000 -0.2696322799
6.1926693916 0.0000000000 0.0000000000 0.8282388449 22.6361846924 0.0000000000 -0.2690184116
6.1328740120 0.0000000000 0.0000000000 0.8178050518 22.6041793823 0.0000000000 -0.2683358788
6.0743885040 0.0000000000 0.0000000000 0.8075956702 22.5726966858 0.0000000000 -0.2677717805
6.0168857574 0.0000000000 0.0000000000 0.7976427674 22.5428066254 0.0000000000 -0.2672110796
5.9606852531 0.0000000000 0.0000000000 0.7879641652 22.5149974823 0.0000000000 -0.2666075826
5.9056859016 0.0000000000 0.0000000000 0.7785631418 22.4863624573 0.0000000000 -0.2659511566
5.8510665894 0.0000000000 0.0000000000 0.7694479823 22.4558296204 0.0000000000 -0.2654660940
5.7970318794 0.0000000000 0.0000000000 0.7606438994 22.4235248566 0.0000000000 -0.2649014592
5.7430725098 0.0000000000 0.0000000000 0.7521187663 22.3914623260 0.0000000000 -0.2643954754
5.6892614365 0.0000000000 0.0000000000 0.7438279390 22.3600521088 0.0000000000 -0.2638222575
5.6355757713 0.0000000000 0.0000000000 0.7357712388 22.3290843964 0.0000000000 -0.2632721663
5.5822048187 0.0000000000 0.0000000000 0.7279043794 22.2986316681 0.0000000000 -0.2627448440
5.5294928551 0.0000000000 0.0000000000 0.7201942801 22.2691764832 0.0000000000 -0.2622109652
5.4776363373 0.0000000000 0.0000000000 0.7126372457 22.2401046753 0.0000000000 -0.2616808414
5.4268431664 0.0000000000 0.0000000000 0.7052204609 22.2110118866 0.0000000000 -0.2610732317
5.3766174316 0.0000000000 0.0000000000 0.6979728341 22.1822967529 0.0000000000 -0.2606136799
5.3267292976 0.0000000000 0.0000000000 0.6909126043 22.1533775330 0.0000000000 -0.2599769235
5.2771759033 0.0000000000 0.0000000000 0.6839984059 22.1252346039 0.0000000000 -0.2595631480
5.2279314995 0.0000000000 0.0000000000 0.6771624684 22.0970020294 0.0000000000 -0.2591394186
5.1790237427 0.0000000000 0.0000000000 0.6703906059 22.0684833527 0.0000000000 -0.2586658597
5.1309795380 0.0000000000 0.0000000000 0.6637102962 22.0410442352 0.0000000000 -0.2582030892
5.0838294029 0.0000000000 0.0000000000 0.6571081877 22.0132980347 0.0000000000 -0.2577461004
5.0378208160 0.0000000000 0.0000000000 0.6505731940 21.9854755402 0.0000000000 -0.2572567463
4.9922618866 0.0000000000 0.0000000000 0.6441074014 21.9581508636 0.0000000000 -0.2568458319
4.9474716187 0.0000000000 0.0000000000 0.6376975179 21.9309635162 0.0000000000 -0.2564015985
4.9034733772 0.0000000000 0.0000000000 0.6313108206 21.9039802551 0.0000000000 -0.2559568882
4.8604679108 0.0000000000 0.0000000000 0.6249285936 21.8782558441 0.0000000000 -0.2555317879
4.8178424835 0.0000000000 0.0000000000 0.6185848713 21.8530178070 0.0000000000 -0.2550539374
4.7758574486 0.0000000000 0.0000000000 0.6122561693 21.8284645081 0.0000000000 -0.2546226978
4.7342610359 0.0000000000 0.0000000000 0.6059419513 21.8050422668 0.0000000000 -0.2543124557
4.6927752495 0.0000000000 0.0000000000 0.5996701717 21.7821006775 0.0000000000 -0.2538809180
4.6515364647 0.0000000000 0.0000000000 0.5934901834 21.7593021393 0.0000000000 -0.2535720170
4.6109166145 0.0000000000 0.0000000000 0.5873988867 21.7373027802 0.0000000000 -0.2532023191
4.5710582733 0.0000000000 0.0000000000 0.5813988447 21.7161216736 0.0000000000 -0.2527399361
4.5324892998 0.0000000000 0.0000000000 0.5754734278 21.6960525513 0.0000000000 -0.2525101304
4.4950008392 0.0000000000 0.0000000000 0.5696023703 21.6740455627 0.0000000000 -0.2521759272
4.4583797455 0.0000000000 0.0000000000 0.5637465715 21.6499443054 0.0000000000 -0.2518479228
4.4225134850 0.0000000000 0.0000000000 0.5579076409 21.6274776459 0.0000000000 -0.2515575290
4.3873872757 0.0000000000 0.0000000000 0.5520810485 21.6051902771 0.0000000000 -0.2512560487
4.3531537056 0.0000000000 0.0000000000 0.5462840796 21.5831432343 0.0000000000 -0.2509760559
4.3199229240 0.0000000000 0.0000000000 0.5405533314 21.5611534119 0.0000000000 -0.2506670952
4.2873382568 0.0000000000 0.0000000000 0.5349038243 21.5393352509 0.0000000000 -0.2503931820
4.2552213669 0.0000000000 0.0000000000 0.5293544531 21.5179252625 0.0000000000 -0.2502070069
4.2236914635 0.0000000000 0.0000000000 0.5239331126 21.4968757629 0.0000000000 -0.2498336136
4.1930203438 0.0000000000 0.0000000000 0.5186363459 21.4752693176 0.0000000000 -0.2497234344
4.1626639366 0.0000000000 0.0000000000 0.5134736896 21.4531517029 0.0000000000 -0.2494543791
4.1325092316 0.0000000000 0.0000000000 0.5084779859 21.4304351807 0.0000000000 -0.2492090464
4.1028079987 0.0000000000 0.0000000000 0.5036086440 21.4084014893 0.0000000000 -0.2490140796
4.0734944344 0.0000000000 0.0000000000 0.4988715947 21.3867073059 0.0000000000 -0.2486861050
4.0445895195 0.0000000000 0.0000000000 0.4942713380 21.3672218323 0.0000000000 -0.2485795021
4.0161800385 0.0000000000 0.0000000000 0.4898138940 21.3426265717 0.0000000000 -0.2483812869
3.9882946014 0.0000000000 0.0000000000 0.4854972064 21.3203773499 0.0000000000 -0.2481471896
3.9605119228 0.0000000000 0.0000000000 0.4813316762 21.2977237701 0.0000000000 -0.2478912473
3.9327886105 0.0000000000 0.0000000000 0.4773212373 21.2751255035 0.0000000000 -0.2477211356
3.9049229622 0.0000000000 0.0000000000 0.4734747708 21.2525501251 0.0000000000 -0.2474002838
3.8777251244 0.0000000000 0.0000000000 0.4697549641 21.2301082611 0.0000000000 -0.2473028004
3.8505311012 0.0000000000 0.0000000000 0.4661326110 21.2078285217 0.0000000000 -0.2470750213
3.8236064911 0.0000000000 0.0000000000 0.4626387656 21.1856155396 0.0000000000 -0.2468973696
3.7969596386 0.0000000000 0.0000000000 0.4592629671 21.1637573242 0.0000000000 -0.2466243505
3.7707509995 0.0000000000 0.0000000000 0.4559878707 21.1414241791 0.0000000000 -0.2464219332
3.7449104786 0.0000000000 0.0000000000 0.4527781606 21.1209659576 0.0000000000 -0.2462869883
3.7193803787 0.0000000000 0.0000000000 0.4496134818 21.0993118286 0.0000000000 -0.2460708022
3.6945211887 0.0000000000 0.0000000000 0.4464642406 21.0772686005 0.0000000000 -0.2458431423
3.6700212955 0.0000000000 0.0000000000 0.4433081448 21.0571727753 0.0000000000 -0.2456764579
3.6456842422 0.0000000000 0.0000000000 0.4401387870 21.0365314484 0.0000000000 -0.2454837263
3.6215090752 0.0000000000 0.0000000000 0.4369921088 21.0176906586 0.0000000000 -0.2452504635
3.5977241993 0.0000000000 0.0000000000 0.4338618815 21.0010643005 0.0000000000 -0.2449628115
3.5740501881 0.0000000000 0.0000000000 0.4307721257 20.9858036041 0.0000000000 -0.2448776066
3.5505719185 0.0000000000 0.0000000000 0.4277231693 20.9696826935 0.0000000000 -0.2446817160
3.5274364948 0.0000000000 0.0000000000 0.4246977866 20.9541759491 0.0000000000 -0.2444526553
3.5045783520 0.0000000000 0.0000000000 0.4217306077 20.9384574890 0.0000000000 -0.2442643344
3.4818971157 0.0000000000 0.0000000000 0.4188145399 20.9230079651 0.0000000000 -0.2440611720
3.4596390724 0.0000000000 0.0000000000 0.4159551263 20.9076843262 0.0000000000 -0.2438578904
3.4379737377 0.0000000000 0.0000000000 0.4131740928 20.8929958344 0.0000000000 -0.2436558604
3.4167249203 0.0000000000 0.0000000000 0.4104293883 20.8782081604 0.0000000000 -0.2433611155
3.3960824013 0.0000000000 0.0000000000 0.4077037573 20.8635406494 0.0000000000 -0.2432499528
3.3757691383 0.0000000000 0.0000000000 0.4049809277 20.8488521576 0.0000000000 -0.2430473864
3.3559160233 0.0000000000 0.0000000000 0.4022531509 20.8342857361 0.0000000000 -0.2428430021
3.3366060257 0.0000000000 0.0000000000 0.3995281160 20.8194370270 0.0000000000 -0.2427713871
3.3178493977 0.0000000000 0.0000000000 0.3968058527 20.8040447235 0.0000000000 -0.2424405813
3.2997865677 0.0000000000 0.0000000000 0.3940893710 20.7877845764 0.0000000000 -0.2421628833
3.2824690342 0.0000000000 0.0000000000 0.3913678229 20.7709884644 0.0000000000 -0.2419852316
3.2658441067 0.0000000000 0.0000000000 0.3886541724 20.7540321350 0.0000000000 -0.2418136299
3.2496218681 0.0000000000 0.0000000000 0.3859895468 20.7368431091 0.0000000000 -0.2416381836
3.2336194515 0.0000000000 0.0000000000 0.3834100664 20.7206192017 0.0000000000 -0.2414374352
3.2179114819 0.0000000000 0.0000000000 0.3809159696 20.7061138153 0.0000000000 -0.2412072420
3.2021214962 0.0000000000 0.0000000000 0.3785015047 20.6920471191 0.0000000000 -0.2410160899
3.1867687702 0.0000000000 0.0000000000 0.3761210740 20.6784286499 0.0000000000 -0.2408373952
3.1713523865 0.0000000000 0.0000000000 0.3737649322 20.6652183533 0.0000000000 -0.2405312359
3.1561505795 0.0000000000 0.0000000000 0.3714573383 20.6528625488 0.0000000000 -0.2404407263
3.1410381794 0.0000000000 0.0000000000 0.3692136407 20.6416645050 0.0000000000 -0.2402625084
3.1261041164 0.0000000000 0.0000000000 0.3670274913 20.6307945251 0.0000000000 -0.2400616705
3.1115870476 0.0000000000 0.0000000000 0.3648749888 20.6200428009 0.0000000000 -0.2398638427
3.0974249840 0.0000000000 0.0000000000 0.3627439737 20.6097393036 0.0000000000 -0.2396777272
3.0839126110 0.0000000000 0.0000000000 0.3606593311 20.5967540741 0.0000000000 -0.2394666076
3.0708596706 0.0000000000 0.0000000000 0.3586286008 20.5846767426 0.0000000000 -0.2392019033
3.0585224628 0.0000000000 0.0000000000 0.3566443026 20.5728302002 0.0000000000 -0.2390938103
3.0467281342 0.0000000000 0.0000000000 0.3547290862 20.5604820251 0.0000000000 -0.2388931513
3.0355138779 0.0000000000 0.0000000000 0.3528771400 20.5476341248 0.0000000000 -0.2386980653
3.0245454311 0.0000000000 0.0000000000 0.3510779738 20.5345993042 0.0000000000 -0.2384973764
3.0136392117 0.0000000000 0.0000000000 0.3493353128 20.5218315125 0.0000000000 -0.2382965684
3.0026280880 0.0000000000 0.0000000000 0.3476265371 20.5093288422 0.0000000000 -0.2381197810
2.9914541245 0.0000000000 0.0000000000 0.3459340036 20.4973678589 0.0000000000 -0.2377596796
2.9804112911 0.0000000000 0.0000000000 0.3442420661 20.4857254028 0.0000000000 -0.2376703620
2.9694228172 0.0000000000 0.0000000000 0.3425562680 20.4750671387 0.0000000000 -0.2375020385
2.9582865238 0.0000000000 0.0000000000 0.3408861160 20.4656753540 0.0000000000 -0.2372490168
2.9468636513 0.0000000000 0.0000000000 0.3392386138 20.4563407898 0.0000000000 -0.2370297611
2.9352376461 0.0000000000 0.0000000000 0.3376274109 20.4467868805 0.0000000000 -0.2367801666
2.9233243465 0.0000000000 0.0000000000 0.3360626996 20.4371738434 0.0000000000 -0.2365326285
2.9112122059 0.0000000000 0.0000000000 0.3345531225 20.4279232025 0.0000000000 -0.2363599539
2.8989756107 0.0000000000 0.0000000000 0.3330958188 20.4190444946 0.0000000000 -0.2361319661
2.8865194321 0.0000000000 0.0000000000 0.3317070901 20.4107666016 0.0000000000 -0.2358605564
2.8743371964 0.0000000000 0.0000000000 0.3303832412 20.4028644562 0.0000000000 -0.2356700301
2.8621969223 0.0000000000 0.0000000000 0.3291284740 20.3955039978 0.0000000000 -0.2354062796
2.8502197266 0.0000000000 0.0000000000 0.3279464841 20.3878803253 0.0000000000 -0.2352371216
2.8381881714 0.0000000000 0.0000000000 0.3268215954 20.3790912628 0.0000000000 -0.2350113988
2.8263268471 0.0000000000 0.0000000000 0.3257379532 20.3695487976 0.0000000000 -0.2346521020
2.8146348000 0.0000000000 0.0000000000 0.3246736526 20.3597373962 0.0000000000 -0.2345810533
2.8031642437 0.0000000000 0.0000000000 0.3236247599 20.3491954803 0.0000000000 -0.2343049645
2.7922592163 0.0000000000 0.0000000000 0.3225483894 20.3387660980 0.0000000000 -0.2341517210
2.7815010548 0.0000000000 0.0000000000 0.3214500844 20.3277168274 0.0000000000 -0.2339436412
2.7710127831 0.0000000000 0.0000000000 0.3203487694 20.3163700104 0.0000000000 -0.2337055802
2.7609043121 0.0000000000 0.0000000000 0.3192311227 20.3050193787 0.0000000000 -0.2335655987
2.7511358261 0.0000000000 0.0000000000 0.3180777431 20.2936248779 0.0000000000 -0.2333147824
2.7416644096 0.0000000000 0.0000000000 0.3168595433 20.2821903229 0.0000000000 -0.2331053019
2.7324829102 0.0000000000 0.0000000000 0.3156202137 20.2708053589 0.0000000000 -0.2329087853
2.7236034870 0.0000000000 0.0000000000 0.3143742681 20.2595691681 0.0000000000 -0.2326917350
2.7150459290 0.0000000000 0.0000000000 0.3131199479 20.2481727600 0.0000000000 -0.2324646115
2.7067234516 0.0000000000 0.0000000000 0.3118434846 20.2365722656 0.0000000000 -0.2322573066
2.6985256672 0.0000000000 0.0000000000 0.3105613291 20.2244052887 0.0000000000 -0.2320459485
2.6904578209 0.0000000000 0.0000000000 0.3092760444 20.2119579315 0.0000000000 -0.2318335474
2.6825151443 0.0000000000 0.0000000000 0.3079857826 20.1996078491 0.0000000000 -0.2316275835
2.6746056080 0.0000000000 0.0000000000 0.3066973090 20.1876525879 0.0000000000 -0.2314012051
2.6668007374 0.0000000000 0.0000000000 0.3054172099 20.1760082245 0.0000000000 -0.2311981022
2.6591527462 0.0000000000 0.0000000000 0.3041560650 20.1641578674 0.0000000000 -0.2309812903
2.6516752243 0.0000000000 0.0000000000 0.3029165566 20.1524219513 0.0000000000 -0.2307425141
2.6444480419 0.0000000000 0.0000000000 0.3016933799 20.1405048370 0.0000000000 -0.2305355072
2.6375408173 0.0000000000 0.0000000000 0.3004996181 20.1279773712 0.0000000000 -0.2303275168
2.6309616566 0.0000000000 0.0000000000 0.2993356287 20.1149177551 0.0000000000 -0.2301285565
2.6246864796 0.0000000000 0.0000000000 0.2981915772 20.1013908386 0.0000000000 -0.2299245596
2.6186442375 0.0000000000 0.0000000000 0.2970632911 20.0874328613 0.0000000000 -0.2297001183
2.6126692295 0.0000000000 0.0000000000 0.2959719300 20.0740642548 0.0000000000 -0.2294445634
2.6069839001 0.0000000000 0.0000000000 0.2949127555 20.0606384277 0.0000000000 -0.2292805016
2.6011929512 0.0000000000 0.0000000000 0.2938964069 20.0472202301 0.0000000000 -0.2291009426
2.5953252316 0.0000000000 0.0000000000 0.2929424942 20.0344371796 0.0000000000 -0.2289696634
2.5891358852 0.0000000000 0.0000000000 0.2920495272 20.0217933655 0.0000000000 -0.2287793756
2.5828049183 0.0000000000 0.0000000000 0.2912123203 20.0094852448 0.0000000000 -0.2285933197
2.5763828754 0.0000000000 0.0000000000 0.2904267311 19.9976348877 0.0000000000 -0.2284280062
2.5699558258 0.0000000000 0.0000000000 0.2896892726 19.9857482910 0.0000000000 -0.2282508612
2.5635716915 0.0000000000 0.0000000000 0.2889704406 19.9737682343 0.0000000000 -0.2280819416
2.5573425293 0.0000000000 0.0000000000 0.2882606685 19.9615306854 0.0000000000 -0.2279131114
2.5512182713 0.0000000000 0.0000000000 0.2875446379 19.9492759705 0.0000000000 -0.2277552485
2.5452358723 0.0000000000 0.0000000000 0.2868068814 19.9366912842 0.0000000000 -0.2275989652
2.5394339561 0.0000000000 0.0000000000 0.2860548198 19.9234790802 0.0000000000 -0.2274436951
2.5337359905 0.0000000000 0.0000000000 0.2853214443 19.9101581573 0.0000000000 -0.2272613645
2.5281352997 0.0000000000 0.0000000000 0.2845994532 19.8979053497 0.0000000000 -0.2271292210
2.5226383209 0.0000000000 0.0000000000 0.2839118838 19.8861198425 0.0000000000 -0.2269867361
2.5172374249 0.0000000000 0.0000000000 0.2832717896 19.8743133545 0.0000000000 -0.2268456221
2.5117993355 0.0000000000 0.0000000000 0.2826766074 19.8626117706 0.0000000000 -0.2267073989
2.5062534809 0.0000000000 0.0000000000 0.2821479738 19.8505191803 0.0000000000 -0.2265659869
2.5006351471 0.0000000000 0.0000000000 0.2816768289 19.8379478455 0.0000000000 -0.2264035940
2.4950211048 0.0000000000 0.0000000000 0.2812643349 19.8250885010 0.0000000000 -0.2262693942
2.4892301559 0.0000000000 0.0000000000 0.2809252739 19.8118019104 0.0000000000 -0.2261092067
2.4832515717 0.0000000000 0.0000000000 0.2806344628 19.7982654572 0.0000000000 -0.2259074450
2.4771392345 0.0000000000 0.0000000000 0.2803669274 19.7852725983 0.0000000000 -0.2258324623
2.4708058834 0.0000000000 0.0000000000 0.2800788581 19.7723236084 0.0000000000 -0.2257215977
2.4641571045 0.0000000000 0.0000000000 0.2797745764 19.7600460052 0.0000000000 -0.2255302668
2.4572956562 0.0000000000 0.0000000000 0.2794706523 19.7482433319 0.0000000000 -0.2253748178
2.4502758980 0.0000000000 0.0000000000 0.2791965306 19.7371330261 0.0000000000 -0.2252309918
2.4431040287 0.0000000000 0.0000000000 0.2789515555 19.7271175385 0.0000000000 -0.2250767052
2.4357933998 0.0000000000 0.0000000000 0.2787388861 19.7180194855 0.0000000000 -0.2249890864
2.4282708168 0.0000000000 0.0000000000 0.2785221338 19.7097454071 0.0000000000 -0.2247696519
2.4206254482 0.0000000000 0.0000000000 0.2782686651 19.7020854950 0.0000000000 -0.2245752811
2.4129230976 0.0000000000 0.0000000000 0.2779757977 19.6965999603 0.0000000000 -0.2245249748
2.4052104950 0.0000000000 0.0000000000 0.2776665688 19.6923618317 0.0000000000 -0.2243072987
2.3977975845 0.0000000000 0.0000000000 0.2773937881 19.6865596771 0.0000000000 -0.2241439819
2.3908250332 0.0000000000 0.0000000000 0.2770764530 19.6800785065 0.0000000000 -0.2240348458
2.3842120171 0.0000000000 0.0000000000 0.2765286267 19.6732597351 0.0000000000 -0.2238980532
2.3782486916 0.0000000000 0.0000000000 0.2758174241 19.6666660309 0.0000000000 -0.2236937284
2.3728563786 0.0000000000 0.0000000000 0.2750797868 19.6596870422 0.0000000000 -0.2235139608
2.3682289124 0.0000000000 0.0000000000 0.2743877172 19.6522121429 0.0000000000 -0.2233880162
2.3641738892 0.0000000000 0.0000000000 0.2737212777 19.6440048218 0.0000000000 -0.2232452035
2.3605012894 0.0000000000 0.0000000000 0.2730300725 19.6346378326 0.0000000000 -0.2231760025
2.3571169376 0.0000000000 0.0000000000 0.2723179460 19.6250190735 0.0000000000 -0.2228789330
2.3539168835 0.0000000000 0.0000000000 0.2715770602 19.6149253845 0.0000000000 -0.2227670848
2.3508999348 0.0000000000 0.0000000000 0.2707883716 19.6046485901 0.0000000000 -0.2226809561
2.3480129242 0.0000000000 0.0000000000 0.2699369788 19.5942211151 0.0000000000 -0.2225614786
2.3449923992 0.0000000000 0.0000000000 0.2690837681 19.5833702087 0.0000000000 -0.2224165797
2.3419466019 0.0000000000 0.0000000000 0.2682677507 19.5727710724 0.0000000000 -0.2222889364
2.3386950493 0.0000000000 0.0000000000 0.2675092518 19.5619850159 0.0000000000 -0.2221439481
2.3353457451 0.0000000000 0.0000000000 0.2668167949 19.5512905121 0.0000000000 -0.2220785618
2.3317840099 0.0000000000 0.0000000000 0.2662081122 19.5407562256 0.0000000000 -0.2218813300
2.3280744553 0.0000000000 0.0000000000 0.2656750977 19.5304641724 0.0000000000 -0.2217454016
2.3243379593 0.0000000000 0.0000000000 0.2652235329 19.5205707550 0.0000000000 -0.2216068506
2.3205795288 0.0000000000 0.0000000000 0.2648250759 19.5106830597 0.0000000000 -0.2214730382
2.3168914318 0.0000000000 0.0000000000 0.2644499838 19.5019016266 0.0000000000 -0.2213204801
2.3133084774 0.0000000000 0.0000000000 0.2641167939 19.4927768707 0.0000000000 -0.2212127149
2.3099079132 0.0000000000 0.0000000000 0.2638333440 19.4843921661 0.0000000000 -0.2209967375
2.3065662384 0.0000000000 0.0000000000 0.2635800838 19.4764652252 0.0000000000 -0.2208734751
2.3032665253 0.0000000000 0.0000000000 0.2633385956 19.4685859680 0.0000000000 -0.2207164764
2.2999832630 0.0000000000 0.0000000000 0.2631078362 19.4605140686 0.0000000000 -0.2205649316
2.2968120575 0.0000000000 0.0000000000 0.2628344595 19.4517917633 0.0000000000 -0.2203963399
2.2937462330 0.0000000000 0.0000000000 0.2625017762 19.4431381226 0.0000000000 -0.2202482224
2.2907333374 0.0000000000 0.0000000000 0.2620926499 19.4347419739 0.0000000000 -0.2200919986
2.2876412868 0.0000000000 0.0000000000 0.2616351247 19.4267330170 0.0000000000 -0.2199334502
2.2844629288 0.0000000000 0.0000000000 0.2611581981 19.4195575714 0.0000000000 -0.2197693586
2.2812745571 0.0000000000 0.0000000000 0.2606822252 19.4120597839 0.0000000000 -0.2196136117
2.2781801224 0.0000000000 0.0000000000 0.2602164149 19.4044342041 0.0000000000 -0.2194579244
2.2751965523 0.0000000000 0.0000000000 0.2597658336 19.3969039917 0.0000000000 -0.2192902565
2.2723519802 0.0000000000 0.0000000000 0.2593301833 19.3897018433 0.0000000000 -0.2191857696
2.2697815895 0.0000000000 0.0000000000 0.2588919699 19.3823490143 0.0000000000 -0.2190110683
2.2673285007 0.0000000000 0.0000000000 0.2584330738 19.3747768402 0.0000000000 -0.2188631296
2.2649717331 0.0000000000 0.0000000000 0.2579573691 19.3666305542 0.0000000000 -0.2187141776
2.2626442909 0.0000000000 0.0000000000 0.2574915290 19.3582267761 0.0000000000 -0.2185192704
2.2603764534 0.0000000000 0.0000000000 0.2570413351 19.3494186401 0.0000000000 -0.2184700966
2.2582890987 0.0000000000 0.0000000000 0.2566218078 19.3409175873 0.0000000000 -0.2182785273
2.2562069893 0.0000000000 0.0000000000 0.2562245429 19.3321838379 0.0000000000 -0.2182353735
2.2539880276 0.0000000000 0.0000000000 0.2558587790 19.3233737946 0.0000000000 -0.2179952860
2.2516844273 0.0000000000 0.0000000000 0.2555464506 19.3145828247 0.0000000000 -0.2178536057
2.2493264675 0.0000000000 0.0000000000 0.2553048730 19.3056888580 0.0000000000 -0.2177190185
2.2469344139 0.0000000000 0.0000000000 0.2551223040 19.2967090607 0.0000000000 -0.2177217305
2.2446017265 0.0000000000 0.0000000000 0.2549666166 19.2872982025 0.0000000000 -0.2174491286
2.2422380447 0.0000000000 0.0000000000 0.2548362613 19.2779254913 0.0000000000 -0.2173221111
2.2398626804 0.0000000000 0.0000000000 0.2547053397 19.2677192688 0.0000000000 -0.2171736658
2.2375705242 0.0000000000 0.0000000000 0.2545788288 19.2571239471 0.0000000000 -0.2170674801
2.2356090546 0.0000000000 0.0000000000 0.2544503808 19.2462043762 0.0000000000 -0.2169329524
2.2339489460 0.0000000000 0.0000000000 0.2542836070 19.2347602844 0.0000000000 -0.2168065310
2.2326021194 0.0000000000 0.0000000000 0.2540653646 19.2227478027 0.0000000000 -0.2166743875
2.2314622402 0.0000000000 0.0000000000 0.2538197637 19.2106285095 0.0000000000 -0.2165428400
2.2305235863 0.0000000000 0.0000000000 0.2535243928 19.1981315613 0.0000000000 -0.2164534926
2.2297668457 0.0000000000 0.0000000000 0.2531806529 19.1853885651 0.0000000000 -0.2162764370
2.2291791439 0.0000000000 0.0000000000 0.2527842820 19.1725196838 0.0000000000 -0.2161442041
2.2286436558 0.0000000000 0.0000000000 0.2523340881 19.1601696014 0.0000000000 -0.2160114050
2.2282428741 0.0000000000 0.0000000000 0.2518122196 19.1479434967 0.0000000000 -0.2158622742
2.2280211449 0.0000000000 0.0000000000 0.2512305081 19.1362972260 0.0000000000 -0.2157306075
2.2278151512 0.0000000000 0.0000000000 0.2505977750 19.1253681183 0.0000000000 -0.2155585289
2.2275056839 0.0000000000 0.0000000000 0.2499495596 19.1151218414 0.0000000000 -0.2154621482
2.2269628048 0.0000000000 0.0000000000 0.2493125647 19.1042842865 0.0000000000 -0.2153297067
2.2262406349 0.0000000000 0.0000000000 0.2486805618 19.0938892365 0.0000000000 -0.2151993811
2.2253427505 0.0000000000 0.0000000000 0.2480668873 19.0846328735 0.0000000000 -0.2151147127
2.2242603302 0.0000000000 0.0000000000 0.2474998683 19.0753898621 0.0000000000 -0.2148772776
2.2230479717 0.0000000000 0.0000000000 0.2469926924 19.0663814545 0.0000000000 -0.2147993445
2.2216832638 0.0000000000 0.0000000000 0.2465807796 19.0587806702 0.0000000000 -0.2146855593
2.2202091217 0.0000000000 0.0000000000 0.2462746948 19.0516166687 0.0000000000 -0.2145572305
2.2187914848 0.0000000000 0.0000000000 0.2460287213 19.0446186066 0.0000000000 -0.2144380212
2.2174458504 0.0000000000 0.0000000000 0.2458110303 19.0379810333 0.0000000000 -0.2143144608
2.2162284851 0.0000000000 0.0000000000 0.2456190437 19.0310821533 0.0000000000 -0.2141895890
2.2151713371 0.0000000000 0.0000000000 0.2454140633 19.0240364075 0.0000000000 -0.2140596211
2.2142796516 0.0000000000 0.0000000000 0.2452023327 19.0166416168 0.0000000000 -0.2139289975
2.2135424614 0.0000000000 0.0000000000 0.2449388802 19.0096130371 0.0000000000 -0.2138080001
2.2128291130 0.0000000000 0.0000000000 0.2446755171 19.0025596619 0.0000000000 -0.2136789560
2.2122476101 0.0000000000 0.0000000000 0.2444015145 18.9955673218 0.0000000000 -0.2135586143
2.2117383480 0.0000000000 0.0000000000 0.2441227287 18.9882240295 0.0000000000 -0.2134360075
2.2112376690 0.0000000000 0.0000000000 0.2438708693 18.9804859161 0.0000000000 -0.2133085132
2.2108037472 0.0000000000 0.0000000000 0.2436429858 18.9723453522 0.0000000000 -0.2131840587
2.2104196548 0.0000000000 0.0000000000 0.2434244603 18.9639854431 0.0000000000 -0.2130615711
2.2100157738 0.0000000000 0.0000000000 0.2431980819 18.9557514191 0.0000000000 -0.2129370868
2.2096498013 0.0000000000 0.0000000000 0.2429396659 18.9482612610 0.0000000000 -0.2128216028
2.2094810009 0.0000000000 0.0000000000 0.2426557690 18.9405860901 0.0000000000 -0.2127059102
2.2093932629 0.0000000000 0.0000000000 0.2423581779 18.9322547913 0.0000000000 -0.2125919759
2.2094151974 0.0000000000 0.0000000000 0.2420524359 18.9233055115 0.0000000000 -0.2124755383
2.2094633579 0.0000000000 0.0000000000 0.2417715192 18.9147186279 0.0000000000 -0.2123665810
2.2094776630 0.0000000000 0.0000000000 0.2414942384 18.9064998627 0.0000000000 -0.2122593522
2.2094404697 0.0000000000 0.0000000000 0.2412326932 18.8990116119 0.0000000000 -0.2122355103
2.2093024254 0.0000000000 0.0000000000 0.2409594655 18.8916244507 0.0000000000 -0.2120494246
2.2091946602 0.0000000000 0.0000000000 0.2406136245 18.8844413757 0.0000000000 -0.2119473815
2.2091586590 0.0000000000 0.0000000000 0.2401955724 18.8775596619 0.0000000000 -0.2118492126
2.2091126442 0.0000000000 0.0000000000 0.2397742867 18.8705940247 0.0000000000 -0.2117466927
2.2090191841 0.0000000000 0.0000000000 0.2393637747 18.8639316559 0.0000000000 -0.2116532326
2.2089345455 0.0000000000 0.0000000000 0.2389882952 18.8573799133 0.0000000000 -0.2116025388
2.2089078426 0.0000000000 0.0000000000 0.2386286259 18.8502159119 0.0000000000 -0.2114680707
2.2089247704 0.0000000000 0.0000000000 0.2382654548 18.8426265717 0.0000000000 -0.2113739848
2.2089893818 0.0000000000 0.0000000000 0.2379216254 18.8348007202 0.0000000000 -0.2112806439
2.2091820240 0.0000000000 0.0000000000 0.2376045585 18.8264160156 0.0000000000 -0.2111927569
2.2095236778 0.0000000000 0.0000000000 0.2373061776 18.8178997040 0.0000000000 -0.2110991478
2.2098433971 0.0000000000 0.0000000000 0.2370252162 18.8089179993 0.0000000000 -0.2110100389
2.2100381851 0.0000000000 0.0000000000 0.2367468029 18.7995166779 0.0000000000 -0.2109216452
2.2101140022 0.0000000000 0.0000000000 0.2364823371 18.7901725769 0.0000000000 -0.2108359337
2.2100760937 0.0000000000 0.0000000000 0.2362503111 18.7807922363 0.0000000000 -0.2107535005
2.2099542618 0.0000000000 0.0000000000 0.2360534966 18.7710971832 0.0000000000 -0.2106666565
2.2096900940 0.0000000000 0.0000000000 0.2358623594 18.7612819672 0.0000000000 -0.2105834484
2.2092282772 0.0000000000 0.0000000000 0.2356584668 18.7519645691 0.0000000000 -0.2105007768
2.2085669041 0.0000000000 0.0000000000 0.2354340106 18.7426567078 0.0000000000 -0.2104162574
2.2078592777 0.0000000000 0.0000000000 0.2351845354 18.7332134247 0.0000000000 -0.2103299499
2.2071385384 0.0000000000 0.0000000000 0.2349123806 18.7247066498 0.0000000000 -0.2102400959
2.2065310478 0.0000000000 0.0000000000 0.2346031070 18.7170639038 0.0000000000 -0.2101626992
2.2061262131 0.0000000000 0.0000000000 0.2342665344 18.7090358734 0.0000000000 -0.2100689411
2.2058429718 0.0000000000 0.0000000000 0.2339296341 18.7009963989 0.0000000000 -0.2099832892
2.2056424618 0.0000000000 0.0000000000 0.2335814238 18.6927795410 0.0000000000 -0.2098972201
2.2054903507 0.0000000000 0.0000000000 0.2332630754 18.6841487885 0.0000000000 -0.2098079622
2.2054181099 0.0000000000 0.0000000000 0.2329506129 18.6751403809 0.0000000000 -0.2097207904
2.2053318024 0.0000000000 0.0000000000 0.2326662838 18.6659679413 0.0000000000 -0.2096316516
2.2053020000 0.0000000000 0.0000000000 0.2324140966 18.6570682526 0.0000000000 -0.2095320225
2.2052633762 0.0000000000 0.0000000000 0.2321654558 18.6474876404 0.0000000000 -0.2094651461
2.2052209377 0.0000000000 0.0000000000 0.2319206446 18.6383152008 0.0000000000 -0.2094082236
2.2052102089 0.0000000000 0.0000000000 0.2316943258 18.6290073395 0.0000000000 -0.2092970312
2.2051599026 0.0000000000 0.0000000000 0.2314698547 18.6196441650 0.0000000000 -0.2092107832
2.2050516605 0.0000000000 0.0000000000 0.2312621474 18.6099338531 0.0000000000 -0.2091341019
2.2048590183 0.0000000000 0.0000000000 0.2310623229 18.5998821259 0.0000000000 -0.2090408206
2.2046134472 0.0000000000 0.0000000000 0.2308961600 18.5897235870 0.0000000000 -0.2089551091
2.2044095993 0.0000000000 0.0000000000 0.2307607383 18.5786304474 0.0000000000 -0.2088617086
2.2042601109 0.0000000000 0.0000000000 0.2306339145 18.5670661926 0.0000000000 -0.2087730765
2.2041313648 0.0000000000 0.0000000000 0.2305484861 18.5550727844 0.0000000000 -0.2086842656
2.2040710449 0.0000000000 0.0000000000 0.2304969877 18.5430164337 0.0000000000 -0.2086015642
2.2040917873 0.0000000000 0.0000000000 0.2304579616 18.5312252045 0.0000000000 -0.2085049748
2.2041556835 0.0000000000 0.0000000000 0.2304408699 18.5199451447 0.0000000000 -0.2083963454
2.2044169903 0.0000000000 0.0000000000 0.2304501832 18.5099525452 0.0000000000 -0.2083301842
2.2047436237 0.0000000000 0.0000000000 0.2304524481 18.4999866486 0.0000000000 -0.2082456350
2.2051045895 0.0000000000 0.0000000000 0.2304842472 18.4899234772 0.0000000000 -0.2081609368
2.2054829597 0.0000000000 0.0000000000 0.2304806113 18.4800205231 0.0000000000 -0.2080795169
2.2057898045 0.0000000000 0.0000000000 0.2304255068 18.4700603485 0.0000000000 -0.2079921365
2.2060666084 0.0000000000 0.0000000000 0.2302801013 18.4599781036 0.0000000000 -0.2079201341
2.2062480450 0.0000000000 0.0000000000 0.2300949693 18.4498405457 0.0000000000 -0.2078370154
2.2063329220 0.0000000000 0.0000000000 0.2298530340 18.4396743774 0.0000000000 -0.2077575922
2.2063720226 0.0000000000 0.0000000000 0.2294995785 18.4298839569 0.0000000000 -0.2076785862
2.2062590122 0.0000000000 0.0000000000 0.2290811092 18.4205112457 0.0000000000 -0.2076897323
2.2060766220 0.0000000000 0.0000000000 0.2286296338 18.4096584320 0.0000000000 -0.2075226903
2.2058720589 0.0000000000 0.0000000000 0.2282089442 18.4005508423 0.0000000000 -0.2074499130
2.2057745457 0.0000000000 0.0000000000 0.2277920246 18.3915328979 0.0000000000 -0.2073730230
2.2058293819 0.0000000000 0.0000000000 0.2274112105 18.3825492859 0.0000000000 -0.2073059678
2.2059636116 0.0000000000 0.0000000000 0.2271029353 18.3732872009 0.0000000000 -0.2072359622
2.2060263157 0.0000000000 0.0000000000 0.2268583924 18.3640613556 0.0000000000 -0.2071677744
2.2060008049 0.0000000000 0.0000000000 0.2266237438 18.3550128937 0.0000000000 -0.2071005106
2.2059676647 0.0000000000 0.0000000000 0.2264022976 18.3461894989 0.0000000000 -0.2070320249
2.2058939934 0.0000000000 0.0000000000 0.2262152582 18.3372764587 0.0000000000 -0.2069755197
2.2057912350 0.0000000000 0.0000000000 0.2260649651 18.3281211853 0.0000000000 -0.2069184184
2.2057118416 0.0000000000 0.0000000000 0.2258999497 18.3203105927 0.0000000000 -0.2068589628
2.2057497501 0.0000000000 0.0000000000 0.2257083356 18.3124237061 0.0000000000 -0.2068033218
2.2059965134 0.0000000000 0.0000000000 0.2254893929 18.3043365479 0.0000000000 -0.2067480087
2.2064085007 0.0000000000 0.0000000000 0.2252545655 18.2964572906 0.0000000000 -0.2066934705
2.2068703175 0.0000000000 0.0000000000 0.2250266075 18.2883663177 0.0000000000 -0.2066394091
2.2073273659 0.0000000000 0.0000000000 0.2248108536 18.2806453705 0.0000000000 -0.2065886259
2.2077767849 0.0000000000 0.0000000000 0.2246180922 18.2726001740 0.0000000000 -0.2065404654
2.2081632614 0.0000000000 0.0000000000 0.2244463116 18.2644824982 0.0000000000 -0.2065057755
2.2085638046 0.0000000000 0.0000000000 0.2242529541 18.2559547424 0.0000000000 -0.2064450979
2.2089829445 0.0000000000 0.0000000000 0.2240624875 18.2471942902 0.0000000000 -0.2064003646
2.2095377445 0.0000000000 0.0000000000 0.2238633037 18.2382488251 0.0000000000 -0.2063232362
2.2100529671 0.0000000000 0.0000000000 0.2237205952 18.2319545746 0.0000000000 -0.2063144445
2.2106528282 0.0000000000 0.0000000000 0.2236066759 18.2252979279 0.0000000000 -0.2062726319
2.2112612724 0.0000000000 0.0000000000 0.2235169709 18.2183666229 0.0000000000 -0.2063014805
2.2116186619 0.0000000000 0.0000000000 0.2234625220 18.2112579346 0.0000000000 -0.2061921358
2.2117855549 0.0000000000 0.0000000000 0.2234049588 18.2041645050 0.0000000000 -0.2061442137
2.2116522789 0.0000000000 0.0000000000 0.2233653963 18.1970882416 0.0000000000 -0.2061115503
2.2112507820 0.0000000000 0.0000000000 0.2233475745 18.1894989014 0.0000000000 -0.2060691714
2.2107121944 0.0000000000 0.0000000000 0.2233526260 18.1815528870 0.0000000000 -0.2060288787
2.2102346420 0.0000000000 0.0000000000 0.2233194262 18.1734695435 0.0000000000 -0.2059892416
2.2098264694 0.0000000000 0.0000000000 0.2232192904 18.1651325226 0.0000000000 -0.2059540153
2.2095837593 0.0000000000 0.0000000000 0.2230713367 18.1565494537 0.0000000000 -0.2059110403
2.2093505859 0.0000000000 0.0000000000 0.2229225785 18.1478157043 0.0000000000 -0.2058729529
2.2091112137 0.0000000000 0.0000000000 0.2227522582 18.1389045715 0.0000000000 -0.2058327198
2.2087850571 0.0000000000 0.0000000000 0.2225644737 18.1301803589 0.0000000000 -0.2057975531
2.2084472179 0.0000000000 0.0000000000 0.2223440707 18.1213207245 0.0000000000 -0.2057668567
2.2081112862 0.0000000000 0.0000000000 0.2221068293 18.1124191284 0.0000000000 -0.2057258487
2.2077331543 0.0000000000 0.0000000000 0.2218358219 18.1038799286 0.0000000000 -0.2056894302
2.2073905468 0.0000000000 0.0000000000 0.2215238661 18.0952014923 0.0000000000 -0.2056597173
2.2071092129 0.0000000000 0.0000000000 0.2212282121 18.0867195129 0.0000000000 -0.2056169510
2.2067768574 0.0000000000 0.0000000000 0.2209847718 18.0802383423 0.0000000000 -0.2056002021
2.2064230442 0.0000000000 0.0000000000 0.2207710743 18.0715198517 0.0000000000 -0.2055743337
2.2060949802 0.0000000000 0.0000000000 0.2205571085 18.0635681152 0.0000000000 -0.2055547833
2.2058598995 0.0000000000 0.0000000000 0.2203294784 18.0552425385 0.0000000000 -0.2055278420
2.2057027817 0.0000000000 0.0000000000 0.2201283574 18.0479087830 0.0000000000 -0.2055067718
2.2056815624 0.0000000000 0.0000000000 0.2199193686 18.0423851013 0.0000000000 -0.2054864764
2.2057962418 0.0000000000 0.0000000000 0.2197253853 18.0365734100 0.0000000000 -0.2054677308
2.2060725689 0.0000000000 0.0000000000 0.2195694745 18.0306568146 0.0000000000 -0.2054460049
2.2063157558 0.0000000000 0.0000000000 0.2194305360 18.0247459412 0.0000000000 -0.2054229975
2.2064924240 0.0000000000 0.0000000000 0.2193341106 18.0192089081 0.0000000000 -0.2054082155
2.2065355778 0.0000000000 0.0000000000 0.2192467749 18.0131778717 0.0000000000 -0.2053920925
2.2065131664 0.0000000000 0.0000000000 0.2191260904 18.0064468384 0.0000000000 -0.2053776979
2.2064435482 0.0000000000 0.0000000000 0.2189764529 17.9987392426 0.0000000000 -0.2053611279
2.2064313889 0.0000000000 0.0000000000 0.2187923044 17.9904594421 0.0000000000 -0.2053483725
2.2064359188 0.0000000000 0.0000000000 0.2186168432 17.9813556671 0.0000000000 -0.2053317130
2.2064416409 0.0000000000 0.0000000000 0.2184137404 17.9723567963 0.0000000000 -0.2053149939
2.2064814568 0.0000000000 0.0000000000 0.2181797475 17.9632282257 0.0000000000 -0.2052980661
