#         rmsthk      stdthk       rmsvel       stdvel       rmsdiv       stddiv       rmsusurf       stdusurf
0.0000000000 0.0000000000 89.5015106201 78.0862045288 0.0000000000 0.0000000000 0.0000000000 0.0000000000
-0.1514614969 0.4548845589 54.2597274780 50.8419570923 0.0000000000 0.0000000000 -0.0811566785 0.9825988412
-0.3064216375 0.8267349005 49.8800392151 43.0408973694 0.0000000000 0.0000000000 -0.1521618515 1.7568527460
-0.4641486406 1.1718895435 48.7392768860 40.4019470215 0.0000000000 0.0000000000 -0.2076839954 2.4112393856
-0.6238933802 1.5039870739 46.1918869019 38.2246475220 0.0000000000 0.0000000000 -0.2488132417 2.9735252857
-0.7842446566 1.8287272453 42.3935165405 36.2830505371 0.0000000000 0.0000000000 -0.2768640518 3.4625108242
-0.9434825182 2.1469523907 37.8593482971 34.5687446594 0.0000000000 0.0000000000 -0.2934622169 3.8882226944
-1.0999083519 2.4587359428 32.9971427917 33.1432838440 0.0000000000 0.0000000000 -0.3006222546 4.2566876411
-1.2518874407 2.7628104687 28.0191669464 31.9625892639 0.0000000000 0.0000000000 -0.2987720668 4.5723690987
-1.3982013464 3.0580627918 23.0481262207 31.0432128906 0.0000000000 0.0000000000 -0.2885213792 4.8382544518
-1.5377295017 3.3432588577 18.2860279083 30.4058837891 0.0000000000 0.0000000000 -0.2705398500 5.0570888519
-1.6694091558 3.6169795990 13.9493780136 30.0569038391 0.0000000000 0.0000000000 -0.2456069142 5.2313594818
-1.7924916744 3.8782031536 10.1827039719 29.9442119598 0.0000000000 0.0000000000 -0.2145481855 5.3634133339
-1.9066243172 4.1264925003 7.0770683289 29.9563007355 0.0000000000 0.0000000000 -0.1784288734 5.4557361603
-2.0119097233 4.3620433807 4.6236138344 30.0253486633 0.0000000000 0.0000000000 -0.1384277791 5.5112667084
-2.1084940434 4.5852031708 2.7583506107 30.1094989777 0.0000000000 0.0000000000 -0.0958488360 5.5332713127
-2.1968221664 4.7968316078 1.4076405764 30.1608867645 0.0000000000 0.0000000000 -0.0518057682 5.5254201889
-2.2775483131 4.9981341362 0.5067816377 30.1497745514 0.0000000000 0.0000000000 -0.0073054223 5.4914851189
-2.3513100147 5.1902122498 -0.0038288755 30.0707092285 0.0000000000 0.0000000000 0.0367733203 5.4352889061
-2.4187116623 5.3740353584 -0.1745384336 29.9266529083 0.0000000000 0.0000000000 0.0797368661 5.3604502678
-2.4803795815 5.5507078171 -0.0475870967 29.7293624878 0.0000000000 0.0000000000 0.1209302470 5.2703447342
-2.5369927883 5.7214069366 0.3403301537 29.4956722260 0.0000000000 0.0000000000 0.1597511917 5.1681690216
-2.5892226696 5.8872308731 0.9579561949 29.2469539642 0.0000000000 0.0000000000 0.1957655847 5.0569677353
-2.6377151012 6.0492105484 1.7795521021 29.0072517395 0.0000000000 0.0000000000 0.2285988033 4.9394669533
-2.6831457615 6.2083516121 2.7821891308 28.8007888794 0.0000000000 0.0000000000 0.2579391599 4.8183174133
-2.7262418270 6.3658328056 3.9480714798 28.6502399445 0.0000000000 0.0000000000 0.2835945189 4.6958174706
-2.7675821781 6.5223832130 5.2592763901 28.5734500885 0.0000000000 0.0000000000 0.3054378033 4.5740528107
-2.8078331947 6.6789126396 6.7011609077 28.5884113312 0.0000000000 0.0000000000 0.3234122694 4.4547886848
-2.8475394249 6.8360419273 8.2508859634 28.7052574158 0.0000000000 0.0000000000 0.3375734389 4.3396234512
-2.8873553276 6.9946489334 9.8864555359 28.9292182922 0.0000000000 0.0000000000 0.3479950428 4.2299551964
-2.9278702736 7.1555199623 11.5877428055 29.2505702972 0.0000000000 0.0000000000 0.3547729552 4.1269698143
-2.9697287083 7.3196001053 13.3309440613 29.6576728821 0.0000000000 0.0000000000 0.3581595123 4.0318765640
-3.0135288239 7.4875869751 15.0811529160 30.1310997009 0.0000000000 0.0000000000 0.3583776355 3.9459497929
-3.0597887039 7.6601758003 16.7699489594 30.6260089874 0.0000000000 0.0000000000 0.3557758033 3.8703975677
-3.1089904308 7.8377351761 18.3361721039 31.0976123810 0.0000000000 0.0000000000 0.3506519496 3.8064160347
-3.1615698338 8.0205450058 19.7063694000 31.4880828857 0.0000000000 0.0000000000 0.3433543146 3.7551524639
-3.2178003788 8.2086658478 20.8081436157 31.7447662354 0.0000000000 0.0000000000 0.3341889083 3.7177882195
-3.2779114246 8.4023799896 21.5813102722 31.8206291199 0.0000000000 0.0000000000 0.3235150874 3.6954050064
-3.3417742252 8.6013565063 22.0024547577 31.6936416626 0.0000000000 0.0000000000 0.3117384911 3.6885831356
-3.4093327522 8.8053636551 22.0753269196 31.3668308258 0.0000000000 0.0000000000 0.2993588448 3.6973845959
-3.4801950455 9.0135993958 21.8410396576 30.8741779327 0.0000000000 0.0000000000 0.2869017422 3.7211463451
-3.5537803173 9.2251806259 21.3647651672 30.2700138092 0.0000000000 0.0000000000 0.2749276161 3.7582204342
-3.6295595169 9.4393100739 20.7172679901 29.6122264862 0.0000000000 0.0000000000 0.2639082968 3.8062794209
-3.7068839073 9.6550712585 19.9689693451 28.9620742798 0.0000000000 0.0000000000 0.2542110085 3.8625085354
-3.7853374481 9.8718395233 19.1812896729 28.3683700562 0.0000000000 0.0000000000 0.2462581992 3.9237041473
-3.8644485474 10.0889186859 18.4082622528 27.8615303040 0.0000000000 0.0000000000 0.2402161509 3.9867959023
-3.9437980652 10.3056488037 17.6926288605 27.4521713257 0.0000000000 0.0000000000 0.2362666279 4.0489807129
-4.0231666565 10.5216884613 17.0654220581 27.1388645172 0.0000000000 0.0000000000 0.2343857288 4.1080641747
-4.1023621559 10.7367620468 16.5564384460 26.9190120697 0.0000000000 0.0000000000 0.2344520241 4.1624827385
-4.1811542511 10.9503898621 16.1798744202 26.7746295929 0.0000000000 0.0000000000 0.2363725156 4.2112483978
-4.2595515251 11.1628360748 15.9496297836 26.6811389923 0.0000000000 0.0000000000 0.2399455160 4.2539391518
-4.3374271393 11.3738689423 15.8681640625 26.6112174988 0.0000000000 0.0000000000 0.2449274212 4.2905611992
-4.4147548676 11.5834703445 15.9220590591 26.5380344391 0.0000000000 0.0000000000 0.2510274053 4.3214111328
-4.4916815758 11.7920227051 16.0910396576 26.4360885620 0.0000000000 0.0000000000 0.2579946518 4.3468980789
-4.5683684349 11.9998149872 16.3407840729 26.2857322693 0.0000000000 0.0000000000 0.2655300200 4.3676800728
-4.6450738907 12.2070016861 16.6323585510 26.0817756653 0.0000000000 0.0000000000 0.2732091844 4.3844313622
-4.7220711708 12.4140043259 16.9239158630 25.8248786926 0.0000000000 0.0000000000 0.2806836963 4.3978281021
-4.7995901108 12.6210975647 17.1793708801 25.5254669189 0.0000000000 0.0000000000 0.2876827717 4.4083442688
-4.8776698112 12.8281860352 17.3654518127 25.2042007446 0.0000000000 0.0000000000 0.2940243781 4.4162735939
-4.9564070702 13.0352878571 17.4551658630 24.8825531006 0.0000000000 0.0000000000 0.2995182276 4.4217834473
-5.0358695984 13.2424106598 17.4303264618 24.5797958374 0.0000000000 0.0000000000 0.3039878607 4.4249815941
-5.1160855293 13.4495468140 17.2809734344 24.3091201782 0.0000000000 0.0000000000 0.3073573112 4.4258909225
-5.1968178749 13.6561555862 17.0082092285 24.0738067627 0.0000000000 0.0000000000 0.3096030653 4.4243631363
-5.2779340744 13.8622436523 16.6261100769 23.8747768402 0.0000000000 0.0000000000 0.3107481599 4.4203577042
-5.3592605591 14.0677013397 16.1577033997 23.7066287994 0.0000000000 0.0000000000 0.3108987808 4.4137420654
-5.4404997826 14.2722377777 15.6321430206 23.5603122711 0.0000000000 0.0000000000 0.3101637959 4.4042983055
-5.5214166641 14.4757337570 15.0782651901 23.4199390411 0.0000000000 0.0000000000 0.3086017668 4.3918004036
-5.6017460823 14.6778116226 14.5245685577 23.2705116272 0.0000000000 0.0000000000 0.3063398898 4.3759756088
-5.6813893318 14.8786020279 13.9938631058 23.0994281769 0.0000000000 0.0000000000 0.3034854233 4.3565554619
-5.7601699829 15.0779218674 13.5045042038 22.9005413055 0.0000000000 0.0000000000 0.3001717329 4.3334593773
-5.8379578590 15.2756175995 13.0679321289 22.6740818024 0.0000000000 0.0000000000 0.2965612710 4.3066158295
-5.9146366119 15.4715843201 12.6948423386 22.4300708771 0.0000000000 0.0000000000 0.2927784026 4.2761445045
-5.9900932312 15.6656160355 12.3904867172 22.1811523438 0.0000000000 0.0000000000 0.2888480723 4.2420601845
-6.0643553734 15.8578691483 12.1531991959 21.9387397766 0.0000000000 0.0000000000 0.2848052382 4.2046108246
-6.1374483109 16.0482273102 11.9755163193 21.7143459320 0.0000000000 0.0000000000 0.2806868553 4.1640763283
-6.2093548775 16.2366733551 11.8475608826 21.5191326141 0.0000000000 0.0000000000 0.2765291631 4.1207847595
-6.2802500725 16.4233531952 11.7562942505 21.3543968201 0.0000000000 0.0000000000 0.2723502219 4.0751833916
-6.3501644135 16.6082420349 11.6889734268 21.2195720673 0.0000000000 0.0000000000 0.2681551278 4.0277633667
-6.4193015099 16.7916889191 11.6312189102 21.1106014252 0.0000000000 0.0000000000 0.2639409900 3.9791173935
-6.4876861572 16.9736251831 11.5726165771 21.0196590424 0.0000000000 0.0000000000 0.2597340941 3.9298605919
-6.5555152893 17.1544361115 11.5028438568 20.9368572235 0.0000000000 0.0000000000 0.2554993033 3.8805496693
-6.6227416992 17.3339824677 11.4120283127 20.8491115570 0.0000000000 0.0000000000 0.2512682378 3.8316245079
-6.6893949509 17.5120429993 11.2948217392 20.7479248047 0.0000000000 0.0000000000 0.2470911145 3.7834761143
-6.7555689812 17.6888237000 11.1529693604 20.6316375732 0.0000000000 0.0000000000 0.2430229634 3.7363266945
-6.8213529587 17.8646373749 10.9893302917 20.5009326935 0.0000000000 0.0000000000 0.2391102165 3.6901946068
-6.8867859840 18.0395412445 10.8091688156 20.3605499268 0.0000000000 0.0000000000 0.2353577465 3.6451427937
-6.9517049789 18.2133159637 10.6206007004 20.2168331146 0.0000000000 0.0000000000 0.2317636609 3.6012461185
-7.0162014961 18.3861141205 10.4328393936 20.0775051117 0.0000000000 0.0000000000 0.2282898426 3.5585296154
-7.0802083015 18.5577850342 10.2548894882 19.9469242096 0.0000000000 0.0000000000 0.2249664962 3.5169224739
-7.1436438560 18.7281513214 10.0924787521 19.8286857605 0.0000000000 0.0000000000 0.2217884213 3.4764089584
-7.2065091133 18.8973159790 9.9508152008 19.7231864929 0.0000000000 0.0000000000 0.2188151330 3.4368894100
-7.2688760757 19.0654430389 9.8331346512 19.6293907166 0.0000000000 0.0000000000 0.2161042988 3.3982813358
-7.3307113647 19.2324829102 9.7397947311 19.5440196991 0.0000000000 0.0000000000 0.2137080431 3.3605971336
-7.3920836449 19.3985137939 9.6689500809 19.4612541199 0.0000000000 0.0000000000 0.2116573304 3.3238966465
-7.4530735016 19.5637073517 9.6162662506 19.3767585754 0.0000000000 0.0000000000 0.2099568993 3.2883849144
-7.5137524605 19.7281627655 9.5753488541 19.2851562500 0.0000000000 0.0000000000 0.2085924745 3.2542152405
-7.5741267204 19.8917541504 9.5412263870 19.1848087311 0.0000000000 0.0000000000 0.2075322121 3.2214295864
-7.6342849731 20.0546722412 9.5066843033 19.0746383667 0.0000000000 0.0000000000 0.2067230493 3.1901009083
-7.6942019463 20.2168807983 9.4673757553 18.9573783875 0.0000000000 0.0000000000 0.2060930878 3.1601288319
-7.7539119720 20.3783187866 9.4174251556 18.8368377686 0.0000000000 0.0000000000 0.2055958062 3.1315503120
-7.8134288788 20.5390682220 9.3530921936 18.7170200348 0.0000000000 0.0000000000 0.2051750273 3.1042947769
-7.8726019859 20.6989707947 9.2733564377 18.6018238068 0.0000000000 0.0000000000 0.2048143297 3.0782027245
-7.9314332008 20.8578910828 9.1787452698 18.4934158325 0.0000000000 0.0000000000 0.2044806182 3.0531480312
-7.9900507927 21.0161609650 9.0701370239 18.3930206299 0.0000000000 0.0000000000 0.2041350156 3.0290508270
-8.0483522415 21.1736335754 8.9515705109 18.3014488220 0.0000000000 0.0000000000 0.2037656605 3.0058188438
-8.1063013077 21.3303222656 8.8266973495 18.2173309326 0.0000000000 0.0000000000 0.2033678889 2.9833006859
-8.1637916565 21.4860935211 8.7012166977 18.1370239258 0.0000000000 0.0000000000 0.2029515058 2.9613406658
-8.2208738327 21.6410961151 8.5796689987 18.0590515137 0.0000000000 0.0000000000 0.2025404423 2.9398334026
-8.2775106430 21.7952976227 8.4644489288 17.9800548553 0.0000000000 0.0000000000 0.2021029145 2.9188067913
-8.3337478638 21.9487895966 8.3564672470 17.8978538513 0.0000000000 0.0000000000 0.2016178221 2.8981356621
-8.3896083832 22.1016216278 8.2580938339 17.8116397858 0.0000000000 0.0000000000 0.2010763586 2.8778157234
-8.4450759888 22.2538433075 8.1696529388 17.7216033936 0.0000000000 0.0000000000 0.2004999816 2.8576784134
-8.5001125336 22.4053993225 8.0890111923 17.6282482147 0.0000000000 0.0000000000 0.1998918056 2.8377058506
-8.5548954010 22.5565700531 8.0132932663 17.5332736969 0.0000000000 0.0000000000 0.1992601454 2.8179423809
-8.6094255447 22.7072715759 7.9407119751 17.4385395050 0.0000000000 0.0000000000 0.1986192316 2.7983191013
-8.6636714935 22.8574295044 7.8684582710 17.3446483612 0.0000000000 0.0000000000 0.1979834437 2.7789380550
-8.7176666260 23.0070877075 7.7958493233 17.2527294159 0.0000000000 0.0000000000 0.1973366141 2.7598860264
-8.7713117599 23.1560478210 7.7202773094 17.1638565063 0.0000000000 0.0000000000 0.1966657043 2.7411487103
-8.8247098923 23.3045043945 7.6411709785 17.0786266327 0.0000000000 0.0000000000 0.1959705353 2.7226202488
-8.8778514862 23.4524192810 7.5592012405 16.9965076447 0.0000000000 0.0000000000 0.1952254325 2.7043163776
-8.9307374954 23.5997810364 7.4730315208 16.9163131714 0.0000000000 0.0000000000 0.1944121271 2.6863465309
-8.9833641052 23.7465629578 7.3843479156 16.8384532928 0.0000000000 0.0000000000 0.1935395449 2.6686992645
-9.0356893539 23.8926811218 7.2936401367 16.7621326447 0.0000000000 0.0000000000 0.1926405281 2.6513202190
-9.0876140594 24.0379409790 7.2018799782 16.6864490509 0.0000000000 0.0000000000 0.1917347312 2.6341648102
-9.1391887665 24.1825275421 7.1106958389 16.6106834412 0.0000000000 0.0000000000 0.1908479482 2.6171813011
-9.1903209686 24.3262691498 7.0208473206 16.5340785980 0.0000000000 0.0000000000 0.1900152713 2.6003077030
-9.2410898209 24.4693546295 6.9338955879 16.4560184479 0.0000000000 0.0000000000 0.1892258525 2.5836238861
-9.2915382385 24.6118431091 6.8517661095 16.3771400452 0.0000000000 0.0000000000 0.1884510070 2.5671768188
-9.3416776657 24.7536983490 6.7728419304 16.2986660004 0.0000000000 0.0000000000 0.1877161264 2.5509219170
-9.3914003372 24.8947410583 6.6971759796 16.2206230164 0.0000000000 0.0000000000 0.1870251149 2.5349135399
-9.4407367706 25.0350761414 6.6228594780 16.1434669495 0.0000000000 0.0000000000 0.1863924265 2.5192062855
-9.4897937775 25.1748352051 6.5498428345 16.0679950714 0.0000000000 0.0000000000 0.1858150512 2.5038342476
-9.5385370255 25.3139362335 6.4776682854 15.9938821793 0.0000000000 0.0000000000 0.1852891743 2.4888095856
-9.5868883133 25.4523487091 6.4048562050 15.9200477600 0.0000000000 0.0000000000 0.1847979426 2.4741530418
-9.6349096298 25.5900840759 6.3309440613 15.8471393585 0.0000000000 0.0000000000 0.1843097955 2.4599146843
-9.6826238632 25.7272224426 6.2544116974 15.7743854523 0.0000000000 0.0000000000 0.1838161945 2.4460501671
-9.7300081253 25.8636608124 6.1762342453 15.7015066147 0.0000000000 0.0000000000 0.1833143681 2.4324922562
-9.7770938873 25.9994239807 6.0961160660 15.6287803650 0.0000000000 0.0000000000 0.1827873290 2.4192473888
-9.8238887787 26.1345863342 6.0147538185 15.5563926697 0.0000000000 0.0000000000 0.1822223216 2.4062480927
-9.8704376221 26.2692012787 5.9330496788 15.4848880768 0.0000000000 0.0000000000 0.1815903187 2.3934450150
-9.9167633057 26.4032726288 5.8511095047 15.4146261215 0.0000000000 0.0000000000 0.1808912307 2.3808350563
-9.9628381729 26.5367584229 5.7692036629 15.3460388184 0.0000000000 0.0000000000 0.1801145971 2.3684008121
-10.0085945129 26.6695747375 5.6872444153 15.2781209946 0.0000000000 0.0000000000 0.1792593896 2.3561935425
-10.0539722443 26.8016185760 5.6044516563 15.2107591629 0.0000000000 0.0000000000 0.1783192456 2.3442487717
-10.0989770889 26.9329128265 5.5204596519 15.1438236237 0.0000000000 0.0000000000 0.1773151308 2.3324978352
-10.1436128616 27.0635261536 5.4359765053 15.0771017075 0.0000000000 0.0000000000 0.1762627214 2.3208253384
-10.1879816055 27.1936149597 5.3522124290 15.0102205276 0.0000000000 0.0000000000 0.1751861125 2.3092064857
-10.2320356369 27.3231525421 5.2712054253 14.9434881210 0.0000000000 0.0000000000 0.1740878075 2.2976891994
-10.2758255005 27.4521884918 5.1923985481 14.8774662018 0.0000000000 0.0000000000 0.1729948670 2.2862498760
-10.3193063736 27.5806770325 5.1155261993 14.8126258850 0.0000000000 0.0000000000 0.1719144881 2.2748694420
-10.3624906540 27.7085952759 5.0388121605 14.7481670380 0.0000000000 0.0000000000 0.1708595902 2.2635517120
-10.4054126740 27.8360328674 4.9625048637 14.6847610474 0.0000000000 0.0000000000 0.1698444188 2.2522728443
-10.4480705261 27.9629497528 4.8859405518 14.6227226257 0.0000000000 0.0000000000 0.1688793451 2.2409744263
-10.4904403687 28.0893325806 4.8101854324 14.5620374680 0.0000000000 0.0000000000 0.1679722518 2.2296221256
-10.5325107574 28.2151870728 4.7341647148 14.5016918182 0.0000000000 0.0000000000 0.1671272516 2.2182757854
-10.5742454529 28.3404712677 4.6583223343 14.4421730042 0.0000000000 0.0000000000 0.1663439721 2.2068934441
-10.6156282425 28.4651336670 4.5828323364 14.3828678131 0.0000000000 0.0000000000 0.1656274050 2.1954734325
-10.6567258835 28.5893325806 4.5076723099 14.3231363297 0.0000000000 0.0000000000 0.1649776548 2.1840658188
-10.6974868774 28.7130050659 4.4322247505 14.2633094788 0.0000000000 0.0000000000 0.1643916816 2.1727626324
-10.7378988266 28.8361148834 4.3577904701 14.2036542892 0.0000000000 0.0000000000 0.1638421863 2.1615612507
-10.7779693604 28.9587364197 4.2841367722 14.1447439194 0.0000000000 0.0000000000 0.1633095145 2.1504697800
-10.8177499771 29.0809078217 4.2126917839 14.0873270035 0.0000000000 0.0000000000 0.1627707183 2.1394608021
-10.8572654724 29.2026290894 4.1438665390 14.0309467316 0.0000000000 0.0000000000 0.1622157395 2.1284983158
-10.8965167999 29.3239059448 4.0771422386 13.9753322601 0.0000000000 0.0000000000 0.1616584212 2.1175076962
-10.9354877472 29.4447174072 4.0116109848 13.9203243256 0.0000000000 0.0000000000 0.1611005515 2.1064918041
-10.9741487503 29.5649662018 3.9475176334 13.8659009933 0.0000000000 0.0000000000 0.1605364233 2.0954415798
-11.0125732422 29.6847763062 3.8847799301 13.8125886917 0.0000000000 0.0000000000 0.1599650979 2.0843904018
-11.0507278442 29.8041095734 3.8233888149 13.7606801987 0.0000000000 0.0000000000 0.1593814790 2.0734088421
-11.0885906219 29.9229640961 3.7633070946 13.7094154358 0.0000000000 0.0000000000 0.1587873101 2.0625267029
-11.1261615753 30.0412902832 3.7053990364 13.6580619812 0.0000000000 0.0000000000 0.1582015008 2.0517816544
-11.1634035110 30.1589870453 3.6514053345 13.6061706543 0.0000000000 0.0000000000 0.1576396525 2.0412285328
-11.2003288269 30.2760410309 3.6017415524 13.5542230606 0.0000000000 0.0000000000 0.1571294516 2.0308620930
-11.2370576859 30.3925914764 3.5557825565 13.5014801025 0.0000000000 0.0000000000 0.1566774696 2.0207033157
-11.2736015320 30.5087070465 3.5125794411 13.4479961395 0.0000000000 0.0000000000 0.1562381238 2.0108239651
-11.3099842072 30.6244068146 3.4715690613 13.3947782516 0.0000000000 0.0000000000 0.1558206826 2.0011470318
-11.3462324142 30.7397460938 3.4318225384 13.3420629501 0.0000000000 0.0000000000 0.1554281116 1.9916864634
-11.3823690414 30.8547210693 3.3928439617 13.2900285721 0.0000000000 0.0000000000 0.1550689042 1.9824540615
-11.4183845520 30.9693355560 3.3536529541 13.2391614914 0.0000000000 0.0000000000 0.1547640562 1.9734637737
-11.4542493820 31.0834903717 3.3141543865 13.1894378662 0.0000000000 0.0000000000 0.1545299292 1.9647133350
-11.4900121689 31.1972084045 3.2741730213 13.1399126053 0.0000000000 0.0000000000 0.1543644220 1.9562273026
-11.5256891251 31.3104896545 3.2325477600 13.0908603668 0.0000000000 0.0000000000 0.1542606503 1.9480178356
-11.5612993240 31.4233856201 3.1897726059 13.0415954590 0.0000000000 0.0000000000 0.1542070210 1.9401078224
-11.5967388153 31.5356540680 3.1475946903 12.9932460785 0.0000000000 0.0000000000 0.1541752964 1.9324258566
-11.6320381165 31.6474266052 3.1052343845 12.9443464279 0.0000000000 0.0000000000 0.1541511565 1.9249150753
-11.6672010422 31.7586193085 3.0628554821 12.8957023621 0.0000000000 0.0000000000 0.1541046947 1.9176448584
-11.7022552490 31.8693790436 3.0209105015 12.8471794128 0.0000000000 0.0000000000 0.1540198475 1.9105970860
-11.7371349335 31.9795608521 2.9797551632 12.7991065979 0.0000000000 0.0000000000 0.1538886875 1.9037386179
-11.7719392776 32.0893325806 2.9392688274 12.7514076233 0.0000000000 0.0000000000 0.1537223309 1.8969962597
-11.8066740036 32.1986656189 2.8995816708 12.7040786743 0.0000000000 0.0000000000 0.1535315961 1.8903268576
-11.8413267136 32.3076171875 2.8610129356 12.6580104828 0.0000000000 0.0000000000 0.1533286273 1.8836675882
-11.8758878708 32.4161529541 2.8226239681 12.6125841141 0.0000000000 0.0000000000 0.1531185359 1.8769708872
-11.9103517532 32.5243110657 2.7844824791 12.5670347214 0.0000000000 0.0000000000 0.1528768092 1.8702241182
-11.9446554184 32.6319656372 2.7464723587 12.5214099884 0.0000000000 0.0000000000 0.1525843740 1.8635060787
-11.9787559509 32.7390403748 2.7097744942 12.4758672714 0.0000000000 0.0000000000 0.1522486806 1.8568023443
-12.0127515793 32.8456535339 2.6735429764 12.4299783707 0.0000000000 0.0000000000 0.1518647671 1.8501659632
-12.0467004776 32.9519233704 2.6372876167 12.3839645386 0.0000000000 0.0000000000 0.1514670104 1.8435950279
-12.0805892944 33.0577316284 2.6010007858 12.3381090164 0.0000000000 0.0000000000 0.1510650218 1.8370523453
-12.1143941879 33.1631355286 2.5647437572 12.2925529480 0.0000000000 0.0000000000 0.1506533474 1.8306143284
-12.1481752396 33.2682113647 2.5285575390 12.2470407486 0.0000000000 0.0000000000 0.1502384394 1.8242655993
-12.1819667816 33.3729858398 2.4922888279 12.2025032043 0.0000000000 0.0000000000 0.1498306692 1.8180186749
-12.2157421112 33.4774017334 2.4565231800 12.1593532562 0.0000000000 0.0000000000 0.1494617015 1.8119200468
-12.2495326996 33.5814971924 2.4210307598 12.1172819138 0.0000000000 0.0000000000 0.1491699666 1.8058747053
-12.2832679749 33.6851425171 2.3857626915 12.0767097473 0.0000000000 0.0000000000 0.1489965767 1.7998417616
-12.3170289993 33.7884712219 2.3507730961 12.0367202759 0.0000000000 0.0000000000 0.1489414722 1.7937846184
-12.3508214951 33.8914794922 2.3159062862 11.9978294373 0.0000000000 0.0000000000 0.1490495056 1.7876826525
-12.3846569061 33.9941482544 2.2815635204 11.9600601196 0.0000000000 0.0000000000 0.1493020207 1.7815538645
-12.4184103012 34.0962181091 2.2473859787 11.9232549667 0.0000000000 0.0000000000 0.1496806890 1.7753992081
-12.4521503448 34.1977653503 2.2124364376 11.8884067535 0.0000000000 0.0000000000 0.1501175612 1.7692314386
-12.4858903885 34.2988739014 2.1757454872 11.8560810089 0.0000000000 0.0000000000 0.1504916251 1.7630357742
-12.5196838379 34.3996238708 2.1384482384 11.8259944916 0.0000000000 0.0000000000 0.1507827640 1.7568430901
-12.5535001755 34.4999275208 2.1008577347 11.7968978882 0.0000000000 0.0000000000 0.1510172635 1.7507456541
-12.5873155594 34.5998802185 2.0636203289 11.7684230804 0.0000000000 0.0000000000 0.1512024701 1.7448261976
-12.6210212708 34.6992797852 2.0282170773 11.7402544022 0.0000000000 0.0000000000 0.1513388604 1.7390872240
-12.6546440125 34.7982444763 1.9926289320 11.7118082047 0.0000000000 0.0000000000 0.1514475942 1.7335153818
-12.6881313324 34.8965606689 1.9580564499 11.6838121414 0.0000000000 0.0000000000 0.1515240669 1.7280071974
-12.7215929031 34.9944648743 1.9239875078 11.6552495956 0.0000000000 0.0000000000 0.1515599042 1.7225414515
-12.7548923492 35.0916595459 1.8911417723 11.6265830994 0.0000000000 0.0000000000 0.1515552700 1.7171748877
-12.7881450653 35.1883277893 1.8590121269 11.5977706909 0.0000000000 0.0000000000 0.1515300274 1.7119425535
-12.8213548660 35.2845153809 1.8267644644 11.5691041946 0.0000000000 0.0000000000 0.1515158117 1.7068282366
-12.8545637131 35.3802909851 1.7942775488 11.5412817001 0.0000000000 0.0000000000 0.1515143812 1.7017763853
-12.8877553940 35.4755935669 1.7607868910 11.5144386292 0.0000000000 0.0000000000 0.1515190750 1.6967597008
-12.9209136963 35.5703887939 1.7264788151 11.4893989563 0.0000000000 0.0000000000 0.1515841186 1.6918324232
-12.9540033340 35.6645965576 1.6907551289 11.4657354355 0.0000000000 0.0000000000 0.1516133994 1.6870216131
-12.9870405197 35.7582168579 1.6546338797 11.4438056946 0.0000000000 0.0000000000 0.1516178995 1.6823098660
-13.0201301575 35.8513946533 1.6178828478 11.4231595993 0.0000000000 0.0000000000 0.1516277194 1.6777489185
-13.0532531738 35.9440803528 1.5805218220 11.4036836624 0.0000000000 0.0000000000 0.1516963392 1.6733216047
-13.0864391327 36.0363502502 1.5425801277 11.3845901489 0.0000000000 0.0000000000 0.1518196464 1.6690040827
-13.1196432114 36.1281585693 1.5049623251 11.3651571274 0.0000000000 0.0000000000 0.1519629359 1.6648091078
-13.1528635025 36.2194824219 1.4682811499 11.3449611664 0.0000000000 0.0000000000 0.1520634145 1.6606893539
-13.1860074997 36.3101081848 1.4320054054 11.3239536285 0.0000000000 0.0000000000 0.1520916522 1.6566050053
-13.2190647125 36.4000663757 1.3963460922 11.3024358749 0.0000000000 0.0000000000 0.1520319134 1.6525200605
-13.2520427704 36.4893684387 1.3615339994 11.2808046341 0.0000000000 0.0000000000 0.1518860310 1.6484479904
-13.2849102020 36.5779571533 1.3284863234 11.2586212158 0.0000000000 0.0000000000 0.1516824961 1.6444090605
-13.3178167343 36.6661949158 1.2959772348 11.2358455658 0.0000000000 0.0000000000 0.1514504850 1.6404181719
-13.3507652283 36.7541084290 1.2639483213 11.2127895355 0.0000000000 0.0000000000 0.1512095630 1.6365069151
-13.3836851120 36.8415069580 1.2321909666 11.1888580322 0.0000000000 0.0000000000 0.1509650797 1.6327005625
-13.4165525436 36.9284706116 1.2006533146 11.1640872955 0.0000000000 0.0000000000 0.1507216841 1.6290205717
-13.4493875504 37.0150146484 1.1692326069 11.1383142471 0.0000000000 0.0000000000 0.1504830271 1.6254603863
-13.4822320938 37.1012039185 1.1370124817 11.1114768982 0.0000000000 0.0000000000 0.1502641588 1.6220597029
-13.5149602890 37.1869354248 1.1037205458 11.0848550797 0.0000000000 0.0000000000 0.1500731707 1.6188094616
-13.5475997925 37.2721862793 1.0695759058 11.0580730438 0.0000000000 0.0000000000 0.1499144286 1.6157206297
-13.5801534653 37.3570365906 1.0348323584 11.0317316055 0.0000000000 0.0000000000 0.1497871280 1.6128036976
-13.6126823425 37.4415855408 1.0003880262 11.0052652359 0.0000000000 0.0000000000 0.1496957242 1.6100198030
-13.6451091766 37.5256805420 0.9681799412 10.9792232513 0.0000000000 0.0000000000 0.1496622562 1.6073285341
-13.6773929596 37.6093521118 0.9393254519 10.9534473419 0.0000000000 0.0000000000 0.1496805549 1.6046760082
-13.7096214294 37.6926841736 0.9139190316 10.9280900955 0.0000000000 0.0000000000 0.1497378796 1.6020538807
-13.7417259216 37.7755813599 0.8912194967 10.9041929245 0.0000000000 0.0000000000 0.1498242766 1.5993560553
-13.7738027573 37.8582000732 0.8692255020 10.8807210922 0.0000000000 0.0000000000 0.1499181241 1.5965979099
-13.8057384491 37.9403343201 0.8476195931 10.8579254150 0.0000000000 0.0000000000 0.1499990821 1.5938286781
-13.8375368118 38.0219993591 0.8250904083 10.8359451294 0.0000000000 0.0000000000 0.1500632614 1.5910153389
-13.8691883087 38.1030502319 0.8011283875 10.8146305084 0.0000000000 0.0000000000 0.1501037031 1.5881092548
-13.9007873535 38.1838150024 0.7758989334 10.7936897278 0.0000000000 0.0000000000 0.1501210183 1.5850363970
-13.9323062897 38.2643585205 0.7503436208 10.7733039856 0.0000000000 0.0000000000 0.1501211822 1.5819056034
-13.9637451172 38.3445205688 0.7251142263 10.7534866333 0.0000000000 0.0000000000 0.1500961930 1.5787543058
-13.9950866699 38.4242515564 0.7006446123 10.7343826294 0.0000000000 0.0000000000 0.1500631869 1.5755761862
-14.0263834000 38.5036773682 0.6770355701 10.7160100937 0.0000000000 0.0000000000 0.1500246078 1.5723359585
-14.0576620102 38.5828552246 0.6551235914 10.6982488632 0.0000000000 0.0000000000 0.1499792039 1.5690751076
-14.0888156891 38.6616401672 0.6347749829 10.6812858582 0.0000000000 0.0000000000 0.1499419957 1.5657987595
-14.1199588776 38.7401962280 0.6152370572 10.6649332047 0.0000000000 0.0000000000 0.1499250978 1.5625007153
-14.1509332657 38.8183326721 0.5953083634 10.6487836838 0.0000000000 0.0000000000 0.1499197930 1.5591993332
-14.1818275452 38.8961677551 0.5734221339 10.6329021454 0.0000000000 0.0000000000 0.1499218792 1.5559116602
-14.2126998901 38.9737586975 0.5491740704 10.6173419952 0.0000000000 0.0000000000 0.1499107182 1.5526671410
-14.2434759140 39.0509529114 0.5220946074 10.6023006439 0.0000000000 0.0000000000 0.1498758048 1.5494740009
-14.2741556168 39.1278266907 0.4925080240 10.5879640579 0.0000000000 0.0000000000 0.1497993916 1.5463205576
-14.3047256470 39.2043800354 0.4606949091 10.5746192932 0.0000000000 0.0000000000 0.1496620029 1.5432426929
-14.3351144791 39.2805557251 0.4274851978 10.5622005463 0.0000000000 0.0000000000 0.1494560093 1.5402426720
-14.3654270172 39.3565292358 0.3945396841 10.5505199432 0.0000000000 0.0000000000 0.1491984278 1.5372939110
-14.3956899643 39.4323158264 0.3630391657 10.5391044617 0.0000000000 0.0000000000 0.1488789171 1.5343863964
-14.4258375168 39.5078163147 0.3333813846 10.5274610519 0.0000000000 0.0000000000 0.1484893262 1.5315763950
-14.4558696747 39.5830383301 0.3052649796 10.5164852142 0.0000000000 0.0000000000 0.1480444521 1.5288509130
-14.4856739044 39.6578445435 0.2783116996 10.5052328110 0.0000000000 0.0000000000 0.1475587487 1.5262362957
-14.5152025223 39.7322273254 0.2529771626 10.4937086105 0.0000000000 0.0000000000 0.1470579654 1.5237827301
-14.5446014404 39.8063240051 0.2287711352 10.4812698364 0.0000000000 0.0000000000 0.1465576589 1.5214850903
-14.5739030838 39.8801918030 0.2053329945 10.4682941437 0.0000000000 0.0000000000 0.1460717916 1.5193293095
-14.6030464172 39.9537277222 0.1824191660 10.4549865723 0.0000000000 0.0000000000 0.1456117928 1.5173038244
-14.6320600510 40.0270004272 0.1589287817 10.4417972565 0.0000000000 0.0000000000 0.1451832056 1.5153995752
-14.6610116959 40.1000747681 0.1348534971 10.4288234711 0.0000000000 0.0000000000 0.1447996497 1.5135377645
-14.6899356842 40.1730117798 0.1093679667 10.4164199829 0.0000000000 0.0000000000 0.1444620490 1.5116928816
-14.7187900543 40.2457313538 0.0821187198 10.4043102264 0.0000000000 0.0000000000 0.1441595852 1.5098261833
-14.7476034164 40.3182945251 0.0533464700 10.3923091888 0.0000000000 0.0000000000 0.1438660324 1.5078983307
-14.7762956619 40.3905944824 0.0239163991 10.3805065155 0.0000000000 0.0000000000 0.1435649246 1.5059307814
-14.8048925400 40.4626350403 -0.0067901025 10.3687448502 0.0000000000 0.0000000000 0.1432556808 1.5040109158
-14.8333663940 40.5345001221 -0.0382750407 10.3570804596 0.0000000000 0.0000000000 0.1429352164 1.5021201372
-14.8617315292 40.6061248779 -0.0693349987 10.3453722000 0.0000000000 0.0000000000 0.1426218450 1.5003180504
-14.8899478912 40.6774520874 -0.0992447510 10.3335561752 0.0000000000 0.0000000000 0.1423199177 1.4986391068
-14.9180393219 40.7485351562 -0.1273945272 10.3214139938 0.0000000000 0.0000000000 0.1420145035 1.4970786572
-14.9460716248 40.8194198608 -0.1531105340 10.3087339401 0.0000000000 0.0000000000 0.1417098343 1.4956946373
-14.9740028381 40.8900680542 -0.1766388267 10.2956314087 0.0000000000 0.0000000000 0.1414189190 1.4944615364
-15.0017929077 40.9603767395 -0.1980977207 10.2822494507 0.0000000000 0.0000000000 0.1411360204 1.4933838844
-15.0295124054 41.0304946899 -0.2174618393 10.2681035995 0.0000000000 0.0000000000 0.1408536583 1.4925019741
-15.0571336746 41.1003952026 -0.2344348133 10.2531633377 0.0000000000 0.0000000000 0.1405609250 1.4917500019
-15.0846233368 41.1700515747 -0.2490211576 10.2373723984 0.0000000000 0.0000000000 0.1402420998 1.4910625219
-15.1119871140 41.2394943237 -0.2618753314 10.2206420898 0.0000000000 0.0000000000 0.1398922503 1.4903223515
-15.1391973495 41.3085670471 -0.2733156383 10.2026176453 0.0000000000 0.0000000000 0.1395303160 1.4895395041
-15.1663770676 41.3774909973 -0.2855525017 10.1838455200 0.0000000000 0.0000000000 0.1391886324 1.4887552261
-15.1935014725 41.4461174011 -0.2990011275 10.1645298004 0.0000000000 0.0000000000 0.1388994455 1.4880453348
-15.2205772400 41.5145912170 -0.3136778474 10.1447582245 0.0000000000 0.0000000000 0.1386711001 1.4874080420
-15.2476444244 41.5829849243 -0.3296324611 10.1245088577 0.0000000000 0.0000000000 0.1385057271 1.4868513346
-15.2746515274 41.6511459351 -0.3460916579 10.1036043167 0.0000000000 0.0000000000 0.1383909434 1.4862790108
-15.3016128540 41.7191619873 -0.3629772365 10.0824918747 0.0000000000 0.0000000000 0.1383105665 1.4856039286
-15.3284587860 41.7868690491 -0.3801027834 10.0614509583 0.0000000000 0.0000000000 0.1382249892 1.4848233461
-15.3552360535 41.8543510437 -0.3983149230 10.0405416489 0.0000000000 0.0000000000 0.1381480396 1.4839972258
-15.3820543289 41.9217948914 -0.4179144204 10.0208902359 0.0000000000 0.0000000000 0.1380675286 1.4832692146
-15.4088544846 41.9891204834 -0.4393031001 10.0029106140 0.0000000000 0.0000000000 0.1379342526 1.4824255705
-15.4356260300 42.0562324524 -0.4624495208 9.9862861633 0.0000000000 0.0000000000 0.1377224028 1.4809664488
-15.4623336792 42.1230888367 -0.4875854254 9.9717140198 0.0000000000 0.0000000000 0.1374757588 1.4790672064
-15.4890031815 42.1897964478 -0.5150341392 9.9586391449 0.0000000000 0.0000000000 0.1372434795 1.4770926237
-15.5155057907 42.2561149597 -0.5444400907 9.9473876953 0.0000000000 0.0000000000 0.1370534599 1.4752348661
-15.5419378281 42.3222923279 -0.5747973323 9.9374418259 0.0000000000 0.0000000000 0.1369113773 1.4734398127
-15.5682716370 42.3882102966 -0.6041249037 9.9282712936 0.0000000000 0.0000000000 0.1368075907 1.4715721607
-15.5944862366 42.4538230896 -0.6315608621 9.9198207855 0.0000000000 0.0000000000 0.1367130280 1.4696439505
-15.6205854416 42.5192222595 -0.6576530933 9.9118728638 0.0000000000 0.0000000000 0.1365939826 1.4676369429
-15.6466207504 42.5844764709 -0.6822817922 9.9045267105 0.0000000000 0.0000000000 0.1364095658 1.4655029774
-15.6725692749 42.6495285034 -0.7051322460 9.8975439072 0.0000000000 0.0000000000 0.1361462325 1.4632019997
-15.6984090805 42.7143592834 -0.7263014913 9.8900556564 0.0000000000 0.0000000000 0.1358215511 1.4608978033
-15.7241430283 42.7789268494 -0.7456105947 9.8823642731 0.0000000000 0.0000000000 0.1354553998 1.4586958885
-15.7498073578 42.8433685303 -0.7628577352 9.8739557266 0.0000000000 0.0000000000 0.1351008713 1.4566473961
-15.7754001617 42.9076614380 -0.7785962224 9.8649692535 0.0000000000 0.0000000000 0.1347770095 1.4547748566
-15.8009481430 42.9717483521 -0.7929232121 9.8551445007 0.0000000000 0.0000000000 0.1344763637 1.4531279802
-15.8264589310 43.0357017517 -0.8064315319 9.8447160721 0.0000000000 0.0000000000 0.1342110187 1.4516845942
-15.8519735336 43.0995330811 -0.8193991184 9.8340253830 0.0000000000 0.0000000000 0.1339823902 1.4504609108
-15.8774929047 43.1632232666 -0.8322818875 9.8232555389 0.0000000000 0.0000000000 0.1337589025 1.4493823051
-15.9028425217 43.2265892029 -0.8454214334 9.8128070831 0.0000000000 0.0000000000 0.1335387677 1.4483671188
-15.9281597137 43.2897186279 -0.8604802489 9.8027753830 0.0000000000 0.0000000000 0.1332895160 1.4474695921
-15.9533329010 43.3525886536 -0.8762488961 9.7933015823 0.0000000000 0.0000000000 0.1329902709 1.4467135668
-15.9784536362 43.4152870178 -0.8921906948 9.7841691971 0.0000000000 0.0000000000 0.1326788664 1.4460418224
-16.0035495758 43.4778327942 -0.9078897238 9.7752819061 0.0000000000 0.0000000000 0.1324022263 1.4453990459
-16.0286216736 43.5401725769 -0.9237255454 9.7664699554 0.0000000000 0.0000000000 0.1321856081 1.4447801113
-16.0536613464 43.6022682190 -0.9399324059 9.7579174042 0.0000000000 0.0000000000 0.1320708394 1.4440336227
-16.0786323547 43.6640510559 -0.9569464326 9.7494697571 0.0000000000 0.0000000000 0.1320711076 1.4431116581
-16.1035957336 43.7255668640 -0.9751386046 9.7410411835 0.0000000000 0.0000000000 0.1321330369 1.4419715405
-16.1284980774 43.7866973877 -0.9943098426 9.7322626114 0.0000000000 0.0000000000 0.1321959794 1.4406961203
-16.1532363892 43.8474426270 -1.0135115385 9.7231359482 0.0000000000 0.0000000000 0.1321939677 1.4393714666
-16.1780109406 43.9081764221 -1.0333534479 9.7140312195 0.0000000000 0.0000000000 0.1320980191 1.4380569458
-16.2027950287 43.9688148499 -1.0538194180 9.7052412033 0.0000000000 0.0000000000 0.1319299787 1.4367761612
-16.2275505066 44.0292701721 -1.0754265785 9.6968641281 0.0000000000 0.0000000000 0.1317364424 1.4355388880
-16.2522087097 44.0893554688 -1.0979920626 9.6889648438 0.0000000000 0.0000000000 0.1315598041 1.4343408346
-16.2768344879 44.1493072510 -1.1217138767 9.6817007065 0.0000000000 0.0000000000 0.1314310133 1.4331299067
-16.3013668060 44.2090110779 -1.1456806660 9.6747264862 0.0000000000 0.0000000000 0.1313387305 1.4318571091
-16.3257560730 44.2684631348 -1.1696385145 9.6678752899 0.0000000000 0.0000000000 0.1312489659 1.4305357933
-16.3501014709 44.3277778625 -1.1940590143 9.6608381271 0.0000000000 0.0000000000 0.1311330497 1.4292432070
-16.3742694855 44.3868103027 -1.2194013596 9.6537828445 0.0000000000 0.0000000000 0.1309589148 1.4279986620
-16.3983440399 44.4456024170 -1.2460207939 9.6469869614 0.0000000000 0.0000000000 0.1307226270 1.4268448353
-16.4223899841 44.5043029785 -1.2729597092 9.6400108337 0.0000000000 0.0000000000 0.1304528713 1.4257553816
-16.4463653564 44.5628356934 -1.2993890047 9.6326284409 0.0000000000 0.0000000000 0.1301839352 1.4247533083
-16.4702758789 44.6212272644 -1.3252013922 9.6250095367 0.0000000000 0.0000000000 0.1299399436 1.4238985777
-16.4940547943 44.6793327332 -1.3491942883 9.6173038483 0.0000000000 0.0000000000 0.1297280788 1.4232389927
-16.5176982880 44.7371215820 -1.3716434240 9.6095733643 0.0000000000 0.0000000000 0.1295423955 1.4227428436
-16.5413303375 44.7947731018 -1.3920725584 9.6022024155 0.0000000000 0.0000000000 0.1293507218 1.4223225117
-16.5648441315 44.8522109985 -1.4109203815 9.5948104858 0.0000000000 0.0000000000 0.1291318238 1.4219757318
-16.5882930756 44.9095268250 -1.4278846979 9.5874624252 0.0000000000 0.0000000000 0.1288689971 1.4216312170
-16.6116333008 44.9666900635 -1.4440616369 9.5804986954 0.0000000000 0.0000000000 0.1285671294 1.4213025570
-16.6349010468 45.0235710144 -1.4597480297 9.5745277405 0.0000000000 0.0000000000 0.1282496005 1.4209697247
-16.6581478119 45.0803031921 -1.4753863811 9.5693569183 0.0000000000 0.0000000000 0.1279481500 1.4205273390
-16.6813392639 45.1368484497 -1.4914507866 9.5649299622 0.0000000000 0.0000000000 0.1276813596 1.4199367762
-16.7045669556 45.1932601929 -1.5073114634 9.5610170364 0.0000000000 0.0000000000 0.1274805665 1.4192627668
-16.7278251648 45.2495498657 -1.5228863955 9.5576152802 0.0000000000 0.0000000000 0.1273684949 1.4184401035
-16.7510166168 45.3055343628 -1.5388975143 9.5545196533 0.0000000000 0.0000000000 0.1273518056 1.4174718857
-16.7742347717 45.3613777161 -1.5547857285 9.5519409180 0.0000000000 0.0000000000 0.1273888648 1.4163495302
-16.7973995209 45.4169502258 -1.5707165003 9.5495977402 0.0000000000 0.0000000000 0.1274679452 1.4150705338
-16.8205471039 45.4722671509 -1.5871045589 9.5475406647 0.0000000000 0.0000000000 0.1275773197 1.4135847092
-16.8435516357 45.5271949768 -1.6037501097 9.5458936691 0.0000000000 0.0000000000 0.1276980489 1.4119266272
-16.8664932251 45.5819129944 -1.6199098825 9.5443506241 0.0000000000 0.0000000000 0.1278168857 1.4101221561
-16.8894290924 45.6364746094 -1.6358506680 9.5424499512 0.0000000000 0.0000000000 0.1279345602 1.4082716703
-16.9123516083 45.6908378601 -1.6514308453 9.5398483276 0.0000000000 0.0000000000 0.1280352771 1.4064520597
-16.9352054596 45.7449264526 -1.6666018963 9.5367488861 0.0000000000 0.0000000000 0.1280867904 1.4046489000
-16.9580154419 45.7988510132 -1.6811792850 9.5330648422 0.0000000000 0.0000000000 0.1280754954 1.4029012918
-16.9807758331 45.8526229858 -1.6950303316 9.5289764404 0.0000000000 0.0000000000 0.1279933900 1.4012910128
-17.0034809113 45.9061737061 -1.7093517780 9.5241966248 0.0000000000 0.0000000000 0.1278457940 1.3998559713
-17.0259990692 45.9594383240 -1.7235413790 9.5189561844 0.0000000000 0.0000000000 0.1276435703 1.3986968994
-17.0484390259 46.0124397278 -1.7383739948 9.5133008957 0.0000000000 0.0000000000 0.1273846626 1.3978451490
-17.0707893372 46.0652389526 -1.7536474466 9.5077438354 0.0000000000 0.0000000000 0.1270940453 1.3971673250
-17.0929088593 46.1177330017 -1.7694872618 9.5022974014 0.0000000000 0.0000000000 0.1268034279 1.3965703249
-17.1149902344 46.1701431274 -1.7858405113 9.4973011017 0.0000000000 0.0000000000 0.1265192181 1.3960462809
-17.1370143890 46.2223777771 -1.8025038242 9.4929275513 0.0000000000 0.0000000000 0.1262514442 1.3954830170
-17.1589412689 46.2745018005 -1.8198157549 9.4891586304 0.0000000000 0.0000000000 0.1260032952 1.3948984146
-17.1807575226 46.3263816833 -1.8368828297 9.4859848022 0.0000000000 0.0000000000 0.1257843226 1.3941625357
-17.2024955750 46.3780670166 -1.8538708687 9.4828653336 0.0000000000 0.0000000000 0.1255971938 1.3934236765
-17.2240295410 46.4293670654 -1.8711435795 9.4800634384 0.0000000000 0.0000000000 0.1254537106 1.3926497698
-17.2455577850 46.4806022644 -1.8886225224 9.4775056839 0.0000000000 0.0000000000 0.1253442764 1.3918586969
-17.2669868469 46.5316619873 -1.9056695700 9.4749002457 0.0000000000 0.0000000000 0.1252638847 1.3911418915
-17.2883968353 46.5826950073 -1.9229291677 9.4723997116 0.0000000000 0.0000000000 0.1252139211 1.3904910088
-17.3097972870 46.6336975098 -1.9407161474 9.4699201584 0.0000000000 0.0000000000 0.1251805276 1.3898652792
-17.3311710358 46.6846275330 -1.9584207535 9.4673509598 0.0000000000 0.0000000000 0.1251607388 1.3892154694
-17.3524284363 46.7353897095 -1.9761536121 9.4648866653 0.0000000000 0.0000000000 0.1251240820 1.3884743452
-17.3736152649 46.7859992981 -1.9943937063 9.4629135132 0.0000000000 0.0000000000 0.1250778586 1.3876603842
-17.3947658539 46.8365440369 -2.0125958920 9.4612169266 0.0000000000 0.0000000000 0.1250142902 1.3868080378
-17.4158439636 46.8869857788 -2.0313210487 9.4596624374 0.0000000000 0.0000000000 0.1249413788 1.3859325647
-17.4368000031 46.9372367859 -2.0501623154 9.4580621719 0.0000000000 0.0000000000 0.1248528361 1.3851295710
-17.4577045441 46.9873962402 -2.0690095425 9.4562444687 0.0000000000 0.0000000000 0.1247545183 1.3843374252
-17.4785175323 47.0374336243 -2.0879981518 9.4542102814 0.0000000000 0.0000000000 0.1246507615 1.3835909367
-17.4992332458 47.0873146057 -2.1060082912 9.4515533447 0.0000000000 0.0000000000 0.1245500818 1.3828098774
-17.5198974609 47.1370887756 -2.1231014729 9.4488325119 0.0000000000 0.0000000000 0.1244255751 1.3818203211
-17.5404853821 47.1867408752 -2.1397039890 9.4462738037 0.0000000000 0.0000000000 0.1242654324 1.3806239367
-17.5610275269 47.2363052368 -2.1558461189 9.4440402985 0.0000000000 0.0000000000 0.1240728721 1.3794201612
-17.5815029144 47.2857780457 -2.1715276241 9.4419851303 0.0000000000 0.0000000000 0.1238678843 1.3782476187
-17.6018962860 47.3350830078 -2.1871969700 9.4401159286 0.0000000000 0.0000000000 0.1236687750 1.3771754503
-17.6221923828 47.3841857910 -2.2022395134 9.4384069443 0.0000000000 0.0000000000 0.1234993935 1.3761456013
-17.6422996521 47.4330902100 -2.2165539265 9.4368038177 0.0000000000 0.0000000000 0.1233612970 1.3751020432
-17.6623306274 47.4818916321 -2.2300679684 9.4353103638 0.0000000000 0.0000000000 0.1232304350 1.3741133213
-17.6823368073 47.5305786133 -2.2431671619 9.4342060089 0.0000000000 0.0000000000 0.1230821088 1.3732032776
-17.7022151947 47.5790519714 -2.2556993961 9.4335861206 0.0000000000 0.0000000000 0.1229113042 1.3723492622
-17.7220726013 47.6274261475 -2.2675461769 9.4328804016 0.0000000000 0.0000000000 0.1227386147 1.3715454340
-17.7419204712 47.6757240295 -2.2786605358 9.4318180084 0.0000000000 0.0000000000 0.1225684360 1.3707484007
-17.7617073059 47.7238159180 -2.2886297703 9.4305133820 0.0000000000 0.0000000000 0.1224123091 1.3699904680
-17.7814426422 47.7717666626 -2.2982563972 9.4289903641 0.0000000000 0.0000000000 0.1222774386 1.3693248034
-17.8011283875 47.8196334839 -2.3079159260 9.4273958206 0.0000000000 0.0000000000 0.1221625656 1.3687601089
-17.8207550049 47.8674087524 -2.3173227310 9.4255752563 0.0000000000 0.0000000000 0.1220550910 1.3682110310
-17.8402805328 47.9150733948 -2.3263421059 9.4232578278 0.0000000000 0.0000000000 0.1219539568 1.3676239252
-17.8598175049 47.9626922607 -2.3352460861 9.4204339981 0.0000000000 0.0000000000 0.1218496934 1.3669764996
-17.8792572021 48.0102233887 -2.3446962833 9.4173974991 0.0000000000 0.0000000000 0.1217340529 1.3662563562
-17.8986644745 48.0576744080 -2.3549735546 9.4141864777 0.0000000000 0.0000000000 0.1216025501 1.3654712439
-17.9180355072 48.1050300598 -2.3660836220 9.4111261368 0.0000000000 0.0000000000 0.1214566976 1.3645780087
-17.9373989105 48.1522712708 -2.3781285286 9.4083890915 0.0000000000 0.0000000000 0.1213154569 1.3636035919
-17.9567451477 48.1993675232 -2.3904581070 9.4058275223 0.0000000000 0.0000000000 0.1211797819 1.3626270294
-17.9760913849 48.2463874817 -2.4034368992 9.4032831192 0.0000000000 0.0000000000 0.1210418269 1.3616168499
-17.9953536987 48.2932510376 -2.4169917107 9.4007940292 0.0000000000 0.0000000000 0.1209035888 1.3606934547
-18.0146274567 48.3400726318 -2.4309363365 9.3985471725 0.0000000000 0.0000000000 0.1207687408 1.3597866297
-18.0338935852 48.3868141174 -2.4448263645 9.3964300156 0.0000000000 0.0000000000 0.1206516176 1.3589603901
-18.0531120300 48.4334068298 -2.4585876465 9.3947296143 0.0000000000 0.0000000000 0.1205594912 1.3582260609
-18.0722846985 48.4799270630 -2.4722337723 9.3931303024 0.0000000000 0.0000000000 0.1204408035 1.3575041294
-18.0914325714 48.5263824463 -2.4855692387 9.3917026520 0.0000000000 0.0000000000 0.1202805117 1.3567968607
-18.1104907990 48.5726470947 -2.4983429909 9.3905696869 0.0000000000 0.0000000000 0.1200758442 1.3561475277
-18.1294784546 48.6187629700 -2.5098259449 9.3895788193 0.0000000000 0.0000000000 0.1198518351 1.3555052280
-18.1484394073 48.6647529602 -2.5199463367 9.3886623383 0.0000000000 0.0000000000 0.1196622327 1.3549089432
-18.1673431396 48.7105445862 -2.5284140110 9.3876733780 0.0000000000 0.0000000000 0.1195281222 1.3543307781
-18.1860942841 48.7559852600 -2.5352351665 9.3866882324 0.0000000000 0.0000000000 0.1194670871 1.3538452387
-18.2047119141 48.8011589050 -2.5415930748 9.3858833313 0.0000000000 0.0000000000 0.1194657385 1.3534450531
-18.2233352661 48.8462753296 -2.5479166508 9.3851976395 0.0000000000 0.0000000000 0.1194836050 1.3530685902
-18.2419433594 48.8912925720 -2.5548350811 9.3845386505 0.0000000000 0.0000000000 0.1195153445 1.3528134823
-18.2605285645 48.9362449646 -2.5629842281 9.3839797974 0.0000000000 0.0000000000 0.1195735335 1.3526558876
-18.2790470123 48.9810867310 -2.5725784302 9.3833885193 0.0000000000 0.0000000000 0.1196472645 1.3525339365
-18.2975883484 49.0258789062 -2.5843167305 9.3825483322 0.0000000000 0.0000000000 0.1197138056 1.3524775505
-18.3160343170 49.0704994202 -2.5982370377 9.3819065094 0.0000000000 0.0000000000 0.1197386384 1.3525029421
-18.3344650269 49.1150856018 -2.6134610176 9.3812751770 0.0000000000 0.0000000000 0.1197080240 1.3525122404
-18.3528461456 49.1595916748 -2.6295216084 9.3805379868 0.0000000000 0.0000000000 0.1196404546 1.3526122570
-18.3710842133 49.2039108276 -2.6456000805 9.3795423508 0.0000000000 0.0000000000 0.1195759699 1.3526072502
-18.3892459869 49.2480163574 -2.6613481045 9.3782148361 0.0000000000 0.0000000000 0.1195253059 1.3524488211
-18.4073028564 49.2919845581 -2.6771414280 9.3766756058 0.0000000000 0.0000000000 0.1194609031 1.3520243168
-18.4252815247 49.3358612061 -2.6929502487 9.3749961853 0.0000000000 0.0000000000 0.1193637773 1.3514851332
-18.4431800842 49.3796386719 -2.7086327076 9.3731737137 0.0000000000 0.0000000000 0.1192108169 1.3507823944
-18.4609527588 49.4233207703 -2.7238388062 9.3712291718 0.0000000000 0.0000000000 0.1189748868 1.3497560024
-18.4787025452 49.4669647217 -2.7381083965 9.3689861298 0.0000000000 0.0000000000 0.1187012047 1.3485394716
-18.4963302612 49.5102615356 -2.7515134811 9.3665170670 0.0000000000 0.0000000000 0.1184531003 1.3472216129
-18.5137596130 49.5532379150 -2.7642312050 9.3641319275 0.0000000000 0.0000000000 0.1182433441 1.3459903002
-18.5311813354 49.5962104797 -2.7771513462 9.3620023727 0.0000000000 0.0000000000 0.1180635691 1.3447666168
-18.5485401154 49.6390075684 -2.7906494141 9.3603467941 0.0000000000 0.0000000000 0.1178894788 1.3436485529
-18.5658855438 49.6817512512 -2.8048493862 9.3588914871 0.0000000000 0.0000000000 0.1177109703 1.3427462578
-18.5832042694 49.7243995667 -2.8189842701 9.3571805954 0.0000000000 0.0000000000 0.1175504252 1.3420317173
-18.6004695892 49.7669219971 -2.8328797817 9.3551559448 0.0000000000 0.0000000000 0.1174014956 1.3413450718
-18.6176319122 49.8092689514 -2.8470268250 9.3530607224 0.0000000000 0.0000000000 0.1172784641 1.3406953812
-18.6346931458 49.8512725830 -2.8608596325 9.3509349823 0.0000000000 0.0000000000 0.1171770096 1.3401460648
-18.6517009735 49.8931922913 -2.8747627735 9.3487472534 0.0000000000 0.0000000000 0.1170645729 1.3397072554
-18.6685581207 49.9349670410 -2.8889145851 9.3464775085 0.0000000000 0.0000000000 0.1169153750 1.3392275572
-18.6853733063 49.9766731262 -2.9032855034 9.3445339203 0.0000000000 0.0000000000 0.1167375520 1.3386706114
-18.7021560669 50.0183334351 -2.9183940887 9.3431634903 0.0000000000 0.0000000000 0.1165161654 1.3380357027
-18.7188014984 50.0598487854 -2.9331865311 9.3425016403 0.0000000000 0.0000000000 0.1162728965 1.3373545408
-18.7353897095 50.1013221741 -2.9474351406 9.3422193527 0.0000000000 0.0000000000 0.1160312817 1.3366934061
-18.7518825531 50.1426925659 -2.9601833820 9.3422193527 0.0000000000 0.0000000000 0.1158204004 1.3360660076
-18.7683010101 50.1839523315 -2.9718406200 9.3424062729 0.0000000000 0.0000000000 0.1156483665 1.3355035782
-18.7846317291 50.2250556946 -2.9823498726 9.3425359726 0.0000000000 0.0000000000 0.1155551895 1.3349971771
-18.8008899689 50.2660255432 -2.9918842316 9.3427019119 0.0000000000 0.0000000000 0.1155303493 1.3344197273
-18.8171234131 50.3069572449 -3.0013694763 9.3428659439 0.0000000000 0.0000000000 0.1155207977 1.3338495493
-18.8332862854 50.3477439880 -3.0111172199 9.3433532715 0.0000000000 0.0000000000 0.1154692471 1.3332566023
-18.8492870331 50.3883476257 -3.0212857723 9.3436555862 0.0000000000 0.0000000000 0.1153696701 1.3328369856
-18.8653163910 50.4289741516 -3.0325121880 9.3441019058 0.0000000000 0.0000000000 0.1152188256 1.3325080872
-18.8813190460 50.4695396423 -3.0440382957 9.3444757462 0.0000000000 0.0000000000 0.1150256842 1.3322556019
-18.8972816467 50.5099525452 -3.0549037457 9.3441667557 0.0000000000 0.0000000000 0.1148040220 1.3321111202
-18.9131450653 50.5502166748 -3.0653991699 9.3432865143 0.0000000000 0.0000000000 0.1145477667 1.3319603205
-18.9289569855 50.5902557373 -3.0752308369 9.3415794373 0.0000000000 0.0000000000 0.1142638400 1.3318659067
-18.9446945190 50.6301307678 -3.0838360786 9.3393430710 0.0000000000 0.0000000000 0.1139661968 1.3318378925
-18.9604721069 50.6700706482 -3.0919287205 9.3368806839 0.0000000000 0.0000000000 0.1136834919 1.3318771124
-18.9762840271 50.7100372314 -3.0999906063 9.3345422745 0.0000000000 0.0000000000 0.1134307832 1.3317990303
-18.9921131134 50.7500381470 -3.1081078053 9.3322544098 0.0000000000 0.0000000000 0.1132256910 1.3315157890
-19.0078182220 50.7897949219 -3.1165070534 9.3303775787 0.0000000000 0.0000000000 0.1130588129 1.3310854435
-19.0235290527 50.8295478821 -3.1249761581 9.3283452988 0.0000000000 0.0000000000 0.1129321679 1.3306490183
-19.0392379761 50.8693046570 -3.1334505081 9.3262271881 0.0000000000 0.0000000000 0.1128399968 1.3301447630
-19.0548553467 50.9089508057 -3.1416604519 9.3239297867 0.0000000000 0.0000000000 0.1127540842 1.3295872211
-19.0704040527 50.9485473633 -3.1497347355 9.3215236664 0.0000000000 0.0000000000 0.1126706898 1.3289310932
-19.0858936310 50.9881401062 -3.1582870483 9.3189449310 0.0000000000 0.0000000000 0.1125738323 1.3282250166
-19.1013145447 51.0276603699 -3.1667382717 9.3160858154 0.0000000000 0.0000000000 0.1124499217 1.3274190426
-19.1166095734 51.0671386719 -3.1754059792 9.3131389618 0.0000000000 0.0000000000 0.1123149619 1.3264901638
-19.1317996979 51.1065902710 -3.1848304272 9.3103094101 0.0000000000 0.0000000000 0.1121807992 1.3256096840
-19.1468467712 51.1460037231 -3.1941473484 9.3075590134 0.0000000000 0.0000000000 0.1120764315 1.3248836994
-19.1618404388 51.1854209900 -3.2036781311 9.3048191071 0.0000000000 0.0000000000 0.1119969115 1.3242450953
-19.1767597198 51.2248229980 -3.2133481503 9.3022317886 0.0000000000 0.0000000000 0.1119284257 1.3236044645
-19.1915569305 51.2640457153 -3.2228567600 9.3000955582 0.0000000000 0.0000000000 0.1118786708 1.3229205608
-19.2062301636 51.3031425476 -3.2326288223 9.2982816696 0.0000000000 0.0000000000 0.1118286252 1.3223165274
-19.2207832336 51.3421058655 -3.2428364754 9.2967767715 0.0000000000 0.0000000000 0.1117788255 1.3216884136
-19.2352905273 51.3810157776 -3.2535724640 9.2957420349 0.0000000000 0.0000000000 0.1117141917 1.3211066723
-19.2496776581 51.4196853638 -3.2649776936 9.2952280045 0.0000000000 0.0000000000 0.1116276830 1.3206417561
-19.2640304565 51.4583053589 -3.2759716511 9.2947368622 0.0000000000 0.0000000000 0.1115090325 1.3202309608
-19.2782669067 51.4967651367 -3.2860257626 9.2942180634 0.0000000000 0.0000000000 0.1113806590 1.3199497461
-19.2924728394 51.5351486206 -3.2945520878 9.2936363220 0.0000000000 0.0000000000 0.1112294644 1.3196976185
-19.3066596985 51.5734786987 -3.3019530773 9.2931671143 0.0000000000 0.0000000000 0.1110615134 1.3193460703
-19.3207931519 51.6117172241 -3.3083174229 9.2927236557 0.0000000000 0.0000000000 0.1109003797 1.3189058304
-19.3348674774 51.6498565674 -3.3140125275 9.2925233841 0.0000000000 0.0000000000 0.1107588857 1.3183591366
-19.3488750458 51.6878204346 -3.3193106651 9.2923965454 0.0000000000 0.0000000000 0.1106405556 1.3178366423
-19.3628330231 51.7257232666 -3.3244373798 9.2921466827 0.0000000000 0.0000000000 0.1105411798 1.3172281981
-19.3767910004 51.7635917664 -3.3294186592 9.2919435501 0.0000000000 0.0000000000 0.1104436591 1.3165256977
