#         COST_U        COST_H      COST_D       COST_S       REGU_H       REGU_S          HPO           COSTGLEN 
294.1456604004 0.0000000000 0.0000000000 0.0000000000 7.3697566986 0.0000000000 1.7718815804
102.8504562378 0.0000000000 0.0000000000 0.1213933229 7.2255210876 0.0000000000 -0.1089646816
74.1283721924 0.0000000000 0.0000000000 0.3882810771 6.9609942436 0.0000000000 -0.3738317490
67.8417434692 0.0000000000 0.0000000000 0.7312029004 6.8509654999 0.0000000000 -0.3896698952
62.2747001648 0.0000000000 0.0000000000 1.1113010645 6.9059953690 0.0000000000 -0.3626949787
55.7384414673 0.0000000000 0.0000000000 1.5058845282 7.0828843117 0.0000000000 -0.3357177973
48.7669448853 0.0000000000 0.0000000000 1.8982495070 7.1131482124 0.0000000000 -0.3196470737
42.0042762756 0.0000000000 0.0000000000 2.2749550343 7.1752753258 0.0000000000 -0.3160911798
35.7386970520 0.0000000000 0.0000000000 2.6250345707 7.1431527138 0.0000000000 -0.3216550350
30.2132949829 0.0000000000 0.0000000000 2.9392595291 7.0274119377 0.0000000000 -0.3328357935
25.6850891113 0.0000000000 0.0000000000 3.2107253075 6.9302210808 0.0000000000 -0.3453130722
22.2842559814 0.0000000000 0.0000000000 3.4345300198 6.8447833061 0.0000000000 -0.3546031713
19.9324798584 0.0000000000 0.0000000000 3.6077761650 6.7058181763 0.0000000000 -0.3589574099
18.4045581818 0.0000000000 0.0000000000 3.7296543121 6.6096906662 0.0000000000 -0.3588251472
17.4484252930 0.0000000000 0.0000000000 3.8015897274 6.5321583748 0.0000000000 -0.3561546206
16.8621597290 0.0000000000 0.0000000000 3.8268172741 6.5064282417 0.0000000000 -0.3522501290
16.4764099121 0.0000000000 0.0000000000 3.8100905418 6.4861850739 0.0000000000 -0.3486152291
16.1823902130 0.0000000000 0.0000000000 3.7569296360 6.4641432762 0.0000000000 -0.3457747698
15.9228363037 0.0000000000 0.0000000000 3.6734676361 6.4461660385 0.0000000000 -0.3441300392
15.6685113907 0.0000000000 0.0000000000 3.5656421185 6.4338526726 0.0000000000 -0.3439228535
15.4147682190 0.0000000000 0.0000000000 3.4390532970 6.4290962219 0.0000000000 -0.3449727297
15.1702013016 0.0000000000 0.0000000000 3.2990307808 6.4351201057 0.0000000000 -0.3474549055
14.9555692673 0.0000000000 0.0000000000 3.1504378319 6.4400792122 0.0000000000 -0.3510473669
14.7989597321 0.0000000000 0.0000000000 2.9975526333 6.4442863464 0.0000000000 -0.3556008339
14.7280778885 0.0000000000 0.0000000000 2.8441421986 6.4493656158 0.0000000000 -0.3608362973
14.7687349319 0.0000000000 0.0000000000 2.6933436394 6.4522118568 0.0000000000 -0.3671260774
14.9485492706 0.0000000000 0.0000000000 2.5475947857 6.4518184662 0.0000000000 -0.3738149405
15.2936468124 0.0000000000 0.0000000000 2.4087822437 6.4489927292 0.0000000000 -0.3805040717
15.8257083893 0.0000000000 0.0000000000 2.2783949375 6.4433050156 0.0000000000 -0.3875004053
16.5563735962 0.0000000000 0.0000000000 2.1575434208 6.4350724220 0.0000000000 -0.3938105702
17.4874668121 0.0000000000 0.0000000000 2.0469701290 6.4305248260 0.0000000000 -0.3994191885
18.6157379150 0.0000000000 0.0000000000 1.9473874569 6.4179396629 0.0000000000 -0.4043495655
19.9181480408 0.0000000000 0.0000000000 1.8594197035 6.4089293480 0.0000000000 -0.4074009061
21.3207092285 0.0000000000 0.0000000000 1.7836334705 6.4074978828 0.0000000000 -0.4089057446
22.7277526855 0.0000000000 0.0000000000 1.7206053734 6.4076910019 0.0000000000 -0.4090164900
24.0084857941 0.0000000000 0.0000000000 1.6709296703 6.4064517021 0.0000000000 -0.4081990719
25.0223331451 0.0000000000 0.0000000000 1.6352949142 6.4043593407 0.0000000000 -0.4063926935
25.6381664276 0.0000000000 0.0000000000 1.6142611504 6.3987026215 0.0000000000 -0.4041835070
25.7834587097 0.0000000000 0.0000000000 1.6080173254 6.3887991905 0.0000000000 -0.4024747610
25.4601039886 0.0000000000 0.0000000000 1.6165909767 6.3763670921 0.0000000000 -0.4018045068
24.7447204590 0.0000000000 0.0000000000 1.6394881010 6.3638353348 0.0000000000 -0.4006515741
23.7549571991 0.0000000000 0.0000000000 1.6753966808 6.3494181633 0.0000000000 -0.3996915817
22.6269874573 0.0000000000 0.0000000000 1.7224510908 6.3339543343 0.0000000000 -0.3978030086
21.4909610748 0.0000000000 0.0000000000 1.7782880068 6.3191494942 0.0000000000 -0.3961127996
20.4259986877 0.0000000000 0.0000000000 1.8400704861 6.3049774170 0.0000000000 -0.3928183317
19.4907550812 0.0000000000 0.0000000000 1.9047725201 6.2916703224 0.0000000000 -0.3898379803
18.7035961151 0.0000000000 0.0000000000 1.9696177244 6.2796225548 0.0000000000 -0.3864346147
18.0723133087 0.0000000000 0.0000000000 2.0321228504 6.2681713104 0.0000000000 -0.3825600743
17.5948066711 0.0000000000 0.0000000000 2.0904567242 6.2563762665 0.0000000000 -0.3789590001
17.2585601807 0.0000000000 0.0000000000 2.1433408260 6.2449016571 0.0000000000 -0.3763077259
17.0461444855 0.0000000000 0.0000000000 2.1899809837 6.2341504097 0.0000000000 -0.3734569550
16.9265327454 0.0000000000 0.0000000000 2.2300567627 6.2243537903 0.0000000000 -0.3708493710
16.8705883026 0.0000000000 0.0000000000 2.2638049126 6.2151150703 0.0000000000 -0.3680976033
16.8443813324 0.0000000000 0.0000000000 2.2915894985 6.2063784599 0.0000000000 -0.3659164906
16.8215103149 0.0000000000 0.0000000000 2.3140106201 6.1981716156 0.0000000000 -0.3637425900
16.7791843414 0.0000000000 0.0000000000 2.3317906857 6.1903324127 0.0000000000 -0.3615281582
16.6981544495 0.0000000000 0.0000000000 2.3457052708 6.1831130981 0.0000000000 -0.3593448400
16.5729465485 0.0000000000 0.0000000000 2.3562967777 6.1765742302 0.0000000000 -0.3569141626
16.4005947113 0.0000000000 0.0000000000 2.3641412258 6.1683459282 0.0000000000 -0.3543704152
16.1824092865 0.0000000000 0.0000000000 2.3695063591 6.1590218544 0.0000000000 -0.3518368602
15.9242258072 0.0000000000 0.0000000000 2.3724138737 6.1492567062 0.0000000000 -0.3489303589
15.6274957657 0.0000000000 0.0000000000 2.3729329109 6.1391859055 0.0000000000 -0.3463469744
15.2939767838 0.0000000000 0.0000000000 2.3710570335 6.1276803017 0.0000000000 -0.3441659212
14.9325799942 0.0000000000 0.0000000000 2.3666303158 6.1156120300 0.0000000000 -0.3416540623
14.5567102432 0.0000000000 0.0000000000 2.3594350815 6.1029648781 0.0000000000 -0.3397514820
14.1751213074 0.0000000000 0.0000000000 2.3491232395 6.0895204544 0.0000000000 -0.3375856876
13.7922992706 0.0000000000 0.0000000000 2.3354504108 6.0765447617 0.0000000000 -0.3356129527
13.4126291275 0.0000000000 0.0000000000 2.3181948662 6.0637578964 0.0000000000 -0.3337166905
13.0402936935 0.0000000000 0.0000000000 2.2971577644 6.0516490936 0.0000000000 -0.3317223787
12.6767683029 0.0000000000 0.0000000000 2.2723200321 6.0402741432 0.0000000000 -0.3298987150
12.3312377930 0.0000000000 0.0000000000 2.2436685562 6.0298318863 0.0000000000 -0.3279547095
12.0082235336 0.0000000000 0.0000000000 2.2114179134 6.0199604034 0.0000000000 -0.3263932467
11.7144889832 0.0000000000 0.0000000000 2.1758022308 6.0105042458 0.0000000000 -0.3250176907
11.4569673538 0.0000000000 0.0000000000 2.1370286942 6.0016179085 0.0000000000 -0.3233909607
11.2376718521 0.0000000000 0.0000000000 2.0955386162 5.9931979179 0.0000000000 -0.3222686052
11.0554866791 0.0000000000 0.0000000000 2.0517907143 5.9849548340 0.0000000000 -0.3206593990
10.9066581726 0.0000000000 0.0000000000 2.0062851906 5.9769010544 0.0000000000 -0.3195024133
10.7820634842 0.0000000000 0.0000000000 1.9596658945 5.9692616463 0.0000000000 -0.3186718225
10.6742134094 0.0000000000 0.0000000000 1.9125518799 5.9616198540 0.0000000000 -0.3172912002
10.5739908218 0.0000000000 0.0000000000 1.8654303551 5.9541144371 0.0000000000 -0.3162762523
10.4714279175 0.0000000000 0.0000000000 1.8188807964 5.9465346336 0.0000000000 -0.3151416779
10.3602104187 0.0000000000 0.0000000000 1.7732504606 5.9388961792 0.0000000000 -0.3140070438
10.2357683182 0.0000000000 0.0000000000 1.7287383080 5.9312214851 0.0000000000 -0.3129739165
10.0981321335 0.0000000000 0.0000000000 1.6855894327 5.9234704971 0.0000000000 -0.3118438721
9.9495038986 0.0000000000 0.0000000000 1.6439340115 5.9155168533 0.0000000000 -0.3103213310
9.7940111160 0.0000000000 0.0000000000 1.6037950516 5.9075927734 0.0000000000 -0.3094259501
9.6398954391 0.0000000000 0.0000000000 1.5650708675 5.8995790482 0.0000000000 -0.3084542155
9.4939098358 0.0000000000 0.0000000000 1.5276914835 5.8914747238 0.0000000000 -0.3072288036
9.3602018356 0.0000000000 0.0000000000 1.4915386438 5.8834729195 0.0000000000 -0.3061750531
9.2422838211 0.0000000000 0.0000000000 1.4565154314 5.8754820824 0.0000000000 -0.3049649000
9.1403388977 0.0000000000 0.0000000000 1.4226124287 5.8674125671 0.0000000000 -0.3040033579
9.0517005920 0.0000000000 0.0000000000 1.3898773193 5.8594293594 0.0000000000 -0.3028721213
8.9733896255 0.0000000000 0.0000000000 1.3583934307 5.8515844345 0.0000000000 -0.3019016981
8.9023742676 0.0000000000 0.0000000000 1.3282506466 5.8439631462 0.0000000000 -0.3008490205
8.8350934982 0.0000000000 0.0000000000 1.2994728088 5.8366608620 0.0000000000 -0.2998559475
8.7683200836 0.0000000000 0.0000000000 1.2721279860 5.8299703598 0.0000000000 -0.2988692522
8.6996192932 0.0000000000 0.0000000000 1.2461940050 5.8235230446 0.0000000000 -0.2978202105
8.6272010803 0.0000000000 0.0000000000 1.2216606140 5.8176355362 0.0000000000 -0.2967402339
8.5507106781 0.0000000000 0.0000000000 1.1984738111 5.8117246628 0.0000000000 -0.2955443263
8.4695663452 0.0000000000 0.0000000000 1.1765969992 5.8061060905 0.0000000000 -0.2948200703
8.3851108551 0.0000000000 0.0000000000 1.1558988094 5.8001623154 0.0000000000 -0.2938549519
8.2979364395 0.0000000000 0.0000000000 1.1363297701 5.7942447662 0.0000000000 -0.2926919460
8.2096824646 0.0000000000 0.0000000000 1.1178063154 5.7882800102 0.0000000000 -0.2917370796
8.1219787598 0.0000000000 0.0000000000 1.1002140045 5.7824096680 0.0000000000 -0.2907846570
8.0346469879 0.0000000000 0.0000000000 1.0834801197 5.7759771347 0.0000000000 -0.2897454500
7.9483733177 0.0000000000 0.0000000000 1.0675202608 5.7694215775 0.0000000000 -0.2887504101
7.8636507988 0.0000000000 0.0000000000 1.0522102118 5.7633748055 0.0000000000 -0.2879882455
7.7809934616 0.0000000000 0.0000000000 1.0374238491 5.7572808266 0.0000000000 -0.2872232795
7.6996860504 0.0000000000 0.0000000000 1.0231149197 5.7509627342 0.0000000000 -0.2862851024
7.6191916466 0.0000000000 0.0000000000 1.0092415810 5.7452416420 0.0000000000 -0.2852803469
7.5399942398 0.0000000000 0.0000000000 0.9957422614 5.7396631241 0.0000000000 -0.2845308185
7.4617056847 0.0000000000 0.0000000000 0.9824886322 5.7337369919 0.0000000000 -0.2836925983
7.3846945763 0.0000000000 0.0000000000 0.9693881869 5.7277431488 0.0000000000 -0.2828921676
7.3092517853 0.0000000000 0.0000000000 0.9564547539 5.7216124535 0.0000000000 -0.2820233703
7.2356452942 0.0000000000 0.0000000000 0.9436583519 5.7154517174 0.0000000000 -0.2809550762
7.1634826660 0.0000000000 0.0000000000 0.9310130477 5.7092618942 0.0000000000 -0.2805537581
7.0924329758 0.0000000000 0.0000000000 0.9185389876 5.7031497955 0.0000000000 -0.2795501351
7.0221982002 0.0000000000 0.0000000000 0.9062465429 5.6968021393 0.0000000000 -0.2789376378
6.9526972771 0.0000000000 0.0000000000 0.8941677213 5.6902728081 0.0000000000 -0.2782108188
6.8833556175 0.0000000000 0.0000000000 0.8822965026 5.6841616631 0.0000000000 -0.2774562240
6.8147115707 0.0000000000 0.0000000000 0.8706213832 5.6779694557 0.0000000000 -0.2767626047
6.7474164963 0.0000000000 0.0000000000 0.8591251969 5.6718592644 0.0000000000 -0.2760658860
6.6817030907 0.0000000000 0.0000000000 0.8477244973 5.6656975746 0.0000000000 -0.2754479051
6.6169643402 0.0000000000 0.0000000000 0.8364258409 5.6595029831 0.0000000000 -0.2749389410
6.5533113480 0.0000000000 0.0000000000 0.8252221346 5.6533379555 0.0000000000 -0.2741495967
6.4905142784 0.0000000000 0.0000000000 0.8141466379 5.6473212242 0.0000000000 -0.2736897469
6.4281778336 0.0000000000 0.0000000000 0.8032343388 5.6414914131 0.0000000000 -0.2731017470
6.3660793304 0.0000000000 0.0000000000 0.7925301194 5.6356978416 0.0000000000 -0.2725309730
6.3041281700 0.0000000000 0.0000000000 0.7820876241 5.6301722527 0.0000000000 -0.2720239162
6.2428884506 0.0000000000 0.0000000000 0.7719227076 5.6246838570 0.0000000000 -0.2714570165
6.1825079918 0.0000000000 0.0000000000 0.7620404959 5.6193537712 0.0000000000 -0.2709672451
6.1228785515 0.0000000000 0.0000000000 0.7524324059 5.6141839027 0.0000000000 -0.2703050971
6.0640935898 0.0000000000 0.0000000000 0.7431126833 5.6092004776 0.0000000000 -0.2697048783
6.0062403679 0.0000000000 0.0000000000 0.7340546250 5.6041817665 0.0000000000 -0.2693861723
5.9495372772 0.0000000000 0.0000000000 0.7252498269 5.5993018150 0.0000000000 -0.2689829469
5.8938288689 0.0000000000 0.0000000000 0.7166643739 5.5943884850 0.0000000000 -0.2685011029
5.8388171196 0.0000000000 0.0000000000 0.7082606554 5.5895218849 0.0000000000 -0.2679526210
5.7845292091 0.0000000000 0.0000000000 0.7000445724 5.5848875046 0.0000000000 -0.2675207853
5.7307958603 0.0000000000 0.0000000000 0.6920158863 5.5803985596 0.0000000000 -0.2670782208
5.6774511337 0.0000000000 0.0000000000 0.6841940880 5.5761175156 0.0000000000 -0.2666246891
5.6245055199 0.0000000000 0.0000000000 0.6765680909 5.5717964172 0.0000000000 -0.2660973668
5.5724701881 0.0000000000 0.0000000000 0.6691313386 5.5673518181 0.0000000000 -0.2654905319
5.5210614204 0.0000000000 0.0000000000 0.6618709564 5.5629706383 0.0000000000 -0.2653051615
5.4704413414 0.0000000000 0.0000000000 0.6548216939 5.5586447716 0.0000000000 -0.2649187446
5.4208741188 0.0000000000 0.0000000000 0.6479806900 5.5543994904 0.0000000000 -0.2645188570
5.3722715378 0.0000000000 0.0000000000 0.6413574815 5.5501737595 0.0000000000 -0.2641696334
5.3254475594 0.0000000000 0.0000000000 0.6349579096 5.5459079742 0.0000000000 -0.2637056112
5.2792634964 0.0000000000 0.0000000000 0.6287816763 5.5415959358 0.0000000000 -0.2631394863
5.2332067490 0.0000000000 0.0000000000 0.6228307486 5.5372753143 0.0000000000 -0.2627378702
5.1868419647 0.0000000000 0.0000000000 0.6170820594 5.5331048965 0.0000000000 -0.2626227140
5.1397075653 0.0000000000 0.0000000000 0.6114835143 5.5288672447 0.0000000000 -0.2622655034
5.0924496651 0.0000000000 0.0000000000 0.6060250998 5.5246663094 0.0000000000 -0.2616987228
5.0454492569 0.0000000000 0.0000000000 0.6006985903 5.5205307007 0.0000000000 -0.2615290880
4.9987883568 0.0000000000 0.0000000000 0.5954854488 5.5165019035 0.0000000000 -0.2611531615
4.9524459839 0.0000000000 0.0000000000 0.5903856158 5.5125751495 0.0000000000 -0.2608129978
4.9071183205 0.0000000000 0.0000000000 0.5853367448 5.5085320473 0.0000000000 -0.2603827715
4.8631091118 0.0000000000 0.0000000000 0.5803027153 5.5045905113 0.0000000000 -0.2601501942
4.8199982643 0.0000000000 0.0000000000 0.5752885938 5.5009441376 0.0000000000 -0.2598147988
4.7776489258 0.0000000000 0.0000000000 0.5703052878 5.4973983765 0.0000000000 -0.2594200373
4.7361803055 0.0000000000 0.0000000000 0.5653325915 5.4935336113 0.0000000000 -0.2591603994
4.6955552101 0.0000000000 0.0000000000 0.5603753328 5.4893836975 0.0000000000 -0.2587983012
4.6550321579 0.0000000000 0.0000000000 0.5554069877 5.4854226112 0.0000000000 -0.2584169507
4.6147952080 0.0000000000 0.0000000000 0.5504306555 5.4816389084 0.0000000000 -0.2582182884
4.5744080544 0.0000000000 0.0000000000 0.5454695821 5.4778380394 0.0000000000 -0.2579364181
4.5335116386 0.0000000000 0.0000000000 0.5405315161 5.4737391472 0.0000000000 -0.2576256990
4.4930734634 0.0000000000 0.0000000000 0.5355967879 5.4697422981 0.0000000000 -0.2574066520
4.4529876709 0.0000000000 0.0000000000 0.5305959582 5.4659466743 0.0000000000 -0.2571730018
4.4135041237 0.0000000000 0.0000000000 0.5255317092 5.4620065689 0.0000000000 -0.2569282055
4.3749403954 0.0000000000 0.0000000000 0.5204027891 5.4581198692 0.0000000000 -0.2565964460
4.3373489380 0.0000000000 0.0000000000 0.5152143240 5.4544615746 0.0000000000 -0.2564549446
4.3008475304 0.0000000000 0.0000000000 0.5099681020 5.4511623383 0.0000000000 -0.2561579943
4.2648830414 0.0000000000 0.0000000000 0.5046657920 5.4478645325 0.0000000000 -0.2557721138
4.2295918465 0.0000000000 0.0000000000 0.4993243515 5.4445710182 0.0000000000 -0.2557421327
4.1949095726 0.0000000000 0.0000000000 0.4939774871 5.4414734840 0.0000000000 -0.2555508018
4.1612505913 0.0000000000 0.0000000000 0.4886583984 5.4383354187 0.0000000000 -0.2553857565
4.1279621124 0.0000000000 0.0000000000 0.4833975434 5.4352006912 0.0000000000 -0.2552312613
4.0950961113 0.0000000000 0.0000000000 0.4782178402 5.4320435524 0.0000000000 -0.2549859881
4.0629320145 0.0000000000 0.0000000000 0.4731356502 5.4288358688 0.0000000000 -0.2548655868
4.0310673714 0.0000000000 0.0000000000 0.4681628048 5.4256982803 0.0000000000 -0.2546464801
3.9995114803 0.0000000000 0.0000000000 0.4632919729 5.4225401878 0.0000000000 -0.2544613183
3.9682471752 0.0000000000 0.0000000000 0.4585524201 5.4193925858 0.0000000000 -0.2542017698
3.9371023178 0.0000000000 0.0000000000 0.4539489150 5.4163455963 0.0000000000 -0.2541210651
3.9062573910 0.0000000000 0.0000000000 0.4494867325 5.4132647514 0.0000000000 -0.2539779544
3.8758518696 0.0000000000 0.0000000000 0.4451618493 5.4101963043 0.0000000000 -0.2535903454
3.8456737995 0.0000000000 0.0000000000 0.4409571886 5.4072098732 0.0000000000 -0.2535293698
3.8168921471 0.0000000000 0.0000000000 0.4368655384 5.4043154716 0.0000000000 -0.2534441948
3.7889218330 0.0000000000 0.0000000000 0.4328969419 5.4013051987 0.0000000000 -0.2531969249
3.7620718479 0.0000000000 0.0000000000 0.4290649891 5.3982262611 0.0000000000 -0.2531111240
3.7356915474 0.0000000000 0.0000000000 0.4253427684 5.3950223923 0.0000000000 -0.2529331446
3.7100362778 0.0000000000 0.0000000000 0.4217211902 5.3917608261 0.0000000000 -0.2527582943
3.6849901676 0.0000000000 0.0000000000 0.4182061851 5.3884997368 0.0000000000 -0.2525349557
3.6607508659 0.0000000000 0.0000000000 0.4147812128 5.3853192329 0.0000000000 -0.2524017394
3.6372420788 0.0000000000 0.0000000000 0.4114093482 5.3821129799 0.0000000000 -0.2522880435
3.6141886711 0.0000000000 0.0000000000 0.4080932140 5.3789019585 0.0000000000 -0.2520648837
3.5916268826 0.0000000000 0.0000000000 0.4048237205 5.3757791519 0.0000000000 -0.2518297136
3.5696709156 0.0000000000 0.0000000000 0.4016043246 5.3727626801 0.0000000000 -0.2518170476
3.5482544899 0.0000000000 0.0000000000 0.3984610736 5.3698744774 0.0000000000 -0.2516028583
3.5275518894 0.0000000000 0.0000000000 0.3953680396 5.3670954704 0.0000000000 -0.2514067292
3.5070447922 0.0000000000 0.0000000000 0.3923222423 5.3643474579 0.0000000000 -0.2513601184
3.4870228767 0.0000000000 0.0000000000 0.3893411160 5.3616094589 0.0000000000 -0.2512002587
3.4672691822 0.0000000000 0.0000000000 0.3864020109 5.3588881493 0.0000000000 -0.2510026693
3.4480514526 0.0000000000 0.0000000000 0.3835057020 5.3561697006 0.0000000000 -0.2508667111
3.4291920662 0.0000000000 0.0000000000 0.3806439042 5.3535184860 0.0000000000 -0.2507000268
3.4104249477 0.0000000000 0.0000000000 0.3778585792 5.3509440422 0.0000000000 -0.2505428791
3.3913996220 0.0000000000 0.0000000000 0.3751533628 5.3485250473 0.0000000000 -0.2503581643
3.3721084595 0.0000000000 0.0000000000 0.3725050688 5.3462042809 0.0000000000 -0.2500135303
3.3532147408 0.0000000000 0.0000000000 0.3698915541 5.3439469337 0.0000000000 -0.2500622869
3.3344209194 0.0000000000 0.0000000000 0.3673105240 5.3416376114 0.0000000000 -0.2497278452
3.3157958984 0.0000000000 0.0000000000 0.3647787571 5.3391599655 0.0000000000 -0.2497490048
3.2975442410 0.0000000000 0.0000000000 0.3622993827 5.3365736008 0.0000000000 -0.2494323254
3.2804279327 0.0000000000 0.0000000000 0.3598614633 5.3339009285 0.0000000000 -0.2493670583
3.2638587952 0.0000000000 0.0000000000 0.3574665189 5.3312849998 0.0000000000 -0.2492947578
3.2475688457 0.0000000000 0.0000000000 0.3551198542 5.3284554482 0.0000000000 -0.2491001487
3.2315907478 0.0000000000 0.0000000000 0.3527965248 5.3256211281 0.0000000000 -0.2490074337
3.2157449722 0.0000000000 0.0000000000 0.3505015373 5.3228001595 0.0000000000 -0.2488114834
3.1998400688 0.0000000000 0.0000000000 0.3482383490 5.3202643394 0.0000000000 -0.2486925125
3.1839776039 0.0000000000 0.0000000000 0.3460092247 5.3180685043 0.0000000000 -0.2485534847
3.1680636406 0.0000000000 0.0000000000 0.3438165784 5.3159427643 0.0000000000 -0.2484463751
3.1520898342 0.0000000000 0.0000000000 0.3417013288 5.3136720657 0.0000000000 -0.2482879758
3.1360502243 0.0000000000 0.0000000000 0.3396635354 5.3114681244 0.0000000000 -0.2480973005
3.1201317310 0.0000000000 0.0000000000 0.3377192020 5.3093733788 0.0000000000 -0.2479991913
3.1043572426 0.0000000000 0.0000000000 0.3358809054 5.3072419167 0.0000000000 -0.2478428483
3.0887017250 0.0000000000 0.0000000000 0.3341558874 5.3051018715 0.0000000000 -0.2476848960
3.0731196404 0.0000000000 0.0000000000 0.3325686157 5.3029751778 0.0000000000 -0.2474712729
3.0577337742 0.0000000000 0.0000000000 0.3311052918 5.3009219170 0.0000000000 -0.2472227514
3.0424156189 0.0000000000 0.0000000000 0.3297176063 5.2989530563 0.0000000000 -0.2471671402
3.0272498131 0.0000000000 0.0000000000 0.3283761144 5.2970814705 0.0000000000 -0.2470047474
3.0122959614 0.0000000000 0.0000000000 0.3270595968 5.2953100204 0.0000000000 -0.2468332052
2.9973542690 0.0000000000 0.0000000000 0.3257670403 5.2936935425 0.0000000000 -0.2467580438
2.9826183319 0.0000000000 0.0000000000 0.3244887590 5.2920341492 0.0000000000 -0.2465888858
2.9680709839 0.0000000000 0.0000000000 0.3231964111 5.2903680801 0.0000000000 -0.2461965084
2.9539096355 0.0000000000 0.0000000000 0.3218629062 5.2888798714 0.0000000000 -0.2461516559
2.9402770996 0.0000000000 0.0000000000 0.3204801977 5.2874302864 0.0000000000 -0.2461372018
2.9267780781 0.0000000000 0.0000000000 0.3190715611 5.2862710953 0.0000000000 -0.2460006475
2.9135537148 0.0000000000 0.0000000000 0.3176574111 5.2844834328 0.0000000000 -0.2458778024
2.9006619453 0.0000000000 0.0000000000 0.3162476122 5.2824707031 0.0000000000 -0.2456777096
2.8881092072 0.0000000000 0.0000000000 0.3148273826 5.2806353569 0.0000000000 -0.2455842793
2.8757896423 0.0000000000 0.0000000000 0.3133896291 5.2787265778 0.0000000000 -0.2453457117
2.8640096188 0.0000000000 0.0000000000 0.3119357824 5.2768158913 0.0000000000 -0.2453466654
2.8525617123 0.0000000000 0.0000000000 0.3104704916 5.2748737335 0.0000000000 -0.2452189922
2.8414773941 0.0000000000 0.0000000000 0.3089854419 5.2728095055 0.0000000000 -0.2451136410
2.8306756020 0.0000000000 0.0000000000 0.3074965775 5.2707910538 0.0000000000 -0.2450180054
2.8200209141 0.0000000000 0.0000000000 0.3060106039 5.2687129974 0.0000000000 -0.2448167205
2.8098022938 0.0000000000 0.0000000000 0.3045446873 5.2665324211 0.0000000000 -0.2447732091
2.7997672558 0.0000000000 0.0000000000 0.3030971289 5.2642879486 0.0000000000 -0.2447226644
2.7895269394 0.0000000000 0.0000000000 0.3016596138 5.2620792389 0.0000000000 -0.2446158528
2.7792284489 0.0000000000 0.0000000000 0.3002250195 5.2599368095 0.0000000000 -0.2446084917
2.7687056065 0.0000000000 0.0000000000 0.2988061309 5.2579550743 0.0000000000 -0.2444297075
2.7580144405 0.0000000000 0.0000000000 0.2974440753 5.2560253143 0.0000000000 -0.2440582812
2.7472929955 0.0000000000 0.0000000000 0.2961436808 5.2541136742 0.0000000000 -0.2442525625
2.7366573811 0.0000000000 0.0000000000 0.2948896587 5.2521362305 0.0000000000 -0.2441668808
2.7261159420 0.0000000000 0.0000000000 0.2936845422 5.2500762939 0.0000000000 -0.2440777421
2.7155585289 0.0000000000 0.0000000000 0.2925372124 5.2479696274 0.0000000000 -0.2439623475
2.7053804398 0.0000000000 0.0000000000 0.2914574444 5.2459731102 0.0000000000 -0.2438505888
2.6953520775 0.0000000000 0.0000000000 0.2904340625 5.2437462807 0.0000000000 -0.2438022196
2.6854085922 0.0000000000 0.0000000000 0.2894662321 5.2415089607 0.0000000000 -0.2436957955
2.6755368710 0.0000000000 0.0000000000 0.2885287404 5.2392492294 0.0000000000 -0.2435170114
2.6657359600 0.0000000000 0.0000000000 0.2876351476 5.2369866371 0.0000000000 -0.2435002923
2.6557514668 0.0000000000 0.0000000000 0.2867806852 5.2347888947 0.0000000000 -0.2434183359
2.6456398964 0.0000000000 0.0000000000 0.2859664857 5.2324938774 0.0000000000 -0.2433203757
2.6353821754 0.0000000000 0.0000000000 0.2851722836 5.2301192284 0.0000000000 -0.2432197332
2.6250829697 0.0000000000 0.0000000000 0.2844048738 5.2276730537 0.0000000000 -0.2431350052
2.6147601604 0.0000000000 0.0000000000 0.2836908400 5.2251753807 0.0000000000 -0.2429894209
2.6042950153 0.0000000000 0.0000000000 0.2830063403 5.2226758003 0.0000000000 -0.2428956628
2.5935268402 0.0000000000 0.0000000000 0.2823411822 5.2202439308 0.0000000000 -0.2427192628
2.5826926231 0.0000000000 0.0000000000 0.2817103565 5.2180123329 0.0000000000 -0.2426613867
2.5719361305 0.0000000000 0.0000000000 0.2811217010 5.2156767845 0.0000000000 -0.2424893975
2.5612187386 0.0000000000 0.0000000000 0.2805409431 5.2133092880 0.0000000000 -0.2423501015
2.5507307053 0.0000000000 0.0000000000 0.2799493968 5.2109203339 0.0000000000 -0.2421684861
2.5407576561 0.0000000000 0.0000000000 0.2793213427 5.2085518837 0.0000000000 -0.2421630919
2.5308589935 0.0000000000 0.0000000000 0.2786710858 5.2062344551 0.0000000000 -0.2420063019
2.5212876797 0.0000000000 0.0000000000 0.2779945433 5.2040500641 0.0000000000 -0.2418198586
2.5121133327 0.0000000000 0.0000000000 0.2772850692 5.2018122673 0.0000000000 -0.2418380976
2.5029501915 0.0000000000 0.0000000000 0.2765478790 5.1998467445 0.0000000000 -0.2417516708
2.4937689304 0.0000000000 0.0000000000 0.2757915556 5.1978330612 0.0000000000 -0.2416206598
2.4846668243 0.0000000000 0.0000000000 0.2750075161 5.1958193779 0.0000000000 -0.2415364385
2.4755134583 0.0000000000 0.0000000000 0.2741937339 5.1938066483 0.0000000000 -0.2414285541
2.4663920403 0.0000000000 0.0000000000 0.2733482420 5.1918101311 0.0000000000 -0.2412561476
2.4575994015 0.0000000000 0.0000000000 0.2724653482 5.1897659302 0.0000000000 -0.2412127852
2.4488744736 0.0000000000 0.0000000000 0.2715458572 5.1875205040 0.0000000000 -0.2410995364
2.4403634071 0.0000000000 0.0000000000 0.2705914378 5.1852726936 0.0000000000 -0.2409706712
2.4320750237 0.0000000000 0.0000000000 0.2696247399 5.1830534935 0.0000000000 -0.2407945991
2.4242041111 0.0000000000 0.0000000000 0.2686317563 5.1808314323 0.0000000000 -0.2407172322
2.4165985584 0.0000000000 0.0000000000 0.2676374912 5.1786007881 0.0000000000 -0.2406365871
2.4090564251 0.0000000000 0.0000000000 0.2666469812 5.1765255928 0.0000000000 -0.2405284643
2.4015009403 0.0000000000 0.0000000000 0.2656923532 5.1744122505 0.0000000000 -0.2404142320
2.3939125538 0.0000000000 0.0000000000 0.2647934258 5.1724362373 0.0000000000 -0.2402189970
2.3864526749 0.0000000000 0.0000000000 0.2639367878 5.1705689430 0.0000000000 -0.2401973009
2.3789753914 0.0000000000 0.0000000000 0.2631010413 5.1687941551 0.0000000000 -0.2400915325
2.3713593483 0.0000000000 0.0000000000 0.2622927725 5.1671218872 0.0000000000 -0.2399651408
2.3637156487 0.0000000000 0.0000000000 0.2615025640 5.1657347679 0.0000000000 -0.2398799658
2.3561170101 0.0000000000 0.0000000000 0.2607047856 5.1643853188 0.0000000000 -0.2398017943
2.3484599590 0.0000000000 0.0000000000 0.2599009573 5.1631808281 0.0000000000 -0.2397080958
2.3409142494 0.0000000000 0.0000000000 0.2590917945 5.1619167328 0.0000000000 -0.2395659089
2.3336493969 0.0000000000 0.0000000000 0.2582722306 5.1606006622 0.0000000000 -0.2394067645
2.3266427517 0.0000000000 0.0000000000 0.2574087083 5.1591835022 0.0000000000 -0.2394404411
2.3198871613 0.0000000000 0.0000000000 0.2565141618 5.1576223373 0.0000000000 -0.2392672896
2.3132336140 0.0000000000 0.0000000000 0.2555768788 5.1559605598 0.0000000000 -0.2392820120
2.3067443371 0.0000000000 0.0000000000 0.2546144724 5.1541113853 0.0000000000 -0.2391462922
2.3003284931 0.0000000000 0.0000000000 0.2536554635 5.1519689560 0.0000000000 -0.2390218377
2.2941629887 0.0000000000 0.0000000000 0.2527260482 5.1499652863 0.0000000000 -0.2390651703
2.2879872322 0.0000000000 0.0000000000 0.2518403828 5.1478142738 0.0000000000 -0.2390060425
2.2818267345 0.0000000000 0.0000000000 0.2509958148 5.1456618309 0.0000000000 -0.2389507294
2.2755346298 0.0000000000 0.0000000000 0.2501961589 5.1433992386 0.0000000000 -0.2389053106
2.2691416740 0.0000000000 0.0000000000 0.2494111210 5.1411123276 0.0000000000 -0.2388185263
2.2626185417 0.0000000000 0.0000000000 0.2486426234 5.1388134956 0.0000000000 -0.2387524843
2.2561464310 0.0000000000 0.0000000000 0.2478718907 5.1364507675 0.0000000000 -0.2387253046
2.2497563362 0.0000000000 0.0000000000 0.2471021861 5.1339278221 0.0000000000 -0.2386525869
2.2435412407 0.0000000000 0.0000000000 0.2463548183 5.1313219070 0.0000000000 -0.2385282218
2.2376072407 0.0000000000 0.0000000000 0.2456185967 5.1286544800 0.0000000000 -0.2385427952
2.2318603992 0.0000000000 0.0000000000 0.2448777854 5.1258702278 0.0000000000 -0.2384968996
2.2263033390 0.0000000000 0.0000000000 0.2441331595 5.1230363846 0.0000000000 -0.2384001613
2.2208280563 0.0000000000 0.0000000000 0.2433810234 5.1203489304 0.0000000000 -0.2383854985
2.2153716087 0.0000000000 0.0000000000 0.2426102012 5.1176567078 0.0000000000 -0.2383226454
2.2101910114 0.0000000000 0.0000000000 0.2418608516 5.1149506569 0.0000000000 -0.2382726073
2.2053093910 0.0000000000 0.0000000000 0.2411346287 5.1123018265 0.0000000000 -0.2382237911
2.2007145882 0.0000000000 0.0000000000 0.2404197901 5.1096343994 0.0000000000 -0.2381672859
2.1963362694 0.0000000000 0.0000000000 0.2397238016 5.1070480347 0.0000000000 -0.2380533516
2.1921155453 0.0000000000 0.0000000000 0.2390405238 5.1046295166 0.0000000000 -0.2380399108
2.1880946159 0.0000000000 0.0000000000 0.2383898497 5.1022763252 0.0000000000 -0.2379742265
2.1840307713 0.0000000000 0.0000000000 0.2377762645 5.0999803543 0.0000000000 -0.2379304767
2.1797945499 0.0000000000 0.0000000000 0.2372046262 5.0975675583 0.0000000000 -0.2378175259
2.1751899719 0.0000000000 0.0000000000 0.2366539538 5.0951547623 0.0000000000 -0.2377651930
2.1701149940 0.0000000000 0.0000000000 0.2361095846 5.0928268433 0.0000000000 -0.2378059030
2.1646864414 0.0000000000 0.0000000000 0.2355408818 5.0906338692 0.0000000000 -0.2375980616
2.1588916779 0.0000000000 0.0000000000 0.2349700928 5.0886349678 0.0000000000 -0.2375490665
2.1526210308 0.0000000000 0.0000000000 0.2344068140 5.0866489410 0.0000000000 -0.2374612689
2.1460030079 0.0000000000 0.0000000000 0.2338403463 5.0846490860 0.0000000000 -0.2373645902
2.1391570568 0.0000000000 0.0000000000 0.2332475483 5.0827488899 0.0000000000 -0.2373319268
2.1320996284 0.0000000000 0.0000000000 0.2326645851 5.0809597969 0.0000000000 -0.2372682989
2.1247987747 0.0000000000 0.0000000000 0.2320954204 5.0792150497 0.0000000000 -0.2371987104
2.1173899174 0.0000000000 0.0000000000 0.2315590233 5.0775341988 0.0000000000 -0.2371270657
2.1099882126 0.0000000000 0.0000000000 0.2310501933 5.0758652687 0.0000000000 -0.2370315492
2.1027708054 0.0000000000 0.0000000000 0.2305547893 5.0742826462 0.0000000000 -0.2369490266
2.0957839489 0.0000000000 0.0000000000 0.2300665975 5.0727686882 0.0000000000 -0.2368741035
2.0891897678 0.0000000000 0.0000000000 0.2295691818 5.0714702606 0.0000000000 -0.2368156612
2.0829963684 0.0000000000 0.0000000000 0.2290554643 5.0702300072 0.0000000000 -0.2367327809
2.0771002769 0.0000000000 0.0000000000 0.2285448015 5.0688972473 0.0000000000 -0.2366206050
2.0714571476 0.0000000000 0.0000000000 0.2280034274 5.0674481392 0.0000000000 -0.2365319729
2.0660958290 0.0000000000 0.0000000000 0.2274188846 5.0661354065 0.0000000000 -0.2365229726
2.0608580112 0.0000000000 0.0000000000 0.2268111259 5.0648598671 0.0000000000 -0.2363862991
2.0557758808 0.0000000000 0.0000000000 0.2261958867 5.0634522438 0.0000000000 -0.2362923622
2.0508296490 0.0000000000 0.0000000000 0.2255841494 5.0619192123 0.0000000000 -0.2362220287
2.0459928513 0.0000000000 0.0000000000 0.2249777466 5.0602135658 0.0000000000 -0.2361439168
2.0412836075 0.0000000000 0.0000000000 0.2243817449 5.0584163666 0.0000000000 -0.2360456586
2.0366737843 0.0000000000 0.0000000000 0.2238268554 5.0564746857 0.0000000000 -0.2360345721
2.0320625305 0.0000000000 0.0000000000 0.2233299017 5.0545120239 0.0000000000 -0.2359218001
2.0275869370 0.0000000000 0.0000000000 0.2228908539 5.0526618958 0.0000000000 -0.2358735800
2.0231316090 0.0000000000 0.0000000000 0.2224939913 5.0506553650 0.0000000000 -0.2358142734
2.0186290741 0.0000000000 0.0000000000 0.2221304923 5.0485634804 0.0000000000 -0.2357830405
2.0139610767 0.0000000000 0.0000000000 0.2217760533 5.0466017723 0.0000000000 -0.2357081771
2.0092306137 0.0000000000 0.0000000000 0.2214042693 5.0446929932 0.0000000000 -0.2355930805
2.0043215752 0.0000000000 0.0000000000 0.2210088968 5.0428986549 0.0000000000 -0.2355201840
1.9993821383 0.0000000000 0.0000000000 0.2205794901 5.0412793159 0.0000000000 -0.2355371118
1.9942716360 0.0000000000 0.0000000000 0.2201147079 5.0397586823 0.0000000000 -0.2354925573
1.9890389442 0.0000000000 0.0000000000 0.2196396738 5.0383262634 0.0000000000 -0.2353789806
1.9837641716 0.0000000000 0.0000000000 0.2191691697 5.0369734764 0.0000000000 -0.2353651524
1.9786182642 0.0000000000 0.0000000000 0.2187207788 5.0356225967 0.0000000000 -0.2353242338
1.9736236334 0.0000000000 0.0000000000 0.2182733268 5.0342807770 0.0000000000 -0.2352657318
1.9687023163 0.0000000000 0.0000000000 0.2178353071 5.0329370499 0.0000000000 -0.2351858616
1.9638555050 0.0000000000 0.0000000000 0.2174106836 5.0316333771 0.0000000000 -0.2351453602
1.9590388536 0.0000000000 0.0000000000 0.2170294672 5.0303287506 0.0000000000 -0.2350464463
1.9543819427 0.0000000000 0.0000000000 0.2166841030 5.0289893150 0.0000000000 -0.2350257337
1.9497129917 0.0000000000 0.0000000000 0.2163577825 5.0276131630 0.0000000000 -0.2349653542
1.9452118874 0.0000000000 0.0000000000 0.2160267979 5.0261502266 0.0000000000 -0.2348930836
1.9408996105 0.0000000000 0.0000000000 0.2156798989 5.0246105194 0.0000000000 -0.2348456681
1.9367201328 0.0000000000 0.0000000000 0.2153212875 5.0229640007 0.0000000000 -0.2347431183
1.9325730801 0.0000000000 0.0000000000 0.2149571478 5.0213031769 0.0000000000 -0.2347318232
1.9285149574 0.0000000000 0.0000000000 0.2145762742 5.0195894241 0.0000000000 -0.2346559763
1.9245638847 0.0000000000 0.0000000000 0.2141852379 5.0179486275 0.0000000000 -0.2345778346
1.9206063747 0.0000000000 0.0000000000 0.2137971371 5.0162506104 0.0000000000 -0.2345582247
1.9166572094 0.0000000000 0.0000000000 0.2134100497 5.0146059990 0.0000000000 -0.2345059514
1.9127042294 0.0000000000 0.0000000000 0.2130274773 5.0129742622 0.0000000000 -0.2344442606
1.9087362289 0.0000000000 0.0000000000 0.2126600444 5.0113806725 0.0000000000 -0.2343594432
1.9047691822 0.0000000000 0.0000000000 0.2123184204 5.0098447800 0.0000000000 -0.2342300415
1.9008209705 0.0000000000 0.0000000000 0.2119965702 5.0083246231 0.0000000000 -0.2342658639
1.8968051672 0.0000000000 0.0000000000 0.2117052525 5.0067334175 0.0000000000 -0.2341989875
1.8928660154 0.0000000000 0.0000000000 0.2114298493 5.0052304268 0.0000000000 -0.2341526151
1.8889799118 0.0000000000 0.0000000000 0.2111885399 5.0037236214 0.0000000000 -0.2340943217
1.8852213621 0.0000000000 0.0000000000 0.2109478414 5.0021181107 0.0000000000 -0.2340430021
1.8815858364 0.0000000000 0.0000000000 0.2107058614 5.0003938675 0.0000000000 -0.2339966893
1.8780897856 0.0000000000 0.0000000000 0.2104572207 4.9985733032 0.0000000000 -0.2339088917
1.8746263981 0.0000000000 0.0000000000 0.2101966292 4.9967684746 0.0000000000 -0.2337679267
1.8713393211 0.0000000000 0.0000000000 0.2099117488 4.9949126244 0.0000000000 -0.2338285446
1.8681820631 0.0000000000 0.0000000000 0.2096020728 4.9930162430 0.0000000000 -0.2337446213
1.8650240898 0.0000000000 0.0000000000 0.2092652321 4.9911494255 0.0000000000 -0.2337174714
1.8618165255 0.0000000000 0.0000000000 0.2088960707 4.9892625809 0.0000000000 -0.2336578965
1.8586200476 0.0000000000 0.0000000000 0.2085011005 4.9873514175 0.0000000000 -0.2335760593
1.8554407358 0.0000000000 0.0000000000 0.2081150562 4.9853391647 0.0000000000 -0.2335332632
1.8522441387 0.0000000000 0.0000000000 0.2077427804 4.9832668304 0.0000000000 -0.2334640622
1.8490269184 0.0000000000 0.0000000000 0.2073925287 4.9811577797 0.0000000000 -0.2333947718
1.8458302021 0.0000000000 0.0000000000 0.2070497870 4.9789681435 0.0000000000 -0.2332838178
1.8427175283 0.0000000000 0.0000000000 0.2066927105 4.9768624306 0.0000000000 -0.2332649231
1.8397208452 0.0000000000 0.0000000000 0.2063130140 4.9747414589 0.0000000000 -0.2331891060
1.8368567228 0.0000000000 0.0000000000 0.2059231400 4.9726548195 0.0000000000 -0.2331326008
1.8340822458 0.0000000000 0.0000000000 0.2055155188 4.9705171585 0.0000000000 -0.2330252826
1.8313721418 0.0000000000 0.0000000000 0.2050986141 4.9685807228 0.0000000000 -0.2330037951
1.8287695646 0.0000000000 0.0000000000 0.2046778500 4.9666538239 0.0000000000 -0.2329466939
1.8262207508 0.0000000000 0.0000000000 0.2042707354 4.9646539688 0.0000000000 -0.2328817844
1.8236896992 0.0000000000 0.0000000000 0.2038890123 4.9625334740 0.0000000000 -0.2328074574
1.8212029934 0.0000000000 0.0000000000 0.2035359442 4.9602441788 0.0000000000 -0.2327587008
1.8187743425 0.0000000000 0.0000000000 0.2032093853 4.9578986168 0.0000000000 -0.2327099442
1.8164030313 0.0000000000 0.0000000000 0.2028782666 4.9555702209 0.0000000000 -0.2326531410
1.8140324354 0.0000000000 0.0000000000 0.2025294602 4.9532761574 0.0000000000 -0.2325797081
1.8116230965 0.0000000000 0.0000000000 0.2021690756 4.9511671066 0.0000000000 -0.2325215042
1.8091903925 0.0000000000 0.0000000000 0.2018042952 4.9492168427 0.0000000000 -0.2324838340
1.8066314459 0.0000000000 0.0000000000 0.2014417946 4.9474487305 0.0000000000 -0.2324242890
1.8039597273 0.0000000000 0.0000000000 0.2010850757 4.9459238052 0.0000000000 -0.2323659658
1.8011757135 0.0000000000 0.0000000000 0.2007416934 4.9446320534 0.0000000000 -0.2322877049
1.7984001637 0.0000000000 0.0000000000 0.2004174292 4.9434285164 0.0000000000 -0.2322416306
1.7955631018 0.0000000000 0.0000000000 0.2001166046 4.9423694611 0.0000000000 -0.2321833968
1.7927399874 0.0000000000 0.0000000000 0.1998353750 4.9414577484 0.0000000000 -0.2320923507
1.7900109291 0.0000000000 0.0000000000 0.1995573342 4.9406571388 0.0000000000 -0.2320558429
1.7873399258 0.0000000000 0.0000000000 0.1992778033 4.9397602081 0.0000000000 -0.2319143414
1.7848078012 0.0000000000 0.0000000000 0.1989823580 4.9389114380 0.0000000000 -0.2319410443
1.7823652029 0.0000000000 0.0000000000 0.1986732036 4.9378418922 0.0000000000 -0.2318873405
1.7800027132 0.0000000000 0.0000000000 0.1983335912 4.9365615845 0.0000000000 -0.2318114936
1.7777502537 0.0000000000 0.0000000000 0.1979748905 4.9350414276 0.0000000000 -0.2319052815
1.7754427195 0.0000000000 0.0000000000 0.1975972801 4.9332785606 0.0000000000 -0.2317374945
1.7730885744 0.0000000000 0.0000000000 0.1972263604 4.9313859940 0.0000000000 -0.2316888571
1.7707036734 0.0000000000 0.0000000000 0.1968583763 4.9294295311 0.0000000000 -0.2316479087
1.7682389021 0.0000000000 0.0000000000 0.1964925230 4.9274334908 0.0000000000 -0.2316372395
1.7656614780 0.0000000000 0.0000000000 0.1961353570 4.9255833626 0.0000000000 -0.2315617800
1.7629898787 0.0000000000 0.0000000000 0.1957657784 4.9236383438 0.0000000000 -0.2315061688
1.7602670193 0.0000000000 0.0000000000 0.1954070926 4.9216942787 0.0000000000 -0.2314524651
1.7575925589 0.0000000000 0.0000000000 0.1950560063 4.9197263718 0.0000000000 -0.2315326929
1.7548292875 0.0000000000 0.0000000000 0.1947134733 4.9177651405 0.0000000000 -0.2313458622
1.7521176338 0.0000000000 0.0000000000 0.1943862587 4.9158568382 0.0000000000 -0.2312876284
1.7494791746 0.0000000000 0.0000000000 0.1940644383 4.9139986038 0.0000000000 -0.2312358022
1.7469184399 0.0000000000 0.0000000000 0.1937498003 4.9121570587 0.0000000000 -0.2311791778
1.7444055080 0.0000000000 0.0000000000 0.1934234202 4.9102935791 0.0000000000 -0.2310494184
1.7418706417 0.0000000000 0.0000000000 0.1930806637 4.9084897041 0.0000000000 -0.2310661077
1.7393078804 0.0000000000 0.0000000000 0.1927368939 4.9066758156 0.0000000000 -0.2309179902
1.7367244959 0.0000000000 0.0000000000 0.1923861653 4.9049558640 0.0000000000 -0.2309599817
1.7341309786 0.0000000000 0.0000000000 0.1920086890 4.9032554626 0.0000000000 -0.2308711112
1.7315267324 0.0000000000 0.0000000000 0.1916269213 4.9016137123 0.0000000000 -0.2307743430
1.7290287018 0.0000000000 0.0000000000 0.1912410855 4.8998413086 0.0000000000 -0.2308132648
1.7265822887 0.0000000000 0.0000000000 0.1908564121 4.8980402946 0.0000000000 -0.2307649851
1.7241961956 0.0000000000 0.0000000000 0.1904867291 4.8961768150 0.0000000000 -0.2306297421
1.7219693661 0.0000000000 0.0000000000 0.1901183128 4.8942747116 0.0000000000 -0.2306690812
1.7198821306 0.0000000000 0.0000000000 0.1897401065 4.8923082352 0.0000000000 -0.2306267917
1.7178499699 0.0000000000 0.0000000000 0.1893585771 4.8902187347 0.0000000000 -0.2305869460
1.7157930136 0.0000000000 0.0000000000 0.1889987886 4.8880767822 0.0000000000 -0.2305367589
1.7136533260 0.0000000000 0.0000000000 0.1886504740 4.8859767914 0.0000000000 -0.2305134535
1.7113667727 0.0000000000 0.0000000000 0.1883115172 4.8839030266 0.0000000000 -0.2304817438
1.7089446783 0.0000000000 0.0000000000 0.1879677773 4.8818840981 0.0000000000 -0.2304515839
1.7064069510 0.0000000000 0.0000000000 0.1876316071 4.8799853325 0.0000000000 -0.2304067016
1.7038104534 0.0000000000 0.0000000000 0.1872965842 4.8781085014 0.0000000000 -0.2303908467
1.7011456490 0.0000000000 0.0000000000 0.1869732738 4.8762316704 0.0000000000 -0.2303612232
1.6984730959 0.0000000000 0.0000000000 0.1866772175 4.8744068146 0.0000000000 -0.2303327024
1.6957887411 0.0000000000 0.0000000000 0.1864140928 4.8726320267 0.0000000000 -0.2302870750
1.6931226254 0.0000000000 0.0000000000 0.1861658990 4.8708896637 0.0000000000 -0.2302678525
1.6904034615 0.0000000000 0.0000000000 0.1859429628 4.8691501617 0.0000000000 -0.2302284837
1.6877400875 0.0000000000 0.0000000000 0.1857304573 4.8674898148 0.0000000000 -0.2302044630
1.6851227283 0.0000000000 0.0000000000 0.1855252832 4.8657627106 0.0000000000 -0.2301699519
1.6825193167 0.0000000000 0.0000000000 0.1853420734 4.8639802933 0.0000000000 -0.2301393747
1.6799587011 0.0000000000 0.0000000000 0.1851518750 4.8621687889 0.0000000000 -0.2301076949
1.6775023937 0.0000000000 0.0000000000 0.1849541515 4.8604121208 0.0000000000 -0.2300692201
1.6751633883 0.0000000000 0.0000000000 0.1847272068 4.8586354256 0.0000000000 -0.2300313711
1.6729234457 0.0000000000 0.0000000000 0.1844824404 4.8568449020 0.0000000000 -0.2299941182
1.6707302332 0.0000000000 0.0000000000 0.1842399538 4.8550090790 0.0000000000 -0.2299561501
1.6685843468 0.0000000000 0.0000000000 0.1840105355 4.8532304764 0.0000000000 -0.2299184799
1.6664327383 0.0000000000 0.0000000000 0.1837871671 4.8514828682 0.0000000000 -0.2298840284
1.6642832756 0.0000000000 0.0000000000 0.1835910529 4.8496718407 0.0000000000 -0.2298451960
1.6621561050 0.0000000000 0.0000000000 0.1834136695 4.8478698730 0.0000000000 -0.2298055887
1.6600117683 0.0000000000 0.0000000000 0.1832617819 4.8460965157 0.0000000000 -0.2297732234
1.6577693224 0.0000000000 0.0000000000 0.1831428409 4.8443617821 0.0000000000 -0.2297057211
1.6555786133 0.0000000000 0.0000000000 0.1830305010 4.8427033424 0.0000000000 -0.2296995521
1.6535341740 0.0000000000 0.0000000000 0.1829136610 4.8409433365 0.0000000000 -0.2296608090
1.6516937017 0.0000000000 0.0000000000 0.1827927977 4.8391346931 0.0000000000 -0.2296161056
1.6501264572 0.0000000000 0.0000000000 0.1826654971 4.8371906281 0.0000000000 -0.2295792103
1.6486699581 0.0000000000 0.0000000000 0.1825202107 4.8351802826 0.0000000000 -0.2295529246
1.6472409964 0.0000000000 0.0000000000 0.1823561639 4.8331136703 0.0000000000 -0.2295209169
1.6457413435 0.0000000000 0.0000000000 0.1821689159 4.8310389519 0.0000000000 -0.2294860184
1.6442074776 0.0000000000 0.0000000000 0.1819600165 4.8290166855 0.0000000000 -0.2294519842
1.6426395178 0.0000000000 0.0000000000 0.1817315668 4.8270506859 0.0000000000 -0.2294184566
1.6409851313 0.0000000000 0.0000000000 0.1814768314 4.8251390457 0.0000000000 -0.2293903232
1.6391861439 0.0000000000 0.0000000000 0.1812039018 4.8232989311 0.0000000000 -0.2293629050
1.6372852325 0.0000000000 0.0000000000 0.1809366047 4.8215513229 0.0000000000 -0.2293383181
1.6353100538 0.0000000000 0.0000000000 0.1806779951 4.8197898865 0.0000000000 -0.2292085290
1.6333645582 0.0000000000 0.0000000000 0.1804272830 4.8180327415 0.0000000000 -0.2292928100
1.6313357353 0.0000000000 0.0000000000 0.1802029461 4.8163290024 0.0000000000 -0.2292743623
1.6292412281 0.0000000000 0.0000000000 0.1799957305 4.8147273064 0.0000000000 -0.2292535305
1.6270684004 0.0000000000 0.0000000000 0.1798086315 4.8132338524 0.0000000000 -0.2291522026
1.6249327660 0.0000000000 0.0000000000 0.1796339303 4.8119459152 0.0000000000 -0.2292218506
1.6228644848 0.0000000000 0.0000000000 0.1794686168 4.8105998039 0.0000000000 -0.2292080820
1.6209323406 0.0000000000 0.0000000000 0.1793027222 4.8090863228 0.0000000000 -0.2291933894
1.6191428900 0.0000000000 0.0000000000 0.1791355759 4.8075218201 0.0000000000 -0.2291719317
1.6174141169 0.0000000000 0.0000000000 0.1789664328 4.8060264587 0.0000000000 -0.2291651070
1.6157274246 0.0000000000 0.0000000000 0.1788241565 4.8045296669 0.0000000000 -0.2291501760
1.6140917540 0.0000000000 0.0000000000 0.1786918789 4.8029847145 0.0000000000 -0.2292485237
1.6124751568 0.0000000000 0.0000000000 0.1785628051 4.8013114929 0.0000000000 -0.2291131020
1.6108667850 0.0000000000 0.0000000000 0.1784355044 4.7995681763 0.0000000000 -0.2291146517
1.6091763973 0.0000000000 0.0000000000 0.1783127636 4.7977094650 0.0000000000 -0.2291059196
1.6074018478 0.0000000000 0.0000000000 0.1781969070 4.7957715988 0.0000000000 -0.2290958166
1.6056197882 0.0000000000 0.0000000000 0.1780892611 4.7936859131 0.0000000000 -0.2291611135
1.6037133932 0.0000000000 0.0000000000 0.1780114770 4.7915863991 0.0000000000 -0.2290776372
1.6017301083 0.0000000000 0.0000000000 0.1779603362 4.7894606590 0.0000000000 -0.2290712893
1.5998202562 0.0000000000 0.0000000000 0.1779228896 4.7875132561 0.0000000000 -0.2290634513
1.5979745388 0.0000000000 0.0000000000 0.1778666824 4.7856512070 0.0000000000 -0.2290591598
