#         rmsthk      stdthk       rmsvel       stdvel       rmsdiv       stddiv       rmsusurf       stdusurf
0.0000000000 0.0000000000 89.5015106201 78.0862045288 0.0000000000 0.0000000000 0.0000000000 0.0000000000
-0.1486455947 0.4546715617 54.2581138611 50.8415718079 0.0000000000 0.0000000000 -0.0882432759 0.9815090895
-0.3004845679 0.8242249489 49.8910446167 43.0458641052 0.0000000000 0.0000000000 -0.1702419519 1.7542139292
-0.4557473063 1.1656129360 48.7547798157 40.4124755859 0.0000000000 0.0000000000 -0.2386339903 2.4067981243
-0.6134726405 1.4930150509 46.2023544312 38.2364120483 0.0000000000 0.0000000000 -0.2929577529 2.9672520161
-0.7720637321 1.8121924400 42.3939971924 36.2939147949 0.0000000000 0.0000000000 -0.3338109851 3.4548003674
-0.9297736287 2.1243476868 37.8478164673 34.5767669678 0.0000000000 0.0000000000 -0.3627867699 3.8799974918
-1.0846469402 2.4293916225 32.9723968506 33.1473312378 0.0000000000 0.0000000000 -0.3817413151 4.2489900589
-1.2348800898 2.7260353565 27.9800376892 31.9639587402 0.0000000000 0.0000000000 -0.3913530111 4.5658645630
-1.3790975809 3.0129463673 22.9962329865 31.0424976349 0.0000000000 0.0000000000 -0.3922267258 4.8332428932
-1.5161420107 3.2888336182 18.2220344543 30.4042224884 0.0000000000 0.0000000000 -0.3850752115 5.0534658432
-1.6449867487 3.5523366928 13.8743219376 30.0548152924 0.0000000000 0.0000000000 -0.3705603182 5.2286639214
-1.7647972107 3.8022277355 10.1005945206 29.9419326782 0.0000000000 0.0000000000 -0.3494952023 5.3609757423
-1.8751434088 4.0379362106 6.9903783798 29.9560279846 0.0000000000 0.0000000000 -0.3228679895 5.4527964592
-1.9760708809 4.2595334053 4.5313000679 30.0276393890 0.0000000000 0.0000000000 -0.2918033600 5.5070471764
-2.0678515434 4.4674992561 2.6627738476 30.1157093048 0.0000000000 0.0000000000 -0.2575604618 5.5270423889
-2.1509320736 4.6627221107 1.3049982786 30.1705818176 0.0000000000 0.0000000000 -0.2212822437 5.5164985657
-2.2259728909 4.8464031219 0.3960233331 30.1635360718 0.0000000000 0.0000000000 -0.1839550585 5.4791970253
-2.2935955524 5.0196108818 -0.1235845685 30.0889167786 0.0000000000 0.0000000000 -0.1464405060 5.4190678596
-2.3545324802 5.1836266518 -0.3044975400 29.9488334656 0.0000000000 0.0000000000 -0.1093861535 5.3397722244
-2.4094598293 5.3396615982 -0.1886688322 29.7558612823 0.0000000000 0.0000000000 -0.0733845606 5.2447156906
-2.4590206146 5.4888725281 0.1859078407 29.5264701843 0.0000000000 0.0000000000 -0.0389870927 5.1371908188
-2.5038371086 5.6322903633 0.7891368270 29.2808475494 0.0000000000 0.0000000000 -0.0066778380 5.0203046799
-2.5445950031 5.7711682320 1.5938229561 29.0446281433 0.0000000000 0.0000000000 0.0231265053 4.8969264030
-2.5819737911 5.9066705704 2.5779938698 28.8418903351 0.0000000000 0.0000000000 0.0500559323 4.7697620392
-2.6165461540 6.0398015976 3.7230186462 28.6922111511 0.0000000000 0.0000000000 0.0738083348 4.6412606239
-2.6489930153 6.1717171669 5.0107212067 28.6154060364 0.0000000000 0.0000000000 0.0942072794 4.5135226250
-2.6799883842 6.3033666611 6.4281430244 28.6284084320 0.0000000000 0.0000000000 0.1111842096 4.3883819580
-2.7101275921 6.4356136322 7.9539785385 28.7439289093 0.0000000000 0.0000000000 0.1247344911 4.2675051689
-2.7400360107 6.5693998337 9.5685558319 28.9644298553 0.0000000000 0.0000000000 0.1349031478 4.1523666382
-2.7703852654 6.7057762146 11.2508192062 29.2823238373 0.0000000000 0.0000000000 0.1417198628 4.0442156792
-2.8017156124 6.8454899788 12.9789257050 29.6858787537 0.0000000000 0.0000000000 0.1453495026 3.9443597794
-2.8347611427 6.9897027016 14.7202539444 30.1538219452 0.0000000000 0.0000000000 0.1459285915 3.8540968895
-2.8700597286 7.1391110420 16.4074344635 30.6454257965 0.0000000000 0.0000000000 0.1438260972 3.7747027874
-2.9081907272 7.2943959236 17.9776630402 31.1194419861 0.0000000000 0.0000000000 0.1392859519 3.7074844837
-2.9496154785 7.4559273720 19.3574390411 31.5162448883 0.0000000000 0.0000000000 0.1326248348 3.6537439823
-2.9948041439 7.6244039536 20.4779567719 31.7823657990 0.0000000000 0.0000000000 0.1242062449 3.6148211956
-3.0439226627 7.7998270988 21.2777595520 31.8690071106 0.0000000000 0.0000000000 0.1143478826 3.5917983055
-3.0969870090 7.9819536209 21.7263183594 31.7517948151 0.0000000000 0.0000000000 0.1034332216 3.5851693153
-3.1537041664 8.1699352264 21.8298721313 31.4334754944 0.0000000000 0.0000000000 0.0920935050 3.5950307846
-3.2136802673 8.3628940582 21.6268806458 30.9477920532 0.0000000000 0.0000000000 0.0808176249 3.6206870079
-3.2765014172 8.5602378845 21.1781158447 30.3439292908 0.0000000000 0.0000000000 0.0700590238 3.6603641510
-3.3415303230 8.7606620789 20.5571002960 29.6836013794 0.0000000000 0.0000000000 0.0602723770 3.7116003036
-3.4082593918 8.9634056091 19.8366718292 29.0353374481 0.0000000000 0.0000000000 0.0518543869 3.7714209557
-3.4762856960 9.1677188873 19.0716857910 28.4431629181 0.0000000000 0.0000000000 0.0451358482 3.8364732265
-3.5451693535 9.3727607727 18.3187503815 27.9386692047 0.0000000000 0.0000000000 0.0403275527 3.9034030437
-3.6144847870 9.5778255463 17.6172180176 27.5292453766 0.0000000000 0.0000000000 0.0375553519 3.9693238735
-3.6837303638 9.7818050385 17.0009384155 27.2167053223 0.0000000000 0.0000000000 0.0368135907 4.0318264961
-3.7526714802 9.9843997955 16.4975204468 26.9972724915 0.0000000000 0.0000000000 0.0379703678 4.0892801285
-3.8211154938 10.1853923798 16.1238803864 26.8563346863 0.0000000000 0.0000000000 0.0409060866 4.1406588554
-3.8889012337 10.3847141266 15.8983364105 26.7694358826 0.0000000000 0.0000000000 0.0454822816 4.1854243279
-3.9561500549 10.5828065872 15.8192415237 26.7047824860 0.0000000000 0.0000000000 0.0514800325 4.2234826088
-4.0229907036 10.7799520493 15.8738965988 26.6365890503 0.0000000000 0.0000000000 0.0585730784 4.2552328110
-4.0895018578 10.9763450623 16.0399799347 26.5369701385 0.0000000000 0.0000000000 0.0664952919 4.2811555862
-4.1557745934 11.1719112396 16.2877178192 26.3898487091 0.0000000000 0.0000000000 0.0749052390 4.3019151688
-4.2219262123 11.3666934967 16.5794010162 26.1876678467 0.0000000000 0.0000000000 0.0834114701 4.3182597160
-4.2882843018 11.5612821579 16.8728389740 25.9309406281 0.0000000000 0.0000000000 0.0916938111 4.3309621811
-4.3550801277 11.7557363510 17.1306266785 25.6339569092 0.0000000000 0.0000000000 0.0994205400 4.3405632973
-4.4223957062 11.9499883652 17.3190689087 25.3147220612 0.0000000000 0.0000000000 0.1063477695 4.3476223946
-4.4903163910 12.1440076828 17.4097499847 24.9960842133 0.0000000000 0.0000000000 0.1123088896 4.3524060249
-4.5589494705 12.3380451202 17.3890266418 24.6987342834 0.0000000000 0.0000000000 0.1172562391 4.3549466133
-4.6282544136 12.5319862366 17.2460479736 24.4355125427 0.0000000000 0.0000000000 0.1211412027 4.3553171158
-4.6981396675 12.7257547379 16.9817008972 24.2086048126 0.0000000000 0.0000000000 0.1240469590 4.3535122871
-4.7684564590 12.9192810059 16.6096954346 24.0173778534 0.0000000000 0.0000000000 0.1260011643 4.3493866920
-4.8389840126 13.1123266220 16.1556644440 23.8564853668 0.0000000000 0.0000000000 0.1270761341 4.3427329063
-4.9094142914 13.3044433594 15.6472806931 23.7132968903 0.0000000000 0.0000000000 0.1273766905 4.3332161903
-4.9795565605 13.4955558777 15.1139392853 23.5698833466 0.0000000000 0.0000000000 0.1270366907 4.3205862045
-5.0492486954 13.6856508255 14.5811567307 23.4139881134 0.0000000000 0.0000000000 0.1261957288 4.3046059608
-5.1182651520 13.8744554520 14.0724897385 23.2372131348 0.0000000000 0.0000000000 0.1249690950 4.2850489616
-5.1864438057 14.0618705750 13.6041345596 23.0336132050 0.0000000000 0.0000000000 0.1234335229 4.2618451118
-5.2535400391 14.2475795746 13.1934814453 22.8086261749 0.0000000000 0.0000000000 0.1216356158 4.2349205017
-5.3195681572 14.4316740036 12.8463916779 22.5685768127 0.0000000000 0.0000000000 0.1195933372 4.2044072151
-5.3844299316 14.6139411926 12.5661954880 22.3241214752 0.0000000000 0.0000000000 0.1173524559 4.1704492569
-5.4481410980 14.7943153381 12.3512048721 22.0888786316 0.0000000000 0.0000000000 0.1149478629 4.1331610680
-5.5105824471 14.9724121094 12.1930541992 21.8729038239 0.0000000000 0.0000000000 0.1123564392 4.0928821564
-5.5718894005 15.1484518051 12.0796327591 21.6833400726 0.0000000000 0.0000000000 0.1095889509 4.0499773026
-5.6321792603 15.3225927353 11.9982099533 21.5226135254 0.0000000000 0.0000000000 0.1066325158 4.0048608780
-5.6914978027 15.4948253632 11.9335327148 21.3862838745 0.0000000000 0.0000000000 0.1034744382 3.9581079483
-5.7500362396 15.6654920578 11.8744134903 21.2692527771 0.0000000000 0.0000000000 0.1001104340 3.9102931023
-5.8078665733 15.8346128464 11.8107156754 21.1633300781 0.0000000000 0.0000000000 0.0965844691 3.8618798256
-5.8651061058 16.0022335052 11.7316427231 21.0597324371 0.0000000000 0.0000000000 0.0929449275 3.8134508133
-5.9218831062 16.1687183380 11.6312665939 20.9524517059 0.0000000000 0.0000000000 0.0892626345 3.7653732300
-5.9782719612 16.3341674805 11.5071315765 20.8358860016 0.0000000000 0.0000000000 0.0856079459 3.7178728580
-6.0342230797 16.4985008240 11.3606472015 20.7090072632 0.0000000000 0.0000000000 0.0820017233 3.6712381840
-6.0897827148 16.6618633270 11.1947288513 20.5730667114 0.0000000000 0.0000000000 0.0784733519 3.6256468296
-6.1449155807 16.8241481781 11.0136070251 20.4315052032 0.0000000000 0.0000000000 0.0750563145 3.5811629295
-6.1996083260 16.9853267670 10.8266811371 20.2915592194 0.0000000000 0.0000000000 0.0718026757 3.5377128124
-6.2538437843 17.1454467773 10.6429224014 20.1592693329 0.0000000000 0.0000000000 0.0687501356 3.4952547550
-6.3075647354 17.3044910431 10.4701480865 20.0377559662 0.0000000000 0.0000000000 0.0659423023 3.4536879063
-6.3607268333 17.4623432159 10.3167018890 19.9294548035 0.0000000000 0.0000000000 0.0634121969 3.4129314423
-6.4132766724 17.6188144684 10.1860122681 19.8340549469 0.0000000000 0.0000000000 0.0612184182 3.3730034828
-6.4653549194 17.7744026184 10.0793704987 19.7475452423 0.0000000000 0.0000000000 0.0593746640 3.3339905739
-6.5169019699 17.9289340973 9.9970378876 19.6652603149 0.0000000000 0.0000000000 0.0578572303 3.2960278988
-6.5680294037 18.0825767517 9.9358863831 19.5839977264 0.0000000000 0.0000000000 0.0566259064 3.2592635155
-6.6187834740 18.2353725433 9.8920793533 19.4999732971 0.0000000000 0.0000000000 0.0556337610 3.2237689495
-6.6691508293 18.3872909546 9.8606081009 19.4100685120 0.0000000000 0.0000000000 0.0548374355 3.1896734238
-6.7191557884 18.5382862091 9.8356218338 19.3131961823 0.0000000000 0.0000000000 0.0542457029 3.1569936275
-6.7688698769 18.6884193420 9.8106689453 19.2095165253 0.0000000000 0.0000000000 0.0538296476 3.1257619858
-6.8183970451 18.8379249573 9.7798748016 19.1014556885 0.0000000000 0.0000000000 0.0535697341 3.0959522724
-6.8677067757 18.9866561890 9.7369060516 18.9912147522 0.0000000000 0.0000000000 0.0534375794 3.0675594807
-6.9167246819 19.1343727112 9.6783876419 18.8828639984 0.0000000000 0.0000000000 0.0533917248 3.0404505730
-6.9653906822 19.2810230255 9.6031112671 18.7782859802 0.0000000000 0.0000000000 0.0533690751 3.0145959854
-7.0137391090 19.4267616272 9.5121450424 18.6796684265 0.0000000000 0.0000000000 0.0533253700 2.9899175167
-7.0616707802 19.5713195801 9.4084453583 18.5883922577 0.0000000000 0.0000000000 0.0532281958 2.9662904739
-7.1092743874 19.7150287628 9.2939596176 18.5030479431 0.0000000000 0.0000000000 0.0530594401 2.9436416626
-7.1565752029 19.8579921722 9.1731138229 18.4222431183 0.0000000000 0.0000000000 0.0528045893 2.9218785763
-7.2035822868 20.0002746582 9.0494127274 18.3447780609 0.0000000000 0.0000000000 0.0524591692 2.9008495808
-7.2501244545 20.1415996552 8.9291687012 18.2682418823 0.0000000000 0.0000000000 0.0520683266 2.8803956509
-7.2963657379 20.2824001312 8.8149585724 18.1900978088 0.0000000000 0.0000000000 0.0516530685 2.8604636192
-7.3422598839 20.4225788116 8.7080764771 18.1087818146 0.0000000000 0.0000000000 0.0512157939 2.8410048485
-7.3877315521 20.5620021820 8.6107177734 18.0240974426 0.0000000000 0.0000000000 0.0507112183 2.8219437599
-7.4327735901 20.7007293701 8.5210657120 17.9364471436 0.0000000000 0.0000000000 0.0501572825 2.8031041622
-7.4773335457 20.8387203217 8.4373798370 17.8473739624 0.0000000000 0.0000000000 0.0495647229 2.7843577862
-7.5215601921 20.9762573242 8.3583860397 17.7581939697 0.0000000000 0.0000000000 0.0489394739 2.7657263279
-7.5653657913 21.1131153107 8.2825527191 17.6700534821 0.0000000000 0.0000000000 0.0483181700 2.7471680641
-7.6086907387 21.2491912842 8.2079515457 17.5831832886 0.0000000000 0.0000000000 0.0477224067 2.7287042141
-7.6516447067 21.3846664429 8.1331415176 17.4974803925 0.0000000000 0.0000000000 0.0471637398 2.7103667259
-7.6941885948 21.5195465088 8.0560646057 17.4132194519 0.0000000000 0.0000000000 0.0466501042 2.6921730042
-7.7362861633 21.6537628174 7.9754567146 17.3306655884 0.0000000000 0.0000000000 0.0461803600 2.6741743088
-7.7779345512 21.7873134613 7.8901433945 17.2494258881 0.0000000000 0.0000000000 0.0457485020 2.6563656330
-7.8191232681 21.9199428558 7.8009862900 17.1700572968 0.0000000000 0.0000000000 0.0453643836 2.6387331486
-7.8598713875 22.0517425537 7.7091021538 17.0934181213 0.0000000000 0.0000000000 0.0450402722 2.6212539673
-7.9001350403 22.1827201843 7.6161432266 17.0192279816 0.0000000000 0.0000000000 0.0447965451 2.6038026810
-7.9398822784 22.3128299713 7.5230774879 16.9459133148 0.0000000000 0.0000000000 0.0446292348 2.5863902569
-7.9793300629 22.4425373077 7.4305624962 16.8734970093 0.0000000000 0.0000000000 0.0445317179 2.5690064430
-8.0183649063 22.5715885162 7.3412923813 16.8001632690 0.0000000000 0.0000000000 0.0444671214 2.5517046452
-8.0570297241 22.7000827789 7.2560591698 16.7249107361 0.0000000000 0.0000000000 0.0444181487 2.5345416069
-8.0953207016 22.8280258179 7.1751499176 16.6471767426 0.0000000000 0.0000000000 0.0443700440 2.5175926685
-8.1332607269 22.9554119110 7.0978097916 16.5674476624 0.0000000000 0.0000000000 0.0443126634 2.5009472370
-8.1708173752 23.0821533203 7.0246853828 16.4863739014 0.0000000000 0.0000000000 0.0442832336 2.4846367836
-8.2079591751 23.2082500458 6.9548721313 16.4047241211 0.0000000000 0.0000000000 0.0442818888 2.4686763287
-8.2447195053 23.3337326050 6.8877816200 16.3226451874 0.0000000000 0.0000000000 0.0443164036 2.4530582428
-8.2809972763 23.4584121704 6.8226399422 16.2406883240 0.0000000000 0.0000000000 0.0443487205 2.4378135204
-8.3168668747 23.5823268890 6.7576680183 16.1599540710 0.0000000000 0.0000000000 0.0444184206 2.4229040146
-8.3524074554 23.7055950165 6.6932711601 16.0807762146 0.0000000000 0.0000000000 0.0444560982 2.4083235264
-8.3876028061 23.8282566071 6.6281909943 16.0032844543 0.0000000000 0.0000000000 0.0445042662 2.3940205574
-8.4225435257 23.9503726959 6.5618100166 15.9269495010 0.0000000000 0.0000000000 0.0445391908 2.3799374104
-8.4571371078 24.0718212128 6.4938964844 15.8520545959 0.0000000000 0.0000000000 0.0445599407 2.3660876751
-8.4914550781 24.1926441193 6.4244079590 15.7781047821 0.0000000000 0.0000000000 0.0445490032 2.3524756432
-8.5254745483 24.3127803802 6.3537468910 15.7045059204 0.0000000000 0.0000000000 0.0444668606 2.3391396999
-8.5592088699 24.4321861267 6.2830624580 15.6306953430 0.0000000000 0.0000000000 0.0443421006 2.3260648251
-8.5925626755 24.5507659912 6.2145442963 15.5567035675 0.0000000000 0.0000000000 0.0441688150 2.3132445812
-8.6255931854 24.6686706543 6.1479201317 15.4823303223 0.0000000000 0.0000000000 0.0439178757 2.3006603718
-8.6583099365 24.7859134674 6.0836873055 15.4080438614 0.0000000000 0.0000000000 0.0436011218 2.2883775234
-8.6908216476 24.9027423859 6.0215682983 15.3349208832 0.0000000000 0.0000000000 0.0432109125 2.2763957977
-8.7231359482 25.0191917419 5.9610381126 15.2632417679 0.0000000000 0.0000000000 0.0427569374 2.2647366524
-8.7553024292 25.1353149414 5.9022059441 15.1947088242 0.0000000000 0.0000000000 0.0422608256 2.2534146309
-8.7872400284 25.2509498596 5.8454651833 15.1265954971 0.0000000000 0.0000000000 0.0417105779 2.2424347401
-8.8190069199 25.3661537170 5.7890610695 15.0583677292 0.0000000000 0.0000000000 0.0411174372 2.2318053246
-8.8505506516 25.4807147980 5.7315559387 14.9895772934 0.0000000000 0.0000000000 0.0404936336 2.2214899063
-8.8819007874 25.5948581696 5.6729321480 14.9191074371 0.0000000000 0.0000000000 0.0398700722 2.2113974094
-8.9130659103 25.7085285187 5.6124873161 14.8483896255 0.0000000000 0.0000000000 0.0392757989 2.2015125751
-8.9439001083 25.8213443756 5.5495634079 14.7784585953 0.0000000000 0.0000000000 0.0386979580 2.1918237209
-8.9745798111 25.9338359833 5.4861316681 14.7086858749 0.0000000000 0.0000000000 0.0381699018 2.1822984219
-9.0051097870 26.0459251404 5.4212641716 14.6396837234 0.0000000000 0.0000000000 0.0376871303 2.1729390621
-9.0354413986 26.1575222015 5.3565406799 14.5725679398 0.0000000000 0.0000000000 0.0372288264 2.1636331081
-9.0655279160 26.2685184479 5.2921891212 14.5078868866 0.0000000000 0.0000000000 0.0368056633 2.1543135643
-9.0953245163 26.3788032532 5.2273902893 14.4451036453 0.0000000000 0.0000000000 0.0364001058 2.1449904442
-9.1249713898 26.4886779785 5.1627855301 14.3837299347 0.0000000000 0.0000000000 0.0360188857 2.1356835365
-9.1543865204 26.5979862213 5.0983543396 14.3238801956 0.0000000000 0.0000000000 0.0356839933 2.1263551712
-9.1836080551 26.7068119049 5.0342359543 14.2653293610 0.0000000000 0.0000000000 0.0353629924 2.1170148849
-9.2125749588 26.8150978088 4.9699363708 14.2063751221 0.0000000000 0.0000000000 0.0350703187 2.1076114178
-9.2413568497 26.9229049683 4.9060339928 14.1471700668 0.0000000000 0.0000000000 0.0348039977 2.0981500149
-9.2698440552 27.0300102234 4.8425450325 14.0867137909 0.0000000000 0.0000000000 0.0345482901 2.0886747837
-9.2981290817 27.1365718842 4.7782468796 14.0244350433 0.0000000000 0.0000000000 0.0343067348 2.0792005062
-9.3261461258 27.2424659729 4.7142376900 13.9619903564 0.0000000000 0.0000000000 0.0340613574 2.0696892738
-9.3540239334 27.3479232788 4.6492328644 13.8999795914 0.0000000000 0.0000000000 0.0338106863 2.0600059032
-9.3817434311 27.4529762268 4.5842404366 13.8387575150 0.0000000000 0.0000000000 0.0335648768 2.0501530170
-9.4091701508 27.5573558807 4.5207376480 13.7784500122 0.0000000000 0.0000000000 0.0333090052 2.0401256084
-9.4363546371 27.6612033844 4.4588837624 13.7194547653 0.0000000000 0.0000000000 0.0330570303 2.0299313068
-9.4632825851 27.7644519806 4.3990316391 13.6616840363 0.0000000000 0.0000000000 0.0328084640 2.0195713043
-9.4900264740 27.8672142029 4.3405947685 13.6040563583 0.0000000000 0.0000000000 0.0325777531 2.0090456009
-9.5165271759 27.9692764282 4.2837848663 13.5465402603 0.0000000000 0.0000000000 0.0323748551 1.9983859062
-9.5428276062 28.0708179474 4.2295999527 13.4889736176 0.0000000000 0.0000000000 0.0322153121 1.9876574278
-9.5690317154 28.1719989777 4.1788282394 13.4323015213 0.0000000000 0.0000000000 0.0320948437 1.9769259691
-9.5950908661 28.2728252411 4.1314263344 13.3748178482 0.0000000000 0.0000000000 0.0320035629 1.9662543535
-9.6210680008 28.3733406067 4.0864319801 13.3169479370 0.0000000000 0.0000000000 0.0319344364 1.9556896687
-9.6469545364 28.4734325409 4.0427322388 13.2599124908 0.0000000000 0.0000000000 0.0318895727 1.9452681541
-9.6727161407 28.5730667114 3.9998605251 13.2030544281 0.0000000000 0.0000000000 0.0318521447 1.9350161552
-9.6983480453 28.6722469330 3.9574043751 13.1463193893 0.0000000000 0.0000000000 0.0318358205 1.9249212742
-9.7239065170 28.7709693909 3.9150042534 13.0899124146 0.0000000000 0.0000000000 0.0318310447 1.9150474072
-9.7493438721 28.8692111969 3.8713188171 13.0335540771 0.0000000000 0.0000000000 0.0318359323 1.9054075480
-9.7747621536 28.9670925140 3.8273129463 12.9774427414 0.0000000000 0.0000000000 0.0318634547 1.8960164785
-9.8001184464 29.0644664764 3.7834150791 12.9218263626 0.0000000000 0.0000000000 0.0318972468 1.8868697882
-9.8253459930 29.1612548828 3.7389531136 12.8666973114 0.0000000000 0.0000000000 0.0319762751 1.8779336214
-9.8504552841 29.2575187683 3.6951463223 12.8145074844 0.0000000000 0.0000000000 0.0321229883 1.8691955805
-9.8755664825 29.3534011841 3.6517186165 12.7640714645 0.0000000000 0.0000000000 0.0323123932 1.8606803417
-9.9006423950 29.4488601685 3.6098463535 12.7156286240 0.0000000000 0.0000000000 0.0325335488 1.8524202108
-9.9257030487 29.5438385010 3.5689775944 12.6678848267 0.0000000000 0.0000000000 0.0327722840 1.8443611860
-9.9506406784 29.6380195618 3.5292880535 12.6211690903 0.0000000000 0.0000000000 0.0330246836 1.8364853859
-9.9754858017 29.7315959930 3.4910044670 12.5752601624 0.0000000000 0.0000000000 0.0332862809 1.8288086653
-10.0002384186 29.8244686127 3.4541995525 12.5302619934 0.0000000000 0.0000000000 0.0335585698 1.8212971687
-10.0249481201 29.9166774750 3.4188835621 12.4862957001 0.0000000000 0.0000000000 0.0338287987 1.8138716221
-10.0496244431 30.0082759857 3.3844692707 12.4429292679 0.0000000000 0.0000000000 0.0341009907 1.8065389395
-10.0742597580 30.0992717743 3.3508784771 12.4002513885 0.0000000000 0.0000000000 0.0343692265 1.7992799282
-10.0988159180 30.1895236969 3.3177406788 12.3587751389 0.0000000000 0.0000000000 0.0346436761 1.7921032906
-10.1233778000 30.2792568207 3.2848410606 12.3184585571 0.0000000000 0.0000000000 0.0349385850 1.7850681543
-10.1479349136 30.3684005737 3.2518899441 12.2798871994 0.0000000000 0.0000000000 0.0352484696 1.7781175375
-10.1724529266 30.4568958282 3.2175352573 12.2424459457 0.0000000000 0.0000000000 0.0355742164 1.7712459564
-10.1970357895 30.5449409485 3.1822478771 12.2068147659 0.0000000000 0.0000000000 0.0359298214 1.7644938231
-10.2216806412 30.6325435638 3.1459019184 12.1722803116 0.0000000000 0.0000000000 0.0363067314 1.7578105927
-10.2463483810 30.7196388245 3.1090254784 12.1392221451 0.0000000000 0.0000000000 0.0366885439 1.7511993647
-10.2710323334 30.8061885834 3.0715904236 12.1069192886 0.0000000000 0.0000000000 0.0370697491 1.7446422577
-10.2956848145 30.8921031952 3.0342652798 12.0741319656 0.0000000000 0.0000000000 0.0374418087 1.7382367849
-10.3203086853 30.9774131775 2.9978213310 12.0396814346 0.0000000000 0.0000000000 0.0378039293 1.7319923639
-10.3448600769 31.0620632172 2.9628710747 12.0033569336 0.0000000000 0.0000000000 0.0381499790 1.7258578539
-10.3693056107 31.1460151672 2.9296021461 11.9668493271 0.0000000000 0.0000000000 0.0384724624 1.7197825909
-10.3937664032 31.2295494080 2.8977444172 11.9295997620 0.0000000000 0.0000000000 0.0387729555 1.7137622833
-10.4182052612 31.3126487732 2.8673427105 11.8920707703 0.0000000000 0.0000000000 0.0390635058 1.7078361511
-10.4426574707 31.3953647614 2.8380634785 11.8553428650 0.0000000000 0.0000000000 0.0393393449 1.7020126581
-10.4669494629 31.4773063660 2.8100061417 11.8212985992 0.0000000000 0.0000000000 0.0396106057 1.6962673664
-10.4911451340 31.5586395264 2.7829303741 11.7886772156 0.0000000000 0.0000000000 0.0398890451 1.6906038523
-10.5153293610 31.6395759583 2.7568812370 11.7568216324 0.0000000000 0.0000000000 0.0401761644 1.6850353479
-10.5394659042 31.7200546265 2.7324659824 11.7256402969 0.0000000000 0.0000000000 0.0404797159 1.6795039177
-10.5635471344 31.7999668121 2.7095894814 11.6942701340 0.0000000000 0.0000000000 0.0407717228 1.6740221977
-10.5875539780 31.8794822693 2.6888458729 11.6617975235 0.0000000000 0.0000000000 0.0410549417 1.6685986519
-10.6113691330 31.9583129883 2.6694948673 11.6285600662 0.0000000000 0.0000000000 0.0413411595 1.6632393599
-10.6351366043 32.0367889404 2.6508202553 11.5945739746 0.0000000000 0.0000000000 0.0416513272 1.6579499245
-10.6588926315 32.1149978638 2.6316156387 11.5599508286 0.0000000000 0.0000000000 0.0419439524 1.6528311968
-10.6826267242 32.1929206848 2.6111714840 11.5249385834 0.0000000000 0.0000000000 0.0422312729 1.6478849649
-10.7062873840 32.2704811096 2.5893542767 11.4901552200 0.0000000000 0.0000000000 0.0424586385 1.6431528330
-10.7299804688 32.3478851318 2.5661683083 11.4559412003 0.0000000000 0.0000000000 0.0426617190 1.6386661530
-10.7536849976 32.4251289368 2.5406823158 11.4227609634 0.0000000000 0.0000000000 0.0427815095 1.6344469786
-10.7773590088 32.5022239685 2.5134019852 11.3905105591 0.0000000000 0.0000000000 0.0428506061 1.6305559874
-10.8009548187 32.5790023804 2.4855074883 11.3593606949 0.0000000000 0.0000000000 0.0428416654 1.6269625425
-10.8244972229 32.6555747986 2.4571826458 11.3288707733 0.0000000000 0.0000000000 0.0427676849 1.6235491037
-10.8479671478 32.7319526672 2.4295666218 11.2985868454 0.0000000000 0.0000000000 0.0426582582 1.6202435493
-10.8712215424 32.8078422546 2.4028742313 11.2686243057 0.0000000000 0.0000000000 0.0424774811 1.6169949770
-10.8943109512 32.8833847046 2.3766438961 11.2382249832 0.0000000000 0.0000000000 0.0422717109 1.6137996912
-10.9172792435 32.9585838318 2.3515431881 11.2078371048 0.0000000000 0.0000000000 0.0419928469 1.6106355190
-10.9401388168 33.0334281921 2.3276209831 11.1775016785 0.0000000000 0.0000000000 0.0417027101 1.6074302197
-10.9627752304 33.1077766418 2.3044860363 11.1480522156 0.0000000000 0.0000000000 0.0413762182 1.6041169167
-10.9852409363 33.1816520691 2.2833340168 11.1195831299 0.0000000000 0.0000000000 0.0410435796 1.6006739140
-11.0076084137 33.2552375793 2.2626836300 11.0912742615 0.0000000000 0.0000000000 0.0406966992 1.5971589088
-11.0298652649 33.3286399841 2.2421531677 11.0635795593 0.0000000000 0.0000000000 0.0403678864 1.5936216116
-11.0520858765 33.4019203186 2.2215375900 11.0366144180 0.0000000000 0.0000000000 0.0400219522 1.5900877714
-11.0741548538 33.4749298096 2.1996486187 11.0105009079 0.0000000000 0.0000000000 0.0396784171 1.5865195990
-11.0961561203 33.5477104187 2.1760504246 10.9849357605 0.0000000000 0.0000000000 0.0393266752 1.5828993320
-11.1180028915 33.6199989319 2.1510367393 10.9607429504 0.0000000000 0.0000000000 0.0389986001 1.5792293549
-11.1397123337 33.6917343140 2.1245121956 10.9376134872 0.0000000000 0.0000000000 0.0387014411 1.5755208731
-11.1613893509 33.7632026672 2.0967490673 10.9156055450 0.0000000000 0.0000000000 0.0384431407 1.5717524290
-11.1830024719 33.8344917297 2.0685749054 10.8946266174 0.0000000000 0.0000000000 0.0382346287 1.5679637194
-11.2046089172 33.9056663513 2.0403561592 10.8741636276 0.0000000000 0.0000000000 0.0380470045 1.5641729832
-11.2260932922 33.9765625000 2.0130729675 10.8549795151 0.0000000000 0.0000000000 0.0378865264 1.5604236126
-11.2475509644 34.0472640991 1.9878228903 10.8361034393 0.0000000000 0.0000000000 0.0377175026 1.5567126274
-11.2689762115 34.1177291870 1.9638259411 10.8163957596 0.0000000000 0.0000000000 0.0375492424 1.5530186892
-11.2904090881 34.1881027222 1.9407690763 10.7959852219 0.0000000000 0.0000000000 0.0373902991 1.5493230820
-11.3117752075 34.2581672668 1.9188795090 10.7738552094 0.0000000000 0.0000000000 0.0372353457 1.5456593037
-11.3331212997 34.3280982971 1.8985179663 10.7504739761 0.0000000000 0.0000000000 0.0371182859 1.5421332121
-11.3543281555 34.3976974487 1.8776665926 10.7268943787 0.0000000000 0.0000000000 0.0370259359 1.5387587547
-11.3755073547 34.4671325684 1.8564937115 10.7030963898 0.0000000000 0.0000000000 0.0369738117 1.5354968309
-11.3966941833 34.5364303589 1.8344771862 10.6792860031 0.0000000000 0.0000000000 0.0369534194 1.5323545933
-11.4178876877 34.6056060791 1.8116652966 10.6552934647 0.0000000000 0.0000000000 0.0369450822 1.5293568373
-11.4390344620 34.6745910645 1.7888004780 10.6324405670 0.0000000000 0.0000000000 0.0369682461 1.5265296698
-11.4601688385 34.7433776855 1.7662383318 10.6100444794 0.0000000000 0.0000000000 0.0369869545 1.5238453150
-11.4813308716 34.8120117188 1.7451924086 10.5876064301 0.0000000000 0.0000000000 0.0370101556 1.5213021040
-11.5024604797 34.8803672791 1.7258257866 10.5650930405 0.0000000000 0.0000000000 0.0370393395 1.5188343525
-11.5235347748 34.9484138489 1.7070080042 10.5428237915 0.0000000000 0.0000000000 0.0370730869 1.5164784193
-11.5444993973 35.0160255432 1.6897239685 10.5196552277 0.0000000000 0.0000000000 0.0371013321 1.5142221451
-11.5655221939 35.0834846497 1.6735286713 10.4958295822 0.0000000000 0.0000000000 0.0370996408 1.5120698214
-11.5866289139 35.1508293152 1.6580305099 10.4712162018 0.0000000000 0.0000000000 0.0370894037 1.5099678040
-11.6078186035 35.2180519104 1.6419430971 10.4463386536 0.0000000000 0.0000000000 0.0370670520 1.5079338551
-11.6290025711 35.2849311829 1.6259714365 10.4211111069 0.0000000000 0.0000000000 0.0370338708 1.5060395002
-11.6501579285 35.3515739441 1.6102302074 10.3951807022 0.0000000000 0.0000000000 0.0369659327 1.5042220354
-11.6713886261 35.4181175232 1.5947250128 10.3681716919 0.0000000000 0.0000000000 0.0368543565 1.5024551153
-11.6925973892 35.4844436646 1.5789769888 10.3410100937 0.0000000000 0.0000000000 0.0367264003 1.5007777214
-11.7138652802 35.5506134033 1.5625160933 10.3146209717 0.0000000000 0.0000000000 0.0366005339 1.4992110729
-11.7350702286 35.6160736084 1.5447008610 10.2887592316 0.0000000000 0.0000000000 0.0364917591 1.4976633787
-11.7562170029 35.6810836792 1.5252813101 10.2640686035 0.0000000000 0.0000000000 0.0364138074 1.4960846901
-11.7773027420 35.7457962036 1.5031599998 10.2415809631 0.0000000000 0.0000000000 0.0363803357 1.4944052696
-11.7983980179 35.8102149963 1.4785989523 10.2198762894 0.0000000000 0.0000000000 0.0363818705 1.4926637411
-11.8194465637 35.8743133545 1.4530862570 10.1995458603 0.0000000000 0.0000000000 0.0364053771 1.4908490181
-11.8403377533 35.9377136230 1.4276506901 10.1803770065 0.0000000000 0.0000000000 0.0364399999 1.4889435768
-11.8611888885 36.0008773804 1.4020414352 10.1613588333 0.0000000000 0.0000000000 0.0364832468 1.4869606495
-11.8820447922 36.0639305115 1.3773212433 10.1419582367 0.0000000000 0.0000000000 0.0365357734 1.4849233627
-11.9027490616 36.1265068054 1.3540662527 10.1219959259 0.0000000000 0.0000000000 0.0365905650 1.4828085899
-11.9234609604 36.1890029907 1.3318765163 10.1015806198 0.0000000000 0.0000000000 0.0366338603 1.4806104898
-11.9441967010 36.2514724731 1.3108686209 10.0809345245 0.0000000000 0.0000000000 0.0366525091 1.4783241749
-11.9647970200 36.3135757446 1.2902363539 10.0613269806 0.0000000000 0.0000000000 0.0366446711 1.4759335518
-11.9853944778 36.3756065369 1.2693830729 10.0420446396 0.0000000000 0.0000000000 0.0366181508 1.4734400511
-12.0059881210 36.4375572205 1.2478241920 10.0236473083 0.0000000000 0.0000000000 0.0365979150 1.4708473682
-12.0265531540 36.4993286133 1.2260861397 10.0061979294 0.0000000000 0.0000000000 0.0365929678 1.4682163000
-12.0470447540 36.5608406067 1.2035614252 9.9900045395 0.0000000000 0.0000000000 0.0366214886 1.4655076265
-12.0674371719 36.6218948364 1.1795428991 9.9744548798 0.0000000000 0.0000000000 0.0366769619 1.4627900124
-12.0877237320 36.6826667786 1.1549308300 9.9589958191 0.0000000000 0.0000000000 0.0367624313 1.4600768089
-12.1079874039 36.7433052063 1.1301052570 9.9436483383 0.0000000000 0.0000000000 0.0368567966 1.4574567080
-12.1281919479 36.8037147522 1.1054419279 9.9283599854 0.0000000000 0.0000000000 0.0369397588 1.4549854994
-12.1483173370 36.8639068604 1.0806633234 9.9136476517 0.0000000000 0.0000000000 0.0369929932 1.4526271820
-12.1684007645 36.9239692688 1.0565271378 9.8987550735 0.0000000000 0.0000000000 0.0370295420 1.4503231049
-12.1883955002 36.9837913513 1.0337855816 9.8831577301 0.0000000000 0.0000000000 0.0370463170 1.4480917454
-12.2082042694 37.0431823730 1.0113399029 9.8671245575 0.0000000000 0.0000000000 0.0370399691 1.4459073544
-12.2278556824 37.1023559570 0.9883635640 9.8511981964 0.0000000000 0.0000000000 0.0370262042 1.4436992407
-12.2473955154 37.1611824036 0.9646487236 9.8350973129 0.0000000000 0.0000000000 0.0370077901 1.4414707422
-12.2669029236 37.2198982239 0.9390530586 9.8194160461 0.0000000000 0.0000000000 0.0369735993 1.4392244816
-12.2862777710 37.2783851624 0.9108093977 9.8045625687 0.0000000000 0.0000000000 0.0369042829 1.4369466305
-12.3055000305 37.3365554810 0.8798545003 9.7904853821 0.0000000000 0.0000000000 0.0368133411 1.4345432520
-12.3246040344 37.3945503235 0.8481271267 9.7772293091 0.0000000000 0.0000000000 0.0367136598 1.4320492744
-12.3435106277 37.4520454407 0.8172055483 9.7636423111 0.0000000000 0.0000000000 0.0366151258 1.4294314384
-12.3622884750 37.5092773438 0.7887208462 9.7501831055 0.0000000000 0.0000000000 0.0364954583 1.4267387390
-12.3808679581 37.5661773682 0.7622860074 9.7366495132 0.0000000000 0.0000000000 0.0363702253 1.4240506887
-12.3991403580 37.6223983765 0.7384770513 9.7230110168 0.0000000000 0.0000000000 0.0362256207 1.4214414358
-12.4173374176 37.6785125732 0.7176455855 9.7090768814 0.0000000000 0.0000000000 0.0360914767 1.4189504385
-12.4354734421 37.7345275879 0.6992958784 9.6948175430 0.0000000000 0.0000000000 0.0359345637 1.4165716171
-12.4535894394 37.7905578613 0.6827617288 9.6798439026 0.0000000000 0.0000000000 0.0357687175 1.4143159389
-12.4716091156 37.8463096619 0.6690325141 9.6636381149 0.0000000000 0.0000000000 0.0355587490 1.4120993614
-12.4895401001 37.9019050598 0.6571399570 9.6462841034 0.0000000000 0.0000000000 0.0353583992 1.4099258184
-12.5074300766 37.9574356079 0.6461760402 9.6286306381 0.0000000000 0.0000000000 0.0351434052 1.4077428579
-12.5253000259 38.0129280090 0.6346019506 9.6111917496 0.0000000000 0.0000000000 0.0349587500 1.4055585861
-12.5431289673 38.0682830811 0.6215284467 9.5943756104 0.0000000000 0.0000000000 0.0347784348 1.4034346342
-12.5609359741 38.1233711243 0.6071810126 9.5786323547 0.0000000000 0.0000000000 0.0346357860 1.4013383389
-12.5787611008 38.1782455444 0.5925957561 9.5637035370 0.0000000000 0.0000000000 0.0345190912 1.3992249966
-12.5965986252 38.2330513000 0.5777077079 9.5495967865 0.0000000000 0.0000000000 0.0344294570 1.3970969915
-12.6143932343 38.2876663208 0.5624250174 9.5357093811 0.0000000000 0.0000000000 0.0343608372 1.3949434757
-12.6322402954 38.3422698975 0.5465886593 9.5219087601 0.0000000000 0.0000000000 0.0342821963 1.3927333355
-12.6500549316 38.3967552185 0.5297530890 9.5093574524 0.0000000000 0.0000000000 0.0341941342 1.3905817270
-12.6678810120 38.4510765076 0.5119348168 9.4978761673 0.0000000000 0.0000000000 0.0340923853 1.3884936571
-12.6857395172 38.5052947998 0.4940447509 9.4873704910 0.0000000000 0.0000000000 0.0339821801 1.3864355087
-12.7035865784 38.5593185425 0.4765551388 9.4773521423 0.0000000000 0.0000000000 0.0338636041 1.3844289780
-12.7213811874 38.6131134033 0.4587300122 9.4676742554 0.0000000000 0.0000000000 0.0337249041 1.3824566603
-12.7391099930 38.6665992737 0.4403520823 9.4587364197 0.0000000000 0.0000000000 0.0335744396 1.3805766106
-12.7568368912 38.7199554443 0.4216911197 9.4494752884 0.0000000000 0.0000000000 0.0333900936 1.3788021803
-12.7745084763 38.7730522156 0.4045291841 9.4390640259 0.0000000000 0.0000000000 0.0331994072 1.3771471977
-12.7921342850 38.8259735107 0.3894268572 9.4269294739 0.0000000000 0.0000000000 0.0329708569 1.3755524158
-12.8097581863 38.8787612915 0.3763500750 9.4127702713 0.0000000000 0.0000000000 0.0327586867 1.3739736080
-12.8272867203 38.9312629700 0.3660262227 9.3968935013 0.0000000000 0.0000000000 0.0325041190 1.3723229170
-12.8447303772 38.9834861755 0.3582107425 9.3792991638 0.0000000000 0.0000000000 0.0322346427 1.3706647158
-12.8621892929 39.0356178284 0.3532197177 9.3596849442 0.0000000000 0.0000000000 0.0319258943 1.3690271378
-12.8796148300 39.0875129700 0.3521888554 9.3383188248 0.0000000000 0.0000000000 0.0316629224 1.3673770428
-12.8969631195 39.1390037537 0.3536667228 9.3158636093 0.0000000000 0.0000000000 0.0314593613 1.3656466007
-12.9141559601 39.1901168823 0.3571684062 9.2923269272 0.0000000000 0.0000000000 0.0313092098 1.3639414310
-12.9313974380 39.2411384583 0.3615585268 9.2679815292 0.0000000000 0.0000000000 0.0312189795 1.3622734547
-12.9487113953 39.2921333313 0.3655492961 9.2436361313 0.0000000000 0.0000000000 0.0311744567 1.3606984615
-12.9660911560 39.3430557251 0.3680542707 9.2198390961 0.0000000000 0.0000000000 0.0312336162 1.3592003584
-12.9834880829 39.3938293457 0.3668669462 9.1975593567 0.0000000000 0.0000000000 0.0313599594 1.3577388525
-13.0008020401 39.4443511963 0.3609747887 9.1771450043 0.0000000000 0.0000000000 0.0315637141 1.3562951088
-13.0180606842 39.4945907593 0.3496699631 9.1591577530 0.0000000000 0.0000000000 0.0318224505 1.3548212051
-13.0353832245 39.5447273254 0.3340284228 9.1431903839 0.0000000000 0.0000000000 0.0320898071 1.3532973528
-13.0527276993 39.5947570801 0.3145180941 9.1285390854 0.0000000000 0.0000000000 0.0323921926 1.3517800570
-13.0700435638 39.6446113586 0.2932018936 9.1147098541 0.0000000000 0.0000000000 0.0326835513 1.3501701355
-13.0872716904 39.6941833496 0.2709115744 9.1015806198 0.0000000000 0.0000000000 0.0329761989 1.3484300375
-13.1044416428 39.7434005737 0.2481150925 9.0884904861 0.0000000000 0.0000000000 0.0332482383 1.3466192484
-13.1216192245 39.7924919128 0.2256734967 9.0758476257 0.0000000000 0.0000000000 0.0334720165 1.3447849751
-13.1387710571 39.8414077759 0.2043787688 9.0636091232 0.0000000000 0.0000000000 0.0336504169 1.3429597616
-13.1559257507 39.8902282715 0.1843731701 9.0519781113 0.0000000000 0.0000000000 0.0337466970 1.3411499262
-13.1730947495 39.9389648438 0.1654166728 9.0412817001 0.0000000000 0.0000000000 0.0337628126 1.3393706083
-13.1902151108 39.9874992371 0.1470360011 9.0313568115 0.0000000000 0.0000000000 0.0337290354 1.3377132416
-13.2072439194 40.0357170105 0.1288561076 9.0216054916 0.0000000000 0.0000000000 0.0336396471 1.3362288475
-13.2241210938 40.0834884644 0.1115015447 9.0121793747 0.0000000000 0.0000000000 0.0335302651 1.3349165916
-13.2409791946 40.1311683655 0.0939202532 9.0024509430 0.0000000000 0.0000000000 0.0333733596 1.3337309361
-13.2578296661 40.1787223816 0.0758797005 8.9918718338 0.0000000000 0.0000000000 0.0331934430 1.3326447010
-13.2746324539 40.2260284424 0.0569292381 8.9798421860 0.0000000000 0.0000000000 0.0329745151 1.3315858841
-13.2914247513 40.2732543945 0.0373550802 8.9668598175 0.0000000000 0.0000000000 0.0327776633 1.3304735422
-13.3081655502 40.3203277588 0.0181540996 8.9525213242 0.0000000000 0.0000000000 0.0325879790 1.3292889595
-13.3248004913 40.3671684265 -0.0007781787 8.9377450943 0.0000000000 0.0000000000 0.0324573107 1.3279993534
-13.3413887024 40.4138641357 -0.0183297116 8.9222726822 0.0000000000 0.0000000000 0.0323510915 1.3266012669
-13.3579673767 40.4604568481 -0.0344474725 8.9065132141 0.0000000000 0.0000000000 0.0322984904 1.3251694441
-13.3744764328 40.5068321228 -0.0491069332 8.8909845352 0.0000000000 0.0000000000 0.0322661139 1.3237493038
-13.3908262253 40.5527381897 -0.0632585213 8.8762264252 0.0000000000 0.0000000000 0.0322631598 1.3223937750
-13.4071483612 40.5985565186 -0.0771995112 8.8623638153 0.0000000000 0.0000000000 0.0322686322 1.3210394382
-13.4234371185 40.6443061829 -0.0909253433 8.8490324020 0.0000000000 0.0000000000 0.0322643891 1.3197125196
-13.4396495819 40.6899185181 -0.1042299122 8.8359117508 0.0000000000 0.0000000000 0.0322648920 1.3184249401
-13.4558458328 40.7354812622 -0.1170661300 8.8226175308 0.0000000000 0.0000000000 0.0322331414 1.3172687292
-13.4719438553 40.7808113098 -0.1296119839 8.8095874786 0.0000000000 0.0000000000 0.0321922824 1.3162204027
-13.4880352020 40.8260993958 -0.1416110396 8.7961063385 0.0000000000 0.0000000000 0.0321065113 1.3152304888
-13.5041170120 40.8713226318 -0.1529897600 8.7828159332 0.0000000000 0.0000000000 0.0319843329 1.3142263889
-13.5201148987 40.9161872864 -0.1637227088 8.7699928284 0.0000000000 0.0000000000 0.0318613909 1.3131732941
-13.5361166000 40.9610023499 -0.1738622785 8.7576923370 0.0000000000 0.0000000000 0.0317425765 1.3120833635
-13.5520105362 41.0054359436 -0.1830561161 8.7454137802 0.0000000000 0.0000000000 0.0316540375 1.3109748363
-13.5679216385 41.0498313904 -0.1917365193 8.7338628769 0.0000000000 0.0000000000 0.0315816179 1.3098139763
-13.5837745667 41.0940475464 -0.2002643496 8.7230844498 0.0000000000 0.0000000000 0.0315514430 1.3086199760
-13.5995750427 41.1379699707 -0.2083624601 8.7126035690 0.0000000000 0.0000000000 0.0315450132 1.3074333668
-13.6153688431 41.1818237305 -0.2161879241 8.7020235062 0.0000000000 0.0000000000 0.0315775201 1.3062478304
-13.6311426163 41.2256088257 -0.2244298756 8.6911125183 0.0000000000 0.0000000000 0.0316447727 1.3050740957
-13.6468553543 41.2692031860 -0.2331157476 8.6797733307 0.0000000000 0.0000000000 0.0317274854 1.3039454222
-13.6625213623 41.3125114441 -0.2431116998 8.6679801941 0.0000000000 0.0000000000 0.0318184271 1.3028948307
-13.6781806946 41.3556861877 -0.2547599971 8.6559247971 0.0000000000 0.0000000000 0.0319055393 1.3019042015
-13.6938705444 41.3987503052 -0.2674188018 8.6434850693 0.0000000000 0.0000000000 0.0319836661 1.3010069132
-13.7095499039 41.4416198730 -0.2804765105 8.6314287186 0.0000000000 0.0000000000 0.0320737734 1.3001576662
-13.7252254486 41.4843215942 -0.2940871418 8.6196746826 0.0000000000 0.0000000000 0.0321545601 1.2994130850
-13.7408208847 41.5266952515 -0.3075040281 8.6084794998 0.0000000000 0.0000000000 0.0322435051 1.2986698151
-13.7564134598 41.5689201355 -0.3207497001 8.5978288651 0.0000000000 0.0000000000 0.0322953984 1.2979229689
-13.7719612122 41.6108665466 -0.3338420689 8.5876665115 0.0000000000 0.0000000000 0.0323438793 1.2971551418
-13.7874774933 41.6526260376 -0.3469704092 8.5776014328 0.0000000000 0.0000000000 0.0323640779 1.2963509560
-13.8029747009 41.6942481995 -0.3611591160 8.5677061081 0.0000000000 0.0000000000 0.0324028768 1.2954704762
-13.8184881210 41.7358093262 -0.3757114708 8.5584363937 0.0000000000 0.0000000000 0.0323967412 1.2945141792
-13.8339834213 41.7772865295 -0.3897404671 8.5492849350 0.0000000000 0.0000000000 0.0323923416 1.2934731245
-13.8494863510 41.8187103271 -0.4031115472 8.5398492813 0.0000000000 0.0000000000 0.0323377326 1.2923322916
-13.8650064468 41.8600730896 -0.4162821770 8.5300979614 0.0000000000 0.0000000000 0.0322821848 1.2911106348
-13.8804998398 41.9012908936 -0.4288692474 8.5201120377 0.0000000000 0.0000000000 0.0322132818 1.2899158001
-13.8959646225 41.9423675537 -0.4409316778 8.5100383759 0.0000000000 0.0000000000 0.0321520902 1.2887624502
-13.9114646912 41.9833984375 -0.4522052705 8.4999542236 0.0000000000 0.0000000000 0.0320961289 1.2876762152
-13.9269809723 42.0243759155 -0.4626539350 8.4901285172 0.0000000000 0.0000000000 0.0320189297 1.2866129875
-13.9423952103 42.0650520325 -0.4732540846 8.4804601669 0.0000000000 0.0000000000 0.0319464430 1.2855042219
-13.9577732086 42.1056213379 -0.4836075008 8.4712638855 0.0000000000 0.0000000000 0.0318597220 1.2843242884
-13.9730710983 42.1460304260 -0.4938246906 8.4626569748 0.0000000000 0.0000000000 0.0317891799 1.2831113338
-13.9883041382 42.1863365173 -0.5040841103 8.4541959763 0.0000000000 0.0000000000 0.0317184739 1.2818415165
-14.0034704208 42.2264633179 -0.5146210790 8.4457864761 0.0000000000 0.0000000000 0.0316688083 1.2805413008
-14.0185823441 42.2664527893 -0.5257388353 8.4376535416 0.0000000000 0.0000000000 0.0316422880 1.2792267799
-14.0336856842 42.3064041138 -0.5369986296 8.4296331406 0.0000000000 0.0000000000 0.0316285901 1.2779536247
-14.0487327576 42.3461761475 -0.5477337837 8.4217739105 0.0000000000 0.0000000000 0.0316314176 1.2767581940
-14.0637493134 42.3858184814 -0.5585415363 8.4142951965 0.0000000000 0.0000000000 0.0316377878 1.2756514549
-14.0787372589 42.4253234863 -0.5689781904 8.4073667526 0.0000000000 0.0000000000 0.0316575058 1.2746264935
-14.0937318802 42.4647445679 -0.5797111988 8.4009809494 0.0000000000 0.0000000000 0.0316905752 1.2735861540
-14.1087236404 42.5040855408 -0.5903762579 8.3946914673 0.0000000000 0.0000000000 0.0317557864 1.2724885941
-14.1235866547 42.5432128906 -0.6010203362 8.3880004883 0.0000000000 0.0000000000 0.0318467207 1.2713530064
-14.1383762360 42.5821418762 -0.6117156148 8.3810138702 0.0000000000 0.0000000000 0.0319439247 1.2702022791
-14.1531867981 42.6210174561 -0.6225693226 8.3733682632 0.0000000000 0.0000000000 0.0320517048 1.2690575123
-14.1679677963 42.6598014832 -0.6337733269 8.3649978638 0.0000000000 0.0000000000 0.0321233831 1.2679308653
-14.1827354431 42.6984786987 -0.6457303762 8.3562898636 0.0000000000 0.0000000000 0.0321715139 1.2668459415
-14.1974468231 42.7369804382 -0.6583111882 8.3478317261 0.0000000000 0.0000000000 0.0321778581 1.2658214569
-14.2121381760 42.7754020691 -0.6710354090 8.3392982483 0.0000000000 0.0000000000 0.0321199819 1.2648719549
-14.2266378403 42.8133964539 -0.6835513711 8.3308658600 0.0000000000 0.0000000000 0.0319923423 1.2639855146
-14.2410373688 42.8510780334 -0.6971922517 8.3225688934 0.0000000000 0.0000000000 0.0318045542 1.2631101608
-14.2553777695 42.8887214661 -0.7109558582 8.3142147064 0.0000000000 0.0000000000 0.0315790549 1.2622301579
-14.2696342468 42.9262619019 -0.7244660258 8.3062124252 0.0000000000 0.0000000000 0.0313271023 1.2612999678
-14.2838840485 42.9638137817 -0.7371200323 8.2986145020 0.0000000000 0.0000000000 0.0310744997 1.2603253126
-14.2981214523 43.0013542175 -0.7481719851 8.2914714813 0.0000000000 0.0000000000 0.0308364723 1.2592527866
-14.3122949600 43.0388374329 -0.7581971288 8.2849702835 0.0000000000 0.0000000000 0.0306370631 1.2581177950
-14.3264207840 43.0761451721 -0.7666661739 8.2783174515 0.0000000000 0.0000000000 0.0304730367 1.2569205761
-14.3405237198 43.1134185791 -0.7737749815 8.2718362808 0.0000000000 0.0000000000 0.0303653087 1.2557421923
-14.3544874191 43.1504402161 -0.7794932723 8.2653427124 0.0000000000 0.0000000000 0.0303076357 1.2545710802
-14.3684453964 43.1874809265 -0.7849209309 8.2584867477 0.0000000000 0.0000000000 0.0303033907 1.2534041405
-14.3822746277 43.2242088318 -0.7893147469 8.2510509491 0.0000000000 0.0000000000 0.0303206407 1.2522633076
-14.3960847855 43.2608299255 -0.7934264541 8.2430658340 0.0000000000 0.0000000000 0.0303440783 1.2510817051
-14.4098386765 43.2973823547 -0.7976793647 8.2346782684 0.0000000000 0.0000000000 0.0303667206 1.2499338388
-14.4236326218 43.3339538574 -0.8027560711 8.2260999680 0.0000000000 0.0000000000 0.0303879213 1.2488093376
-14.4374132156 43.3703346252 -0.8080834150 8.2168426514 0.0000000000 0.0000000000 0.0303916354 1.2477115393
-14.4512224197 43.4067039490 -0.8148876429 8.2080497742 0.0000000000 0.0000000000 0.0303953551 1.2466620207
-14.4650239944 43.4430236816 -0.8233671188 8.1998147964 0.0000000000 0.0000000000 0.0304230433 1.2456282377
-14.4788684845 43.4793586731 -0.8339072466 8.1922149658 0.0000000000 0.0000000000 0.0304757524 1.2446162701
-14.4927358627 43.5156669617 -0.8461853266 8.1848878860 0.0000000000 0.0000000000 0.0305240899 1.2435655594
-14.5065364838 43.5518531799 -0.8597490788 8.1772937775 0.0000000000 0.0000000000 0.0305863731 1.2424610853
-14.5203485489 43.5880050659 -0.8736681342 8.1694383621 0.0000000000 0.0000000000 0.0306086615 1.2413533926
-14.5340852737 43.6239585876 -0.8877995610 8.1613063812 0.0000000000 0.0000000000 0.0306117088 1.2402225733
-14.5477981567 43.6598968506 -0.9019063711 8.1527137756 0.0000000000 0.0000000000 0.0305380169 1.2390064001
-14.5614748001 43.6957893372 -0.9160283804 8.1438236237 0.0000000000 0.0000000000 0.0304816794 1.2377746105
-14.5750856400 43.7315559387 -0.9308053255 8.1350040436 0.0000000000 0.0000000000 0.0303888153 1.2365294695
-14.5887050629 43.7673110962 -0.9457731843 8.1264514923 0.0000000000 0.0000000000 0.0303244330 1.2352861166
-14.6023101807 43.8030052185 -0.9604309201 8.1183710098 0.0000000000 0.0000000000 0.0302471016 1.2340903282
-14.6158123016 43.8384857178 -0.9751794338 8.1114397049 0.0000000000 0.0000000000 0.0301679466 1.2328976393
-14.6292324066 43.8738098145 -0.9895601869 8.1055440903 0.0000000000 0.0000000000 0.0300844181 1.2316718102
-14.6426191330 43.9090805054 -1.0033874512 8.1003026962 0.0000000000 0.0000000000 0.0299640354 1.2304351330
-14.6559267044 43.9441566467 -1.0163335800 8.0951261520 0.0000000000 0.0000000000 0.0298330095 1.2292681932
-14.6691064835 43.9789772034 -1.0281875134 8.0893945694 0.0000000000 0.0000000000 0.0296582058 1.2281384468
-14.6822137833 44.0137252808 -1.0384802818 8.0828752518 0.0000000000 0.0000000000 0.0294646695 1.2270386219
-14.6952896118 44.0484237671 -1.0473355055 8.0754861832 0.0000000000 0.0000000000 0.0292722099 1.2259222269
-14.7082872391 44.0829734802 -1.0546251535 8.0676288605 0.0000000000 0.0000000000 0.0290905721 1.2248291969
-14.7211666107 44.1174011230 -1.0613533258 8.0596485138 0.0000000000 0.0000000000 0.0289843064 1.2237371206
-14.7340250015 44.1517562866 -1.0674111843 8.0517463684 0.0000000000 0.0000000000 0.0289327577 1.2226811647
-14.7468643188 44.1859817505 -1.0735781193 8.0440397263 0.0000000000 0.0000000000 0.0289635975 1.2217113972
-14.7596397400 44.2200546265 -1.0804781914 8.0364789963 0.0000000000 0.0000000000 0.0290666223 1.2208471298
-14.7723398209 44.2538452148 -1.0878045559 8.0290327072 0.0000000000 0.0000000000 0.0292107500 1.2200301886
-14.7850198746 44.2874984741 -1.0957933664 8.0211915970 0.0000000000 0.0000000000 0.0293925777 1.2192947865
-14.7975635529 44.3208351135 -1.1039977074 8.0130281448 0.0000000000 0.0000000000 0.0295969099 1.2185925245
-14.8101062775 44.3540840149 -1.1122159958 8.0044975281 0.0000000000 0.0000000000 0.0297803376 1.2179143429
-14.8225450516 44.3870964050 -1.1207498312 7.9954190254 0.0000000000 0.0000000000 0.0299563110 1.2173081636
-14.8349590302 44.4200134277 -1.1295800209 7.9861369133 0.0000000000 0.0000000000 0.0300568044 1.2166805267
-14.8472642899 44.4526596069 -1.1385902166 7.9770841599 0.0000000000 0.0000000000 0.0301226024 1.2160286903
-14.8595333099 44.4851875305 -1.1476324797 7.9685120583 0.0000000000 0.0000000000 0.0300845075 1.2152827978
-14.8717765808 44.5176315308 -1.1569839716 7.9605097771 0.0000000000 0.0000000000 0.0300100427 1.2144788504
-14.8839139938 44.5498542786 -1.1660693884 7.9530358315 0.0000000000 0.0000000000 0.0298568904 1.2136836052
-14.8960227966 44.5819816589 -1.1745570898 7.9461107254 0.0000000000 0.0000000000 0.0296813119 1.2129316330
-14.9080924988 44.6139640808 -1.1822873354 7.9395060539 0.0000000000 0.0000000000 0.0294646937 1.2122001648
-14.9200906754 44.6457557678 -1.1897746325 7.9329791069 0.0000000000 0.0000000000 0.0292331818 1.2115584612
-14.9320640564 44.6774177551 -1.1972608566 7.9262809753 0.0000000000 0.0000000000 0.0290210880 1.2109776735
-14.9439544678 44.7088928223 -1.2041426897 7.9194107056 0.0000000000 0.0000000000 0.0288161710 1.2104808092
-14.9557762146 44.7402610779 -1.2098476887 7.9121203423 0.0000000000 0.0000000000 0.0286449883 1.2100917101
-14.9674835205 44.7713851929 -1.2151978016 7.9049482346 0.0000000000 0.0000000000 0.0285193995 1.2097233534
-14.9791631699 44.8023872375 -1.2209297419 7.8984265327 0.0000000000 0.0000000000 0.0284518544 1.2093385458
-14.9907798767 44.8332405090 -1.2278780937 7.8928632736 0.0000000000 0.0000000000 0.0284364522 1.2089390755
-15.0023326874 44.8638305664 -1.2364710569 7.8884658813 0.0000000000 0.0000000000 0.0284285303 1.2085179090
-15.0136928558 44.8940773010 -1.2456207275 7.8844923973 0.0000000000 0.0000000000 0.0284608249 1.2080361843
-15.0250043869 44.9242057800 -1.2545253038 7.8805413246 0.0000000000 0.0000000000 0.0284575131 1.2074930668
-15.0363235474 44.9542884827 -1.2628085613 7.8759751320 0.0000000000 0.0000000000 0.0284746587 1.2068722248
-15.0475959778 44.9842338562 -1.2706012726 7.8708462715 0.0000000000 0.0000000000 0.0284549613 1.2061800957
-15.0588941574 45.0141944885 -1.2780348063 7.8652687073 0.0000000000 0.0000000000 0.0284649227 1.2054220438
-15.0701808929 45.0441207886 -1.2843428850 7.8591709137 0.0000000000 0.0000000000 0.0284682009 1.2045762539
-15.0814733505 45.0740737915 -1.2895081043 7.8525161743 0.0000000000 0.0000000000 0.0285149552 1.2036684752
-15.0927696228 45.1040611267 -1.2941826582 7.8455448151 0.0000000000 0.0000000000 0.0285842344 1.2027784586
-15.1040039062 45.1339912415 -1.2984460592 7.8385272026 0.0000000000 0.0000000000 0.0286302343 1.2019168139
-15.1151962280 45.1638031006 -1.3028403521 7.8314118385 0.0000000000 0.0000000000 0.0286897793 1.2010809183
-15.1263380051 45.1935653687 -1.3070695400 7.8244614601 0.0000000000 0.0000000000 0.0287030190 1.2003331184
-15.1374216080 45.2232894897 -1.3113664389 7.8174357414 0.0000000000 0.0000000000 0.0287150666 1.1996421814
-15.1484880447 45.2529945374 -1.3157726526 7.8103985786 0.0000000000 0.0000000000 0.0286777671 1.1990190744
-15.1594963074 45.2825698853 -1.3205369711 7.8038048744 0.0000000000 0.0000000000 0.0286141969 1.1984375715
-15.1704788208 45.3120574951 -1.3258885145 7.7976508141 0.0000000000 0.0000000000 0.0285360571 1.1978874207
-15.1814575195 45.3415603638 -1.3320964575 7.7920107841 0.0000000000 0.0000000000 0.0284229331 1.1973361969
-15.1924190521 45.3710441589 -1.3396034241 7.7866363525 0.0000000000 0.0000000000 0.0283124056 1.1967803240
-15.2032690048 45.4002342224 -1.3480379581 7.7811059952 0.0000000000 0.0000000000 0.0281908773 1.1962176561
-15.2140531540 45.4293251038 -1.3570799828 7.7755756378 0.0000000000 0.0000000000 0.0280650258 1.1957447529
-15.2248144150 45.4583816528 -1.3663964272 7.7701606750 0.0000000000 0.0000000000 0.0279349256 1.1953052282
-15.2355012894 45.4872665405 -1.3745620251 7.7650947571 0.0000000000 0.0000000000 0.0277668405 1.1948771477
-15.2461061478 45.5159873962 -1.3819948435 7.7599425316 0.0000000000 0.0000000000 0.0276104417 1.1944545507
-15.2566738129 45.5446166992 -1.3884305954 7.7545676231 0.0000000000 0.0000000000 0.0274434388 1.1940473318
-15.2671279907 45.5731124878 -1.3934880495 7.7487668991 0.0000000000 0.0000000000 0.0273059402 1.1936621666
-15.2775545120 45.6015625000 -1.3980382681 7.7430200577 0.0000000000 0.0000000000 0.0272312518 1.1933032274
-15.2878780365 45.6298789978 -1.4019753933 7.7369999886 0.0000000000 0.0000000000 0.0271875430 1.1930434704
-15.2982006073 45.6582183838 -1.4054864645 7.7310094833 0.0000000000 0.0000000000 0.0272035431 1.1928715706
-15.3084363937 45.6864585876 -1.4096029997 7.7256636620 0.0000000000 0.0000000000 0.0272410959 1.1927450895
-15.3186798096 45.7147064209 -1.4144425392 7.7207865715 0.0000000000 0.0000000000 0.0272932630 1.1925554276
