#         COST_U        COST_H      COST_D       COST_S       REGU_H       REGU_S          HPO           COSTGLEN 
294.1456604004 0.0000000000 0.0000000000 0.0000000000 36.8487854004 0.0000000000 1.7718815804
96.9945983887 0.0000000000 0.0000000000 0.1215183511 36.0255851746 0.2285316586 -0.1446881294
69.9697265625 0.0000000000 0.0000000000 0.3854340315 34.6868820190 0.5740277171 -0.3766827583
64.2997436523 0.0000000000 0.0000000000 0.7180733681 34.2150115967 0.9502730370 -0.3692437410
59.1208076477 0.0000000000 0.0000000000 1.0784842968 34.4691390991 1.3463497162 -0.3323521614
52.7857246399 0.0000000000 0.0000000000 1.4429161549 35.2148094177 1.7328383923 -0.3022204638
45.8701591492 0.0000000000 0.0000000000 1.7958686352 35.3880920410 2.0800533295 -0.2855737209
39.0741271973 0.0000000000 0.0000000000 2.1262044907 35.4552841187 2.3812847137 -0.2813310623
32.8926696777 0.0000000000 0.0000000000 2.4254460335 35.1547126770 2.6315574646 -0.2867996693
27.6164855957 0.0000000000 0.0000000000 2.6869029999 34.6697196960 2.8206391335 -0.2972353697
23.4396629333 0.0000000000 0.0000000000 2.9057278633 34.3780708313 2.9479224682 -0.3079949617
20.3884162903 0.0000000000 0.0000000000 3.0790426731 33.4389533997 3.0223433971 -0.3150586486
18.3251533508 0.0000000000 0.0000000000 3.2059562206 32.7342453003 3.0522460938 -0.3174804449
17.0107975006 0.0000000000 0.0000000000 3.2875041962 32.1776390076 3.0413546562 -0.3162003756
16.1867103577 0.0000000000 0.0000000000 3.3264410496 31.8127365112 2.9980309010 -0.3130316734
15.6598873138 0.0000000000 0.0000000000 3.3268752098 31.6516952515 2.9299685955 -0.3090856671
15.2763891220 0.0000000000 0.0000000000 3.2937967777 31.4907646179 2.8471367359 -0.3056589067
14.9485902786 0.0000000000 0.0000000000 3.2323937416 31.3616161346 2.7584507465 -0.3029715717
14.6280622482 0.0000000000 0.0000000000 3.1480784416 31.2880172729 2.6697533131 -0.3011048436
14.3054609299 0.0000000000 0.0000000000 3.0460987091 31.2684535980 2.5850200653 -0.3002989590
13.9827375412 0.0000000000 0.0000000000 2.9313199520 31.2771053314 2.5061638355 -0.3006986976
13.6725635529 0.0000000000 0.0000000000 2.8079750538 31.2894153595 2.4338130951 -0.3019895554
13.3884696960 0.0000000000 0.0000000000 2.6799135208 31.2809867859 2.3679578304 -0.3041619658
13.1521854401 0.0000000000 0.0000000000 2.5502848625 31.2610797882 2.3095300198 -0.3070987165
12.9872474670 0.0000000000 0.0000000000 2.4217090607 31.2344760895 2.2592835426 -0.3105120659
12.9167079926 0.0000000000 0.0000000000 2.2962653637 31.2032127380 2.2171018124 -0.3143380284
12.9624385834 0.0000000000 0.0000000000 2.1755633354 31.1696434021 2.1826739311 -0.3183619380
13.1461257935 0.0000000000 0.0000000000 2.0607504845 31.1350555420 2.1555612087 -0.3221541643
13.4933662415 0.0000000000 0.0000000000 1.9527690411 31.1018161774 2.1362273693 -0.3252822161
14.0196781158 0.0000000000 0.0000000000 1.8521443605 31.0601444244 2.1232204437 -0.3275613785
14.7265977859 0.0000000000 0.0000000000 1.7589845657 31.0124607086 2.1172425747 -0.3288667798
15.6066808701 0.0000000000 0.0000000000 1.6734797955 30.9401054382 2.1176033020 -0.3291350603
16.6226310730 0.0000000000 0.0000000000 1.5957714319 30.8308238983 2.1232721806 -0.3285804987
17.7056064606 0.0000000000 0.0000000000 1.5262590647 30.6919517517 2.1338577271 -0.3270032406
18.7458496094 0.0000000000 0.0000000000 1.4651695490 30.5575885773 2.1485116482 -0.3249602914
19.6217403412 0.0000000000 0.0000000000 1.4129074812 30.5005340576 2.1678366661 -0.3229272962
20.2119846344 0.0000000000 0.0000000000 1.3697798252 30.4974365234 2.1893067360 -0.3218775988
20.4474887848 0.0000000000 0.0000000000 1.3360996246 30.4919147491 2.2107465267 -0.3219727278
20.3119335175 0.0000000000 0.0000000000 1.3120614290 30.4665107727 2.2330262661 -0.3234139681
19.8438167572 0.0000000000 0.0000000000 1.2976434231 30.4178066254 2.2567636967 -0.3257189393
19.1311416626 0.0000000000 0.0000000000 1.2923161983 30.3517627716 2.2822840214 -0.3281655908
18.2763996124 0.0000000000 0.0000000000 1.2949869633 30.2861003876 2.3107578754 -0.3302243352
17.3690166473 0.0000000000 0.0000000000 1.3040657043 30.2127456665 2.3400549889 -0.3311865330
16.4776649475 0.0000000000 0.0000000000 1.3174064159 30.1298999786 2.3682458401 -0.3318963051
15.6494178772 0.0000000000 0.0000000000 1.3329426050 30.0642662048 2.3946521282 -0.3309447765
14.9166002274 0.0000000000 0.0000000000 1.3487075567 30.0292873383 2.4182517529 -0.3300393820
14.2895326614 0.0000000000 0.0000000000 1.3631086349 29.9928798676 2.4389934540 -0.3286411166
13.7780847549 0.0000000000 0.0000000000 1.3748745918 29.9637832642 2.4568111897 -0.3276614547
13.3799343109 0.0000000000 0.0000000000 1.3832843304 29.9465484619 2.4723687172 -0.3263538480
13.0944395065 0.0000000000 0.0000000000 1.3879690170 29.9301071167 2.4856967926 -0.3246932626
12.9168272018 0.0000000000 0.0000000000 1.3889484406 29.9102401733 2.4975898266 -0.3236120343
12.8309154510 0.0000000000 0.0000000000 1.3865206242 29.8897151947 2.5102579594 -0.3224376440
12.8203592300 0.0000000000 0.0000000000 1.3811181784 29.8687782288 2.5240433216 -0.3208625317
12.8636922836 0.0000000000 0.0000000000 1.3732452393 29.8395481110 2.5384664536 -0.3196306825
12.9426002502 0.0000000000 0.0000000000 1.3634709120 29.8079032898 2.5523226261 -0.3180393577
13.0422124863 0.0000000000 0.0000000000 1.3524780273 29.7723941803 2.5654692650 -0.3165825009
13.1420230865 0.0000000000 0.0000000000 1.3409135342 29.7321929932 2.5782039165 -0.3157239556
13.2311019897 0.0000000000 0.0000000000 1.3293740749 29.6857128143 2.5910723209 -0.3142818809
13.2983818054 0.0000000000 0.0000000000 1.3183517456 29.6345481873 2.6047592163 -0.3129192591
13.3361730576 0.0000000000 0.0000000000 1.3081107140 29.5802536011 2.6193020344 -0.3117469549
13.3334388733 0.0000000000 0.0000000000 1.2988402843 29.5219917297 2.6349520683 -0.3104264736
13.2902717590 0.0000000000 0.0000000000 1.2906905413 29.4607353210 2.6495535374 -0.3091786504
13.2027254105 0.0000000000 0.0000000000 1.2835767269 29.4011707306 2.6629245281 -0.3081712723
13.0684499741 0.0000000000 0.0000000000 1.2773302794 29.3461036682 2.6761202812 -0.3067328334
12.8902215958 0.0000000000 0.0000000000 1.2717320919 29.2939071655 2.6873373985 -0.3056886196
12.6798515320 0.0000000000 0.0000000000 1.2664836645 29.2440948486 2.6967723370 -0.3047443628
12.4525671005 0.0000000000 0.0000000000 1.2612431049 29.1978282928 2.7053978443 -0.3035218716
12.2225713730 0.0000000000 0.0000000000 1.2556846142 29.1501998901 2.7130260468 -0.3019609451
11.9966564178 0.0000000000 0.0000000000 1.2494140863 29.1026268005 2.7203614712 -0.3006241322
11.7805242538 0.0000000000 0.0000000000 1.2422008514 29.0522785187 2.7278487682 -0.2986804843
11.5723505020 0.0000000000 0.0000000000 1.2337616682 29.0026454926 2.7346200943 -0.2968862057
11.3740720749 0.0000000000 0.0000000000 1.2239559889 28.9544105530 2.7400269508 -0.2949189544
11.1845121384 0.0000000000 0.0000000000 1.2126730680 28.9037799835 2.7434337139 -0.2927459478
11.0039901733 0.0000000000 0.0000000000 1.1998970509 28.8483047485 2.7453248501 -0.2910363078
10.8367815018 0.0000000000 0.0000000000 1.1856493950 28.7895946503 2.7463269234 -0.2890030146
10.6838750839 0.0000000000 0.0000000000 1.1700251102 28.7284984589 2.7470877171 -0.2873742580
10.5494642258 0.0000000000 0.0000000000 1.1531047821 28.6658039093 2.7478995323 -0.2854132056
10.4322557449 0.0000000000 0.0000000000 1.1349530220 28.6037712097 2.7483696938 -0.2838103771
10.3292522430 0.0000000000 0.0000000000 1.1157460213 28.5435504913 2.7479245663 -0.2824268937
10.2364835739 0.0000000000 0.0000000000 1.0956729650 28.4853630066 2.7459037304 -0.2812197208
10.1505632401 0.0000000000 0.0000000000 1.0749303102 28.4275245667 2.7417905331 -0.2800897956
10.0675239563 0.0000000000 0.0000000000 1.0537585020 28.3729572296 2.7352545261 -0.2793275118
9.9838647842 0.0000000000 0.0000000000 1.0323801041 28.3185367584 2.7266540527 -0.2786011696
9.8970994949 0.0000000000 0.0000000000 1.0109664202 28.2700309753 2.7163105011 -0.2779579759
9.8075990677 0.0000000000 0.0000000000 0.9896432757 28.2233276367 2.7044215202 -0.2776454091
9.7146902084 0.0000000000 0.0000000000 0.9685904384 28.1776142120 2.6913819313 -0.2771737576
9.6182975769 0.0000000000 0.0000000000 0.9479111433 28.1328811646 2.6775491238 -0.2765036225
9.5200033188 0.0000000000 0.0000000000 0.9276456237 28.0911140442 2.6630859375 -0.2760531306
9.4220657349 0.0000000000 0.0000000000 0.9078838229 28.0470199585 2.6483619213 -0.2754685879
9.3264760971 0.0000000000 0.0000000000 0.8886609674 28.0064582825 2.6333966255 -0.2747849822
9.2338037491 0.0000000000 0.0000000000 0.8700358868 27.9662075043 2.6179494858 -0.2742965221
9.1464443207 0.0000000000 0.0000000000 0.8520842791 27.9261207581 2.6021151543 -0.2736538649
9.0663833618 0.0000000000 0.0000000000 0.8348556757 27.8864917755 2.5864152908 -0.2728524804
8.9932289124 0.0000000000 0.0000000000 0.8183915615 27.8487739563 2.5713131428 -0.2723307014
8.9251909256 0.0000000000 0.0000000000 0.8027414083 27.8112850189 2.5567603111 -0.2717203498
8.8606796265 0.0000000000 0.0000000000 0.7878636718 27.7757740021 2.5426919460 -0.2709544897
8.7959136963 0.0000000000 0.0000000000 0.7737589478 27.7427806854 2.5289943218 -0.2703267932
8.7285318375 0.0000000000 0.0000000000 0.7603862286 27.7074642181 2.5156741142 -0.2695075274
8.6560478210 0.0000000000 0.0000000000 0.7477601767 27.6732311249 2.5029060841 -0.2688832283
8.5767059326 0.0000000000 0.0000000000 0.7358740568 27.6394290924 2.4907207489 -0.2682306170
8.4912996292 0.0000000000 0.0000000000 0.7246590257 27.6049499512 2.4790112972 -0.2674028277
8.4005565643 0.0000000000 0.0000000000 0.7140181661 27.5693607330 2.4674596786 -0.2666841149
8.3059883118 0.0000000000 0.0000000000 0.7038643360 27.5312881470 2.4560849667 -0.2658604980
8.2114343643 0.0000000000 0.0000000000 0.6940854788 27.4935646057 2.4445567131 -0.2652732134
8.1202297211 0.0000000000 0.0000000000 0.6846908331 27.4546928406 2.4329729080 -0.2646219134
8.0356044769 0.0000000000 0.0000000000 0.6756374240 27.4163722992 2.4213852882 -0.2639617324
7.9605255127 0.0000000000 0.0000000000 0.6669112444 27.3770236969 2.4098582268 -0.2630088329
7.8931474686 0.0000000000 0.0000000000 0.6584529281 27.3347454071 2.3984603882 -0.2625962496
7.8327651024 0.0000000000 0.0000000000 0.6502166390 27.2960052490 2.3872711658 -0.2619544268
7.7769670486 0.0000000000 0.0000000000 0.6421781182 27.2573833466 2.3757069111 -0.2613547444
7.7241859436 0.0000000000 0.0000000000 0.6343770623 27.2202777863 2.3637144566 -0.2606555223
7.6718616486 0.0000000000 0.0000000000 0.6268743277 27.1826343536 2.3513054848 -0.2600597143
7.6200642586 0.0000000000 0.0000000000 0.6196739078 27.1438503265 2.3386628628 -0.2593472600
7.5656442642 0.0000000000 0.0000000000 0.6127864718 27.1054248810 2.3255622387 -0.2585855722
7.5071659088 0.0000000000 0.0000000000 0.6062178612 27.0669803619 2.3120024204 -0.2580925822
7.4452481270 0.0000000000 0.0000000000 0.5999638438 27.0301551819 2.2980620861 -0.2575837374
7.3834443092 0.0000000000 0.0000000000 0.5940117240 26.9911785126 2.2839655876 -0.2567995787
7.3234157562 0.0000000000 0.0000000000 0.5883684754 26.9525585175 2.2697861195 -0.2562890649
7.2654962540 0.0000000000 0.0000000000 0.5829679370 26.9134349823 2.2555110455 -0.2555434704
7.2095155716 0.0000000000 0.0000000000 0.5778099895 26.8743972778 2.2410144806 -0.2550015450
7.1558370590 0.0000000000 0.0000000000 0.5728855133 26.8357276917 2.2266085148 -0.2544582486
7.1060113907 0.0000000000 0.0000000000 0.5682235956 26.7978401184 2.2122879028 -0.2538054585
7.0604915619 0.0000000000 0.0000000000 0.5638592243 26.7607822418 2.1983227730 -0.2531569600
7.0190353394 0.0000000000 0.0000000000 0.5597767830 26.7255096436 2.1845531464 -0.2524911761
6.9803752899 0.0000000000 0.0000000000 0.5560132861 26.6917610168 2.1711635590 -0.2518388033
6.9414849281 0.0000000000 0.0000000000 0.5525361300 26.6602478027 2.1582028866 -0.2512372732
6.8999485970 0.0000000000 0.0000000000 0.5493800640 26.6297187805 2.1458361149 -0.2505951524
6.8533620834 0.0000000000 0.0000000000 0.5465179086 26.5993041992 2.1338920593 -0.2499449253
6.7986106873 0.0000000000 0.0000000000 0.5438706279 26.5677585602 2.1218972206 -0.2492575645
6.7323718071 0.0000000000 0.0000000000 0.5413752198 26.5322723389 2.1094825268 -0.2484909892
6.6571536064 0.0000000000 0.0000000000 0.5389766097 26.4917278290 2.0969712734 -0.2479026318
6.5793046951 0.0000000000 0.0000000000 0.5365495086 26.4454460144 2.0844421387 -0.2470934987
6.5067749023 0.0000000000 0.0000000000 0.5339795351 26.3960494995 2.0722188950 -0.2464221120
6.4453296661 0.0000000000 0.0000000000 0.5311310887 26.3464183807 2.0603015423 -0.2459499836
6.3958668709 0.0000000000 0.0000000000 0.5279458761 26.2981338501 2.0490934849 -0.2450239658
6.3566498756 0.0000000000 0.0000000000 0.5244303942 26.2536983490 2.0382323265 -0.2444792390
6.3266620636 0.0000000000 0.0000000000 0.5206423402 26.2141304016 2.0278511047 -0.2441443801
6.3023829460 0.0000000000 0.0000000000 0.5167323947 26.1779384613 2.0177659988 -0.2435716391
6.2819085121 0.0000000000 0.0000000000 0.5128368139 26.1454143524 2.0078077316 -0.2429599762
6.2597627640 0.0000000000 0.0000000000 0.5090720654 26.1162128448 1.9976216555 -0.2423840761
6.2324609756 0.0000000000 0.0000000000 0.5055072904 26.0913391113 1.9869740009 -0.2418669462
6.1966185570 0.0000000000 0.0000000000 0.5022032261 26.0720539093 1.9761650562 -0.2413140535
6.1516156197 0.0000000000 0.0000000000 0.4991408885 26.0543231964 1.9654742479 -0.2408331037
6.0983366966 0.0000000000 0.0000000000 0.4963108599 26.0323524475 1.9544252157 -0.2403178811
6.0383558273 0.0000000000 0.0000000000 0.4936760664 26.0035915375 1.9430924654 -0.2398030162
5.9769744873 0.0000000000 0.0000000000 0.4911727309 25.9667644501 1.9316365719 -0.2393048406
5.9204401970 0.0000000000 0.0000000000 0.4886735678 25.9227848053 1.9200624228 -0.2387935519
5.8724789619 0.0000000000 0.0000000000 0.4861165583 25.8717117310 1.9090174437 -0.2382563651
5.8337888718 0.0000000000 0.0000000000 0.4833781421 25.8210411072 1.8987923861 -0.2376841605
5.8023123741 0.0000000000 0.0000000000 0.4804426730 25.7782878876 1.8894752264 -0.2372378111
5.7751393318 0.0000000000 0.0000000000 0.4773397148 25.7434921265 1.8807140589 -0.2367382050
5.7476749420 0.0000000000 0.0000000000 0.4740333855 25.7112045288 1.8719098568 -0.2362064719
5.7167501450 0.0000000000 0.0000000000 0.4705561399 25.6812076569 1.8626830578 -0.2356738746
5.6832847595 0.0000000000 0.0000000000 0.4669399261 25.6534767151 1.8529678583 -0.2350623608
5.6477622986 0.0000000000 0.0000000000 0.4632636607 25.6260948181 1.8432341814 -0.2347494662
5.6139268875 0.0000000000 0.0000000000 0.4595685303 25.6071071625 1.8340122700 -0.2342358828
5.5823459625 0.0000000000 0.0000000000 0.4559338987 25.5958271027 1.8256083727 -0.2336559594
5.5465188026 0.0000000000 0.0000000000 0.4524314106 25.5864448547 1.8173780441 -0.2331872582
5.5058794022 0.0000000000 0.0000000000 0.4490415156 25.5705223083 1.8084623814 -0.2326148748
5.4607825279 0.0000000000 0.0000000000 0.4458407760 25.5429019928 1.7989602089 -0.2321794927
5.4131226540 0.0000000000 0.0000000000 0.4427603483 25.5032520294 1.7889360189 -0.2316740751
5.3658971786 0.0000000000 0.0000000000 0.4396818876 25.4555759430 1.7787619829 -0.2311495543
5.3207774162 0.0000000000 0.0000000000 0.4364613891 25.4065361023 1.7692376375 -0.2307051718
5.2813234329 0.0000000000 0.0000000000 0.4330379367 25.3623886108 1.7609932423 -0.2301295996
5.2469716072 0.0000000000 0.0000000000 0.4293123186 25.3243350983 1.7532422543 -0.2297357619
5.2147631645 0.0000000000 0.0000000000 0.4251976311 25.2910842896 1.7451292276 -0.2293102741
5.1815562248 0.0000000000 0.0000000000 0.4207448363 25.2602214813 1.7363126278 -0.2290238142
5.1471281052 0.0000000000 0.0000000000 0.4160234928 25.2316055298 1.7268440723 -0.2284947038
5.1143646240 0.0000000000 0.0000000000 0.4111516774 25.2067832947 1.7170618773 -0.2281732857
5.0846314430 0.0000000000 0.0000000000 0.4062467515 25.1893539429 1.7073181868 -0.2279477417
5.0555925369 0.0000000000 0.0000000000 0.4014706612 25.1811752319 1.6980936527 -0.2276453674
5.0232744217 0.0000000000 0.0000000000 0.3969394267 25.1743602753 1.6888843775 -0.2273005843
4.9865956306 0.0000000000 0.0000000000 0.3927324414 25.1611194611 1.6791508198 -0.2269058228
4.9450836182 0.0000000000 0.0000000000 0.3888383210 25.1364059448 1.6683918238 -0.2266108394
4.9026751518 0.0000000000 0.0000000000 0.3851981461 25.1007156372 1.6565158367 -0.2262241542
4.8610548973 0.0000000000 0.0000000000 0.3817116916 25.0564441681 1.6441665888 -0.2259581089
4.8242797852 0.0000000000 0.0000000000 0.3782353103 25.0109996796 1.6320695877 -0.2256567478
4.7943763733 0.0000000000 0.0000000000 0.3747054338 24.9711322784 1.6209964752 -0.2254023850
4.7681589127 0.0000000000 0.0000000000 0.3710154295 24.9379425049 1.6104334593 -0.2251852155
4.7429060936 0.0000000000 0.0000000000 0.3671978712 24.9088726044 1.5998336077 -0.2249492109
4.7169327736 0.0000000000 0.0000000000 0.3632518649 24.8836879730 1.5888255835 -0.2246650159
4.6892824173 0.0000000000 0.0000000000 0.3592414856 24.8619956970 1.5772340298 -0.2245992422
4.6599340439 0.0000000000 0.0000000000 0.3552827239 24.8440532684 1.5653810501 -0.2243987918
4.6310982704 0.0000000000 0.0000000000 0.3514342904 24.8319644928 1.5536705256 -0.2242372632
4.6022677422 0.0000000000 0.0000000000 0.3477745056 24.8248023987 1.5424132347 -0.2240077555
4.5723381042 0.0000000000 0.0000000000 0.3443320990 24.8187580109 1.5314320326 -0.2238221765
4.5402393341 0.0000000000 0.0000000000 0.3411518931 24.8076858521 1.5202679634 -0.2235139608
4.5065817833 0.0000000000 0.0000000000 0.3382264078 24.7889747620 1.5084828138 -0.2233393490
4.4727616310 0.0000000000 0.0000000000 0.3354938924 24.7596263885 1.4962153435 -0.2229447365
4.4408030510 0.0000000000 0.0000000000 0.3329168558 24.7223834991 1.4839558601 -0.2228649855
4.4109878540 0.0000000000 0.0000000000 0.3304295242 24.6811065674 1.4721086025 -0.2225960493
4.3824763298 0.0000000000 0.0000000000 0.3279421926 24.6413154602 1.4609248638 -0.2224175334
4.3542609215 0.0000000000 0.0000000000 0.3253798187 24.6073856354 1.4504704475 -0.2222080529
4.3262405396 0.0000000000 0.0000000000 0.3226554096 24.5801830292 1.4404245615 -0.2220329642
4.2975931168 0.0000000000 0.0000000000 0.3197776675 24.5567512512 1.4304442406 -0.2218545675
4.2681999207 0.0000000000 0.0000000000 0.3168023229 24.5349178314 1.4204803705 -0.2216588259
4.2392454147 0.0000000000 0.0000000000 0.3138174117 24.5147342682 1.4106745720 -0.2215710878
4.2097887993 0.0000000000 0.0000000000 0.3108874261 24.4978370667 1.4009525776 -0.2214360237
4.1808834076 0.0000000000 0.0000000000 0.3080654740 24.4811210632 1.3914932013 -0.2212334275
4.1528258324 0.0000000000 0.0000000000 0.3054160476 24.4681282043 1.3822866678 -0.2210747600
4.1259465218 0.0000000000 0.0000000000 0.3029633760 24.4550800323 1.3729985952 -0.2209488451
4.0993189812 0.0000000000 0.0000000000 0.3006897569 24.4385585785 1.3633260727 -0.2207694352
4.0735745430 0.0000000000 0.0000000000 0.2985910475 24.4163570404 1.3532570601 -0.2205648422
4.0494079590 0.0000000000 0.0000000000 0.2965957820 24.3897933960 1.3431428671 -0.2203757167
4.0272693634 0.0000000000 0.0000000000 0.2946428061 24.3609561920 1.3333711624 -0.2201504111
4.0066466331 0.0000000000 0.0000000000 0.2926871181 24.3329505920 1.3240940571 -0.2199531794
3.9858629704 0.0000000000 0.0000000000 0.2906532884 24.3074760437 1.3151865005 -0.2197048068
3.9645998478 0.0000000000 0.0000000000 0.2885110676 24.2848167419 1.3062909842 -0.2195114493
3.9426157475 0.0000000000 0.0000000000 0.2862724066 24.2636241913 1.2973119020 -0.2192603052
3.9192221165 0.0000000000 0.0000000000 0.2839664519 24.2430171967 1.2883502245 -0.2190512419
3.8954668045 0.0000000000 0.0000000000 0.2815960050 24.2230281830 1.2794752121 -0.2189028859
3.8730840683 0.0000000000 0.0000000000 0.2792103291 24.2028236389 1.2708235979 -0.2187731266
3.8544936180 0.0000000000 0.0000000000 0.2768821716 24.1840782166 1.2626452446 -0.2185956538
3.8400561810 0.0000000000 0.0000000000 0.2746370137 24.1704616547 1.2548940182 -0.2184653878
3.8280825615 0.0000000000 0.0000000000 0.2725354433 24.1608791351 1.2471807003 -0.2182644010
3.8158433437 0.0000000000 0.0000000000 0.2706558406 24.1434249878 1.2392060757 -0.2181016803
3.8017854691 0.0000000000 0.0000000000 0.2689931095 24.1244678497 1.2305819988 -0.2178646326
3.7849044800 0.0000000000 0.0000000000 0.2675296962 24.1003284454 1.2213896513 -0.2177234590
3.7656717300 0.0000000000 0.0000000000 0.2662163079 24.0715198517 1.2119214535 -0.2175086141
3.7455081940 0.0000000000 0.0000000000 0.2649953365 24.0417308807 1.2025767565 -0.2172617316
3.7264130116 0.0000000000 0.0000000000 0.2637822330 24.0153465271 1.1936635971 -0.2168405056
3.7086710930 0.0000000000 0.0000000000 0.2625152469 23.9931716919 1.1851278543 -0.2167770267
3.6915683746 0.0000000000 0.0000000000 0.2611640692 23.9748477936 1.1768997908 -0.2165749669
3.6749222279 0.0000000000 0.0000000000 0.2596895099 23.9579868317 1.1688891649 -0.2162925005
3.6591017246 0.0000000000 0.0000000000 0.2581151724 23.9418201447 1.1610803604 -0.2161657214
3.6445596218 0.0000000000 0.0000000000 0.2564895451 23.9271965027 1.1536116600 -0.2158885002
3.6302666664 0.0000000000 0.0000000000 0.2548724115 23.9154071808 1.1464110613 -0.2157804370
3.6150147915 0.0000000000 0.0000000000 0.2532808781 23.9055881500 1.1393117905 -0.2154977918
3.5971148014 0.0000000000 0.0000000000 0.2517482042 23.8949661255 1.1319422722 -0.2152767181
3.5771081448 0.0000000000 0.0000000000 0.2502993643 23.8804836273 1.1240615845 -0.2151729465
3.5565545559 0.0000000000 0.0000000000 0.2489036173 23.8603839874 1.1156184673 -0.2149417400
3.5375421047 0.0000000000 0.0000000000 0.2475073040 23.8365001678 1.1070557833 -0.2148130834
3.5213463306 0.0000000000 0.0000000000 0.2460863143 23.8122787476 1.0987381935 -0.2146088779
3.5071141720 0.0000000000 0.0000000000 0.2446090877 23.7903099060 1.0909162760 -0.2144310474
3.4941463470 0.0000000000 0.0000000000 0.2430689484 23.7724285126 1.0835983753 -0.2141748071
3.4811863899 0.0000000000 0.0000000000 0.2414785773 23.7525100708 1.0766229630 -0.2140141726
3.4682769775 0.0000000000 0.0000000000 0.2398530245 23.7337150574 1.0699926615 -0.2138059735
3.4551348686 0.0000000000 0.0000000000 0.2381476313 23.7153568268 1.0635240078 -0.2135757208
3.4422163963 0.0000000000 0.0000000000 0.2363946736 23.6985549927 1.0571271181 -0.2133605480
3.4299626350 0.0000000000 0.0000000000 0.2346167266 23.6832885742 1.0509364605 -0.2131357789
3.4193437099 0.0000000000 0.0000000000 0.2328669727 23.6705894470 1.0449169874 -0.2129062414
3.4102108479 0.0000000000 0.0000000000 0.2312074304 23.6601276398 1.0390771627 -0.2126571536
3.4015598297 0.0000000000 0.0000000000 0.2296208441 23.6495437622 1.0331977606 -0.2124020457
3.3925614357 0.0000000000 0.0000000000 0.2281277180 23.6354084015 1.0269869566 -0.2121905386
3.3828747272 0.0000000000 0.0000000000 0.2267972380 23.6161251068 1.0202368498 -0.2119389772
3.3733592033 0.0000000000 0.0000000000 0.2256117761 23.5933589935 1.0132499933 -0.2117149234
3.3640313148 0.0000000000 0.0000000000 0.2244378328 23.5694026947 1.0063782930 -0.2115038037
3.3544018269 0.0000000000 0.0000000000 0.2232140452 23.5468959808 0.9998188019 -0.2112983465
3.3440105915 0.0000000000 0.0000000000 0.2219832391 23.5269718170 0.9936342835 -0.2110964060
3.3317174911 0.0000000000 0.0000000000 0.2207654715 23.5090713501 0.9876683950 -0.2109049559
3.3177149296 0.0000000000 0.0000000000 0.2195467502 23.4925384521 0.9816679955 -0.2106953859
3.3024830818 0.0000000000 0.0000000000 0.2183139473 23.4762516022 0.9756579995 -0.2105115652
3.2861688137 0.0000000000 0.0000000000 0.2170579731 23.4601116180 0.9697208405 -0.2103219628
3.2691307068 0.0000000000 0.0000000000 0.2158463150 23.4446258545 0.9639521837 -0.2101301551
3.2527594566 0.0000000000 0.0000000000 0.2146876156 23.4293556213 0.9583433867 -0.2099513113
3.2376995087 0.0000000000 0.0000000000 0.2135392427 23.4144477844 0.9527596235 -0.2097316980
3.2241709232 0.0000000000 0.0000000000 0.2123967409 23.3996162415 0.9472388029 -0.2096060514
3.2127213478 0.0000000000 0.0000000000 0.2111833394 23.3852405548 0.9417096376 -0.2094055414
3.2030453682 0.0000000000 0.0000000000 0.2099358141 23.3720111847 0.9362503290 -0.2092899084
3.1952221394 0.0000000000 0.0000000000 0.2086494118 23.3586978912 0.9308912158 -0.2091341615
3.1895976067 0.0000000000 0.0000000000 0.2073420435 23.3453521729 0.9256902933 -0.2089500725
3.1856987476 0.0000000000 0.0000000000 0.2060457468 23.3322162628 0.9207502007 -0.2088072300
3.1833121777 0.0000000000 0.0000000000 0.2047970444 23.3188667297 0.9160776138 -0.2086394429
3.1820108891 0.0000000000 0.0000000000 0.2036028653 23.3053607941 0.9115331173 -0.2084620595
3.1810123920 0.0000000000 0.0000000000 0.2025641054 23.2916431427 0.9071806073 -0.2082700729
3.1794941425 0.0000000000 0.0000000000 0.2016928792 23.2773075104 0.9029468298 -0.2080925405
3.1762812138 0.0000000000 0.0000000000 0.2010012269 23.2616672516 0.8986032009 -0.2078935206
3.1713905334 0.0000000000 0.0000000000 0.2004442364 23.2440338135 0.8941634297 -0.2077006102
3.1645843983 0.0000000000 0.0000000000 0.1999669820 23.2245998383 0.8896262050 -0.2075076699
3.1561443806 0.0000000000 0.0000000000 0.1995294690 23.2047271729 0.8850095868 -0.2073194981
3.1463572979 0.0000000000 0.0000000000 0.1990807056 23.1854362488 0.8804588318 -0.2071388364
3.1352989674 0.0000000000 0.0000000000 0.1985773742 23.1669654846 0.8759574294 -0.2069120407
3.1235840321 0.0000000000 0.0000000000 0.1980292052 23.1505546570 0.8715739846 -0.2067825198
3.1117217541 0.0000000000 0.0000000000 0.1974431872 23.1351985931 0.8673554063 -0.2066013813
3.1002883911 0.0000000000 0.0000000000 0.1968379468 23.1204853058 0.8632575870 -0.2064325213
3.0894839764 0.0000000000 0.0000000000 0.1962013245 23.1052112579 0.8591930270 -0.2062538266
3.0796418190 0.0000000000 0.0000000000 0.1955055743 23.0892391205 0.8550696969 -0.2060776353
3.0712826252 0.0000000000 0.0000000000 0.1947617382 23.0729484558 0.8510106802 -0.2058913112
3.0648872852 0.0000000000 0.0000000000 0.1939753294 23.0555896759 0.8470318317 -0.2057076693
3.0609638691 0.0000000000 0.0000000000 0.1931472272 23.0374698639 0.8431321383 -0.2055268288
3.0598287582 0.0000000000 0.0000000000 0.1922961473 23.0190448761 0.8394246101 -0.2053450346
3.0618669987 0.0000000000 0.0000000000 0.1914355159 23.0014839172 0.8359906077 -0.2051633000
3.0660376549 0.0000000000 0.0000000000 0.1905559301 22.9845886230 0.8327770233 -0.2049602270
3.0710401535 0.0000000000 0.0000000000 0.1897187978 22.9685306549 0.8295904994 -0.2047521770
3.0753545761 0.0000000000 0.0000000000 0.1889789104 22.9523487091 0.8263314962 -0.2045313716
3.0778212547 0.0000000000 0.0000000000 0.1883588433 22.9354286194 0.8229734898 -0.2043085396
3.0780396461 0.0000000000 0.0000000000 0.1878176779 22.9183158875 0.8196088076 -0.2040774524
3.0756034851 0.0000000000 0.0000000000 0.1873184443 22.9015331268 0.8163338304 -0.2038651705
3.0710015297 0.0000000000 0.0000000000 0.1868274957 22.8861217499 0.8132293820 -0.2035959959
3.0648908615 0.0000000000 0.0000000000 0.1863379925 22.8726806641 0.8103591204 -0.2034348249
3.0575556755 0.0000000000 0.0000000000 0.1858226955 22.8597984314 0.8076707125 -0.2032469809
3.0488302708 0.0000000000 0.0000000000 0.1852627248 22.8469276428 0.8050287366 -0.2030382156
3.0383400917 0.0000000000 0.0000000000 0.1846590936 22.8354358673 0.8024011254 -0.2028655112
3.0267751217 0.0000000000 0.0000000000 0.1839937568 22.8227920532 0.7997071147 -0.2026921511
3.0154337883 0.0000000000 0.0000000000 0.1832227856 22.8074607849 0.7969530225 -0.2025209665
3.0050318241 0.0000000000 0.0000000000 0.1823624074 22.7901897430 0.7940883040 -0.2023495734
2.9962863922 0.0000000000 0.0000000000 0.1814567000 22.7725200653 0.7910965085 -0.2022026181
2.9896845818 0.0000000000 0.0000000000 0.1805112958 22.7537899017 0.7879638076 -0.2020531297
2.9858360291 0.0000000000 0.0000000000 0.1795146614 22.7356491089 0.7847231030 -0.2019027770
2.9851245880 0.0000000000 0.0000000000 0.1784877628 22.7173690796 0.7814927697 -0.2017124891
2.9872651100 0.0000000000 0.0000000000 0.1774789542 22.6991519928 0.7783624530 -0.2016249299
2.9913256168 0.0000000000 0.0000000000 0.1765485108 22.6814308167 0.7753591537 -0.2014749646
2.9964418411 0.0000000000 0.0000000000 0.1757017374 22.6642684937 0.7724789977 -0.2013307810
3.0017356873 0.0000000000 0.0000000000 0.1749516577 22.6473751068 0.7697343826 -0.2011778951
3.0059804916 0.0000000000 0.0000000000 0.1742554903 22.6310806274 0.7670317888 -0.2010209858
3.0078797340 0.0000000000 0.0000000000 0.1735835671 22.6160297394 0.7643120289 -0.2008379102
3.0067653656 0.0000000000 0.0000000000 0.1729444116 22.6026782990 0.7616367936 -0.2007235289
3.0029313564 0.0000000000 0.0000000000 0.1723623723 22.5916709900 0.7591393590 -0.2005327940
2.9971497059 0.0000000000 0.0000000000 0.1718033701 22.5822696686 0.7567982078 -0.2004465759
2.9892277718 0.0000000000 0.0000000000 0.1712599546 22.5742206573 0.7546516061 -0.2002660632
2.9800314903 0.0000000000 0.0000000000 0.1706922203 22.5668811798 0.7526149154 -0.2001290321
2.9704353809 0.0000000000 0.0000000000 0.1700848937 22.5582580566 0.7506084442 -0.1999903917
2.9614863396 0.0000000000 0.0000000000 0.1694379896 22.5477523804 0.7485200167 -0.1998602152
2.9541137218 0.0000000000 0.0000000000 0.1687021255 22.5357856750 0.7462852597 -0.1997244358
2.9485437870 0.0000000000 0.0000000000 0.1679131389 22.5234394073 0.7438893914 -0.1995876431
2.9448003769 0.0000000000 0.0000000000 0.1670685560 22.5070590973 0.7414075136 -0.1994503140
2.9428346157 0.0000000000 0.0000000000 0.1661988795 22.4908447266 0.7389023304 -0.1992974579
2.9419972897 0.0000000000 0.0000000000 0.1653284729 22.4750289917 0.7363624573 -0.1991504729
2.9424755573 0.0000000000 0.0000000000 0.1645349860 22.4598312378 0.7338389158 -0.1990008950
2.9439206123 0.0000000000 0.0000000000 0.1638588756 22.4459953308 0.7311885953 -0.1988499761
2.9467461109 0.0000000000 0.0000000000 0.1632699966 22.4335842133 0.7285839915 -0.1986981034
2.9502232075 0.0000000000 0.0000000000 0.1627524048 22.4228019714 0.7262220979 -0.1985448599
2.9540140629 0.0000000000 0.0000000000 0.1622802466 22.4127693176 0.7241492271 -0.1983915567
2.9570031166 0.0000000000 0.0000000000 0.1618532091 22.4040088654 0.7223544717 -0.1982365251
2.9585399628 0.0000000000 0.0000000000 0.1614982039 22.3953647614 0.7208201289 -0.1981161237
2.9581348896 0.0000000000 0.0000000000 0.1611961275 22.3855476379 0.7194752097 -0.1979860067
2.9555013180 0.0000000000 0.0000000000 0.1609627903 22.3734531403 0.7182044983 -0.1978064775
2.9512741566 0.0000000000 0.0000000000 0.1607736647 22.3588962555 0.7169430256 -0.1977320611
2.9459166527 0.0000000000 0.0000000000 0.1606133729 22.3425025940 0.7157115936 -0.1975983083
2.9401910305 0.0000000000 0.0000000000 0.1604796350 22.3255691528 0.7144985199 -0.1974545121
2.9351758957 0.0000000000 0.0000000000 0.1603448838 22.3096694946 0.7132602930 -0.1973171234
2.9313788414 0.0000000000 0.0000000000 0.1601826549 22.2952671051 0.7119023800 -0.1971725821
2.9288747311 0.0000000000 0.0000000000 0.1600143164 22.2828807831 0.7104384303 -0.1970294118
2.9277429581 0.0000000000 0.0000000000 0.1598225385 22.2723426819 0.7088685632 -0.1968843043
2.9277105331 0.0000000000 0.0000000000 0.1595950574 22.2641105652 0.7073079348 -0.1967377067
2.9293529987 0.0000000000 0.0000000000 0.1593126506 22.2582244873 0.7060029507 -0.1965970099
2.9316947460 0.0000000000 0.0000000000 0.1589589119 22.2542514801 0.7049618959 -0.1964516044
2.9338667393 0.0000000000 0.0000000000 0.1585281640 22.2501258850 0.7040477395 -0.1963062882
2.9350950718 0.0000000000 0.0000000000 0.1580412686 22.2436237335 0.7030950785 -0.1961717010
2.9343521595 0.0000000000 0.0000000000 0.1575022340 22.2358818054 0.7019059658 -0.1960015297
2.9316415787 0.0000000000 0.0000000000 0.1569290012 22.2252273560 0.7003709674 -0.1959322095
2.9276311398 0.0000000000 0.0000000000 0.1563445777 22.2118453979 0.6986967325 -0.1958158612
2.9232530594 0.0000000000 0.0000000000 0.1557680368 22.1962623596 0.6970627904 -0.1957067251
2.9194169044 0.0000000000 0.0000000000 0.1552173793 22.1803436279 0.6955475211 -0.1955849230
2.9167609215 0.0000000000 0.0000000000 0.1546630263 22.1655712128 0.6940980554 -0.1954555511
2.9157907963 0.0000000000 0.0000000000 0.1541283876 22.1516075134 0.6927273273 -0.1953445077
2.9163420200 0.0000000000 0.0000000000 0.1536334753 22.1381912231 0.6913028359 -0.1952071786
2.9188184738 0.0000000000 0.0000000000 0.1531560719 22.1264705658 0.6897844076 -0.1950737238
2.9226403236 0.0000000000 0.0000000000 0.1527163535 22.1165504456 0.6882458329 -0.1949509382
2.9274713993 0.0000000000 0.0000000000 0.1523071378 22.1085777283 0.6867595911 -0.1948212087
2.9322955608 0.0000000000 0.0000000000 0.1519418061 22.1020793915 0.6854021549 -0.1947030425
2.9360749722 0.0000000000 0.0000000000 0.1516187936 22.0959434509 0.6841056347 -0.1945345998
2.9376437664 0.0000000000 0.0000000000 0.1513286829 22.0891304016 0.6827304363 -0.1944782734
2.9361524582 0.0000000000 0.0000000000 0.1510763466 22.0804538727 0.6812906861 -0.1943781376
2.9323484898 0.0000000000 0.0000000000 0.1508043855 22.0692710876 0.6796430945 -0.1942828000
2.9270803928 0.0000000000 0.0000000000 0.1505215019 22.0560760498 0.6778101325 -0.1941927075
2.9216158390 0.0000000000 0.0000000000 0.1502015740 22.0415477753 0.6760470867 -0.1941006780
2.9172489643 0.0000000000 0.0000000000 0.1498514563 22.0268363953 0.6745024323 -0.1940050721
2.9151167870 0.0000000000 0.0000000000 0.1494805813 22.0125122070 0.6731213331 -0.1939020157
2.9145610332 0.0000000000 0.0000000000 0.1491598338 21.9997177124 0.6718274355 -0.1937906444
2.9155335426 0.0000000000 0.0000000000 0.1488793045 21.9880561829 0.6704931855 -0.1936724782
2.9178912640 0.0000000000 0.0000000000 0.1486311406 21.9770698547 0.6690596342 -0.1935556531
2.9215362072 0.0000000000 0.0000000000 0.1484476179 21.9668197632 0.6675608754 -0.1934366822
2.9263119698 0.0000000000 0.0000000000 0.1483287811 21.9577903748 0.6662142277 -0.1933068633
2.9312329292 0.0000000000 0.0000000000 0.1482181102 21.9492740631 0.6649239063 -0.1932119727
2.9354543686 0.0000000000 0.0000000000 0.1480934471 21.9409999847 0.6636924148 -0.1931048632
2.9380829334 0.0000000000 0.0000000000 0.1479457617 21.9323844910 0.6625699997 -0.1930040717
2.9384741783 0.0000000000 0.0000000000 0.1477732509 21.9228477478 0.6615437269 -0.1929032803
2.9364013672 0.0000000000 0.0000000000 0.1475829929 21.9124164581 0.6605225801 -0.1928133070
2.9325120449 0.0000000000 0.0000000000 0.1473791003 21.9004421234 0.6594923139 -0.1926692128
2.9271831512 0.0000000000 0.0000000000 0.1471834779 21.8889560699 0.6585478783 -0.1926491261
2.9212586880 0.0000000000 0.0000000000 0.1470075399 21.8768558502 0.6576773524 -0.1925582886
2.9159708023 0.0000000000 0.0000000000 0.1468282640 21.8645038605 0.6569098830 -0.1924786568
2.9123113155 0.0000000000 0.0000000000 0.1466462761 21.8520107269 0.6562170982 -0.1923885942
2.9107213020 0.0000000000 0.0000000000 0.1464396566 21.8398513794 0.6555678844 -0.1922835410
2.9107768536 0.0000000000 0.0000000000 0.1462388188 21.8285884857 0.6548818350 -0.1921876371
2.9124031067 0.0000000000 0.0000000000 0.1460748315 21.8176174164 0.6541497707 -0.1920760274
2.9156377316 0.0000000000 0.0000000000 0.1459103823 21.8070373535 0.6533308029 -0.1919604242
2.9200797081 0.0000000000 0.0000000000 0.1457726955 21.7967872620 0.6524975896 -0.1918404102
2.9252810478 0.0000000000 0.0000000000 0.1456386596 21.7871704102 0.6517158151 -0.1917176247
2.9303605556 0.0000000000 0.0000000000 0.1454680711 21.7782611847 0.6510388851 -0.1915998459
2.9343380928 0.0000000000 0.0000000000 0.1452857405 21.7702999115 0.6505331993 -0.1914807558
2.9365060329 0.0000000000 0.0000000000 0.1450604349 21.7624912262 0.6501678824 -0.1913726330
2.9365129471 0.0000000000 0.0000000000 0.1447669417 21.7548427582 0.6498681307 -0.1912757754
2.9344003201 0.0000000000 0.0000000000 0.1444375813 21.7464466095 0.6495946050 -0.1911816895
2.9306590557 0.0000000000 0.0000000000 0.1441068798 21.7368621826 0.6492794156 -0.1910991371
2.9255847931 0.0000000000 0.0000000000 0.1438077390 21.7261867523 0.6488255858 -0.1909715533
2.9202351570 0.0000000000 0.0000000000 0.1435430497 21.7147922516 0.6482867599 -0.1909505725
2.9154381752 0.0000000000 0.0000000000 0.1432834119 21.7032356262 0.6476743221 -0.1908751130
2.9118254185 0.0000000000 0.0000000000 0.1430189162 21.6917343140 0.6469393373 -0.1907912791
2.9094910622 0.0000000000 0.0000000000 0.1427748203 21.6803035736 0.6460552216 -0.1907039285
2.9083788395 0.0000000000 0.0000000000 0.1425880343 21.6692008972 0.6450021863 -0.1905940473
2.9085168839 0.0000000000 0.0000000000 0.1424836218 21.6593341827 0.6438518763 -0.1904594302
2.9096927643 0.0000000000 0.0000000000 0.1424375325 21.6504707336 0.6427584887 -0.1904259324
2.9115684032 0.0000000000 0.0000000000 0.1424359232 21.6423835754 0.6418127418 -0.1903368235
2.9134438038 0.0000000000 0.0000000000 0.1424616128 21.6345520020 0.6410673857 -0.1902417541
2.9149832726 0.0000000000 0.0000000000 0.1424796581 21.6266155243 0.6404877901 -0.1901493073
2.9156494141 0.0000000000 0.0000000000 0.1425103545 21.6182613373 0.6400083303 -0.1900614202
2.9158020020 0.0000000000 0.0000000000 0.1425240487 21.6087512970 0.6394997835 -0.1899793744
2.9156866074 0.0000000000 0.0000000000 0.1424986124 21.5976448059 0.6388941407 -0.1898978949
2.9153852463 0.0000000000 0.0000000000 0.1424414665 21.5846481323 0.6382453442 -0.1898052692
2.9151659012 0.0000000000 0.0000000000 0.1423286498 21.5707950592 0.6375125647 -0.1897377968
2.9149737358 0.0000000000 0.0000000000 0.1421505958 21.5559539795 0.6367213726 -0.1896650791
2.9150032997 0.0000000000 0.0000000000 0.1419485956 21.5406932831 0.6358903050 -0.1895691752
2.9159004688 0.0000000000 0.0000000000 0.1417397112 21.5255146027 0.6350485086 -0.1894825101
2.9176568985 0.0000000000 0.0000000000 0.1415402740 21.5111217499 0.6341612339 -0.1894028783
2.9199738503 0.0000000000 0.0000000000 0.1413695663 21.4977970123 0.6331956387 -0.1893119216
2.9227828979 0.0000000000 0.0000000000 0.1412442178 21.4857902527 0.6321532726 -0.1892284453
2.9254782200 0.0000000000 0.0000000000 0.1411554366 21.4750881195 0.6311820149 -0.1891420782
2.9275829792 0.0000000000 0.0000000000 0.1411006004 21.4654788971 0.6303232908 -0.1890693903
2.9288258553 0.0000000000 0.0000000000 0.1410437971 21.4562377930 0.6294682622 -0.1889874935
2.9288446903 0.0000000000 0.0000000000 0.1409704536 21.4466934204 0.6285228133 -0.1889169216
2.9278452396 0.0000000000 0.0000000000 0.1408854127 21.4364757538 0.6275591850 -0.1888517141
2.9259157181 0.0000000000 0.0000000000 0.1407608688 21.4256362915 0.6265432239 -0.1887859106
2.9234623909 0.0000000000 0.0000000000 0.1405792087 21.4139652252 0.6254767776 -0.1887198687
2.9211354256 0.0000000000 0.0000000000 0.1403822005 21.4019603729 0.6243469119 -0.1886488795
2.9194808006 0.0000000000 0.0000000000 0.1401689202 21.3898887634 0.6231755614 -0.1885704398
2.9189569950 0.0000000000 0.0000000000 0.1399718523 21.3783054352 0.6220590472 -0.1884858608
2.9198760986 0.0000000000 0.0000000000 0.1398143619 21.3677196503 0.6209493876 -0.1883971095
2.9224028587 0.0000000000 0.0000000000 0.1396955848 21.3579807281 0.6198472977 -0.1883076429
2.9260387421 0.0000000000 0.0000000000 0.1396399438 21.3488101959 0.6187611818 -0.1882228255
2.9301471710 0.0000000000 0.0000000000 0.1396352798 21.3408184052 0.6178056002 -0.1881330013
2.9342865944 0.0000000000 0.0000000000 0.1396521926 21.3337631226 0.6170204878 -0.1880538762
2.9381618500 0.0000000000 0.0000000000 0.1396689713 21.3272361755 0.6163092852 -0.1877200603
2.9417450428 0.0000000000 0.0000000000 0.1396417618 21.3210716248 0.6156684756 -0.1879145205
2.9443604946 0.0000000000 0.0000000000 0.1396014690 21.3137264252 0.6150764227 -0.1878514886
2.9461569786 0.0000000000 0.0000000000 0.1395381391 21.3052272797 0.6144545078 -0.1877918243
2.9472770691 0.0000000000 0.0000000000 0.1394570619 21.2958316803 0.6137504578 -0.1877434850
2.9481518269 0.0000000000 0.0000000000 0.1393760145 21.2857475281 0.6129760146 -0.1876614690
2.9490303993 0.0000000000 0.0000000000 0.1392956376 21.2761325836 0.6121551991 -0.1876178980
2.9502604008 0.0000000000 0.0000000000 0.1392357498 21.2659893036 0.6112548709 -0.1875580549
2.9522345066 0.0000000000 0.0000000000 0.1392319500 21.2556552887 0.6102966666 -0.1874938011
2.9548962116 0.0000000000 0.0000000000 0.1392641813 21.2456016541 0.6093826294 -0.1874241233
2.9581160545 0.0000000000 0.0000000000 0.1393365264 21.2364082336 0.6085883975 -0.1873574555
2.9613928795 0.0000000000 0.0000000000 0.1394187510 21.2281398773 0.6079903245 -0.1872884631
2.9646058083 0.0000000000 0.0000000000 0.1394558549 21.2202167511 0.6075602174 -0.1872222722
2.9672827721 0.0000000000 0.0000000000 0.1394526511 21.2121524811 0.6072318554 -0.1871602833
2.9693610668 0.0000000000 0.0000000000 0.1394158006 21.2031574249 0.6068913341 -0.1871174574
2.9706003666 0.0000000000 0.0000000000 0.1393285543 21.1930694580 0.6065093875 -0.1870421469
2.9711890221 0.0000000000 0.0000000000 0.1392031163 21.1825008392 0.6060152054 -0.1869891286
2.9713251591 0.0000000000 0.0000000000 0.1390850246 21.1706352234 0.6055266857 -0.1869380772
2.9713718891 0.0000000000 0.0000000000 0.1389719844 21.1595993042 0.6050574183 -0.1868925095
2.9718730450 0.0000000000 0.0000000000 0.1388670355 21.1492443085 0.6046203971 -0.1868287921
2.9734292030 0.0000000000 0.0000000000 0.1387790293 21.1398410797 0.6041873693 -0.1867735982
2.9759039879 0.0000000000 0.0000000000 0.1386865526 21.1319618225 0.6036615968 -0.1867155731
2.9789879322 0.0000000000 0.0000000000 0.1386226118 21.1251029968 0.6030688882 -0.1866578460
2.9823815823 0.0000000000 0.0000000000 0.1385737509 21.1193428040 0.6023593545 -0.1866029501
2.9858229160 0.0000000000 0.0000000000 0.1385289133 21.1139221191 0.6016144753 -0.1865524352
2.9886016846 0.0000000000 0.0000000000 0.1385084391 21.1087226868 0.6008848548 -0.1865040362
2.9903256893 0.0000000000 0.0000000000 0.1385190040 21.1037998199 0.6001911163 -0.1864516139
2.9907827377 0.0000000000 0.0000000000 0.1385371238 21.0987243652 0.5995637774 -0.1864405870
2.9898986816 0.0000000000 0.0000000000 0.1385647207 21.0930843353 0.5990363359 -0.1863846481
2.9878180027 0.0000000000 0.0000000000 0.1385625750 21.0869922638 0.5985243917 -0.1863312721
2.9847006798 0.0000000000 0.0000000000 0.1385374665 21.0805511475 0.5980470181 -0.1863023043
2.9809658527 0.0000000000 0.0000000000 0.1384965628 21.0734004974 0.5975447297 -0.1862722039
2.9770250320 0.0000000000 0.0000000000 0.1384472400 21.0657444000 0.5970764160 -0.1862362623
2.9733116627 0.0000000000 0.0000000000 0.1383677572 21.0574645996 0.5965418816 -0.1862192154
2.9702324867 0.0000000000 0.0000000000 0.1382600665 21.0486259460 0.5960022807 -0.1861874163
2.9680633545 0.0000000000 0.0000000000 0.1381417513 21.0396518707 0.5954619050 -0.1861596107
2.9670119286 0.0000000000 0.0000000000 0.1380380690 21.0307140350 0.5948668122 -0.1861297488
2.9672148228 0.0000000000 0.0000000000 0.1379515827 21.0219459534 0.5942174196 -0.1860983074
2.9685330391 0.0000000000 0.0000000000 0.1379115134 21.0130882263 0.5934755802 -0.1860656142
2.9709730148 0.0000000000 0.0000000000 0.1379058808 21.0040264130 0.5927351117 -0.1860459447
2.9740829468 0.0000000000 0.0000000000 0.1379254460 20.9953994751 0.5920724273 -0.1860194206
2.9776878357 0.0000000000 0.0000000000 0.1379624307 20.9872550964 0.5915594101 -0.1859867573
2.9816045761 0.0000000000 0.0000000000 0.1380052418 20.9796047211 0.5911654830 -0.1859686375
2.9858806133 0.0000000000 0.0000000000 0.1380362660 20.9717578888 0.5907825232 -0.1859492064
2.9903197289 0.0000000000 0.0000000000 0.1380502880 20.9636898041 0.5903490782 -0.1859319508
2.9947938919 0.0000000000 0.0000000000 0.1380303353 20.9556846619 0.5898951292 -0.1859240830
2.9991571903 0.0000000000 0.0000000000 0.1379852146 20.9471874237 0.5893657804 -0.1858980656
3.0033545494 0.0000000000 0.0000000000 0.1379319578 20.9378604889 0.5887802243 -0.1858785748
3.0071113110 0.0000000000 0.0000000000 0.1378790140 20.9276523590 0.5880435109 -0.1858617067
3.0104489326 0.0000000000 0.0000000000 0.1378425062 20.9176082611 0.5871819258 -0.1858410239
3.0129446983 0.0000000000 0.0000000000 0.1378563344 20.9074764252 0.5863076448 -0.1858227253
3.0145790577 0.0000000000 0.0000000000 0.1378977746 20.8971176147 0.5854693651 -0.1858099997
3.0153303146 0.0000000000 0.0000000000 0.1379327625 20.8874187469 0.5847440362 -0.1857949495
3.0150759220 0.0000000000 0.0000000000 0.1379218549 20.8784484863 0.5840914845 -0.1857920289
3.0133616924 0.0000000000 0.0000000000 0.1378658414 20.8714218140 0.5834591985 -0.1857956052
3.0104281902 0.0000000000 0.0000000000 0.1377730817 20.8622417450 0.5829073191 -0.1858055592
3.0061914921 0.0000000000 0.0000000000 0.1376525015 20.8545742035 0.5823699832 -0.1858178973
3.0014591217 0.0000000000 0.0000000000 0.1375143975 20.8463325500 0.5816701055 -0.1858321130
2.9967505932 0.0000000000 0.0000000000 0.1373429745 20.8376426697 0.5808502436 -0.1858446598
2.9925744534 0.0000000000 0.0000000000 0.1371161491 20.8283710480 0.5799214244 -0.1858614683
2.9894375801 0.0000000000 0.0000000000 0.1368588060 20.8184356689 0.5789443851 -0.1858722866
2.9879434109 0.0000000000 0.0000000000 0.1366004050 20.8085327148 0.5778954029 -0.1858853102
2.9882075787 0.0000000000 0.0000000000 0.1363337636 20.7986431122 0.5768191814 -0.1858892143
2.9906020164 0.0000000000 0.0000000000 0.1360924989 20.7894420624 0.5757601261 -0.1858924031
2.9948382378 0.0000000000 0.0000000000 0.1359051168 20.7815246582 0.5748367906 -0.1858915687
3.0004363060 0.0000000000 0.0000000000 0.1357857734 20.7740230560 0.5740345120 -0.1858870387
3.0068717003 0.0000000000 0.0000000000 0.1357156634 20.7674903870 0.5733197331 -0.1858787239
3.0141704082 0.0000000000 0.0000000000 0.1356551498 20.7613868713 0.5726063848 -0.1858755350
3.0217223167 0.0000000000 0.0000000000 0.1356078237 20.7545547485 0.5717967153 -0.1858687401
3.0286893845 0.0000000000 0.0000000000 0.1355934292 20.7468490601 0.5708528757 -0.1856517494
3.0347590446 0.0000000000 0.0000000000 0.1356165707 20.7388191223 0.5696232915 -0.1858674884
3.0392279625 0.0000000000 0.0000000000 0.1356617659 20.7306613922 0.5682358742 -0.1858858466
3.0414416790 0.0000000000 0.0000000000 0.1357576400 20.7222595215 0.5668226480 -0.1858862638
3.0409657955 0.0000000000 0.0000000000 0.1359309554 20.7124557495 0.5653920770 -0.1858950555
3.0381543636 0.0000000000 0.0000000000 0.1362006366 20.7035140991 0.5639907718 -0.1859127581
3.0336160660 0.0000000000 0.0000000000 0.1364850253 20.6944160461 0.5626169443 -0.1859353185
3.0276730061 0.0000000000 0.0000000000 0.1367377192 20.6857814789 0.5613179803 -0.1859576106
