#         rmsthk      stdthk       rmsvel       stdvel       rmsdiv       stddiv       rmsusurf       stdusurf
0.0000000000 0.0000000000 89.5015106201 78.0862045288 0.0000000000 0.0000000000 0.0000000000 0.0000000000
-0.1520909965 0.4546721280 52.7371902466 49.4387969971 0.0000000000 0.0000000000 -0.0801790655 0.9827097654
-0.3065074086 0.8252083659 48.8785896301 41.4164886475 0.0000000000 0.0000000000 -0.1482850909 1.7497096062
-0.4644165933 1.1683530807 47.8276481628 38.6393470764 0.0000000000 0.0000000000 -0.1974787563 2.3886375427
-0.6246061325 1.4976003170 45.1874732971 36.5393142700 0.0000000000 0.0000000000 -0.2304174155 2.9282729626
-0.7850399613 1.8189281225 41.2106971741 34.6547241211 0.0000000000 0.0000000000 -0.2498606890 3.3883476257
-0.9440013170 2.1338148117 36.4417724609 32.9615402222 0.0000000000 0.0000000000 -0.2577958703 3.7815985680
-1.0997991562 2.4421415329 31.2727050781 31.5855655670 0.0000000000 0.0000000000 -0.2563930750 4.1162967682
-1.2508271933 2.7424726486 26.0385437012 30.5014266968 0.0000000000 0.0000000000 -0.2466706932 4.3980360031
-1.3956742287 3.0334587097 20.9390411377 29.6800498962 0.0000000000 0.0000000000 -0.2290446460 4.6306328773
-1.5331561565 3.3136465549 16.1915588379 29.1475906372 0.0000000000 0.0000000000 -0.2039886266 4.8170752525
-1.6623696089 3.5817763805 11.9640064240 28.8922538757 0.0000000000 0.0000000000 -0.1724172235 4.9601020813
-1.7827662230 3.8371737003 8.3616361618 28.8551445007 0.0000000000 0.0000000000 -0.1355416328 5.0625367165
-1.8941065073 4.0795044899 5.4303631783 28.9310894012 0.0000000000 0.0000000000 -0.0946408361 5.1274824142
-1.9965087175 4.3089885712 3.1407523155 29.0290527344 0.0000000000 0.0000000000 -0.0510479733 5.1583833694
-2.0902976990 4.5262227058 1.4181016684 29.1068267822 0.0000000000 0.0000000000 -0.0059486772 5.1589698792
-2.1758992672 4.7319712639 0.1926896274 29.1121902466 0.0000000000 0.0000000000 0.0395429283 5.1331090927
-2.2540261745 4.9275012016 -0.6041625142 29.0344390869 0.0000000000 0.0000000000 0.0844211504 5.0844883919
-2.3253607750 5.1140341759 -1.0323940516 28.8696956635 0.0000000000 0.0000000000 0.1278543770 5.0167999268
-2.3905777931 5.2927355766 -1.1469367743 28.6375236511 0.0000000000 0.0000000000 0.1691941023 4.9335751534
-2.4503026009 5.4647245407 -0.9851987958 28.3545818329 0.0000000000 0.0000000000 0.2079040855 4.8381128311
-2.5052664280 5.6313042641 -0.5816341639 28.0400791168 0.0000000000 0.0000000000 0.2436137199 4.7333340645
-2.5561101437 5.7934436798 0.0382246040 27.7095603943 0.0000000000 0.0000000000 0.2759227455 4.6220312119
-2.6034801006 5.9521541595 0.8496222496 27.3837623596 0.0000000000 0.0000000000 0.3045490980 4.5066094398
-2.6480090618 6.1083693504 1.8318972588 27.0818843842 0.0000000000 0.0000000000 0.3293093443 4.3892173767
-2.6903529167 6.2631530762 2.9716763496 26.8200168610 0.0000000000 0.0000000000 0.3500852287 4.2717165947
-2.7310037613 6.4171056747 4.2557172775 26.6113872528 0.0000000000 0.0000000000 0.3668631017 4.1557087898
-2.7705574036 6.5710411072 5.6722021103 26.4666633606 0.0000000000 0.0000000000 0.3797241449 4.0425009727
-2.8096373081 6.7257833481 7.2003860474 26.4037399292 0.0000000000 0.0000000000 0.3887890875 3.9333183765
-2.8488676548 6.8821420670 8.8169546127 26.4305419922 0.0000000000 0.0000000000 0.3942616582 3.8290615082
-2.8888964653 7.0408987999 10.4852094650 26.5474128723 0.0000000000 0.0000000000 0.3963732421 3.7302498817
-2.9303197861 7.2026381493 12.1701650620 26.7521362305 0.0000000000 0.0000000000 0.3953928351 3.6375131607
-2.9736824036 7.3678717613 13.8244209290 27.0247955322 0.0000000000 0.0000000000 0.3916241229 3.5514504910
-3.0194640160 7.5370464325 15.3729782104 27.3364639282 0.0000000000 0.0000000000 0.3853479028 3.4729785919
-3.0681762695 7.7104902267 16.7355537415 27.6383647919 0.0000000000 0.0000000000 0.3770333529 3.4028227329
-3.1201727390 7.8883295059 17.8337001801 27.8838233948 0.0000000000 0.0000000000 0.3670732379 3.3419332504
-3.1756074429 8.0704746246 18.6055316925 28.0214633942 0.0000000000 0.0000000000 0.3559679985 3.2911283970
-3.2344765663 8.2567739487 19.0268497467 28.0208835602 0.0000000000 0.0000000000 0.3441458344 3.2512087822
-3.2965393066 8.4467287064 19.1037158966 27.8643550873 0.0000000000 0.0000000000 0.3320145905 3.2227718830
-3.3615355492 8.6399192810 18.8859138489 27.5491275787 0.0000000000 0.0000000000 0.3201543987 3.2060332298
-3.4291889668 8.8360004425 18.4432468414 27.0991497040 0.0000000000 0.0000000000 0.3090597093 3.2004704475
-3.4988138676 9.0338287354 17.8543434143 26.5475463867 0.0000000000 0.0000000000 0.2991476357 3.2047474384
-3.5699346066 9.2325286865 17.1862564087 25.9268398285 0.0000000000 0.0000000000 0.2906833589 3.2168350220
-3.6420810223 9.4312000275 16.4783802032 25.2970218658 0.0000000000 0.0000000000 0.2838984132 3.2339842319
-3.7150087357 9.6293697357 15.7602214813 24.7169704437 0.0000000000 0.0000000000 0.2790060043 3.2535667419
-3.7882575989 9.8261489868 15.0439929962 24.2414608002 0.0000000000 0.0000000000 0.2760946453 3.2731380463
-3.8617575169 10.0215072632 14.3384580612 23.8963851929 0.0000000000 0.0000000000 0.2751492858 3.2907688618
-3.9351024628 10.2147760391 13.6775760651 23.6767635345 0.0000000000 0.0000000000 0.2760660946 3.3049635887
-4.0080566406 10.4057502747 13.0932435989 23.5592117310 0.0000000000 0.0000000000 0.2786544859 3.3149096966
-4.0803747177 10.5944852829 12.6138954163 23.5230045319 0.0000000000 0.0000000000 0.2826705277 3.3202183247
-4.1519179344 10.7811641693 12.2662315369 23.5460643768 0.0000000000 0.0000000000 0.2877664864 3.3209602833
-4.2225966454 10.9659509659 12.0636224747 23.5998134613 0.0000000000 0.0000000000 0.2936871350 3.3175158501
-4.2924799919 11.1491613388 12.0104589462 23.6634254456 0.0000000000 0.0000000000 0.3001017570 3.3104205132
-4.3615317345 11.3307924271 12.0980911255 23.7164382935 0.0000000000 0.0000000000 0.3066773117 3.3002896309
-4.4300122261 11.5115442276 12.3086233139 23.7451057434 0.0000000000 0.0000000000 0.3131096959 3.2878155708
-4.4980564117 11.6916103363 12.6222305298 23.7375183105 0.0000000000 0.0000000000 0.3191307485 3.2738323212
-4.5657911301 11.8709850311 13.0047035217 23.6836547852 0.0000000000 0.0000000000 0.3245048821 3.2591419220
-4.6335573196 12.0502758026 13.4207782745 23.5872306824 0.0000000000 0.0000000000 0.3291169405 3.2444837093
-4.7015557289 12.2294912338 13.8317899704 23.4541988373 0.0000000000 0.0000000000 0.3328935504 3.2304790020
-4.7700901031 12.4091501236 14.2019100189 23.2960872650 0.0000000000 0.0000000000 0.3357733190 3.2174744606
-4.8392820358 12.5890884399 14.4933557510 23.1250495911 0.0000000000 0.0000000000 0.3377262354 3.2057235241
-4.9093317986 12.7694501877 14.6834182739 22.9581565857 0.0000000000 0.0000000000 0.3387433887 3.1954305172
-4.9803247452 12.9502658844 14.7499513626 22.8110046387 0.0000000000 0.0000000000 0.3387915492 3.1865081787
-5.0522274971 13.1314783096 14.6866455078 22.6884860992 0.0000000000 0.0000000000 0.3379602730 3.1787459850
-5.1248965263 13.3128108978 14.4945316315 22.5940895081 0.0000000000 0.0000000000 0.3364186883 3.1718573570
-5.1981739998 13.4941425323 14.1934814453 22.5273189545 0.0000000000 0.0000000000 0.3343130052 3.1654546261
-5.2718610764 13.6753826141 13.8110275269 22.4853343964 0.0000000000 0.0000000000 0.3317573965 3.1590950489
-5.3457121849 13.8563432693 13.3764305115 22.4634456635 0.0000000000 0.0000000000 0.3289173245 3.1523468494
-5.4194808006 14.0368871689 12.9203472137 22.4477272034 0.0000000000 0.0000000000 0.3259221017 3.1446921825
-5.4929652214 14.2168092728 12.4740896225 22.4254779816 0.0000000000 0.0000000000 0.3228950500 3.1358165741
-5.5658802986 14.3956003189 12.0565328598 22.3850917816 0.0000000000 0.0000000000 0.3199036121 3.1253409386
-5.6380739212 14.5730104446 11.6869277954 22.3210563660 0.0000000000 0.0000000000 0.3169873655 3.1130640507
-5.7095541954 14.7491645813 11.3727178574 22.2301883698 0.0000000000 0.0000000000 0.3141699433 3.0988194942
-5.7803387642 14.9241857529 11.1163187027 22.1136493683 0.0000000000 0.0000000000 0.3114475608 3.0825600624
-5.8503565788 15.0978326797 10.9169874191 21.9800529480 0.0000000000 0.0000000000 0.3087742627 3.0642867088
-5.9197397232 15.2702798843 10.7651824951 21.8387832642 0.0000000000 0.0000000000 0.3061633408 3.0440869331
-5.9884567261 15.4412975311 10.6542549133 21.7003974915 0.0000000000 0.0000000000 0.3036012948 3.0220296383
-6.0566887856 15.6111040115 10.5707283020 21.5712146759 0.0000000000 0.0000000000 0.3011105061 2.9981589317
-6.1243791580 15.7792606354 10.5001993179 21.4560909271 0.0000000000 0.0000000000 0.2986651063 2.9726698399
-6.1916251183 15.9458837509 10.4296607971 21.3585433960 0.0000000000 0.0000000000 0.2962843180 2.9457764626
-6.2585201263 16.1111469269 10.3514070511 21.2784061432 0.0000000000 0.0000000000 0.2939615548 2.9177093506
-6.3251438141 16.2752761841 10.2572660446 21.2141323090 0.0000000000 0.0000000000 0.2917213738 2.8887655735
-6.3915066719 16.4383449554 10.1431474686 21.1617565155 0.0000000000 0.0000000000 0.2895994782 2.8592257500
-6.4575285912 16.6002197266 10.0098772049 21.1159095764 0.0000000000 0.0000000000 0.2876216769 2.8293118477
-6.5231518745 16.7610034943 9.8629140854 21.0734233856 0.0000000000 0.0000000000 0.2857898176 2.7991907597
-6.5883865356 16.9209156036 9.7066001892 21.0290756226 0.0000000000 0.0000000000 0.2840975821 2.7691173553
-6.6531543732 17.0799236298 9.5470962524 20.9787101746 0.0000000000 0.0000000000 0.2824878097 2.7392497063
-6.7173619270 17.2379894257 9.3907623291 20.9204196930 0.0000000000 0.0000000000 0.2809322774 2.7096574306
-6.7810091972 17.3952598572 9.2434110641 20.8542957306 0.0000000000 0.0000000000 0.2794014215 2.6804862022
-6.8440799713 17.5518226624 9.1087007523 20.7816009521 0.0000000000 0.0000000000 0.2778397501 2.6518092155
-6.9066095352 17.7078323364 8.9848022461 20.7045707703 0.0000000000 0.0000000000 0.2762106061 2.6237368584
-6.9685716629 17.8631896973 8.8763990402 20.6245956421 0.0000000000 0.0000000000 0.2744675279 2.5964095592
-7.0299754143 18.0178203583 8.7862024307 20.5434761047 0.0000000000 0.0000000000 0.2725669146 2.5699324608
-7.0908966064 18.1717624664 8.7105998993 20.4625377655 0.0000000000 0.0000000000 0.2704866827 2.5443997383
-7.1513643265 18.3248863220 8.6440134048 20.3823852539 0.0000000000 0.0000000000 0.2682391703 2.5199165344
-7.2116174698 18.4775810242 8.5780916214 20.3053855896 0.0000000000 0.0000000000 0.2658276856 2.4964463711
-7.2715721130 18.6294689178 8.5073328018 20.2290782928 0.0000000000 0.0000000000 0.2633143961 2.4740123749
-7.3314089775 18.7808303833 8.4265851974 20.1522159576 0.0000000000 0.0000000000 0.2607754171 2.4525673389
-7.3910880089 18.9314327240 8.3319644928 20.0733280182 0.0000000000 0.0000000000 0.2583096623 2.4321508408
-7.4505352974 19.0811367035 8.2215204239 19.9907665253 0.0000000000 0.0000000000 0.2559405863 2.4127757549
-7.5098857880 19.2301044464 8.0991420746 19.9037094116 0.0000000000 0.0000000000 0.2537158430 2.3943474293
-7.5691442490 19.3782577515 7.9675140381 19.8123111725 0.0000000000 0.0000000000 0.2516134381 2.3767280579
-7.6282773018 19.5254993439 7.8294072151 19.7181282043 0.0000000000 0.0000000000 0.2496725917 2.3597834110
-7.6872835159 19.6718750000 7.6881976128 19.6251659393 0.0000000000 0.0000000000 0.2479539067 2.3433315754
-7.7461681366 19.8175582886 7.5491781235 19.5360469818 0.0000000000 0.0000000000 0.2464648783 2.3273978233
-7.8048944473 19.9625892639 7.4170475006 19.4532356262 0.0000000000 0.0000000000 0.2452054918 2.3119199276
-7.8634285927 20.1069641113 7.2970738411 19.3794441223 0.0000000000 0.0000000000 0.2441563457 2.2968840599
-7.9217686653 20.2506828308 7.1904621124 19.3109512329 0.0000000000 0.0000000000 0.2433142066 2.2821967602
-7.9798879623 20.3936653137 7.0972890854 19.2464714050 0.0000000000 0.0000000000 0.2426428348 2.2677869797
-8.0378026962 20.5358428955 7.0152082443 19.1835956573 0.0000000000 0.0000000000 0.2421548218 2.2536160946
-8.0956172943 20.6772785187 6.9429693222 19.1206741333 0.0000000000 0.0000000000 0.2418211848 2.2397632599
-8.1533412933 20.8179435730 6.8764553070 19.0554809570 0.0000000000 0.0000000000 0.2415900826 2.2263486385
-8.2109642029 20.9577617645 6.8141999245 18.9888572693 0.0000000000 0.0000000000 0.2414505184 2.2133893967
-8.2684392929 21.0966606140 6.7524857521 18.9182071686 0.0000000000 0.0000000000 0.2413693964 2.2009162903
-8.3258762360 21.2348499298 6.6861820221 18.8436203003 0.0000000000 0.0000000000 0.2413439304 2.1889486313
-8.3832788467 21.3723278046 6.6142926216 18.7673206329 0.0000000000 0.0000000000 0.2413228005 2.1774926186
-8.4407854080 21.5094509125 6.5364909172 18.6946887970 0.0000000000 0.0000000000 0.2412792146 2.1665360928
-8.4982681274 21.6459503174 6.4554715157 18.6265430450 0.0000000000 0.0000000000 0.2411987633 2.1561009884
-8.5557451248 21.7819843292 6.3721265793 18.5630645752 0.0000000000 0.0000000000 0.2410580218 2.1460742950
-8.6132116318 21.9176311493 6.2845048904 18.5053234100 0.0000000000 0.0000000000 0.2408320159 2.1364641190
-8.6706380844 22.0527896881 6.1965274811 18.4520626068 0.0000000000 0.0000000000 0.2405157685 2.1272602081
-8.7280263901 22.1876869202 6.1110148430 18.4042625427 0.0000000000 0.0000000000 0.2401272506 2.1185202599
-8.7853631973 22.3223419189 6.0315051079 18.3600425720 0.0000000000 0.0000000000 0.2397028506 2.1103119850
-8.8426342010 22.4567737579 5.9593968391 18.3175888062 0.0000000000 0.0000000000 0.2392816246 2.1026077271
-8.8999090195 22.5910778046 5.8949513435 18.2743873596 0.0000000000 0.0000000000 0.2388489544 2.0954849720
-8.9571981430 22.7252044678 5.8339023590 18.2277297974 0.0000000000 0.0000000000 0.2384494841 2.0888826847
-9.0144596100 22.8591289520 5.7719659805 18.1762695312 0.0000000000 0.0000000000 0.2380742729 2.0828731060
-9.0717277527 22.9928398132 5.7051801682 18.1184120178 0.0000000000 0.0000000000 0.2376778424 2.0774147511
-9.1291027069 23.1265640259 5.6272306442 18.0522994995 0.0000000000 0.0000000000 0.2372631431 2.0723586082
-9.1864051819 23.2599754333 5.5319457054 17.9758014679 0.0000000000 0.0000000000 0.2368277311 2.0675866604
-9.2437000275 23.3933792114 5.4208579063 17.8925457001 0.0000000000 0.0000000000 0.2363432646 2.0629963875
-9.3008737564 23.5266857147 5.2979273796 17.8113803864 0.0000000000 0.0000000000 0.2357835621 2.0583491325
-9.3577642441 23.6597805023 5.1720752716 17.7422065735 0.0000000000 0.0000000000 0.2351247519 2.0534245968
-9.4142513275 23.7926540375 5.0552387238 17.6901206970 0.0000000000 0.0000000000 0.2343347520 2.0479590893
-9.4702482224 23.9252567291 4.9559283257 17.6532173157 0.0000000000 0.0000000000 0.2334074825 2.0418343544
-9.5255908966 24.0572757721 4.8801779747 17.6250991821 0.0000000000 0.0000000000 0.2323465943 2.0350573063
-9.5803060532 24.1890068054 4.8301644325 17.6024074554 0.0000000000 0.0000000000 0.2311569005 2.0277340412
-9.6345338821 24.3205909729 4.8050518036 17.5776615143 0.0000000000 0.0000000000 0.2298397422 2.0201566219
-9.6883602142 24.4521312714 4.8008918762 17.5474376678 0.0000000000 0.0000000000 0.2283838093 2.0125942230
-9.7418861389 24.5836544037 4.8063826561 17.5067100525 0.0000000000 0.0000000000 0.2267948538 2.0052781105
-9.7951488495 24.7151622772 4.8124895096 17.4525127411 0.0000000000 0.0000000000 0.2250788212 1.9983489513
-9.8483076096 24.8467292786 4.8065257072 17.3841247559 0.0000000000 0.0000000000 0.2232380360 1.9919314384
-9.9013957977 24.9782485962 4.7771239281 17.3051090240 0.0000000000 0.0000000000 0.2213097513 1.9859881401
-9.9543781281 25.1095123291 4.7167339325 17.2210197449 0.0000000000 0.0000000000 0.2193312943 1.9805001020
-10.0073490143 25.2406787872 4.6206860542 17.1375179291 0.0000000000 0.0000000000 0.2173095942 1.9753948450
-10.0603017807 25.3717422485 4.4941511154 17.0640907288 0.0000000000 0.0000000000 0.2153201997 1.9705377817
-10.1131801605 25.5026531219 4.3488464355 17.0083007812 0.0000000000 0.0000000000 0.2133922130 1.9656683207
-10.1658067703 25.6331729889 4.1955943108 16.9733676910 0.0000000000 0.0000000000 0.2115371525 1.9606592655
-10.2179565430 25.7632160187 4.0497360229 16.9543609619 0.0000000000 0.0000000000 0.2097941339 1.9552524090
-10.2696313858 25.8928394318 3.9226021767 16.9427433014 0.0000000000 0.0000000000 0.2081696242 1.9494118690
-10.3207798004 26.0219268799 3.8219087124 16.9297370911 0.0000000000 0.0000000000 0.2066869587 1.9431927204
-10.3713836670 26.1505012512 3.7471172810 16.9068412781 0.0000000000 0.0000000000 0.2053935230 1.9365125895
-10.4215049744 26.2786235809 3.6962294579 16.8680534363 0.0000000000 0.0000000000 0.2043002248 1.9294328690
-10.4712057114 26.4063930511 3.6662633419 16.8150024414 0.0000000000 0.0000000000 0.2034332901 1.9220130444
-10.5205459595 26.5336742401 3.6508605480 16.7498092651 0.0000000000 0.0000000000 0.2027731091 1.9144169092
-10.5696525574 26.6606273651 3.6426577568 16.6812210083 0.0000000000 0.0000000000 0.2023246735 1.9067282677
-10.6186332703 26.7872200012 3.6276147366 16.6156139374 0.0000000000 0.0000000000 0.2020568103 1.8991166353
-10.6676330566 26.9135665894 3.5822355747 16.5500888824 0.0000000000 0.0000000000 0.2019292861 1.8917386532
-10.7166328430 27.0396118164 3.4984767437 16.4877033234 0.0000000000 0.0000000000 0.2018978894 1.8845608234
-10.7655954361 27.1652526855 3.3751018047 16.4306526184 0.0000000000 0.0000000000 0.2019511163 1.8777492046
-10.8145322800 27.2905426025 3.2195420265 16.3802185059 0.0000000000 0.0000000000 0.2020331770 1.8711669445
-10.8633069992 27.4153385162 3.0436885357 16.3378257751 0.0000000000 0.0000000000 0.2021450400 1.8645622730
-10.9118804932 27.5396308899 2.8653705120 16.3008251190 0.0000000000 0.0000000000 0.2022845745 1.8576253653
-10.9600734711 27.6632270813 2.7048654556 16.2696247101 0.0000000000 0.0000000000 0.2024733424 1.8502184153
-11.0077781677 27.7861156464 2.5737619400 16.2402057648 0.0000000000 0.0000000000 0.2027060986 1.8421207666
-11.0549621582 27.9083557129 2.4796853065 16.2055282593 0.0000000000 0.0000000000 0.2029493004 1.8331373930
-11.1016874313 28.0301094055 2.4226794243 16.1592559814 0.0000000000 0.0000000000 0.2031684667 1.8233708143
-11.1479034424 28.1511745453 2.4027976990 16.1001071930 0.0000000000 0.0000000000 0.2033262998 1.8129661083
-11.1937236786 28.2717037201 2.4156949520 16.0336666107 0.0000000000 0.0000000000 0.2034013122 1.8021767139
-11.2392997742 28.3917522430 2.4491777420 15.9642009735 0.0000000000 0.0000000000 0.2034000158 1.7912572622
-11.2847881317 28.5114440918 2.4823937416 15.8928604126 0.0000000000 0.0000000000 0.2033020407 1.7805709839
-11.3303403854 28.6309242249 2.4944176674 15.8187484741 0.0000000000 0.0000000000 0.2030746490 1.7703887224
-11.3759870529 28.7501354218 2.4734342098 15.7441530228 0.0000000000 0.0000000000 0.2027329952 1.7608972788
-11.4216976166 28.8689231873 2.4131686687 15.6711111069 0.0000000000 0.0000000000 0.2022922933 1.7520798445
-11.4674749374 28.9873657227 2.3189110756 15.6059207916 0.0000000000 0.0000000000 0.2017765790 1.7438093424
-11.5132350922 29.1053619385 2.1984996796 15.5493087769 0.0000000000 0.0000000000 0.2012384832 1.7358561754
-11.5588207245 29.2229003906 2.0689516068 15.5046405792 0.0000000000 0.0000000000 0.2006962746 1.7278898954
-11.6040735245 29.3398208618 1.9482202530 15.4711513519 0.0000000000 0.0000000000 0.2001308650 1.7197647095
-11.6488819122 29.4561080933 1.8442939520 15.4407825470 0.0000000000 0.0000000000 0.1995518804 1.7112284899
-11.6931877136 29.5717678070 1.7663773298 15.4062919617 0.0000000000 0.0000000000 0.1989399046 1.7023528814
-11.7369985580 29.6868686676 1.7164309025 15.3637104034 0.0000000000 0.0000000000 0.1982510388 1.6931365728
-11.7803535461 29.8014297485 1.6931080818 15.3105640411 0.0000000000 0.0000000000 0.1974679530 1.6837273836
-11.8233718872 29.9155330658 1.6918065548 15.2473144531 0.0000000000 0.0000000000 0.1966037005 1.6743979454
-11.8661365509 30.0291652679 1.7070684433 15.1789484024 0.0000000000 0.0000000000 0.1957385987 1.6652809381
-11.9087820053 30.1423568726 1.7266300917 15.1071834564 0.0000000000 0.0000000000 0.1949588209 1.6565588713
-11.9513759613 30.2551326752 1.7353494167 15.0343513489 0.0000000000 0.0000000000 0.1942586005 1.6483082771
-11.9939708710 30.3674526215 1.7237362862 14.9614877701 0.0000000000 0.0000000000 0.1936538815 1.6406440735
-12.0366306305 30.4794578552 1.6877042055 14.8916511536 0.0000000000 0.0000000000 0.1931083053 1.6335606575
-12.0793342590 30.5911159515 1.6302484274 14.8280868530 0.0000000000 0.0000000000 0.1926499754 1.6269103289
-12.1219778061 30.7023353577 1.5563895702 14.7734918594 0.0000000000 0.0000000000 0.1922678202 1.6206072569
-12.1646089554 30.8133640289 1.4738794565 14.7272014618 0.0000000000 0.0000000000 0.1919563562 1.6144934893
-12.2070055008 30.9239940643 1.3889795542 14.6855649948 0.0000000000 0.0000000000 0.1916913092 1.6083506346
-12.2491331100 31.0344181061 1.3128918409 14.6433982849 0.0000000000 0.0000000000 0.1914348900 1.6019959450
-12.2908811569 31.1445770264 1.2588715553 14.5972490311 0.0000000000 0.0000000000 0.1911797076 1.5952094793
-12.3322153091 31.2544403076 1.2306821346 14.5440130234 0.0000000000 0.0000000000 0.1908916384 1.5880117416
-12.3732481003 31.3641719818 1.2274936438 14.4829721451 0.0000000000 0.0000000000 0.1905450374 1.5805414915
-12.4139041901 31.4734802246 1.2475891113 14.4158525467 0.0000000000 0.0000000000 0.1901227385 1.5730203390
-12.4544115067 31.5828037262 1.2779496908 14.3430547714 0.0000000000 0.0000000000 0.1895931810 1.5656161308
-12.4948682785 31.6920204163 1.3094880581 14.2684011459 0.0000000000 0.0000000000 0.1889727563 1.5584648848
-12.5352525711 31.8009834290 1.3309332132 14.1957073212 0.0000000000 0.0000000000 0.1882671714 1.5517357588
-12.5756788254 31.9096813202 1.3335039616 14.1290302277 0.0000000000 0.0000000000 0.1875298023 1.5454900265
-12.6162481308 32.0181808472 1.3107647896 14.0684223175 0.0000000000 0.0000000000 0.1867903918 1.5396841764
-12.6569652557 32.1265029907 1.2626509666 14.0158452988 0.0000000000 0.0000000000 0.1860843003 1.5343079567
-12.6977615356 32.2345924377 1.1954721212 13.9714345932 0.0000000000 0.0000000000 0.1854321063 1.5291767120
-12.7385854721 32.3423194885 1.1161394119 13.9347906113 0.0000000000 0.0000000000 0.1848451495 1.5241307020
-12.7793054581 32.4496383667 1.0346276760 13.9020423889 0.0000000000 0.0000000000 0.1843146682 1.5190539360
-12.8198366165 32.5565490723 0.9579135776 13.8679733276 0.0000000000 0.0000000000 0.1838410795 1.5137465000
-12.8601102829 32.6629981995 0.8937373757 13.8304891586 0.0000000000 0.0000000000 0.1834034175 1.5081285238
-12.9001445770 32.7690544128 0.8437657356 13.7888269424 0.0000000000 0.0000000000 0.1830411851 1.5022233725
-12.9397974014 32.8747100830 0.8103796244 13.7406930923 0.0000000000 0.0000000000 0.1827411950 1.4961073399
-12.9791517258 32.9798469543 0.7957302928 13.6880197525 0.0000000000 0.0000000000 0.1825016737 1.4897854328
-13.0183391571 33.0845031738 0.7966125011 13.6346044540 0.0000000000 0.0000000000 0.1823354363 1.4833867550
-13.0575342178 33.1888122559 0.8101146817 13.5860776901 0.0000000000 0.0000000000 0.1822473854 1.4771063328
-13.0967330933 33.2927436829 0.8274003863 13.5446033478 0.0000000000 0.0000000000 0.1822281182 1.4710162878
-13.1360797882 33.3963623047 0.8330817223 13.5099678040 0.0000000000 0.0000000000 0.1822519451 1.4652875662
-13.1754598618 33.4993400574 0.8170802593 13.4788913727 0.0000000000 0.0000000000 0.1822827458 1.4601436853
-13.2150573730 33.6019783020 0.7762238979 13.4488916397 0.0000000000 0.0000000000 0.1823050380 1.4555788040
-13.2547407150 33.7040748596 0.7116871476 13.4176988602 0.0000000000 0.0000000000 0.1823432893 1.4515469074
-13.2944774628 33.8056449890 0.6291304827 13.3852577209 0.0000000000 0.0000000000 0.1824145764 1.4479141235
-13.3342437744 33.9067535400 0.5361449718 13.3532285690 0.0000000000 0.0000000000 0.1825074255 1.4445254803
-13.3739376068 34.0073509216 0.4450166821 13.3237695694 0.0000000000 0.0000000000 0.1826326102 1.4411464930
-13.4134588242 34.1072845459 0.3647199273 13.2961168289 0.0000000000 0.0000000000 0.1828035414 1.4376038313
-13.4527568817 34.2065658569 0.3059853911 13.2671518326 0.0000000000 0.0000000000 0.1829777956 1.4338170290
-13.4918174744 34.3052253723 0.2726789415 13.2352275848 0.0000000000 0.0000000000 0.1831375808 1.4296771288
-13.5306482315 34.4031105042 0.2626157999 13.2008256912 0.0000000000 0.0000000000 0.1832705140 1.4252485037
-13.5693788528 34.5005149841 0.2711026967 13.1643733978 0.0000000000 0.0000000000 0.1833691150 1.4206659794
-13.6080560684 34.5975341797 0.2857768536 13.1253452301 0.0000000000 0.0000000000 0.1833994240 1.4161015749
-13.6467828751 34.6942520142 0.2949286103 13.0835266113 0.0000000000 0.0000000000 0.1833398342 1.4116066694
-13.6855373383 34.7905769348 0.2870724201 13.0378923416 0.0000000000 0.0000000000 0.1831901520 1.4072763920
-13.7242336273 34.8863792419 0.2587508261 12.9914531708 0.0000000000 0.0000000000 0.1829254031 1.4031866789
-13.7630062103 34.9819107056 0.2097923607 12.9483699799 0.0000000000 0.0000000000 0.1825324893 1.3992536068
-13.8017978668 35.0771141052 0.1457403898 12.9124031067 0.0000000000 0.0000000000 0.1820359230 1.3953212500
-13.8404855728 35.1718940735 0.0758237317 12.8847627640 0.0000000000 0.0000000000 0.1814509481 1.3913179636
-13.8789958954 35.2662773132 0.0065363571 12.8625354767 0.0000000000 0.0000000000 0.1808164716 1.3871474266
-13.9172248840 35.3601036072 -0.0545240827 12.8424797058 0.0000000000 0.0000000000 0.1801722050 1.3827831745
-13.9552211761 35.4534263611 -0.1031610072 12.8204860687 0.0000000000 0.0000000000 0.1795581877 1.3782552481
-13.9930028915 35.5462913513 -0.1353147030 12.7955522537 0.0000000000 0.0000000000 0.1789208204 1.3736125231
-14.0304622650 35.6384963989 -0.1507286727 12.7665224075 0.0000000000 0.0000000000 0.1782247275 1.3687281609
-14.0676374435 35.7300872803 -0.1538265944 12.7342414856 0.0000000000 0.0000000000 0.1774870306 1.3636918068
-14.1046457291 35.8213233948 -0.1500915736 12.7002506256 0.0000000000 0.0000000000 0.1767261773 1.3585660458
-14.1416816711 35.9124069214 -0.1474363208 12.6681776047 0.0000000000 0.0000000000 0.1760174185 1.3534967899
-14.1788005829 36.0033912659 -0.1523518413 12.6392793655 0.0000000000 0.0000000000 0.1754121929 1.3486623764
-14.2159643173 36.0941619873 -0.1733019650 12.6135091782 0.0000000000 0.0000000000 0.1749165654 1.3440129757
-14.2531404495 36.1846008301 -0.2138560861 12.5904159546 0.0000000000 0.0000000000 0.1745027006 1.3396157026
-14.2902822495 36.2746353149 -0.2714571655 12.5694198608 0.0000000000 0.0000000000 0.1741675138 1.3356809616
-14.3274164200 36.3643188477 -0.3395316601 12.5515413284 0.0000000000 0.0000000000 0.1738987714 1.3321611881
-14.3644571304 36.4536170959 -0.4125607610 12.5360927582 0.0000000000 0.0000000000 0.1736736894 1.3286609650
-14.4013280869 36.5425300598 -0.4828945994 12.5210962296 0.0000000000 0.0000000000 0.1735159755 1.3249921799
-14.4378509521 36.6308097839 -0.5437539816 12.5046434402 0.0000000000 0.0000000000 0.1734194458 1.3212840557
-14.4741182327 36.7186622620 -0.5910371542 12.4834175110 0.0000000000 0.0000000000 0.1733744889 1.3175982237
-14.5100555420 36.8059387207 -0.6214232445 12.4567565918 0.0000000000 0.0000000000 0.1733581424 1.3138953447
-14.5456905365 36.8928108215 -0.6372833252 12.4254236221 0.0000000000 0.0000000000 0.1733419150 1.3101389408
-14.5810003281 36.9791831970 -0.6417797804 12.3898391724 0.0000000000 0.0000000000 0.1733056456 1.3063033819
-14.6160392761 37.0649948120 -0.6412256956 12.3516092300 0.0000000000 0.0000000000 0.1732320935 1.3025978804
-14.6508846283 37.1504211426 -0.6382407546 12.3135051727 0.0000000000 0.0000000000 0.1730823219 1.2990548611
-14.6855468750 37.2354812622 -0.6374546289 12.2774429321 0.0000000000 0.0000000000 0.1728071421 1.2955505848
-14.7200365067 37.3200874329 -0.6414139867 12.2443408966 0.0000000000 0.0000000000 0.1724012643 1.2920726538
-14.7543067932 37.4041824341 -0.6537488699 12.2158346176 0.0000000000 0.0000000000 0.1718646288 1.2883824110
-14.7884721756 37.4879684448 -0.6763241291 12.1913833618 0.0000000000 0.0000000000 0.1712372154 1.2845871449
-14.8226041794 37.5715141296 -0.7084246278 12.1710538864 0.0000000000 0.0000000000 0.1705588549 1.2806658745
-14.8566255569 37.6546401978 -0.7468186021 12.1551809311 0.0000000000 0.0000000000 0.1698653251 1.2766683102
-14.8905200958 37.7373847961 -0.7875795364 12.1419544220 0.0000000000 0.0000000000 0.1692030281 1.2726886272
-14.9244089127 37.8199348450 -0.8275928497 12.1308374405 0.0000000000 0.0000000000 0.1686028242 1.2688378096
-14.9583158493 37.9022483826 -0.8659201860 12.1217002869 0.0000000000 0.0000000000 0.1681143343 1.2651326656
-14.9922342300 37.9843368530 -0.9006583095 12.1130828857 0.0000000000 0.0000000000 0.1678001136 1.2618857622
-15.0260887146 38.0661201477 -0.9313479066 12.1039047241 0.0000000000 0.0000000000 0.1676627696 1.2591394186
-15.0599622726 38.1477394104 -0.9602810740 12.0921363831 0.0000000000 0.0000000000 0.1676878482 1.2569369078
-15.0938196182 38.2291450500 -0.9884132147 12.0782871246 0.0000000000 0.0000000000 0.1678439528 1.2551422119
-15.1276769638 38.3103256226 -1.0149588585 12.0619544983 0.0000000000 0.0000000000 0.1680668592 1.2535905838
-15.1614694595 38.3911705017 -1.0387877226 12.0437955856 0.0000000000 0.0000000000 0.1683125794 1.2521607876
-15.1951522827 38.4716377258 -1.0589627028 12.0242424011 0.0000000000 0.0000000000 0.1685391963 1.2506958246
-15.2287521362 38.5518112183 -1.0752427578 12.0031738281 0.0000000000 0.0000000000 0.1687167883 1.2490609884
-15.2621097565 38.6315078735 -1.0860236883 11.9812288284 0.0000000000 0.0000000000 0.1688515842 1.2472860813
-15.2953052521 38.7109375000 -1.0940690041 11.9592103958 0.0000000000 0.0000000000 0.1689113826 1.2453972101
-15.3282833099 38.7899246216 -1.0992916822 11.9375877380 0.0000000000 0.0000000000 0.1689459980 1.2434471846
-15.3611125946 38.8685874939 -1.1028587818 11.9160299301 0.0000000000 0.0000000000 0.1689423174 1.2413979769
-15.3938188553 38.9469070435 -1.1078367233 11.8949804306 0.0000000000 0.0000000000 0.1688808203 1.2391625643
-15.4264478683 39.0250396729 -1.1168285608 11.8753538132 0.0000000000 0.0000000000 0.1687399894 1.2367783785
-15.4590749741 39.1030387878 -1.1312462091 11.8584527969 0.0000000000 0.0000000000 0.1685210764 1.2342622280
-15.4917106628 39.1808547974 -1.1509877443 11.8454399109 0.0000000000 0.0000000000 0.1682324708 1.2316149473
-15.5243577957 39.2584304810 -1.1756318808 11.8371057510 0.0000000000 0.0000000000 0.1678874493 1.2288949490
-15.5570440292 39.3358154297 -1.2049099207 11.8345756531 0.0000000000 0.0000000000 0.1674723774 1.2261472940
-15.5898427963 39.4130935669 -1.2402195930 11.8359603882 0.0000000000 0.0000000000 0.1670088768 1.2233378887
-15.6227321625 39.4902839661 -1.2833975554 11.8391914368 0.0000000000 0.0000000000 0.1665414125 1.2206614017
-15.6557331085 39.5674209595 -1.3360053301 11.8420686722 0.0000000000 0.0000000000 0.1661165506 1.2182924747
-15.6888027191 39.6444892883 -1.3961269855 11.8423185349 0.0000000000 0.0000000000 0.1657489538 1.2163050175
-15.7218704224 39.7213821411 -1.4608856440 11.8393945694 0.0000000000 0.0000000000 0.1654362082 1.2145665884
-15.7548208237 39.7979583740 -1.5250173807 11.8325386047 0.0000000000 0.0000000000 0.1651831418 1.2129558325
-15.7876281738 39.8741912842 -1.5836738348 11.8232116699 0.0000000000 0.0000000000 0.1650044024 1.2113600969
-15.8201112747 39.9498863220 -1.6321370602 11.8125162125 0.0000000000 0.0000000000 0.1648830622 1.2097592354
-15.8523712158 40.0252494812 -1.6669162512 11.8004827499 0.0000000000 0.0000000000 0.1648077220 1.2080645561
-15.8843622208 40.1001968384 -1.6880680323 11.7858743668 0.0000000000 0.0000000000 0.1647731960 1.2062137127
-15.9160480499 40.1746940613 -1.6969178915 11.7671737671 0.0000000000 0.0000000000 0.1647239327 1.2042170763
-15.9475364685 40.2489128113 -1.6966680288 11.7453508377 0.0000000000 0.0000000000 0.1646523625 1.2020148039
-15.9787750244 40.3227691650 -1.6926496029 11.7228507996 0.0000000000 0.0000000000 0.1645510793 1.1994603872
-16.0098342896 40.3963279724 -1.6869394779 11.7009229660 0.0000000000 0.0000000000 0.1644017696 1.1966083050
-16.0407390594 40.4696159363 -1.6833941936 11.6810026169 0.0000000000 0.0000000000 0.1642188281 1.1936019659
-16.0715618134 40.5426826477 -1.6857112646 11.6643648148 0.0000000000 0.0000000000 0.1639882177 1.1904612780
-16.1023044586 40.6154708862 -1.6977934837 11.6531715393 0.0000000000 0.0000000000 0.1636935323 1.1871485710
-16.1328926086 40.6878929138 -1.7189683914 11.6485872269 0.0000000000 0.0000000000 0.1633493304 1.1837309599
-16.1634044647 40.7600746155 -1.7486491203 11.6501770020 0.0000000000 0.0000000000 0.1630024612 1.1803650856
-16.1938991547 40.8320693970 -1.7853467464 11.6561346054 0.0000000000 0.0000000000 0.1626974940 1.1772500277
-16.2244472504 40.9039878845 -1.8256888390 11.6642341614 0.0000000000 0.0000000000 0.1624671221 1.1744011641
-16.2550125122 40.9758110046 -1.8667645454 11.6724815369 0.0000000000 0.0000000000 0.1623267829 1.1718631983
-16.2856063843 41.0475349426 -1.9087347984 11.6783113480 0.0000000000 0.0000000000 0.1622580886 1.1694940329
-16.3161392212 41.1190338135 -1.9499280453 11.6792554855 0.0000000000 0.0000000000 0.1622629762 1.1671928167
-16.3465938568 41.1902351379 -1.9887864590 11.6742296219 0.0000000000 0.0000000000 0.1623368412 1.1649901867
-16.3769226074 41.2611503601 -2.0243945122 11.6643142700 0.0000000000 0.0000000000 0.1624756604 1.1629705429
-16.4070129395 41.3317298889 -2.0544564724 11.6514873505 0.0000000000 0.0000000000 0.1626787931 1.1610178947
-16.4368839264 41.4019584656 -2.0752203465 11.6357345581 0.0000000000 0.0000000000 0.1628739238 1.1591167450
-16.4665241241 41.4718322754 -2.0847477913 11.6186866760 0.0000000000 0.0000000000 0.1630422622 1.1571321487
-16.4960174561 41.5415000916 -2.0840654373 11.6015186310 0.0000000000 0.0000000000 0.1631388366 1.1550172567
-16.5253639221 41.6109657288 -2.0753421783 11.5855169296 0.0000000000 0.0000000000 0.1631390154 1.1527746916
-16.5545196533 41.6801109314 -2.0627951622 11.5716409683 0.0000000000 0.0000000000 0.1630063355 1.1502373219
-16.5836524963 41.7491302490 -2.0509691238 11.5596342087 0.0000000000 0.0000000000 0.1627460569 1.1475272179
-16.6128082275 41.8180313110 -2.0449447632 11.5494403839 0.0000000000 0.0000000000 0.1623680592 1.1446331739
-16.6419792175 41.8868370056 -2.0477039814 11.5411968231 0.0000000000 0.0000000000 0.1618882865 1.1416579485
-16.6712284088 41.9556465149 -2.0631663799 11.5341577530 0.0000000000 0.0000000000 0.1613410413 1.1386820078
-16.7006149292 42.0245094299 -2.0922880173 11.5296392441 0.0000000000 0.0000000000 0.1607359350 1.1359770298
-16.7300338745 42.0932769775 -2.1337809563 11.5276575089 0.0000000000 0.0000000000 0.1600963622 1.1336842775
-16.7594871521 42.1620368958 -2.1854488850 11.5299005508 0.0000000000 0.0000000000 0.1594430953 1.1316968203
-16.7888946533 42.2307395935 -2.2407431602 11.5355129242 0.0000000000 0.0000000000 0.1587940603 1.1299573183
-16.8181762695 42.2992973328 -2.2952589989 11.5437803268 0.0000000000 0.0000000000 0.1581725627 1.1283719540
-16.8473377228 42.3677330017 -2.3428323269 11.5520257950 0.0000000000 0.0000000000 0.1576589048 1.1269290447
-16.8763008118 42.4359397888 -2.3786845207 11.5580959320 0.0000000000 0.0000000000 0.1573039442 1.1257179976
-16.9050693512 42.5039291382 -2.4005129337 11.5601673126 0.0000000000 0.0000000000 0.1571006477 1.1246725321
-16.9336929321 42.5717201233 -2.4083931446 11.5565786362 0.0000000000 0.0000000000 0.1570442766 1.1238502264
-16.9621982574 42.6393203735 -2.4059770107 11.5478010178 0.0000000000 0.0000000000 0.1571018994 1.1231688261
-16.9906883240 42.7068367004 -2.3979847431 11.5343685150 0.0000000000 0.0000000000 0.1572487652 1.1225771904
-17.0192089081 42.7742881775 -2.3908383846 11.5180635452 0.0000000000 0.0000000000 0.1574328691 1.1220748425
-17.0477333069 42.8416290283 -2.3924920559 11.5018548965 0.0000000000 0.0000000000 0.1576080918 1.1215697527
-17.0762786865 42.9088516235 -2.4065480232 11.4877424240 0.0000000000 0.0000000000 0.1577209383 1.1209751368
-17.1048107147 42.9760208130 -2.4354870319 11.4769926071 0.0000000000 0.0000000000 0.1577622145 1.1203684807
-17.1333827972 43.0431251526 -2.4778165817 11.4703550339 0.0000000000 0.0000000000 0.1577086598 1.1196911335
-17.1619358063 43.1100883484 -2.5297873020 11.4674549103 0.0000000000 0.0000000000 0.1575645208 1.1188983917
-17.1902961731 43.1767311096 -2.5851178169 11.4697742462 0.0000000000 0.0000000000 0.1573723257 1.1179155111
-17.2184391022 43.2431068420 -2.6376187801 11.4749460220 0.0000000000 0.0000000000 0.1571634561 1.1166784763
-17.2463226318 43.3092155457 -2.6822524071 11.4803867340 0.0000000000 0.0000000000 0.1570117176 1.1151559353
-17.2740077972 43.3751144409 -2.7140388489 11.4836606979 0.0000000000 0.0000000000 0.1569021493 1.1134234667
-17.3014907837 43.4407501221 -2.7301783562 11.4819946289 0.0000000000 0.0000000000 0.1568240821 1.1114962101
-17.3287849426 43.5061454773 -2.7333033085 11.4749612808 0.0000000000 0.0000000000 0.1567594111 1.1094406843
-17.3559494019 43.5713310242 -2.7264022827 11.4637451172 0.0000000000 0.0000000000 0.1566938162 1.1073408127
-17.3830966949 43.6364021301 -2.7146463394 11.4502096176 0.0000000000 0.0000000000 0.1566062123 1.1052684784
-17.4102745056 43.7013473511 -2.7041695118 11.4364938736 0.0000000000 0.0000000000 0.1564818174 1.1032916307
-17.4375762939 43.7662925720 -2.7018208504 11.4245815277 0.0000000000 0.0000000000 0.1563084871 1.1013046503
-17.4649887085 43.8312377930 -2.7112076283 11.4165906906 0.0000000000 0.0000000000 0.1560637951 1.0993957520
-17.4924621582 43.8961334229 -2.7336680889 11.4126062393 0.0000000000 0.0000000000 0.1557487696 1.0976384878
-17.5200157166 43.9610061646 -2.7701084614 11.4139738083 0.0000000000 0.0000000000 0.1553522795 1.0959535837
-17.5475711823 44.0257148743 -2.8164639473 11.4196701050 0.0000000000 0.0000000000 0.1549148709 1.0944094658
-17.5750408173 44.0902633667 -2.8688929081 11.4285516739 0.0000000000 0.0000000000 0.1545080692 1.0929703712
-17.6023521423 44.1545448303 -2.9205749035 11.4382429123 0.0000000000 0.0000000000 0.1541411281 1.0916844606
-17.6294078827 44.2185249329 -2.9646756649 11.4461536407 0.0000000000 0.0000000000 0.1538331509 1.0905437469
-17.6561965942 44.2821960449 -2.9974772930 11.4496374130 0.0000000000 0.0000000000 0.1535790563 1.0895149708
-17.6827945709 44.3456993103 -3.0159873962 11.4465389252 0.0000000000 0.0000000000 0.1533830464 1.0886157751
-17.7092170715 44.4090538025 -3.0224070549 11.4380264282 0.0000000000 0.0000000000 0.1532465965 1.0876352787
-17.7354602814 44.4722213745 -3.0187664032 11.4254322052 0.0000000000 0.0000000000 0.1531351507 1.0866100788
-17.7616100311 44.5352783203 -3.0094242096 11.4114570618 0.0000000000 0.0000000000 0.1530059725 1.0854499340
-17.7877445221 44.5982704163 -2.9993982315 11.3991832733 0.0000000000 0.0000000000 0.1528161615 1.0841857195
-17.8139228821 44.6612358093 -2.9942951202 11.3915081024 0.0000000000 0.0000000000 0.1525762528 1.0828504562
-17.8401603699 44.7241325378 -2.9983274937 11.3873147964 0.0000000000 0.0000000000 0.1522661448 1.0817086697
-17.8664798737 44.7870101929 -3.0142142773 11.3866853714 0.0000000000 0.0000000000 0.1519055963 1.0807216167
-17.8928890228 44.8498992920 -3.0414888859 11.3894052505 0.0000000000 0.0000000000 0.1515133083 1.0798577070
-17.9193344116 44.9127540588 -3.0791490078 11.3952264786 0.0000000000 0.0000000000 0.1511102021 1.0792342424
-17.9457225800 44.9754981995 -3.1226601601 11.4038963318 0.0000000000 0.0000000000 0.1507501155 1.0788440704
-17.9719924927 45.0380744934 -3.1669509411 11.4135217667 0.0000000000 0.0000000000 0.1504659504 1.0784733295
-17.9981079102 45.1004981995 -3.2062678337 11.4223442078 0.0000000000 0.0000000000 0.1502701342 1.0780380964
-18.0240421295 45.1627845764 -3.2371196747 11.4283313751 0.0000000000 0.0000000000 0.1501805037 1.0775024891
-18.0497722626 45.2249107361 -3.2578277588 11.4299354553 0.0000000000 0.0000000000 0.1501834542 1.0768616199
-18.0752391815 45.2867164612 -3.2670102119 11.4264011383 0.0000000000 0.0000000000 0.1502487808 1.0761455297
-18.1005039215 45.3483123779 -3.2663815022 11.4187355042 0.0000000000 0.0000000000 0.1503282338 1.0753762722
-18.1255722046 45.4096679688 -3.2571642399 11.4072284698 0.0000000000 0.0000000000 0.1503355801 1.0746473074
-18.1504802704 45.4707260132 -3.2436687946 11.3936080933 0.0000000000 0.0000000000 0.1502419561 1.0740054846
-18.1753234863 45.5316581726 -3.2304234505 11.3801069260 0.0000000000 0.0000000000 0.1500212550 1.0733683109
-18.2001609802 45.5925331116 -3.2218570709 11.3688325882 0.0000000000 0.0000000000 0.1496729702 1.0727386475
-18.2250633240 45.6534309387 -3.2210440636 11.3605756760 0.0000000000 0.0000000000 0.1492193937 1.0720310211
-18.2500247955 45.7143135071 -3.2306361198 11.3550643921 0.0000000000 0.0000000000 0.1486935765 1.0713546276
-18.2750988007 45.7752761841 -3.2516016960 11.3525085449 0.0000000000 0.0000000000 0.1481579393 1.0708163977
-18.3002395630 45.8362197876 -3.2839524746 11.3531475067 0.0000000000 0.0000000000 0.1476574391 1.0702711344
-18.3254146576 45.8970947266 -3.3252243996 11.3567171097 0.0000000000 0.0000000000 0.1472285688 1.0698156357
-18.3505859375 45.9579124451 -3.3713858128 11.3625974655 0.0000000000 0.0000000000 0.1468821317 1.0693619251
-18.3756599426 46.0185775757 -3.4167706966 11.3689403534 0.0000000000 0.0000000000 0.1466700882 1.0687527657
-18.4005622864 46.0789260864 -3.4565744400 11.3738784790 0.0000000000 0.0000000000 0.1465873271 1.0680814981
-18.4252014160 46.1389656067 -3.4862720966 11.3759250641 0.0000000000 0.0000000000 0.1466031224 1.0672351122
-18.4496116638 46.1987075806 -3.5036654472 11.3743638992 0.0000000000 0.0000000000 0.1466543972 1.0661275387
-18.4737663269 46.2580375671 -3.5078463554 11.3690099716 0.0000000000 0.0000000000 0.1466983706 1.0648850203
-18.4977893829 46.3172378540 -3.5007884502 11.3603935242 0.0000000000 0.0000000000 0.1467432976 1.0636359453
-18.5217189789 46.3762817383 -3.4860172272 11.3488912582 0.0000000000 0.0000000000 0.1467584968 1.0625082254
-18.5455799103 46.4351844788 -3.4686648846 11.3367424011 0.0000000000 0.0000000000 0.1467389762 1.0615140200
-18.5694217682 46.4939231873 -3.4528293610 11.3254461288 0.0000000000 0.0000000000 0.1466703713 1.0605447292
-18.5932273865 46.5524177551 -3.4425644875 11.3162717819 0.0000000000 0.0000000000 0.1465581059 1.0595622063
-18.6171245575 46.6108894348 -3.4404056072 11.3096399307 0.0000000000 0.0000000000 0.1463916302 1.0586632490
-18.6411247253 46.6693878174 -3.4485657215 11.3056335449 0.0000000000 0.0000000000 0.1461901516 1.0579851866
-18.6651535034 46.7278671265 -3.4665367603 11.3043022156 0.0000000000 0.0000000000 0.1459442675 1.0576242208
-18.6891689301 46.7862548828 -3.4926073551 11.3053836823 0.0000000000 0.0000000000 0.1456698030 1.0574877262
-18.7131252289 46.8444786072 -3.5216226578 11.3083953857 0.0000000000 0.0000000000 0.1453434080 1.0575265884
-18.7370147705 46.9026184082 -3.5486226082 11.3119039536 0.0000000000 0.0000000000 0.1449878812 1.0576726198
-18.7608146667 46.9606513977 -3.5706224442 11.3150081635 0.0000000000 0.0000000000 0.1446428150 1.0577881336
-18.7844715118 47.0183906555 -3.5852773190 11.3163137436 0.0000000000 0.0000000000 0.1443274319 1.0579472780
-18.8079853058 47.0759162903 -3.5924134254 11.3163595200 0.0000000000 0.0000000000 0.1440439522 1.0580376387
-18.8313713074 47.1332168579 -3.5937621593 11.3153858185 0.0000000000 0.0000000000 0.1438166350 1.0579723120
-18.8547401428 47.1904182434 -3.5911016464 11.3135099411 0.0000000000 0.0000000000 0.1436438709 1.0577797890
-18.8780689240 47.2474517822 -3.5886697769 11.3111562729 0.0000000000 0.0000000000 0.1435125619 1.0573709011
-18.9014911652 47.3044662476 -3.5888998508 11.3081226349 0.0000000000 0.0000000000 0.1434267163 1.0567088127
-18.9249858856 47.3614616394 -3.5948150158 11.3051366806 0.0000000000 0.0000000000 0.1433768868 1.0559506416
-18.9485836029 47.4184570312 -3.6077561378 11.3039398193 0.0000000000 0.0000000000 0.1433581859 1.0551617146
-18.9722061157 47.4754142761 -3.6276814938 11.3046817780 0.0000000000 0.0000000000 0.1433555037 1.0544056892
-18.9958229065 47.5323295593 -3.6537082195 11.3069915771 0.0000000000 0.0000000000 0.1433671713 1.0537563562
-19.0194511414 47.5891876221 -3.6839818954 11.3109350204 0.0000000000 0.0000000000 0.1434106082 1.0532743931
-19.0430335999 47.6459388733 -3.7137076855 11.3155231476 0.0000000000 0.0000000000 0.1434493065 1.0529319048
-19.0664863586 47.7024383545 -3.7379376888 11.3196086884 0.0000000000 0.0000000000 0.1434852183 1.0527186394
-19.0897922516 47.7586975098 -3.7554681301 11.3222789764 0.0000000000 0.0000000000 0.1435387135 1.0524954796
-19.1129741669 47.8148040771 -3.7654230595 11.3224830627 0.0000000000 0.0000000000 0.1436288059 1.0522044897
-19.1360721588 47.8707962036 -3.7679736614 11.3201398849 0.0000000000 0.0000000000 0.1437708884 1.0518617630
-19.1590709686 47.9266014099 -3.7672557831 11.3148660660 0.0000000000 0.0000000000 0.1438994408 1.0513705015
-19.1820735931 47.9823646545 -3.7646801472 11.3074245453 0.0000000000 0.0000000000 0.1439855844 1.0506672859
-19.2050590515 48.0380249023 -3.7648105621 11.2990760803 0.0000000000 0.0000000000 0.1440414637 1.0499093533
-19.2280292511 48.0935935974 -3.7716884613 11.2913970947 0.0000000000 0.0000000000 0.1440477967 1.0490955114
-19.2509670258 48.1490592957 -3.7873480320 11.2854108810 0.0000000000 0.0000000000 0.1439953595 1.0483510494
-19.2738971710 48.2044601440 -3.8123891354 11.2820310593 0.0000000000 0.0000000000 0.1438500285 1.0477700233
-19.2967510223 48.2597579956 -3.8439679146 11.2820672989 0.0000000000 0.0000000000 0.1436141878 1.0473488569
-19.3194808960 48.3149490356 -3.8799715042 11.2849254608 0.0000000000 0.0000000000 0.1433086991 1.0471781492
-19.3419818878 48.3698387146 -3.9164819717 11.2892990112 0.0000000000 0.0000000000 0.1429810226 1.0472050905
-19.3643188477 48.4245643616 -3.9499943256 11.2942371368 0.0000000000 0.0000000000 0.1426571608 1.0473139286
-19.3864402771 48.4790725708 -3.9782512188 11.2987718582 0.0000000000 0.0000000000 0.1423881352 1.0474145412
-19.4083251953 48.5333633423 -4.0018129349 11.3028202057 0.0000000000 0.0000000000 0.1422077715 1.0473351479
-19.4299983978 48.5874481201 -4.0165724754 11.3053312302 0.0000000000 0.0000000000 0.1421483159 1.0471892357
-19.4515323639 48.6412925720 -4.0248746872 11.3063726425 0.0000000000 0.0000000000 0.1421980262 1.0469406843
-19.4730377197 48.6950492859 -4.0291848183 11.3060283661 0.0000000000 0.0000000000 0.1422986537 1.0466171503
-19.4944763184 48.7485694885 -4.0332665443 11.3054037094 0.0000000000 0.0000000000 0.1424521208 1.0462865829
-19.5157318115 48.8017044067 -4.0409402847 11.3048143387 0.0000000000 0.0000000000 0.1426084191 1.0459579229
-19.5369644165 48.8547515869 -4.0547738075 11.3048992157 0.0000000000 0.0000000000 0.1427230835 1.0457130671
-19.5581684113 48.9077262878 -4.0747189522 11.3067054749 0.0000000000 0.0000000000 0.1427886933 1.0456897020
-19.5792884827 48.9605560303 -4.0996561050 11.3101501465 0.0000000000 0.0000000000 0.1427739114 1.0458148718
-19.6002788544 49.0132179260 -4.1265969276 11.3150548935 0.0000000000 0.0000000000 0.1426606774 1.0461070538
-19.6211376190 49.0656738281 -4.1516623497 11.3205595016 0.0000000000 0.0000000000 0.1424337775 1.0464522839
-19.6417827606 49.1178703308 -4.1720275879 11.3263082504 0.0000000000 0.0000000000 0.1420833319 1.0466418266
-19.6622791290 49.1698684692 -4.1877593994 11.3313217163 0.0000000000 0.0000000000 0.1416484863 1.0466884375
-19.6826419830 49.2216529846 -4.1996908188 11.3350000381 0.0000000000 0.0000000000 0.1411832720 1.0466105938
-19.7028846741 49.2732543945 -4.2082471848 11.3367633820 0.0000000000 0.0000000000 0.1407489181 1.0463355780
-19.7229709625 49.3245887756 -4.2130575180 11.3367290497 0.0000000000 0.0000000000 0.1403928250 1.0459036827
-19.7429828644 49.3757972717 -4.2150568962 11.3352022171 0.0000000000 0.0000000000 0.1400807053 1.0454939604
-19.7628879547 49.4267959595 -4.2184081078 11.3326616287 0.0000000000 0.0000000000 0.1398154944 1.0450967550
-19.7826690674 49.4775543213 -4.2246813774 11.3305482864 0.0000000000 0.0000000000 0.1395842135 1.0447260141
-19.8023738861 49.5281143188 -4.2359180450 11.3299798965 0.0000000000 0.0000000000 0.1393880099 1.0444152355
-19.8219890594 49.5784721375 -4.2540450096 11.3308095932 0.0000000000 0.0000000000 0.1392278075 1.0440822840
-19.8415412903 49.6287155151 -4.2775845528 11.3326539993 0.0000000000 0.0000000000 0.1391115934 1.0438529253
-19.8610401154 49.6788749695 -4.3050532341 11.3350095749 0.0000000000 0.0000000000 0.1390169710 1.0436782837
-19.8804435730 49.7289199829 -4.3338017464 11.3378019333 0.0000000000 0.0000000000 0.1389174610 1.0435196161
-19.8996715546 49.7787475586 -4.3608508110 11.3398714066 0.0000000000 0.0000000000 0.1387896389 1.0434581041
-19.9186878204 49.8282814026 -4.3834033012 11.3405208588 0.0000000000 0.0000000000 0.1386083364 1.0435228348
-19.9375591278 49.8776206970 -4.4002933502 11.3393440247 0.0000000000 0.0000000000 0.1383668631 1.0436241627
-19.9562473297 49.9266929626 -4.4106664658 11.3362703323 0.0000000000 0.0000000000 0.1380892694 1.0437667370
-19.9747505188 49.9755287170 -4.4144940376 11.3312225342 0.0000000000 0.0000000000 0.1377940923 1.0437976122
-19.9929809570 50.0239372253 -4.4125947952 11.3243370056 0.0000000000 0.0000000000 0.1374747753 1.0437433720
-20.0111236572 50.0722389221 -4.4073672295 11.3161745071 0.0000000000 0.0000000000 0.1371225715 1.0436329842
-20.0291309357 50.1203384399 -4.4014558792 11.3077020645 0.0000000000 0.0000000000 0.1367647648 1.0434908867
-20.0470275879 50.1682777405 -4.3965306282 11.2994852066 0.0000000000 0.0000000000 0.1364135742 1.0432322025
-20.0648307800 50.2160911560 -4.3938469887 11.2922134399 0.0000000000 0.0000000000 0.1360695511 1.0428640842
-20.0825634003 50.2637863159 -4.3943419456 11.2864589691 0.0000000000 0.0000000000 0.1357360035 1.0424536467
-20.1002674103 50.3114585876 -4.4000911713 11.2824096680 0.0000000000 0.0000000000 0.1354283094 1.0420956612
-20.1179370880 50.3591232300 -4.4113154411 11.2801504135 0.0000000000 0.0000000000 0.1351405531 1.0418010950
-20.1355457306 50.4066581726 -4.4272542000 11.2794828415 0.0000000000 0.0000000000 0.1348621845 1.0416833162
-20.1531085968 50.4541740417 -4.4466214180 11.2806062698 0.0000000000 0.0000000000 0.1345743090 1.0416989326
-20.1704730988 50.5014114380 -4.4677853584 11.2829437256 0.0000000000 0.0000000000 0.1342688203 1.0418134928
-20.1877403259 50.5485382080 -4.4879994392 11.2863922119 0.0000000000 0.0000000000 0.1339735985 1.0419934988
-20.2048721313 50.5954170227 -4.5046806335 11.2904539108 0.0000000000 0.0000000000 0.1336861104 1.0421947241
-20.2219429016 50.6422996521 -4.5191349983 11.2949571609 0.0000000000 0.0000000000 0.1334163398 1.0423483849
-20.2389888763 50.6891937256 -4.5331239700 11.2994289398 0.0000000000 0.0000000000 0.1332193464 1.0424273014
-20.2560100555 50.7360839844 -4.5470213890 11.3036623001 0.0000000000 0.0000000000 0.1331031471 1.0423656702
-20.2730331421 50.7829933167 -4.5621962547 11.3075675964 0.0000000000 0.0000000000 0.1330421418 1.0422002077
-20.2900657654 50.8298912048 -4.5781002045 11.3112134933 0.0000000000 0.0000000000 0.1330205947 1.0419986248
-20.3071231842 50.8767662048 -4.5969252586 11.3141250610 0.0000000000 0.0000000000 0.1330225468 1.0417951345
-20.3241043091 50.9235420227 -4.6187772751 11.3165292740 0.0000000000 0.0000000000 0.1330217719 1.0416550636
-20.3410682678 50.9702644348 -4.6419258118 11.3179941177 0.0000000000 0.0000000000 0.1329848319 1.0417128801
-20.3579635620 51.0168685913 -4.6643433571 11.3186883926 0.0000000000 0.0000000000 0.1328981221 1.0418829918
-20.3746662140 51.0633163452 -4.6816000938 11.3189210892 0.0000000000 0.0000000000 0.1327490658 1.0420362949
-20.3911724091 51.1095352173 -4.6916279793 11.3186035156 0.0000000000 0.0000000000 0.1325509399 1.0420197248
-20.4073753357 51.1554832458 -4.6943030357 11.3165359497 0.0000000000 0.0000000000 0.1323113143 1.0418350697
-20.4234085083 51.2013053894 -4.6904354095 11.3128652573 0.0000000000 0.0000000000 0.1320319921 1.0415142775
-20.4392623901 51.2469711304 -4.6803679466 11.3068847656 0.0000000000 0.0000000000 0.1317210197 1.0410906076
-20.4549770355 51.2925262451 -4.6666507721 11.2993478775 0.0000000000 0.0000000000 0.1313389242 1.0406080484
-20.4703960419 51.3375930786 -4.6524481773 11.2906475067 0.0000000000 0.0000000000 0.1308988929 1.0400043726
-20.4857101440 51.3825187683 -4.6425170898 11.2816123962 0.0000000000 0.0000000000 0.1304573119 1.0391871929
-20.5009155273 51.4272766113 -4.6378822327 11.2731685638 0.0000000000 0.0000000000 0.1300300211 1.0382497311
-20.5161056519 51.4719963074 -4.6399598122 11.2662210464 0.0000000000 0.0000000000 0.1296399236 1.0373026133
-20.5312366486 51.5165977478 -4.6487584114 11.2611484528 0.0000000000 0.0000000000 0.1292836964 1.0363183022
-20.5463275909 51.5611610413 -4.6637520790 11.2590694427 0.0000000000 0.0000000000 0.1289615780 1.0354268551
-20.5614032745 51.6055679321 -4.6840209961 11.2596788406 0.0000000000 0.0000000000 0.1287044138 1.0347348452
-20.5764884949 51.6499099731 -4.7072443962 11.2623929977 0.0000000000 0.0000000000 0.1285526156 1.0342921019
-20.5916061401 51.6942214966 -4.7306838036 11.2667779922 0.0000000000 0.0000000000 0.1285458654 1.0340218544
-20.6067008972 51.7385215759 -4.7535233498 11.2728786469 0.0000000000 0.0000000000 0.1286810786 1.0337709188
-20.6218566895 51.7827911377 -4.7771701813 11.2798633575 0.0000000000 0.0000000000 0.1289529055 1.0335539579
-20.6371345520 51.8270988464 -4.8015122414 11.2864446640 0.0000000000 0.0000000000 0.1293496192 1.0334485769
-20.6524734497 51.8713035583 -4.8264622688 11.2920999527 0.0000000000 0.0000000000 0.1298527420 1.0334750414
-20.6678485870 51.9154739380 -4.8482217789 11.2956714630 0.0000000000 0.0000000000 0.1304668784 1.0335726738
-20.6832580566 51.9596633911 -4.8646416664 11.2959604263 0.0000000000 0.0000000000 0.1311495006 1.0338573456
-20.6986484528 52.0038146973 -4.8760280609 11.2923755646 0.0000000000 0.0000000000 0.1318417192 1.0344396830
-20.7139930725 52.0479316711 -4.8830952644 11.2857484818 0.0000000000 0.0000000000 0.1325137168 1.0353962183
-20.7292785645 52.0920219421 -4.8867359161 11.2770128250 0.0000000000 0.0000000000 0.1330715120 1.0364226103
-20.7443695068 52.1359062195 -4.8867402077 11.2665557861 0.0000000000 0.0000000000 0.1334580928 1.0373479128
