#         COST_U        COST_H      COST_D       COST_S       REGU_H       REGU_A          HPO 
12.0817184448 619.9717407227 0.0000000000 0.0000000000 0.0000000000 0.0000000000
12.0837364197 611.7141113281 0.0000000000 0.0000075882 -0.8668459058 0.0043640947
12.1503219604 603.5367431641 0.0000000000 0.0000203824 -1.7130447626 0.0261074118
12.0889215469 595.4444580078 0.0000000000 0.0000485915 -2.5389442444 0.0077161286
12.0895872116 587.4319458008 0.0000000000 0.0000975612 -3.3464989662 0.0140497107
12.1052026749 579.5045776367 0.0000000000 0.0001518745 -4.1375284195 0.0145695861
12.0973091125 571.6618652344 0.0000000000 0.0001992100 -4.9143815041 0.0075680194
12.0985155106 563.9048461914 0.0000000000 0.0002350205 -5.6789278984 0.0051010442
12.0974559784 556.2340087891 0.0000000000 0.0002585671 -6.4325447083 0.0075983461
12.0964403152 548.6499633789 0.0000000000 0.0002718950 -7.1762228012 0.0084265042
12.0961198807 541.1528320312 0.0000000000 0.0002775474 -7.9107022285 0.0058035231
12.0975885391 533.7430419922 0.0000000000 0.0002773764 -8.6365699768 0.0033525652
12.0971231461 526.4205932617 0.0000000000 0.0002734175 -9.3542871475 0.0033657695
12.1006212234 519.1853027344 0.0000000000 0.0002671417 -10.0642023087 0.0045149876
12.1076412201 512.0365600586 0.0000000000 0.0002609909 -10.7665710449 0.0045027654
12.1044178009 504.9740905762 0.0000000000 0.0002665478 -11.4615173340 0.0031910916
12.1006822586 497.9977722168 0.0000000000 0.0002936547 -12.1492633820 0.0021193030
12.0986528397 491.1072387695 0.0000000000 0.0003487474 -12.8299245834 0.0021239859
12.1006488800 484.3020935059 0.0000000000 0.0004324397 -13.5035877228 0.0025681336
12.1062221527 477.5821838379 0.0000000000 0.0005398266 -14.1703081131 0.0025043143
12.1132183075 470.9470825195 0.0000000000 0.0006643741 -14.8301410675 0.0019046958
12.1203966141 464.3962402344 0.0000000000 0.0008024811 -15.4831333160 0.0014144953
12.1259365082 457.9289245605 0.0000000000 0.0009529099 -16.1293430328 0.0013828345
12.1293487549 451.5442504883 0.0000000000 0.0011167051 -16.7688255310 0.0015318727
12.1320314407 445.2416992188 0.0000000000 0.0012895770 -17.4016361237 0.0014662293
12.1349248886 439.0203552246 0.0000000000 0.0014732375 -18.0278282166 0.0011781806
12.1390600204 432.8797302246 0.0000000000 0.0016714394 -18.6474456787 0.0009454177
12.1449394226 426.8191528320 0.0000000000 0.0018886722 -19.2605361938 0.0009175444
12.1523637772 420.8380126953 0.0000000000 0.0021287419 -19.8671321869 0.0009643002
12.1612615585 414.9354858398 0.0000000000 0.0023968834 -20.4672889709 0.0009088868
12.1715908051 409.1109924316 0.0000000000 0.0026978101 -21.0610561371 0.0007600545
12.1833429337 403.3637390137 0.0000000000 0.0030333253 -21.6484851837 0.0006572322
12.1961574554 397.6928710938 0.0000000000 0.0034051219 -22.2296237946 0.0006577544
12.2095174789 392.0975646973 0.0000000000 0.0038154754 -22.8045272827 0.0006767908
12.2219371796 386.5770874023 0.0000000000 0.0042681131 -23.3732509613 0.0006361064
12.2328357697 381.1301879883 0.0000000000 0.0047686971 -23.9358615875 0.0005686602
12.2428579330 375.7561035156 0.0000000000 0.0053233034 -24.4924201965 0.0005394298
12.2521009445 370.4538269043 0.0000000000 0.0059386566 -25.0429801941 0.0005553835
12.2610254288 365.2225646973 0.0000000000 0.0066174441 -25.5876064301 0.0005665861
12.2698612213 360.0613708496 0.0000000000 0.0073591406 -26.1263504028 0.0005448823
12.2787370682 354.9693908691 0.0000000000 0.0081642084 -26.6592712402 0.0005170575
12.2876520157 349.9458312988 0.0000000000 0.0090351989 -27.1864280701 0.0005138775
12.2966794968 344.9898376465 0.0000000000 0.0099756718 -27.7078742981 0.0005275660
12.3058395386 340.1005249023 0.0000000000 0.0109886331 -28.2236785889 0.0005349122
12.3151330948 335.2771301270 0.0000000000 0.0120784016 -28.7339115143 0.0005291238
12.3247756958 330.5188598633 0.0000000000 0.0132474741 -29.2386398315 0.0005268458
12.3348712921 325.8248291016 0.0000000000 0.0144962287 -29.7379264832 0.0005388474
12.3453407288 321.1943359375 0.0000000000 0.0158243217 -30.2318363190 0.0005554660
12.3561916351 316.6265563965 0.0000000000 0.0172344390 -30.7204284668 0.0005673956
12.3673114777 312.1207275391 0.0000000000 0.0187287256 -31.2037696838 0.0005819073
12.3786449432 307.6760559082 0.0000000000 0.0203119796 -31.6819114685 0.0006084042
12.3900938034 303.2917480469 0.0000000000 0.0219828058 -32.1549263000 0.0006439509
12.4015607834 298.9671020508 0.0000000000 0.0237457156 -32.6228675842 0.0006785973
12.4130544662 294.7012329102 0.0000000000 0.0256041195 -33.0857887268 0.0007078987
12.4246177673 290.4934692383 0.0000000000 0.0275572762 -33.5437622070 0.0007380234
12.4361305237 286.3430175781 0.0000000000 0.0296057090 -33.9968376160 0.0007767103
12.4478406906 282.2490539551 0.0000000000 0.0317483656 -34.4450798035 0.0008124872
12.4597339630 278.2109680176 0.0000000000 0.0339830555 -34.8885421753 0.0008423617
12.4718818665 274.2279357910 0.0000000000 0.0363020040 -35.3273010254 0.0008723373
12.4840688705 270.2992858887 0.0000000000 0.0387072787 -35.7614097595 0.0009115334
12.4961347580 266.4242248535 0.0000000000 0.0412044115 -36.1909179688 0.0009552522
12.5079851151 262.6020812988 0.0000000000 0.0437945351 -36.6159133911 0.0010006082
12.5193290710 258.8321838379 0.0000000000 0.0464720652 -37.0364685059 0.0010490046
12.5301132202 255.1137542725 0.0000000000 0.0492323861 -37.4526367188 0.0011013335
12.5400514603 251.4460296631 0.0000000000 0.0520700924 -37.8644943237 0.0011513738
12.5488805771 247.8283538818 0.0000000000 0.0549817011 -38.2721099854 0.0011957372
12.5557622910 244.2599487305 0.0000000000 0.0579701029 -38.6755599976 0.0012375405
12.5609178543 240.7401275635 0.0000000000 0.0610424839 -39.0749168396 0.0012857076
12.5653076172 237.2681579590 0.0000000000 0.0641966909 -39.4702644348 0.0013420513
12.5690393448 233.8434295654 0.0000000000 0.0674308389 -39.8616714478 0.0013885127
12.5723018646 230.4653167725 0.0000000000 0.0707365423 -40.2492065430 0.0014154890
12.5749864578 227.1331939697 0.0000000000 0.0741068348 -40.6329193115 0.0014374161
12.5770244598 223.8464508057 0.0000000000 0.0775363296 -41.0128936768 0.0014789540
12.5786561966 220.6045227051 0.0000000000 0.0810213014 -41.3891639709 0.0015350473
12.5801916122 217.4068298340 0.0000000000 0.0845544115 -41.7618179321 0.0015932021
12.5815782547 214.2527923584 0.0000000000 0.0881223455 -42.1308898926 0.0016396990
12.5827665329 211.1418609619 0.0000000000 0.0917339996 -42.4964447021 0.0016801020
12.5837421417 208.0735015869 0.0000000000 0.0953734294 -42.8585090637 0.0017228166
12.5845479965 205.0471343994 0.0000000000 0.0990308747 -43.2171592712 0.0017692515
12.5852422714 202.0622863770 0.0000000000 0.1027044207 -43.5724258423 0.0018054914
12.5858840942 199.1184082031 0.0000000000 0.1063911915 -43.9243621826 0.0018303044
12.5863389969 196.2149658203 0.0000000000 0.1100933552 -44.2730102539 0.0018515296
12.5867128372 193.3514709473 0.0000000000 0.1138042435 -44.6184120178 0.0018620583
12.5869350433 190.5273895264 0.0000000000 0.1175223961 -44.9606170654 0.0018667332
12.5870637894 187.7421875000 0.0000000000 0.1212513298 -45.2996406555 0.0018656478
12.5871753693 184.9954528809 0.0000000000 0.1249957383 -45.6355476379 0.0018818907
12.5873003006 182.2865905762 0.0000000000 0.1287525594 -45.9683570862 0.0019030925
12.5873498917 179.6151733398 0.0000000000 0.1325239688 -46.2981224060 0.0019294224
12.5874528885 176.9807128906 0.0000000000 0.1363152862 -46.6248703003 0.0019594536
12.5874748230 174.3826904297 0.0000000000 0.1401330382 -46.9486274719 0.0019908778
12.5873699188 171.8206939697 0.0000000000 0.1439765394 -47.2694206238 0.0020173583
12.5872087479 169.2941894531 0.0000000000 0.1478464007 -47.5872955322 0.0020239367
12.5869503021 166.8027801514 0.0000000000 0.1517529488 -47.9022789001 0.0020288322
12.5865840912 164.3459777832 0.0000000000 0.1556943506 -48.2144012451 0.0020326190
12.5860910416 161.9233551025 0.0000000000 0.1596736759 -48.5236892700 0.0020406211
12.5854740143 159.5344543457 0.0000000000 0.1637004167 -48.8301811218 0.0020516566
12.5848531723 157.1788635254 0.0000000000 0.1677636653 -49.1338882446 0.0020586271
12.5842962265 154.8560943604 0.0000000000 0.1718550622 -49.4348487854 0.0020616781
12.5836477280 152.5657501221 0.0000000000 0.1759701520 -49.7331008911 0.0020722172
12.5827913284 150.3074188232 0.0000000000 0.1801070273 -50.0286560059 0.0021000283
12.5817270279 148.0806579590 0.0000000000 0.1842603683 -50.3215446472 0.0021312279
12.5804576874 145.8850708008 0.0000000000 0.1884297878 -50.6117782593 0.0021586698
12.5790109634 143.7202606201 0.0000000000 0.1926218569 -50.8993949890 0.0021782401
12.5774221420 141.5858001709 0.0000000000 0.1968367696 -51.1844253540 0.0021973946
12.5758247375 139.4813079834 0.0000000000 0.2010708749 -51.4668846130 0.0022032405
12.5741634369 137.4063568115 0.0000000000 0.2053205222 -51.7468032837 0.0022051884
12.5723915100 135.3605804443 0.0000000000 0.2095930129 -52.0242004395 0.0022170320
12.5705709457 133.3436126709 0.0000000000 0.2138934731 -52.2990875244 0.0022360431
12.5686836243 131.3550415039 0.0000000000 0.2182236314 -52.5715103149 0.0022569210
12.5666952133 129.3944854736 0.0000000000 0.2225852758 -52.8414726257 0.0022654668
12.5645847321 127.4616088867 0.0000000000 0.2269679606 -53.1089973450 0.0022758923
12.5623350143 125.5560226440 0.0000000000 0.2313742042 -53.3741226196 0.0022806260
12.5600891113 123.6773757935 0.0000000000 0.2358032465 -53.6368522644 0.0022768702
12.5578136444 121.8253021240 0.0000000000 0.2402513921 -53.8972244263 0.0022668648
12.5554418564 119.9994430542 0.0000000000 0.2447312623 -54.1552505493 0.0022680978
12.5530586243 118.1994705200 0.0000000000 0.2492328733 -54.4109573364 0.0022807966
12.5507459641 116.4250259399 0.0000000000 0.2537482977 -54.6643447876 0.0023003640
12.5484752655 114.6757431030 0.0000000000 0.2582670748 -54.9154586792 0.0023104926
12.5461921692 112.9513320923 0.0000000000 0.2627941668 -55.1643066406 0.0023153794
12.5440130234 111.2514495850 0.0000000000 0.2673247457 -55.4109115601 0.0023233469
12.5417766571 109.5757904053 0.0000000000 0.2718551457 -55.6552925110 0.0023404402
12.5394010544 107.9240112305 0.0000000000 0.2763872445 -55.8974761963 0.0023732330
12.5369119644 106.2958068848 0.0000000000 0.2809190750 -56.1374855042 0.0024057273
12.5343236923 104.6908645630 0.0000000000 0.2854440808 -56.3753318787 0.0024317564
12.5317525864 103.1088714600 0.0000000000 0.2899542451 -56.6110420227 0.0024481697
12.5291528702 101.5495147705 0.0000000000 0.2944528461 -56.8446311951 0.0024544445
12.5265026093 100.0125045776 0.0000000000 0.2989362776 -57.0761146545 0.0024729397
12.5237760544 98.4975357056 0.0000000000 0.3034128249 -57.3055114746 0.0024883035
12.5209455490 97.0043106079 0.0000000000 0.3078907132 -57.5328254700 0.0025157684
12.5180101395 95.5325469971 0.0000000000 0.3123818040 -57.7580833435 0.0025448729
12.5149307251 94.0819625854 0.0000000000 0.3169049919 -57.9813003540 0.0025735146
12.5116977692 92.6522674561 0.0000000000 0.3214579821 -58.2024955750 0.0025893678
12.5083923340 91.2431793213 0.0000000000 0.3260352314 -58.4216918945 0.0025783805
12.5049962997 89.8544311523 0.0000000000 0.3306277990 -58.6389083862 0.0025736000
12.5015382767 88.4857482910 0.0000000000 0.3352368474 -58.8541603088 0.0025742620
12.4979877472 87.1368637085 0.0000000000 0.3398608863 -59.0674629211 0.0025748108
12.4943180084 85.8075027466 0.0000000000 0.3445044756 -59.2788352966 0.0025875389
12.4905099869 84.4974136353 0.0000000000 0.3491672277 -59.4883003235 0.0026132870
12.4865655899 83.2063293457 0.0000000000 0.3538356125 -59.6958580017 0.0026432686
12.4824752808 81.9340133667 0.0000000000 0.3585078418 -59.9015617371 0.0026830728
12.4781675339 80.6801986694 0.0000000000 0.3631850779 -60.1053657532 0.0027086630
12.4736642838 79.4446640015 0.0000000000 0.3678641617 -60.3073501587 0.0027327361
12.4691467285 78.2271423340 0.0000000000 0.3725332916 -60.5074996948 0.0027615535
12.4644737244 77.0274047852 0.0000000000 0.3771987259 -60.7058525085 0.0027876226
12.4597301483 75.8451843262 0.0000000000 0.3818554580 -60.9024124146 0.0028045268
12.4548654556 74.6802597046 0.0000000000 0.3865066469 -61.0971908569 0.0028204042
12.4498748779 73.5324020386 0.0000000000 0.3911633790 -61.2902069092 0.0028336693
12.4447364807 72.4013824463 0.0000000000 0.3958283365 -61.4814682007 0.0028418712
12.4395542145 71.2869644165 0.0000000000 0.4005048275 -61.6709861755 0.0028443590
12.4343156815 70.1889343262 0.0000000000 0.4051776230 -61.8587875366 0.0028491530
12.4288692474 69.1070556641 0.0000000000 0.4098457396 -62.0448837280 0.0028614516
12.4232730865 68.0411453247 0.0000000000 0.4145152867 -62.2292747498 0.0028782187
12.4175939560 66.9909515381 0.0000000000 0.4191739559 -62.4119911194 0.0029124811
12.4118070602 65.9562835693 0.0000000000 0.4238208234 -62.5930442810 0.0029339259
12.4058856964 64.9369201660 0.0000000000 0.4284638166 -62.7724456787 0.0029715002
12.3998975754 63.9326591492 0.0000000000 0.4331123233 -62.9502182007 0.0030140164
12.3938093185 62.9433021545 0.0000000000 0.4377650321 -63.1263732910 0.0030183867
12.3876886368 61.9686317444 0.0000000000 0.4424194396 -63.3009300232 0.0030119964
12.3813648224 61.0084648132 0.0000000000 0.4470780194 -63.4738922119 0.0030205711
12.3749389648 60.0625839233 0.0000000000 0.4517416656 -63.6452865601 0.0030311611
12.3684253693 59.1308021545 0.0000000000 0.4564023912 -63.8151092529 0.0030173638
12.3618745804 58.2129249573 0.0000000000 0.4610530436 -63.9833793640 0.0030039228
12.3552770615 57.3087692261 0.0000000000 0.4656801224 -64.1501159668 0.0030141787
12.3484573364 56.4181480408 0.0000000000 0.4702973068 -64.3153381348 0.0030518565
12.3414497375 55.5408821106 0.0000000000 0.4749082029 -64.4790496826 0.0031073731
12.3343057632 54.6767845154 0.0000000000 0.4795062244 -64.6412658691 0.0031556673
12.3270149231 53.8256721497 0.0000000000 0.4840820730 -64.8020019531 0.0031669051
12.3196287155 52.9873542786 0.0000000000 0.4886285663 -64.9612579346 0.0031735031
12.3120861053 52.1616630554 0.0000000000 0.4931577742 -65.1190567017 0.0031785849
12.3043947220 51.3484268188 0.0000000000 0.4976800978 -65.2754058838 0.0032150859
12.2965440750 50.5474815369 0.0000000000 0.5022132993 -65.4303054810 0.0032597445
12.2885007858 49.7586593628 0.0000000000 0.5067597032 -65.5838012695 0.0032805998
12.2803297043 48.9817962646 0.0000000000 0.5113228559 -65.7358627319 0.0033086084
12.2721090317 48.2167243958 0.0000000000 0.5159022212 -65.8865432739 0.0033422303
12.2638292313 47.4632797241 0.0000000000 0.5204916596 -66.0358428955 0.0033454830
12.2555255890 46.7213249207 0.0000000000 0.5250840187 -66.1837615967 0.0033442820
12.2471466064 45.9906730652 0.0000000000 0.5296720862 -66.3303146362 0.0033483091
12.2386837006 45.2711753845 0.0000000000 0.5342533588 -66.4755172729 0.0033793738
12.2301216125 44.5626792908 0.0000000000 0.5388283134 -66.6193847656 0.0034380476
12.2215356827 43.8650436401 0.0000000000 0.5433992147 -66.7619247437 0.0034778186
12.2128620148 43.1781082153 0.0000000000 0.5479649901 -66.9031448364 0.0035027086
12.2041854858 42.5017318726 0.0000000000 0.5525222421 -67.0430679321 0.0035415203
12.1954708099 41.8357772827 0.0000000000 0.5570693612 -67.1817169189 0.0035828310
12.1866903305 41.1800994873 0.0000000000 0.5616055131 -67.3190841675 0.0036410182
12.1778745651 40.5345497131 0.0000000000 0.5661280751 -67.4552001953 0.0036863957
12.1690225601 39.8989791870 0.0000000000 0.5706395507 -67.5900573730 0.0037343469
12.1601381302 39.2732620239 0.0000000000 0.5751399994 -67.7236785889 0.0037729414
12.1512136459 38.6572532654 0.0000000000 0.5796253681 -67.8560562134 0.0038165143
12.1421661377 38.0508117676 0.0000000000 0.5840981007 -67.9872207642 0.0039157979
12.1331043243 37.4538040161 0.0000000000 0.5885649920 -68.1171722412 0.0039896774
12.1240978241 36.8660964966 0.0000000000 0.5930315256 -68.2459106445 0.0040673767
12.1151409149 36.2875556946 0.0000000000 0.5974788666 -68.3734664917 0.0041541932
12.1061697006 35.7180747986 0.0000000000 0.6019080877 -68.4998474121 0.0042478880
12.0971174240 35.1575126648 0.0000000000 0.6063188314 -68.6250457764 0.0043618353
12.0880622864 34.6057548523 0.0000000000 0.6107110977 -68.7491149902 0.0044842479
12.0790023804 34.0626716614 0.0000000000 0.6150805354 -68.8720245361 0.0046234801
12.0697841644 33.5281448364 0.0000000000 0.6194233298 -68.9937896729 0.0047787176
12.0605430603 33.0020484924 0.0000000000 0.6237421632 -69.1144256592 0.0048906361
12.0512571335 32.4842643738 0.0000000000 0.6280317307 -69.2339401245 0.0049620504
12.0419845581 31.9746837616 0.0000000000 0.6322917938 -69.3523483276 0.0050741825
12.0327281952 31.4731769562 0.0000000000 0.6365189552 -69.4696655273 0.0052634673
12.0234813690 30.9796428680 0.0000000000 0.6407249570 -69.5859069824 0.0054682153
12.0141324997 30.4939575195 0.0000000000 0.6449105144 -69.7010345459 0.0056606540
12.0048055649 30.0160083771 0.0000000000 0.6490687728 -69.8151245117 0.0058119269
11.9954929352 29.5456771851 0.0000000000 0.6532005668 -69.9281234741 0.0059380820
11.9861679077 29.0828609467 0.0000000000 0.6573054194 -70.0400695801 0.0060735717
11.9769468307 28.6274604797 0.0000000000 0.6613861918 -70.1509780884 0.0062113246
11.9676895142 28.1793651581 0.0000000000 0.6654334664 -70.2608413696 0.0063523334
11.9584302902 27.7384681702 0.0000000000 0.6694543958 -70.3696899414 0.0065285992
11.9491100311 27.3046627045 0.0000000000 0.6734518409 -70.4775085449 0.0066994452
11.9397335052 26.8778572083 0.0000000000 0.6774433851 -70.5843124390 0.0068764705
11.9302282333 26.4579486847 0.0000000000 0.6814286709 -70.6900939941 0.0070805456
11.9206399918 26.0448341370 0.0000000000 0.6854076385 -70.7949142456 0.0073098373
11.9109392166 25.6384201050 0.0000000000 0.6893895268 -70.8987274170 0.0075196913
11.9012260437 25.2386093140 0.0000000000 0.6933547854 -71.0015716553 0.0077293809
11.8913412094 24.8452968597 0.0000000000 0.6973147988 -71.1034240723 0.0079687759
11.8814258575 24.4583892822 0.0000000000 0.7012619376 -71.2043228149 0.0082301889
11.8714799881 24.0777854919 0.0000000000 0.7051932812 -71.3042526245 0.0085459426
11.8614702225 23.7033901215 0.0000000000 0.7090969086 -71.4032211304 0.0088747339
11.8514022827 23.3351078033 0.0000000000 0.7129811645 -71.5012359619 0.0091925710
11.8413524628 22.9728584290 0.0000000000 0.7168455124 -71.5983123779 0.0095017366
11.8313055038 22.6165523529 0.0000000000 0.7206992507 -71.6944732666 0.0097779399
11.8212232590 22.2661113739 0.0000000000 0.7245436907 -71.7896881104 0.0100708306
11.8109931946 21.9214420319 0.0000000000 0.7283751369 -71.8840103149 0.0103833359
11.8006162643 21.5824623108 0.0000000000 0.7322097421 -71.9774322510 0.0106825372
11.7901554108 21.2490844727 0.0000000000 0.7360593677 -72.0699462891 0.0110425465
11.7795248032 20.9212303162 0.0000000000 0.7398989201 -72.1615753174 0.0114715779
11.7688627243 20.5988101959 0.0000000000 0.7437208295 -72.2523345947 0.0119612422
11.7580699921 20.2817478180 0.0000000000 0.7475191355 -72.3422088623 0.0124506410
11.7471647263 19.9699630737 0.0000000000 0.7512899041 -72.4312286377 0.0129135018
11.7362318039 19.6633853912 0.0000000000 0.7550417185 -72.5194091797 0.0133485515
11.7253141403 19.3619213104 0.0000000000 0.7587764263 -72.6067276001 0.0136925820
11.7144231796 19.0655040741 0.0000000000 0.7625040412 -72.6932220459 0.0138959298
11.7035322189 18.7740592957 0.0000000000 0.7662240267 -72.7788848877 0.0141133424
11.6925306320 18.4875164032 0.0000000000 0.7699406743 -72.8637237549 0.0143835377
11.6814470291 18.2058105469 0.0000000000 0.7736620903 -72.9477691650 0.0147042684
11.6702690125 17.9288597107 0.0000000000 0.7773718834 -73.0309906006 0.0150512261
11.6589078903 17.6565933228 0.0000000000 0.7810783982 -73.1134338379 0.0154399723
11.6472768784 17.3889427185 0.0000000000 0.7847813964 -73.1950454712 0.0159451887
11.6355733871 17.1258411407 0.0000000000 0.7884808779 -73.2759017944 0.0165477432
11.6237249374 16.8672237396 0.0000000000 0.7921767831 -73.3559722900 0.0171931870
11.6118745804 16.6130218506 0.0000000000 0.7958681583 -73.4352722168 0.0178573132
11.5999650955 16.3631629944 0.0000000000 0.7995366454 -73.5138092041 0.0184821840
11.5881004333 16.1175861359 0.0000000000 0.8031960130 -73.5915985107 0.0189952478
11.5763206482 15.8762207031 0.0000000000 0.8068506122 -73.6686248779 0.0194113273
11.5646963120 15.6390075684 0.0000000000 0.8105178475 -73.7449264526 0.0197649486
11.5531606674 15.4058799744 0.0000000000 0.8141710758 -73.8204956055 0.0200113188
11.5413913727 15.1767683029 0.0000000000 0.8178197742 -73.8953323364 0.0203101784
11.5293312073 14.9516115189 0.0000000000 0.8214551210 -73.9694213867 0.0207452159
11.5171642303 14.7303504944 0.0000000000 0.8250701427 -74.0428085327 0.0213835370
11.5049676895 14.5129299164 0.0000000000 0.8286566734 -74.1154861450 0.0220114291
11.4926967621 14.2992906570 0.0000000000 0.8322297335 -74.1874389648 0.0225446485
11.4803314209 14.0893697739 0.0000000000 0.8357867002 -74.2587356567 0.0230412148
11.4681053162 13.8831052780 0.0000000000 0.8393297195 -74.3292922974 0.0234588943
11.4557113647 13.6804466248 0.0000000000 0.8428646326 -74.3991775513 0.0238773245
11.4431495667 13.4813327789 0.0000000000 0.8463807106 -74.4683761597 0.0242193937
11.4304189682 13.2857084274 0.0000000000 0.8499010205 -74.5368804932 0.0246019103
11.4175329208 13.0935239792 0.0000000000 0.8534335494 -74.6047058105 0.0250864401
11.4044466019 12.9047260284 0.0000000000 0.8569766283 -74.6718750000 0.0256965011
11.3914327621 12.7192602158 0.0000000000 0.8605142236 -74.7383728027 0.0262504835
11.3783845901 12.5370788574 0.0000000000 0.8640431762 -74.8042297363 0.0266827904
11.3653182983 12.3581361771 0.0000000000 0.8675543666 -74.8694229126 0.0271139145
11.3520231247 12.1823863983 0.0000000000 0.8710677624 -74.9339981079 0.0275404695
11.3384838104 12.0097770691 0.0000000000 0.8745893240 -74.9979324341 0.0280424375
11.3246908188 11.8402509689 0.0000000000 0.8781247735 -75.0612182617 0.0286118370
11.3109092712 11.6737585068 0.0000000000 0.8816695213 -75.1238708496 0.0291974377
11.2968835831 11.5102567673 0.0000000000 0.8852130175 -75.1859207153 0.0299113318
11.2826757431 11.3497037888 0.0000000000 0.8887479305 -75.2473373413 0.0307165440
11.2685556412 11.1920452118 0.0000000000 0.8922892809 -75.3081665039 0.0313601121
11.2545700073 11.0372352600 0.0000000000 0.8958243132 -75.3683929443 0.0318551585
11.2406110764 10.8852243423 0.0000000000 0.8993430734 -75.4280090332 0.0322697721
11.2265300751 10.7359724045 0.0000000000 0.9028465748 -75.4870300293 0.0327331796
11.2123193741 10.5894346237 0.0000000000 0.9063326716 -75.5454711914 0.0332997628
11.1976718903 10.4455671310 0.0000000000 0.9097995758 -75.6033248901 0.0341076478
11.1826515198 10.3043241501 0.0000000000 0.9132642746 -75.6605987549 0.0350709707
11.1674633026 10.1656675339 0.0000000000 0.9167352915 -75.7173004150 0.0360527597
11.1522197723 10.0295581818 0.0000000000 0.9202181697 -75.7734298706 0.0369569212
11.1368207932 9.8959541321 0.0000000000 0.9236989617 -75.8290023804 0.0379630812
11.1213865280 9.7648191452 0.0000000000 0.9271698594 -75.8840179443 0.0389726609
11.1061325073 9.6361103058 0.0000000000 0.9306401610 -75.9384765625 0.0397729427
11.0909004211 9.5097932816 0.0000000000 0.9341198206 -75.9924011230 0.0403044894
11.0755949020 9.3858213425 0.0000000000 0.9376017451 -76.0457687378 0.0407318100
11.0599040985 9.2641592026 0.0000000000 0.9410755634 -76.0986251831 0.0412778929
11.0438146591 9.1447772980 0.0000000000 0.9445441961 -76.1509323120 0.0419130363
11.0273466110 9.0276288986 0.0000000000 0.9479891062 -76.2027130127 0.0426265821
11.0108299255 8.9126806259 0.0000000000 0.9514182806 -76.2539672852 0.0434957482
10.9940853119 8.7998981476 0.0000000000 0.9548336864 -76.3047332764 0.0443416312
10.9769258499 8.6892518997 0.0000000000 0.9582381845 -76.3549652100 0.0451242216
10.9597272873 8.5807056427 0.0000000000 0.9616317749 -76.4047164917 0.0459005348
10.9422330856 8.4742145538 0.0000000000 0.9650166035 -76.4539642334 0.0468008704
10.9244785309 8.3697509766 0.0000000000 0.9683946371 -76.5027084351 0.0478472039
10.9061851501 8.2672901154 0.0000000000 0.9717733860 -76.5509490967 0.0490156412
10.8875112534 8.1667976379 0.0000000000 0.9751484990 -76.5987091064 0.0502810068
10.8685913086 8.0682373047 0.0000000000 0.9785042405 -76.6459960938 0.0515203960
10.8496322632 7.9715771675 0.0000000000 0.9818453193 -76.6928100586 0.0525182113
10.8306941986 7.8767809868 0.0000000000 0.9851624966 -76.7391662598 0.0533351973
10.8118724823 7.7838234901 0.0000000000 0.9884577394 -76.7850494385 0.0540347584
10.7931375504 7.6926727295 0.0000000000 0.9917426109 -76.8304824829 0.0545775071
10.7738275528 7.6032938957 0.0000000000 0.9950500131 -76.8754425049 0.0551804379
10.7541103363 7.5156602859 0.0000000000 0.9983702302 -76.9199295044 0.0560155660
10.7338771820 7.4297323227 0.0000000000 1.0016953945 -76.9639511108 0.0571951196
10.7134714127 7.3454904556 0.0000000000 1.0050257444 -77.0075073242 0.0584517680
10.6926469803 7.2628989220 0.0000000000 1.0083541870 -77.0506362915 0.0597793683
10.6718711853 7.1819310188 0.0000000000 1.0116697550 -77.0933227539 0.0609933622
10.6512689590 7.1025590897 0.0000000000 1.0149641037 -77.1355590820 0.0621862113
10.6307716370 7.0247540474 0.0000000000 1.0182552338 -77.1773452759 0.0634512156
10.6108007431 6.9484944344 0.0000000000 1.0215480328 -77.2186965942 0.0645196512
10.5911922455 6.8737597466 0.0000000000 1.0248396397 -77.2596435547 0.0654685199
10.5715045929 6.8005323410 0.0000000000 1.0281354189 -77.3001708984 0.0663353950
10.5518264771 6.7287778854 0.0000000000 1.0314311981 -77.3402709961 0.0672855675
10.5323600769 6.6584744453 0.0000000000 1.0347265005 -77.3799819946 0.0680232868
10.5131807327 6.5896029472 0.0000000000 1.0380268097 -77.4192886353 0.0686303973
10.4941158295 6.5221347809 0.0000000000 1.0413260460 -77.4581680298 0.0690407753
10.4753398895 6.4560518265 0.0000000000 1.0446128845 -77.4966735840 0.0693243220
10.4565830231 6.3913264275 0.0000000000 1.0478855371 -77.5347595215 0.0698093995
10.4377794266 6.3279366493 0.0000000000 1.0511505604 -77.5724716187 0.0704636425
10.4189825058 6.2658615112 0.0000000000 1.0544102192 -77.6097640991 0.0711050779
10.4003372192 6.2050733566 0.0000000000 1.0576510429 -77.6466979980 0.0717678666
10.3818330765 6.1455488205 0.0000000000 1.0609009266 -77.6832580566 0.0723734200
10.3632354736 6.0872697830 0.0000000000 1.0641548634 -77.7194061279 0.0731519014
10.3446435928 6.0302143097 0.0000000000 1.0673828125 -77.7551879883 0.0740374774
10.3261680603 5.9743585587 0.0000000000 1.0705851316 -77.7905960083 0.0747871101
10.3079652786 5.9196834564 0.0000000000 1.0737652779 -77.8256378174 0.0753906369
10.2898111343 5.8661627769 0.0000000000 1.0769361258 -77.8603515625 0.0758951604
10.2716188431 5.8137779236 0.0000000000 1.0800962448 -77.8946838379 0.0765506476
10.2533893585 5.7625069618 0.0000000000 1.0832376480 -77.9286880493 0.0771750212
10.2353801727 5.7123417854 0.0000000000 1.0863642693 -77.9623565674 0.0778284669
10.2174377441 5.6632637978 0.0000000000 1.0894697905 -77.9956970215 0.0785443634
10.1995553970 5.6152520180 0.0000000000 1.0925521851 -78.0286788940 0.0793385357
10.1819286346 5.5682878494 0.0000000000 1.0956215858 -78.0613327026 0.0801593289
10.1643619537 5.5223455429 0.0000000000 1.0986731052 -78.0936813354 0.0809208006
10.1470317841 5.4774084091 0.0000000000 1.1016997099 -78.1257171631 0.0813583136
10.1301660538 5.4334545135 0.0000000000 1.1046943665 -78.1574401855 0.0815429240
10.1136388779 5.3904728889 0.0000000000 1.1076710224 -78.1888427734 0.0816787332
10.0967121124 5.3484511375 0.0000000000 1.1106493473 -78.2198944092 0.0821779594
10.0793609619 5.3073692322 0.0000000000 1.1136183739 -78.2505950928 0.0828783810
10.0621299744 5.2672109604 0.0000000000 1.1165717840 -78.2810134888 0.0835390389
10.0452480316 5.2279620171 0.0000000000 1.1195025444 -78.3111495972 0.0840704143
10.0284099579 5.1896100044 0.0000000000 1.1224449873 -78.3409652710 0.0846345648
10.0111999512 5.1521382332 0.0000000000 1.1253683567 -78.3704681396 0.0854148194
9.9937887192 5.1155300140 0.0000000000 1.1282539368 -78.3996887207 0.0863382965
9.9763860703 5.0797567368 0.0000000000 1.1311125755 -78.4286193848 0.0873941630
9.9593677521 5.0448021889 0.0000000000 1.1339544058 -78.4572296143 0.0882230848
9.9425868988 5.0106573105 0.0000000000 1.1367641687 -78.4855499268 0.0887616426
9.9261484146 4.9773087502 0.0000000000 1.1395432949 -78.5135726929 0.0890545398
9.9099998474 4.9447484016 0.0000000000 1.1422866583 -78.5413360596 0.0891575515
9.8939876556 4.9129581451 0.0000000000 1.1450176239 -78.5688476562 0.0891654789
9.8780097961 4.8819336891 0.0000000000 1.1477319002 -78.5960998535 0.0892790258
9.8619251251 4.8516554832 0.0000000000 1.1504340172 -78.6230926514 0.0894645602
9.8458509445 4.8221077919 0.0000000000 1.1531336308 -78.6498107910 0.0898499563
9.8298463821 4.7932753563 0.0000000000 1.1558260918 -78.6762542725 0.0904126987
9.8138771057 4.7651529312 0.0000000000 1.1585178375 -78.7024230957 0.0909318030
9.7980651855 4.7377209663 0.0000000000 1.1612106562 -78.7283401489 0.0913406461
9.7821741104 4.7109665871 0.0000000000 1.1638648510 -78.7539901733 0.0918898135
9.7665786743 4.6848802567 0.0000000000 1.1664794683 -78.7793884277 0.0924175382
9.7508354187 4.6594486237 0.0000000000 1.1690703630 -78.8045196533 0.0929593146
9.7351341248 4.6346545219 0.0000000000 1.1716389656 -78.8293838501 0.0935419947
9.7194595337 4.6104850769 0.0000000000 1.1741801500 -78.8539810181 0.0942168385
9.7037668228 4.5869317055 0.0000000000 1.1767047644 -78.8783035278 0.0948283449
9.6883897781 4.5639786720 0.0000000000 1.1792389154 -78.9023895264 0.0951658562
9.6730337143 4.5416164398 0.0000000000 1.1817682981 -78.9262084961 0.0953912884
9.6577110291 4.5198359489 0.0000000000 1.1843029261 -78.9497528076 0.0956109688
9.6420927048 4.4986271858 0.0000000000 1.1868575811 -78.9730682373 0.0960540324
9.6264343262 4.4779863358 0.0000000000 1.1893998384 -78.9960937500 0.0966988504
9.6107044220 4.4578986168 0.0000000000 1.1919261217 -79.0188751221 0.0971841365
9.5951633453 4.4383459091 0.0000000000 1.1944572926 -79.0414352417 0.0975883976
9.5797491074 4.4193148613 0.0000000000 1.1969897747 -79.0637283325 0.0979658961
9.5642976761 4.4008049965 0.0000000000 1.1995240450 -79.0857696533 0.0984257162
9.5489416122 4.3828091621 0.0000000000 1.2020488977 -79.1075439453 0.0988544375
9.5338830948 4.3653101921 0.0000000000 1.2045556307 -79.1290969849 0.0991116837
9.5189504623 4.3482966423 0.0000000000 1.2070262432 -79.1504135132 0.0993595645
9.5043087006 4.3317589760 0.0000000000 1.2094844580 -79.1714935303 0.0994227827
9.4896516800 4.3156824112 0.0000000000 1.2118990421 -79.1923675537 0.0994765311
9.4752054214 4.3000636101 0.0000000000 1.2142928839 -79.2130355835 0.0996377915
9.4611082077 4.2849011421 0.0000000000 1.2166551352 -79.2334671021 0.0998457968
9.4471464157 4.2701749802 0.0000000000 1.2189850807 -79.2537002563 0.1000059843
9.4334821701 4.2558760643 0.0000000000 1.2212830782 -79.2737579346 0.1000135541
9.4198446274 4.2419977188 0.0000000000 1.2235745192 -79.2936019897 0.1000851169
9.4062995911 4.2285475731 0.0000000000 1.2258434296 -79.3132705688 0.1003372669
9.3923072815 4.2155160904 0.0000000000 1.2281054258 -79.3327255249 0.1008220613
9.3779945374 4.2028961182 0.0000000000 1.2303377390 -79.3519515991 0.1014993489
9.3640441895 4.1906752586 0.0000000000 1.2325543165 -79.3709793091 0.1021675542
9.3501901627 4.1788392067 0.0000000000 1.2347671986 -79.3898315430 0.1027358994
9.3361005783 4.1673750877 0.0000000000 1.2369689941 -79.4085083008 0.1034851745
9.3221302032 4.1562747955 0.0000000000 1.2391402721 -79.4269943237 0.1043105721
9.3082799911 4.1455307007 0.0000000000 1.2413017750 -79.4452972412 0.1050681919
9.2944993973 4.1351299286 0.0000000000 1.2434512377 -79.4634246826 0.1054620296
9.2807388306 4.1250638962 0.0000000000 1.2455742359 -79.4813461304 0.1059071198
9.2672662735 4.1153216362 0.0000000000 1.2476967573 -79.4990539551 0.1064099371
9.2540960312 4.1058936119 0.0000000000 1.2498115301 -79.5165634155 0.1068009287
9.2412805557 4.0967764854 0.0000000000 1.2519214153 -79.5339126587 0.1068971902
9.2287721634 4.0879654884 0.0000000000 1.2540142536 -79.5510711670 0.1068545580
9.2160472870 4.0794596672 0.0000000000 1.2560911179 -79.5680389404 0.1070817634
9.2032146454 4.0712618828 0.0000000000 1.2581542730 -79.5848007202 0.1075100750
9.1901140213 4.0633668900 0.0000000000 1.2601871490 -79.6013488770 0.1080184653
9.1771326065 4.0557513237 0.0000000000 1.2622036934 -79.6177062988 0.1086067408
9.1643705368 4.0484137535 0.0000000000 1.2642146349 -79.6339340210 0.1089928523
9.1518297195 4.0413517952 0.0000000000 1.2662204504 -79.6500015259 0.1093323454
9.1397867203 4.0345644951 0.0000000000 1.2682139874 -79.6659164429 0.1094771251
9.1274452209 4.0280537605 0.0000000000 1.2701839209 -79.6816711426 0.1098257452
9.1149969101 4.0218057632 0.0000000000 1.2721277475 -79.6972351074 0.1101999432
9.1023597717 4.0158162117 0.0000000000 1.2740455866 -79.7126083374 0.1106507629
9.0901908875 4.0100769997 0.0000000000 1.2759333849 -79.7278442383 0.1109850332
9.0781984329 4.0045747757 0.0000000000 1.2778279781 -79.7429046631 0.1112355441
9.0665502548 3.9993021488 0.0000000000 1.2796978951 -79.7578506470 0.1113560647
9.0551509857 3.9942631721 0.0000000000 1.2815463543 -79.7726440430 0.1112900153
9.0438747406 3.9894502163 0.0000000000 1.2833936214 -79.7872924805 0.1112703308
9.0325183868 3.9848592281 0.0000000000 1.2852430344 -79.8017578125 0.1112669110
9.0213603973 3.9804923534 0.0000000000 1.2870646715 -79.8161239624 0.1112069190
9.0100259781 3.9763367176 0.0000000000 1.2888916731 -79.8303070068 0.1112615764
8.9983253479 3.9723863602 0.0000000000 1.2907426357 -79.8443298340 0.1116796285
8.9862289429 3.9686360359 0.0000000000 1.2925895452 -79.8581695557 0.1123837829
8.9740228653 3.9650700092 0.0000000000 1.2944134474 -79.8718719482 0.1132095978
8.9621009827 3.9616906643 0.0000000000 1.2962032557 -79.8854217529 0.1141009256
8.9503288269 3.9585008621 0.0000000000 1.2979768515 -79.8988265991 0.1147834510
8.9387302399 3.9555029869 0.0000000000 1.2997444868 -79.9121017456 0.1151891723
8.9275522232 3.9526844025 0.0000000000 1.3015121222 -79.9252166748 0.1153757945
8.9165725708 3.9500317574 0.0000000000 1.3032582998 -79.9382171631 0.1154212132
8.9056615829 3.9475505352 0.0000000000 1.3049749136 -79.9510498047 0.1155084670
8.8947639465 3.9452450275 0.0000000000 1.3066759109 -79.9637527466 0.1156650037
8.8838195801 3.9431083202 0.0000000000 1.3083785772 -79.9763031006 0.1158239320
8.8729944229 3.9411370754 0.0000000000 1.3100643158 -79.9887008667 0.1158972904
8.8619318008 3.9393196106 0.0000000000 1.3117198944 -80.0009765625 0.1163005382
8.8507909775 3.9376490116 0.0000000000 1.3133702278 -80.0131301880 0.1168212742
8.8398237228 3.9361252785 0.0000000000 1.3150205612 -80.0251922607 0.1173050404
8.8290634155 3.9347443581 0.0000000000 1.3166774511 -80.0370941162 0.1177366823
8.8182830811 3.9335048199 0.0000000000 1.3183300495 -80.0488662720 0.1181771159
8.8079319000 3.9323949814 0.0000000000 1.3199865818 -80.0605392456 0.1184874550
8.7980318069 3.9314007759 0.0000000000 1.3216544390 -80.0721054077 0.1185269803
8.7881774902 3.9305315018 0.0000000000 1.3233110905 -80.0835571289 0.1184990406
8.7781496048 3.9297831059 0.0000000000 1.3249672651 -80.0948944092 0.1187096536
8.7676334381 3.9291598797 0.0000000000 1.3266540766 -80.1060638428 0.1192000732
8.7570304871 3.9286577702 0.0000000000 1.3283371925 -80.1171112061 0.1197842360
8.7467365265 3.9282636642 0.0000000000 1.3299998045 -80.1280136108 0.1202442795
8.7366161346 3.9279818535 0.0000000000 1.3316404819 -80.1388092041 0.1205434948
8.7261180878 3.9278182983 0.0000000000 1.3332574368 -80.1494216919 0.1212203056
8.7157831192 3.9277601242 0.0000000000 1.3348459005 -80.1599502563 0.1217919365
8.7059078217 3.9278042316 0.0000000000 1.3364533186 -80.1703720093 0.1219100207
8.6963291168 3.9279434681 0.0000000000 1.3380725384 -80.1806716919 0.1219062284
8.6867160797 3.9281749725 0.0000000000 1.3396633863 -80.1908721924 0.1219246686
8.6769313812 3.9284975529 0.0000000000 1.3412067890 -80.2009124756 0.1222545505
8.6674337387 3.9289045334 0.0000000000 1.3427460194 -80.2108612061 0.1224852130
8.6580381393 3.9294109344 0.0000000000 1.3442722559 -80.2207107544 0.1226997897
8.6486225128 3.9300124645 0.0000000000 1.3458002806 -80.2304229736 0.1228926480
8.6393013000 3.9307038784 0.0000000000 1.3473304510 -80.2400360107 0.1228872240
8.6301736832 3.9314703941 0.0000000000 1.3488706350 -80.2495498657 0.1227600425
8.6212530136 3.9323079586 0.0000000000 1.3504282236 -80.2589797974 0.1226538718
8.6123037338 3.9332094193 0.0000000000 1.3519781828 -80.2682876587 0.1226585805
8.6033401489 3.9341740608 0.0000000000 1.3534961939 -80.2774963379 0.1227371544
8.5945997238 3.9352016449 0.0000000000 1.3549988270 -80.2866210938 0.1226581186
8.5859966278 3.9363017082 0.0000000000 1.3564941883 -80.2956542969 0.1224667355
8.5776567459 3.9374592304 0.0000000000 1.3579899073 -80.3045959473 0.1222097203
8.5692214966 3.9386849403 0.0000000000 1.3594453335 -80.3134460449 0.1221088693
8.5604257584 3.9399764538 0.0000000000 1.3608903885 -80.3221740723 0.1221614555
8.5516023636 3.9413330555 0.0000000000 1.3623204231 -80.3308029175 0.1224079579
8.5426216125 3.9427483082 0.0000000000 1.3637510538 -80.3393554688 0.1227743626
8.5336265564 3.9442219734 0.0000000000 1.3651682138 -80.3478393555 0.1231091768
8.5251770020 3.9457519054 0.0000000000 1.3665858507 -80.3562316895 0.1232139170
8.5171213150 3.9473316669 0.0000000000 1.3680083752 -80.3645935059 0.1228993982
8.5090246201 3.9489579201 0.0000000000 1.3694349527 -80.3728332520 0.1227224246
8.5010280609 3.9506242275 0.0000000000 1.3708454370 -80.3809432983 0.1227592677
8.4931707382 3.9523308277 0.0000000000 1.3722558022 -80.3889770508 0.1226129085
8.4852657318 3.9540877342 0.0000000000 1.3736438751 -80.3968811035 0.1225610077
8.4774150848 3.9558904171 0.0000000000 1.3750061989 -80.4047317505 0.1226112396
8.4694604874 3.9577369690 0.0000000000 1.3763558865 -80.4125061035 0.1226727590
8.4615516663 3.9596168995 0.0000000000 1.3776985407 -80.4201812744 0.1228727400
8.4536933899 3.9615306854 0.0000000000 1.3790092468 -80.4277954102 0.1231552288
8.4460020065 3.9634799957 0.0000000000 1.3803076744 -80.4353256226 0.1232798547
8.4382896423 3.9654676914 0.0000000000 1.3815910816 -80.4427490234 0.1234979481
8.4308691025 3.9674937725 0.0000000000 1.3828611374 -80.4500961304 0.1235594898
8.4233388901 3.9695472717 0.0000000000 1.3841301203 -80.4573745728 0.1235684305
8.4160251617 3.9716241360 0.0000000000 1.3853920698 -80.4645538330 0.1235534698
8.4084138870 3.9737374783 0.0000000000 1.3866205215 -80.4716110229 0.1238244697
8.4009923935 3.9758782387 0.0000000000 1.3878214359 -80.4786071777 0.1240867823
8.3940582275 3.9780480862 0.0000000000 1.3890047073 -80.4855422974 0.1240052283
8.3869981766 3.9802525043 0.0000000000 1.3901690245 -80.4924316406 0.1239413768
8.3801441193 3.9824790955 0.0000000000 1.3913369179 -80.4992294312 0.1238938943
8.3730831146 3.9847290516 0.0000000000 1.3924952745 -80.5059356689 0.1241047680
8.3660297394 3.9869966507 0.0000000000 1.3936539888 -80.5125350952 0.1242861226
8.3592290878 3.9892790318 0.0000000000 1.3948147297 -80.5190963745 0.1242452413
8.3522224426 3.9915943146 0.0000000000 1.3959391117 -80.5255737305 0.1243804544
8.3450708389 3.9939377308 0.0000000000 1.3970502615 -80.5319366455 0.1248101592
8.3379545212 3.9962964058 0.0000000000 1.3981608152 -80.5382080078 0.1252220273
8.3310146332 3.9986672401 0.0000000000 1.3992722034 -80.5443954468 0.1253882498
8.3243350983 4.0010480881 0.0000000000 1.4003750086 -80.5505371094 0.1253569871
8.3178672791 4.0034379959 0.0000000000 1.4014921188 -80.5566253662 0.1252525151
8.3112525940 4.0058455467 0.0000000000 1.4026153088 -80.5626373291 0.1252204627
8.3046655655 4.0082650185 0.0000000000 1.4037237167 -80.5685577393 0.1253284365
8.2980594635 4.0106930733 0.0000000000 1.4048224688 -80.5744171143 0.1254769415
8.2917184830 4.0131373405 0.0000000000 1.4059120417 -80.5802154541 0.1255194843
8.2854738235 4.0155787468 0.0000000000 1.4069942236 -80.5859680176 0.1254096776
8.2792901993 4.0180125237 0.0000000000 1.4080593586 -80.5916213989 0.1254586875
8.2728204727 4.0204586983 0.0000000000 1.4091223478 -80.5972137451 0.1256263107
8.2665309906 4.0229187012 0.0000000000 1.4101850986 -80.6027297974 0.1258074641
8.2606277466 4.0253820419 0.0000000000 1.4112372398 -80.6082305908 0.1257670671
8.2545852661 4.0278429985 0.0000000000 1.4122668505 -80.6136703491 0.1258386672
8.2487583160 4.0303068161 0.0000000000 1.4132947922 -80.6190109253 0.1258784831
8.2430763245 4.0327610970 0.0000000000 1.4143174887 -80.6242980957 0.1258047670
8.2376108170 4.0352182388 0.0000000000 1.4153299332 -80.6295623779 0.1256217659
8.2319078445 4.0376853943 0.0000000000 1.4163521528 -80.6347351074 0.1255546212
8.2259368896 4.0401716232 0.0000000000 1.4173589945 -80.6398620605 0.1257901341
8.2200593948 4.0426731110 0.0000000000 1.4183616638 -80.6449127197 0.1260263324
8.2145042419 4.0451850891 0.0000000000 1.4193565845 -80.6499328613 0.1260355115
8.2087774277 4.0477056503 0.0000000000 1.4203402996 -80.6548919678 0.1261733770
8.2028074265 4.0502190590 0.0000000000 1.4213284254 -80.6597900391 0.1264422834
8.1970949173 4.0527381897 0.0000000000 1.4223407507 -80.6646575928 0.1265662909
8.1917304993 4.0552582741 0.0000000000 1.4233698845 -80.6694717407 0.1262952387
8.1867313385 4.0577712059 0.0000000000 1.4244018793 -80.6742248535 0.1259365976
8.1811151505 4.0602822304 0.0000000000 1.4254299402 -80.6789093018 0.1259752363
8.1754369736 4.0627937317 0.0000000000 1.4264655113 -80.6835479736 0.1260655820
8.1698093414 4.0652980804 0.0000000000 1.4275144339 -80.6881103516 0.1261554807
8.1641969681 4.0677957535 0.0000000000 1.4285610914 -80.6926116943 0.1262445152
8.1585903168 4.0702791214 0.0000000000 1.4296042919 -80.6970672607 0.1262722462
8.1533813477 4.0727434158 0.0000000000 1.4306743145 -80.7014770508 0.1260584444
8.1483526230 4.0752053261 0.0000000000 1.4317111969 -80.7058410645 0.1258077472
8.1433753967 4.0776648521 0.0000000000 1.4327520132 -80.7101516724 0.1255059689
8.1382160187 4.0801277161 0.0000000000 1.4337840080 -80.7144012451 0.1254463643
8.1327629089 4.0825881958 0.0000000000 1.4348213673 -80.7185745239 0.1255336553
8.1273021698 4.0850243568 0.0000000000 1.4358597994 -80.7226867676 0.1256470382
8.1221771240 4.0874543190 0.0000000000 1.4368944168 -80.7267761230 0.1255261302
8.1170978546 4.0898737907 0.0000000000 1.4379434586 -80.7308197021 0.1252838671
8.1120204926 4.0922884941 0.0000000000 1.4389747381 -80.7348327637 0.1252543479
8.1064834595 4.0946960449 0.0000000000 1.4399669170 -80.7387619019 0.1255861372
8.1011409760 4.0970840454 0.0000000000 1.4409765005 -80.7426834106 0.1258361936
8.0958385468 4.0994548798 0.0000000000 1.4420002699 -80.7465744019 0.1259925663
8.0906000137 4.1018090248 0.0000000000 1.4430309534 -80.7503890991 0.1261181831
8.0854864120 4.1041502953 0.0000000000 1.4440584183 -80.7541732788 0.1261372864
8.0804681778 4.1064920425 0.0000000000 1.4450712204 -80.7579116821 0.1261738241
8.0755586624 4.1088395119 0.0000000000 1.4460765123 -80.7616271973 0.1262285709
8.0706424713 4.1111946106 0.0000000000 1.4470689297 -80.7653350830 0.1261131167
8.0658035278 4.1135573387 0.0000000000 1.4480544329 -80.7690048218 0.1261755824
8.0607843399 4.1159090996 0.0000000000 1.4490201473 -80.7726287842 0.1263108552
8.0556707382 4.1182489395 0.0000000000 1.4499765635 -80.7762069702 0.1265740693
8.0507850647 4.1205763817 0.0000000000 1.4509221315 -80.7797546387 0.1266211867
8.0460472107 4.1228971481 0.0000000000 1.4518641233 -80.7833023071 0.1265676320
8.0414342880 4.1252145767 0.0000000000 1.4527668953 -80.7868270874 0.1265404224
8.0367879868 4.1275258064 0.0000000000 1.4536504745 -80.7902984619 0.1265263855
8.0318803787 4.1298313141 0.0000000000 1.4545352459 -80.7936782837 0.1267155707
8.0271148682 4.1321249008 0.0000000000 1.4554107189 -80.7969589233 0.1269196570
8.0224475861 4.1344094276 0.0000000000 1.4562916756 -80.8002471924 0.1268416941
8.0180149078 4.1366872787 0.0000000000 1.4571710825 -80.8035125732 0.1267572343
8.0138521194 4.1389594078 0.0000000000 1.4580516815 -80.8067932129 0.1264721751
8.0094680786 4.1412210464 0.0000000000 1.4589382410 -80.8100280762 0.1262776405
8.0051097870 4.1434664726 0.0000000000 1.4598225355 -80.8132553101 0.1261506081
8.0009698868 4.1457128525 0.0000000000 1.4606807232 -80.8164291382 0.1260878742
7.9964952469 4.1479501724 0.0000000000 1.4615195990 -80.8195648193 0.1261170805
7.9918541908 4.1501889229 0.0000000000 1.4623475075 -80.8226623535 0.1263159215
7.9874796867 4.1524190903 0.0000000000 1.4631795883 -80.8257369995 0.1264193207
7.9830369949 4.1546378136 0.0000000000 1.4640079737 -80.8287887573 0.1264931113
7.9788980484 4.1568441391 0.0000000000 1.4648473263 -80.8318023682 0.1264435649
7.9747838974 4.1590375900 0.0000000000 1.4656804800 -80.8348007202 0.1263973415
7.9705944061 4.1612195969 0.0000000000 1.4665139914 -80.8377456665 0.1265022606
7.9662356377 4.1633739471 0.0000000000 1.4673663378 -80.8406372070 0.1265994012
7.9620909691 4.1655044556 0.0000000000 1.4682279825 -80.8434906006 0.1266706884
7.9579753876 4.1676239967 0.0000000000 1.4690701962 -80.8462829590 0.1266314685
7.9540090561 4.1697268486 0.0000000000 1.4698938131 -80.8490676880 0.1265476942
7.9499936104 4.1718120575 0.0000000000 1.4707412720 -80.8517837524 0.1265433431
7.9458451271 4.1738796234 0.0000000000 1.4716030359 -80.8544845581 0.1264826655
7.9418730736 4.1759281158 0.0000000000 1.4724490643 -80.8571624756 0.1263737828
7.9381527901 4.1779527664 0.0000000000 1.4733036757 -80.8598251343 0.1262093633
7.9341130257 4.1799607277 0.0000000000 1.4741519690 -80.8624420166 0.1263149977
7.9298729897 4.1819472313 0.0000000000 1.4749797583 -80.8649902344 0.1266309172
7.9258818626 4.1839237213 0.0000000000 1.4757835865 -80.8675308228 0.1267732382
7.9220342636 4.1858882904 0.0000000000 1.4765915871 -80.8700408936 0.1268207282
7.9180808067 4.1878314018 0.0000000000 1.4774283171 -80.8724975586 0.1267571747
7.9145011902 4.1897597313 0.0000000000 1.4782704115 -80.8749542236 0.1265890300
7.9108972549 4.1916728020 0.0000000000 1.4790897369 -80.8773803711 0.1265102625
7.9069600105 4.1935739517 0.0000000000 1.4798774719 -80.8797454834 0.1267254949
7.9029531479 4.1954460144 0.0000000000 1.4806715250 -80.8820343018 0.1269592047
7.8994865417 4.1972846985 0.0000000000 1.4814622402 -80.8843536377 0.1268230677
7.8961930275 4.1991014481 0.0000000000 1.4822686911 -80.8866271973 0.1265293807
7.8928756714 4.2009081841 0.0000000000 1.4830776453 -80.8888931274 0.1262134761
7.8891496658 4.2027120590 0.0000000000 1.4838653803 -80.8910980225 0.1262596697
7.8852024078 4.2044925690 0.0000000000 1.4846422672 -80.8932342529 0.1265492439
7.8814578056 4.2062406540 0.0000000000 1.4854228497 -80.8953781128 0.1266309917
7.8779492378 4.2079668045 0.0000000000 1.4861880541 -80.8975067139 0.1265629232
7.8748674393 4.2096853256 0.0000000000 1.4869393110 -80.8996734619 0.1262948215
7.8714365959 4.2113947868 0.0000000000 1.4876809120 -80.9017791748 0.1263184994
7.8679394722 4.2131075859 0.0000000000 1.4884299040 -80.9038391113 0.1263564527
7.8645801544 4.2148075104 0.0000000000 1.4891804457 -80.9058990479 0.1262948513
7.8613262177 4.2164807320 0.0000000000 1.4899436235 -80.9079742432 0.1261613816
7.8578562737 4.2181448936 0.0000000000 1.4906904697 -80.9099731445 0.1263088733
7.8543834686 4.2197985649 0.0000000000 1.4914381504 -80.9119720459 0.1264079511
7.8510460854 4.2214393616 0.0000000000 1.4921761751 -80.9139251709 0.1264208555
7.8478684425 4.2230820656 0.0000000000 1.4929022789 -80.9159011841 0.1263029575
7.8448419571 4.2247071266 0.0000000000 1.4936246872 -80.9178619385 0.1261621416
7.8417420387 4.2263150215 0.0000000000 1.4943379164 -80.9197845459 0.1260327399
7.8382720947 4.2279067039 0.0000000000 1.4950560331 -80.9216384888 0.1261539757
7.8346281052 4.2294864655 0.0000000000 1.4957582951 -80.9234695435 0.1265140623
7.8311882019 4.2310357094 0.0000000000 1.4964586496 -80.9252929688 0.1267375201
7.8279414177 4.2325582504 0.0000000000 1.4971700907 -80.9271163940 0.1267978549
7.8248586655 4.2340693474 0.0000000000 1.4978929758 -80.9288940430 0.1266970932
7.8214979172 4.2355723381 0.0000000000 1.4986159801 -80.9306640625 0.1267821193
7.8179759979 4.2370648384 0.0000000000 1.4993250370 -80.9323501587 0.1270032823
7.8147697449 4.2385435104 0.0000000000 1.5000164509 -80.9340286255 0.1270821393
7.8115048409 4.2400021553 0.0000000000 1.5006710291 -80.9356689453 0.1270929277
7.8082032204 4.2414498329 0.0000000000 1.5013213158 -80.9372787476 0.1271609366
7.8048372269 4.2428889275 0.0000000000 1.5019747019 -80.9388809204 0.1273777038
7.8013582230 4.2443256378 0.0000000000 1.5026248693 -80.9404754639 0.1275605261
7.7981162071 4.2457628250 0.0000000000 1.5032669306 -80.9420700073 0.1275587082
7.7950520515 4.2471952438 0.0000000000 1.5038857460 -80.9436416626 0.1274761707
7.7918438911 4.2486171722 0.0000000000 1.5045200586 -80.9451904297 0.1275312752
7.7886877060 4.2500243187 0.0000000000 1.5051497221 -80.9467391968 0.1275320351
7.7856554985 4.2514162064 0.0000000000 1.5057715178 -80.9483032227 0.1274396777
7.7827591896 4.2528009415 0.0000000000 1.5063781738 -80.9498596191 0.1272579581
7.7797088623 4.2541856766 0.0000000000 1.5069595575 -80.9513931274 0.1272430271
7.7766194344 4.2555632591 0.0000000000 1.5075376034 -80.9528808594 0.1272222698
7.7736487389 4.2569198608 0.0000000000 1.5081461668 -80.9543457031 0.1272398978
7.7703747749 4.2582635880 0.0000000000 1.5087507963 -80.9557800293 0.1274693757
7.7671675682 4.2595977783 0.0000000000 1.5093603134 -80.9571990967 0.1276614964
7.7638430595 4.2609171867 0.0000000000 1.5099875927 -80.9585952759 0.1279395521
7.7608399391 4.2622323036 0.0000000000 1.5106140375 -80.9600219727 0.1279575229
7.7580018044 4.2635383606 0.0000000000 1.5112057924 -80.9614257812 0.1278909892
7.7551078796 4.2648348808 0.0000000000 1.5118024349 -80.9627990723 0.1278408319
7.7523546219 4.2661132812 0.0000000000 1.5124117136 -80.9641647339 0.1277223974
7.7494001389 4.2673926353 0.0000000000 1.5129947662 -80.9655151367 0.1276848018
7.7463040352 4.2686653137 0.0000000000 1.5135635138 -80.9668350220 0.1279562712
7.7428126335 4.2699379921 0.0000000000 1.5141315460 -80.9680938721 0.1285113990
7.7393598557 4.2711920738 0.0000000000 1.5146926641 -80.9693298340 0.1288932860
7.7364130020 4.2724328041 0.0000000000 1.5152637959 -80.9705810547 0.1290607601
7.7335019112 4.2736454010 0.0000000000 1.5158374310 -80.9718399048 0.1289886087
7.7306542397 4.2748379707 0.0000000000 1.5164221525 -80.9730606079 0.1288909018
7.7278037071 4.2760276794 0.0000000000 1.5170146227 -80.9743041992 0.1288783252
7.7246632576 4.2772231102 0.0000000000 1.5176033974 -80.9754638672 0.1290004849
7.7217030525 4.2784047127 0.0000000000 1.5181965828 -80.9766387939 0.1289344877
7.7189593315 4.2795710564 0.0000000000 1.5187697411 -80.9777832031 0.1287370622
7.7160186768 4.2807354927 0.0000000000 1.5193186998 -80.9789428711 0.1286347806
7.7131695747 4.2818894386 0.0000000000 1.5198575258 -80.9800796509 0.1286449432
7.7101540565 4.2830390930 0.0000000000 1.5204036236 -80.9812164307 0.1286410391
7.7070059776 4.2841815948 0.0000000000 1.5209598541 -80.9822998047 0.1288510114
7.7036418915 4.2853207588 0.0000000000 1.5215071440 -80.9833526611 0.1291935444
7.7006678581 4.2864422798 0.0000000000 1.5220606327 -80.9844284058 0.1292821169
7.6979384422 4.2875518799 0.0000000000 1.5226385593 -80.9855575562 0.1291489899
7.6950016022 4.2886533737 0.0000000000 1.5232087374 -80.9866409302 0.1291738302
7.6920061111 4.2897448540 0.0000000000 1.5237592459 -80.9877014160 0.1292279363
7.6890263557 4.2908439636 0.0000000000 1.5242779255 -80.9887619019 0.1293670237
7.6858897209 4.2919392586 0.0000000000 1.5248076916 -80.9897766113 0.1296613663
7.6829214096 4.2930049896 0.0000000000 1.5253293514 -80.9908218384 0.1296940446
7.6802000999 4.2940587997 0.0000000000 1.5258488655 -80.9918518066 0.1297491342
7.6774854660 4.2950940132 0.0000000000 1.5263586044 -80.9928741455 0.1297620684
7.6744885445 4.2961206436 0.0000000000 1.5268591642 -80.9938430786 0.1298861206
7.6715826988 4.2971367836 0.0000000000 1.5273604393 -80.9948120117 0.1301137209
7.6686654091 4.2981476784 0.0000000000 1.5278416872 -80.9957504272 0.1303995252
7.6659102440 4.2991313934 0.0000000000 1.5283265114 -80.9967193604 0.1304770112
7.6633410454 4.3001046181 0.0000000000 1.5288145542 -80.9976806641 0.1304640323
7.6608386040 4.3010883331 0.0000000000 1.5292748213 -80.9986419678 0.1304411590
7.6582956314 4.3020634651 0.0000000000 1.5297476053 -80.9995574951 0.1303215325
7.6558918953 4.3030300140 0.0000000000 1.5302414894 -81.0004806519 0.1302215159
7.6532497406 4.3039937019 0.0000000000 1.5307503939 -81.0013732910 0.1301963031
7.6506733894 4.3049564362 0.0000000000 1.5312579870 -81.0022811890 0.1302208602
7.6481728554 4.3059110641 0.0000000000 1.5317442417 -81.0032043457 0.1301305741
7.6458806992 4.3068499565 0.0000000000 1.5322287083 -81.0041427612 0.1299659461
7.6434307098 4.3077688217 0.0000000000 1.5327093601 -81.0050506592 0.1298866868
7.6408715248 4.3086829185 0.0000000000 1.5331966877 -81.0059051514 0.1299373955
7.6381707191 4.3095927238 0.0000000000 1.5336843729 -81.0067367554 0.1300686002
7.6356735229 4.3104925156 0.0000000000 1.5341709852 -81.0075759888 0.1301661432
7.6334166527 4.3113760948 0.0000000000 1.5346620083 -81.0084228516 0.1300551891
7.6312055588 4.3122529984 0.0000000000 1.5351555347 -81.0092849731 0.1298801303
7.6287555695 4.3131127357 0.0000000000 1.5356687307 -81.0100936890 0.1297773421
7.6261382103 4.3139748573 0.0000000000 1.5361800194 -81.0108871460 0.1299376339
7.6235103607 4.3148331642 0.0000000000 1.5366767645 -81.0116577148 0.1301241517
7.6208939552 4.3156762123 0.0000000000 1.5372005701 -81.0124511719 0.1302644908
7.6185865402 4.3164987564 0.0000000000 1.5377258062 -81.0132522583 0.1302225888
7.6161384583 4.3173155785 0.0000000000 1.5382211208 -81.0140380859 0.1302811056
7.6134338379 4.3181171417 0.0000000000 1.5387191772 -81.0147705078 0.1305644214
7.6107912064 4.3189134598 0.0000000000 1.5392093658 -81.0154571533 0.1307573318
7.6083798409 4.3196997643 0.0000000000 1.5396918058 -81.0161666870 0.1307338476
7.6059269905 4.3204760551 0.0000000000 1.5401831865 -81.0168762207 0.1307853758
7.6036472321 4.3212461472 0.0000000000 1.5406653881 -81.0175781250 0.1307865977
7.6013479233 4.3220109940 0.0000000000 1.5411258936 -81.0183334351 0.1307570338
7.5990381241 4.3227729797 0.0000000000 1.5415920019 -81.0190429688 0.1308830529
7.5965647697 4.3235163689 0.0000000000 1.5420684814 -81.0197372437 0.1310052276
7.5943603516 4.3242306709 0.0000000000 1.5425511599 -81.0204162598 0.1309815794
7.5920467377 4.3249378204 0.0000000000 1.5430524349 -81.0210800171 0.1309675723
7.5893888474 4.3256616592 0.0000000000 1.5435451269 -81.0216903687 0.1313142776
7.5868659019 4.3263874054 0.0000000000 1.5440202951 -81.0222778320 0.1316053271
7.5844941139 4.3270931244 0.0000000000 1.5445014238 -81.0229034424 0.1316426098
7.5824999809 4.3277745247 0.0000000000 1.5449877977 -81.0235443115 0.1314507127
7.5803761482 4.3284640312 0.0000000000 1.5454806089 -81.0241622925 0.1313786805
7.5777993202 4.3291621208 0.0000000000 1.5459593534 -81.0247497559 0.1315463781
7.5754737854 4.3298463821 0.0000000000 1.5464450121 -81.0253295898 0.1316623092
7.5732235909 4.3305201530 0.0000000000 1.5469225645 -81.0258941650 0.1317489296
7.5711569786 4.3311820030 0.0000000000 1.5473945141 -81.0265197754 0.1314968020
7.5692572594 4.3318281174 0.0000000000 1.5478634834 -81.0271072388 0.1312584281
7.5671176910 4.3324604034 0.0000000000 1.5482964516 -81.0276870728 0.1311725229
7.5648660660 4.3330960274 0.0000000000 1.5487282276 -81.0282516479 0.1313333064
7.5625014305 4.3337521553 0.0000000000 1.5492076874 -81.0288391113 0.1314646006
7.5602750778 4.3344044685 0.0000000000 1.5496886969 -81.0294189453 0.1314744949
7.5581798553 4.3350448608 0.0000000000 1.5501475334 -81.0300064087 0.1314817667
7.5558557510 4.3356823921 0.0000000000 1.5505795479 -81.0305480957 0.1316361725
7.5537180901 4.3362936974 0.0000000000 1.5510482788 -81.0311126709 0.1317130923
7.5512070656 4.3369011879 0.0000000000 1.5515404940 -81.0316467285 0.1320191026
7.5489730835 4.3375043869 0.0000000000 1.5520325899 -81.0321960449 0.1321757734
7.5467500687 4.3381137848 0.0000000000 1.5525128841 -81.0327529907 0.1322176307
7.5447506905 4.3387145996 0.0000000000 1.5529789925 -81.0332641602 0.1321764737
7.5427856445 4.3392944336 0.0000000000 1.5534559488 -81.0337982178 0.1319499612
7.5409097672 4.3398809433 0.0000000000 1.5539032221 -81.0343322754 0.1317915022
7.5387277603 4.3404731750 0.0000000000 1.5543423891 -81.0348663330 0.1318460703
7.5363912582 4.3410544395 0.0000000000 1.5548036098 -81.0353698730 0.1320778131
7.5341739655 4.3416261673 0.0000000000 1.5552713871 -81.0358428955 0.1321410239
7.5319399834 4.3421959877 0.0000000000 1.5557266474 -81.0363388062 0.1321851313
7.5298619270 4.3427777290 0.0000000000 1.5562181473 -81.0368499756 0.1321356297
7.5277981758 4.3433504105 0.0000000000 1.5567119122 -81.0373687744 0.1320139468
7.5258870125 4.3438963890 0.0000000000 1.5572090149 -81.0378570557 0.1319156885
7.5236515999 4.3444271088 0.0000000000 1.5577210188 -81.0383300781 0.1318256855
7.5212292671 4.3449716568 0.0000000000 1.5582097769 -81.0387878418 0.1320336759
7.5188474655 4.3455252647 0.0000000000 1.5586802959 -81.0392303467 0.1323239803
7.5164995193 4.3460683823 0.0000000000 1.5591642857 -81.0397186279 0.1324410290
7.5145883560 4.3465895653 0.0000000000 1.5596228838 -81.0402221680 0.1322703958
7.5125732422 4.3471040726 0.0000000000 1.5600882769 -81.0406646729 0.1322089732
7.5101351738 4.3476300240 0.0000000000 1.5605522394 -81.0410766602 0.1324010193
7.5076775551 4.3481740952 0.0000000000 1.5609968901 -81.0414581299 0.1326750070
7.5054302216 4.3487138748 0.0000000000 1.5614559650 -81.0419082642 0.1327037215
7.5031976700 4.3492455482 0.0000000000 1.5619163513 -81.0423431396 0.1326655149
7.5012083054 4.3497805595 0.0000000000 1.5623544455 -81.0428466797 0.1325957775
7.4987373352 4.3503222466 0.0000000000 1.5627889633 -81.0432128906 0.1328271329
7.4963717461 4.3508467674 0.0000000000 1.5632351637 -81.0435943604 0.1329877526
7.4940009117 4.3513579369 0.0000000000 1.5636779070 -81.0439682007 0.1331063509
7.4916443825 4.3518781662 0.0000000000 1.5640722513 -81.0443420410 0.1331825852
7.4894394875 4.3523955345 0.0000000000 1.5644789934 -81.0447082520 0.1331164986
7.4874343872 4.3528957367 0.0000000000 1.5649034977 -81.0451126099 0.1329579502
7.4851398468 4.3533806801 0.0000000000 1.5653339624 -81.0454559326 0.1329449564
7.4827313423 4.3538451195 0.0000000000 1.5657815933 -81.0457916260 0.1331511885
7.4801468849 4.3543014526 0.0000000000 1.5662186146 -81.0461120605 0.1334460676
7.4779095650 4.3547530174 0.0000000000 1.5666296482 -81.0464553833 0.1335083991
7.4756178856 4.3551969528 0.0000000000 1.5670551062 -81.0467987061 0.1334985793
7.4733715057 4.3556351662 0.0000000000 1.5674843788 -81.0471649170 0.1335133314
7.4708724022 4.3560905457 0.0000000000 1.5679142475 -81.0474777222 0.1337831020
7.4685111046 4.3565363884 0.0000000000 1.5683450699 -81.0478057861 0.1339382678
7.4664659500 4.3569579124 0.0000000000 1.5687772036 -81.0481338501 0.1337257326
7.4643416405 4.3573689461 0.0000000000 1.5692123175 -81.0484390259 0.1336112916
7.4619212151 4.3577766418 0.0000000000 1.5696564913 -81.0487289429 0.1337290108
7.4596300125 4.3581986427 0.0000000000 1.5700885057 -81.0490264893 0.1338399947
7.4574766159 4.3586225510 0.0000000000 1.5705224276 -81.0493469238 0.1338159740
7.4552412033 4.3590373993 0.0000000000 1.5709310770 -81.0496368408 0.1339464039
7.4528312683 4.3594326973 0.0000000000 1.5713489056 -81.0499420166 0.1340537071
7.4507012367 4.3598265648 0.0000000000 1.5717880726 -81.0502624512 0.1340511590
7.4486079216 4.3602080345 0.0000000000 1.5722321272 -81.0505599976 0.1339882910
7.4463953972 4.3605747223 0.0000000000 1.5726817846 -81.0508575439 0.1340169013
7.4442911148 4.3609361649 0.0000000000 1.5731204748 -81.0511322021 0.1340121627
7.4422788620 4.3612966537 0.0000000000 1.5735350847 -81.0514373779 0.1338698864
7.4401550293 4.3616590500 0.0000000000 1.5739281178 -81.0517272949 0.1338603199
7.4382319450 4.3620209694 0.0000000000 1.5743359327 -81.0520629883 0.1338027120
7.4363117218 4.3623814583 0.0000000000 1.5747735500 -81.0524139404 0.1336748898
7.4342913628 4.3627319336 0.0000000000 1.5752154589 -81.0527420044 0.1335797012
7.4320373535 4.3630814552 0.0000000000 1.5756257772 -81.0530166626 0.1337696910
7.4297637939 4.3634319305 0.0000000000 1.5760281086 -81.0533218384 0.1340424865
7.4278621674 4.3637695312 0.0000000000 1.5764565468 -81.0536651611 0.1338807344
7.4261350632 4.3641104698 0.0000000000 1.5768848658 -81.0540161133 0.1336369663
7.4241290092 4.3644466400 0.0000000000 1.5773111582 -81.0543518066 0.1336329579
7.4219870567 4.3647885323 0.0000000000 1.5777424574 -81.0546493530 0.1336912364
7.4200472832 4.3651342392 0.0000000000 1.5781376362 -81.0549926758 0.1336726844
7.4181404114 4.3654789925 0.0000000000 1.5785158873 -81.0553283691 0.1335985065
7.4161624908 4.3657960892 0.0000000000 1.5789188147 -81.0556411743 0.1335144490
7.4143137932 4.3661136627 0.0000000000 1.5793195963 -81.0559082031 0.1334742159
7.4124197960 4.3664293289 0.0000000000 1.5797100067 -81.0561828613 0.1333842278
7.4104661942 4.3667383194 0.0000000000 1.5801155567 -81.0564422607 0.1334460229
7.4085421562 4.3670296669 0.0000000000 1.5805385113 -81.0567169189 0.1334731877
7.4064621925 4.3673133850 0.0000000000 1.5809652805 -81.0569686890 0.1335773766
7.4043984413 4.3675971031 0.0000000000 1.5813798904 -81.0571975708 0.1336963773
7.4024443626 4.3678836823 0.0000000000 1.5817666054 -81.0574188232 0.1336815655
7.4006152153 4.3681774139 0.0000000000 1.5821795464 -81.0576629639 0.1335231215
7.3988180161 4.3684616089 0.0000000000 1.5826162100 -81.0579528809 0.1333127022
7.3967885971 4.3687348366 0.0000000000 1.5830414295 -81.0581970215 0.1333331019
7.3946900368 4.3690223694 0.0000000000 1.5834553242 -81.0583801270 0.1334517598
7.3929433823 4.3693013191 0.0000000000 1.5838564634 -81.0586395264 0.1333217919
7.3914098740 4.3695621490 0.0000000000 1.5842940807 -81.0588989258 0.1330263466
7.3894138336 4.3698210716 0.0000000000 1.5847498178 -81.0591506958 0.1330481470
7.3875541687 4.3700671196 0.0000000000 1.5851768255 -81.0593872070 0.1329820603
7.3860421181 4.3702893257 0.0000000000 1.5855890512 -81.0596313477 0.1327535808
7.3844747543 4.3705101013 0.0000000000 1.5859984159 -81.0598754883 0.1325305402
7.3827133179 4.3707356453 0.0000000000 1.5864021778 -81.0601119995 0.1325242668
7.3807282448 4.3709664345 0.0000000000 1.5868088007 -81.0603332520 0.1327146143
7.3787374496 4.3712043762 0.0000000000 1.5872346163 -81.0605621338 0.1329121739
7.3768348694 4.3714280128 0.0000000000 1.5876748562 -81.0607986450 0.1330650896
7.3748397827 4.3716664314 0.0000000000 1.5880873203 -81.0610580444 0.1332159936
7.3728194237 4.3718867302 0.0000000000 1.5884953737 -81.0612640381 0.1333850324
7.3706803322 4.3720860481 0.0000000000 1.5889213085 -81.0614624023 0.1336099505
7.3687148094 4.3722958565 0.0000000000 1.5893419981 -81.0616378784 0.1337164789
7.3669524193 4.3725228310 0.0000000000 1.5897554159 -81.0618896484 0.1335429549
7.3653726578 4.3727607727 0.0000000000 1.5901273489 -81.0621566772 0.1334091127
7.3635063171 4.3730058670 0.0000000000 1.5905141830 -81.0624008179 0.1334526837
7.3615951538 4.3732461929 0.0000000000 1.5909181833 -81.0626602173 0.1335374117
7.3595771790 4.3734998703 0.0000000000 1.5913097858 -81.0629119873 0.1337512434
7.3577828407 4.3737387657 0.0000000000 1.5917227268 -81.0631561279 0.1338210702
7.3559231758 4.3739790916 0.0000000000 1.5921293497 -81.0633850098 0.1338555813
7.3540134430 4.3742294312 0.0000000000 1.5925223827 -81.0636138916 0.1339466274
7.3521990776 4.3744664192 0.0000000000 1.5929179192 -81.0638351440 0.1339998543
7.3504490852 4.3747067451 0.0000000000 1.5933055878 -81.0640335083 0.1339395344
7.3489260674 4.3749494553 0.0000000000 1.5936926603 -81.0642700195 0.1336731017
7.3473114967 4.3752007484 0.0000000000 1.5940806866 -81.0644912720 0.1335557699
7.3455471992 4.3754410744 0.0000000000 1.5944783688 -81.0646820068 0.1335211098
7.3437147141 4.3756732941 0.0000000000 1.5948646069 -81.0648651123 0.1335722804
7.3420696259 4.3759021759 0.0000000000 1.5952464342 -81.0650329590 0.1335610151
7.3405780792 4.3761358261 0.0000000000 1.5956311226 -81.0652847290 0.1332799047
7.3389883041 4.3763713837 0.0000000000 1.5960360765 -81.0654907227 0.1331140995
7.3370995522 4.3766026497 0.0000000000 1.5964133739 -81.0656661987 0.1332119852
7.3354654312 4.3768262863 0.0000000000 1.5967849493 -81.0658645630 0.1332030594
7.3337130547 4.3770413399 0.0000000000 1.5971469879 -81.0660705566 0.1331657916
7.3322749138 4.3772687912 0.0000000000 1.5974872112 -81.0663146973 0.1330825239
7.3306736946 4.3774952888 0.0000000000 1.5978075266 -81.0665588379 0.1329978406
7.3289847374 4.3777303696 0.0000000000 1.5981248617 -81.0668029785 0.1330512762
7.3271284103 4.3779611588 0.0000000000 1.5984746218 -81.0670089722 0.1331587136
7.3254394531 4.3781847954 0.0000000000 1.5988317728 -81.0672378540 0.1332178265
7.3236708641 4.3783974648 0.0000000000 1.5991756916 -81.0674667358 0.1332712173
7.3219361305 4.3785915375 0.0000000000 1.5995228291 -81.0676879883 0.1333033144
7.3199915886 4.3787918091 0.0000000000 1.5998799801 -81.0678710938 0.1335136294
7.3181324005 4.3790059090 0.0000000000 1.6002322435 -81.0680389404 0.1337487698
7.3162603378 4.3792285919 0.0000000000 1.6005607843 -81.0682296753 0.1338057369
7.3145060539 4.3794403076 0.0000000000 1.6009064913 -81.0684051514 0.1337735057
7.3129277229 4.3796401024 0.0000000000 1.6012454033 -81.0686035156 0.1336921006
7.3113274574 4.3798561096 0.0000000000 1.6015448570 -81.0687866211 0.1336411983
7.3097271919 4.3800783157 0.0000000000 1.6018661261 -81.0689697266 0.1334986985
7.3081207275 4.3802647591 0.0000000000 1.6022173166 -81.0691223145 0.1334160268
7.3064012527 4.3804144859 0.0000000000 1.6025730371 -81.0692520142 0.1333074868
7.3047208786 4.3805751801 0.0000000000 1.6028813124 -81.0693969727 0.1333056092
7.3028340340 4.3807716370 0.0000000000 1.6031852961 -81.0694732666 0.1334142387
7.3008890152 4.3809738159 0.0000000000 1.6034990549 -81.0695648193 0.1336107701
7.2990751266 4.3811755180 0.0000000000 1.6038074493 -81.0696716309 0.1336903870
7.2973599434 4.3813648224 0.0000000000 1.6041269302 -81.0697937012 0.1336429119
7.2955169678 4.3815679550 0.0000000000 1.6044232845 -81.0699081421 0.1338312030
7.2936792374 4.3817601204 0.0000000000 1.6047464609 -81.0699920654 0.1339531839
7.2920379639 4.3819551468 0.0000000000 1.6050490141 -81.0701370239 0.1339185238
7.2902340889 4.3821544647 0.0000000000 1.6053347588 -81.0702362061 0.1340197325
7.2887072563 4.3823552132 0.0000000000 1.6056141853 -81.0703582764 0.1338781714
7.2873587608 4.3825449944 0.0000000000 1.6058959961 -81.0705184937 0.1336428225
7.2857422829 4.3827280998 0.0000000000 1.6061600447 -81.0706405640 0.1334963590
7.2840495110 4.3829350471 0.0000000000 1.6064264774 -81.0707244873 0.1335190684
7.2824382782 4.3831467628 0.0000000000 1.6066895723 -81.0708312988 0.1335287690
7.2808814049 4.3833670616 0.0000000000 1.6069446802 -81.0709533691 0.1335076392
7.2793283463 4.3835773468 0.0000000000 1.6071902514 -81.0710906982 0.1334042102
7.2779045105 4.3837757111 0.0000000000 1.6074351072 -81.0712509155 0.1332619488
7.2763433456 4.3839521408 0.0000000000 1.6076844931 -81.0713958740 0.1332689226
7.2748270035 4.3841166496 0.0000000000 1.6079421043 -81.0715789795 0.1333302706
7.2732176781 4.3842763901 0.0000000000 1.6081935167 -81.0717163086 0.1333253980
7.2717781067 4.3844537735 0.0000000000 1.6084560156 -81.0719146729 0.1332470775
7.2703013420 4.3846263885 0.0000000000 1.6087275743 -81.0721130371 0.1331765652
7.2687630653 4.3847966194 0.0000000000 1.6089856625 -81.0723190308 0.1331853569
7.2673211098 4.3849773407 0.0000000000 1.6092342138 -81.0725250244 0.1332711875
7.2657027245 4.3851408958 0.0000000000 1.6095169783 -81.0726776123 0.1333061159
7.2643833160 4.3852901459 0.0000000000 1.6098300219 -81.0728836060 0.1331767142
7.2632179260 4.3854293823 0.0000000000 1.6101331711 -81.0730743408 0.1329198778
7.2619075775 4.3855614662 0.0000000000 1.6104581356 -81.0733032227 0.1328235865
7.2599973679 4.3857169151 0.0000000000 1.6107547283 -81.0734252930 0.1331232488
7.2580513954 4.3858828545 0.0000000000 1.6110448837 -81.0735321045 0.1335719675
7.2563858032 4.3860416412 0.0000000000 1.6113564968 -81.0736923218 0.1336544454
7.2552256584 4.3861823082 0.0000000000 1.6116901636 -81.0739440918 0.1332969218
7.2541170120 4.3863077164 0.0000000000 1.6120078564 -81.0741577148 0.1330203414
7.2526221275 4.3864316940 0.0000000000 1.6122986078 -81.0743408203 0.1330239326
7.2507157326 4.3865637779 0.0000000000 1.6125978231 -81.0744476318 0.1332875639
7.2489795685 4.3866987228 0.0000000000 1.6128926277 -81.0745849609 0.1334160119
7.2475304604 4.3868432045 0.0000000000 1.6131887436 -81.0747375488 0.1333930343
7.2461357117 4.3869824409 0.0000000000 1.6135038137 -81.0748901367 0.1332584321
7.2447075844 4.3871250153 0.0000000000 1.6138079166 -81.0750274658 0.1332506537
7.2432441711 4.3872842789 0.0000000000 1.6141033173 -81.0751953125 0.1332064867
7.2419261932 4.3874430656 0.0000000000 1.6144127846 -81.0753479004 0.1330571026
7.2405600548 4.3875813484 0.0000000000 1.6147394180 -81.0755081177 0.1329840422
7.2389788628 4.3877062798 0.0000000000 1.6150686741 -81.0756225586 0.1330636740
7.2374072075 4.3878402710 0.0000000000 1.6153864861 -81.0757446289 0.1331134588
7.2359623909 4.3879899979 0.0000000000 1.6156835556 -81.0759048462 0.1330638528
7.2343750000 4.3881525993 0.0000000000 1.6159523726 -81.0760421753 0.1330957115
7.2327218056 4.3882975578 0.0000000000 1.6162337065 -81.0760803223 0.1332387775
7.2312769890 4.3884468079 0.0000000000 1.6165273190 -81.0762023926 0.1331349760
7.2299265862 4.3886070251 0.0000000000 1.6168247461 -81.0763626099 0.1329898536
7.2283120155 4.3887605667 0.0000000000 1.6171365976 -81.0764465332 0.1330814958
7.2263851166 4.3889136314 0.0000000000 1.6174417734 -81.0764694214 0.1333961636
7.2246432304 4.3890728951 0.0000000000 1.6177519560 -81.0765533447 0.1335163116
7.2231373787 4.3892283440 0.0000000000 1.6180665493 -81.0766601562 0.1334700584
7.2215604782 4.3893880844 0.0000000000 1.6184000969 -81.0767364502 0.1334365457
7.2199416161 4.3895421028 0.0000000000 1.6187173128 -81.0768051147 0.1333934665
7.2184934616 4.3896932602 0.0000000000 1.6190307140 -81.0768585205 0.1333515495
7.2168292999 4.3898496628 0.0000000000 1.6193141937 -81.0769195557 0.1333386898
7.2152342796 4.3900079727 0.0000000000 1.6196146011 -81.0769729614 0.1333252490
7.2132415771 4.3901681900 0.0000000000 1.6199363470 -81.0769729614 0.1334983557
7.2114562988 4.3903179169 0.0000000000 1.6202502251 -81.0770034790 0.1336269677
7.2099027634 4.3904519081 0.0000000000 1.6205468178 -81.0770416260 0.1336998045
7.2081665993 4.3905763626 0.0000000000 1.6208447218 -81.0771026611 0.1337467283
7.2065324783 4.3906950951 0.0000000000 1.6211464405 -81.0771179199 0.1337209642
7.2048792839 4.3908300400 0.0000000000 1.6214410067 -81.0771789551 0.1337985098
7.2032713890 4.3909802437 0.0000000000 1.6216952801 -81.0772781372 0.1338183731
7.2017488480 4.3911328316 0.0000000000 1.6219327450 -81.0773925781 0.1337839961
7.2003083229 4.3912806511 0.0000000000 1.6221804619 -81.0775070190 0.1337608397
7.1988816261 4.3914165497 0.0000000000 1.6224215031 -81.0776443481 0.1337106079
7.1974625587 4.3915486336 0.0000000000 1.6226620674 -81.0777206421 0.1336261630
7.1959886551 4.3916735649 0.0000000000 1.6228750944 -81.0777969360 0.1335988045
7.1944608688 4.3917989731 0.0000000000 1.6230955124 -81.0778961182 0.1336610466
7.1929907799 4.3919215202 0.0000000000 1.6233340502 -81.0780181885 0.1336948574
7.1912751198 4.3920412064 0.0000000000 1.6235995293 -81.0781021118 0.1338189244
7.1897621155 4.3921527863 0.0000000000 1.6238677502 -81.0781707764 0.1338612139
7.1881875992 4.3922672272 0.0000000000 1.6241185665 -81.0782623291 0.1339003295
7.1866726875 4.3923850060 0.0000000000 1.6243606806 -81.0783081055 0.1339823306
7.1851892471 4.3925042152 0.0000000000 1.6246191263 -81.0783767700 0.1339889765
7.1837234497 4.3926234245 0.0000000000 1.6248774529 -81.0784530640 0.1339195371
7.1821813583 4.3927416801 0.0000000000 1.6251380444 -81.0784759521 0.1340465546
7.1804990768 4.3928685188 0.0000000000 1.6253983974 -81.0785064697 0.1341363788
7.1789655685 4.3930177689 0.0000000000 1.6256603003 -81.0785675049 0.1341088712
7.1777100563 4.3931603432 0.0000000000 1.6259351969 -81.0786590576 0.1339152604
7.1763153076 4.3933038712 0.0000000000 1.6261866093 -81.0787048340 0.1338757128
7.1744360924 4.3934359550 0.0000000000 1.6264469624 -81.0786743164 0.1341111958
7.1728825569 4.3935790062 0.0000000000 1.6267107725 -81.0787124634 0.1341124177
7.1714081764 4.3937563896 0.0000000000 1.6269671917 -81.0788040161 0.1340809613
7.1701607704 4.3939323425 0.0000000000 1.6272135973 -81.0789413452 0.1338185370
7.1687498093 4.3941049576 0.0000000000 1.6274462938 -81.0790557861 0.1337778866
7.1672172546 4.3942651749 0.0000000000 1.6276693344 -81.0791625977 0.1338516772
7.1657857895 4.3944206238 0.0000000000 1.6278988123 -81.0792694092 0.1338753998
7.1643519402 4.3945732117 0.0000000000 1.6281515360 -81.0794143677 0.1338961422
7.1629352570 4.3947129250 0.0000000000 1.6284043789 -81.0795745850 0.1338684261
7.1615352631 4.3948607445 0.0000000000 1.6286565065 -81.0797424316 0.1338455975
7.1599583626 4.3950157166 0.0000000000 1.6288889647 -81.0798645020 0.1339896470
7.1584076881 4.3951597214 0.0000000000 1.6291487217 -81.0799865723 0.1340737939
7.1573085785 4.3952889442 0.0000000000 1.6294007301 -81.0801544189 0.1339471638
7.1561250687 4.3954124451 0.0000000000 1.6296577454 -81.0803070068 0.1338545978
7.1549758911 4.3955087662 0.0000000000 1.6299068928 -81.0804367065 0.1336472481
7.1537141800 4.3955984116 0.0000000000 1.6301501989 -81.0804824829 0.1337859482
7.1521477699 4.3956923485 0.0000000000 1.6304105520 -81.0805206299 0.1340175271
7.1508507729 4.3957777023 0.0000000000 1.6306666136 -81.0805511475 0.1340261400
7.1499576569 4.3958353996 0.0000000000 1.6309032440 -81.0806274414 0.1337696612
7.1489605904 4.3958873749 0.0000000000 1.6311461926 -81.0806732178 0.1335226595
7.1476759911 4.3959360123 0.0000000000 1.6314123869 -81.0806884766 0.1335404664
7.1461663246 4.3959832191 0.0000000000 1.6316852570 -81.0806427002 0.1337781250
7.1449460983 4.3960118294 0.0000000000 1.6319324970 -81.0806427002 0.1338782161
7.1437401772 4.3960375786 0.0000000000 1.6322004795 -81.0807037354 0.1337756366
7.1426124573 4.3960876465 0.0000000000 1.6324826479 -81.0807495117 0.1336974502
7.1412944794 4.3961634636 0.0000000000 1.6327447891 -81.0808105469 0.1338141859
7.1399288177 4.3962373734 0.0000000000 1.6330015659 -81.0808181763 0.1340157688
7.1385679245 4.3962755203 0.0000000000 1.6332942247 -81.0808486938 0.1340829134
7.1370592117 4.3962850571 0.0000000000 1.6335271597 -81.0808486938 0.1342857480
7.1358661652 4.3962903023 0.0000000000 1.6337567568 -81.0808563232 0.1344174296
7.1347899437 4.3963046074 0.0000000000 1.6340005398 -81.0809173584 0.1343294382
7.1337723732 4.3963170052 0.0000000000 1.6342549324 -81.0809631348 0.1341931373
7.1322798729 4.3963451385 0.0000000000 1.6345142126 -81.0809478760 0.1343595982
7.1310844421 4.3963856697 0.0000000000 1.6347476244 -81.0809783936 0.1344950199
7.1297574043 4.3963942528 0.0000000000 1.6349967718 -81.0810089111 0.1346215010
7.1288151741 4.3963856697 0.0000000000 1.6352615356 -81.0810546875 0.1344767511
7.1277995110 4.3963794708 0.0000000000 1.6355271339 -81.0810928345 0.1343655735
7.1267948151 4.3963928223 0.0000000000 1.6357761621 -81.0811309814 0.1343011558
7.1254081726 4.3964285851 0.0000000000 1.6360286474 -81.0811004639 0.1344408989
7.1242151260 4.3964743614 0.0000000000 1.6362483501 -81.0810928345 0.1345048547
7.1231069565 4.3964967728 0.0000000000 1.6364872456 -81.0811538696 0.1345210820
7.1218876839 4.3965101242 0.0000000000 1.6367443800 -81.0811767578 0.1345153004
7.1208953857 4.3965134621 0.0000000000 1.6369792223 -81.0812225342 0.1344864070
7.1197538376 4.3965134621 0.0000000000 1.6372133493 -81.0812683105 0.1344691366
7.1187691689 4.3965196609 0.0000000000 1.6374506950 -81.0813217163 0.1344319582
7.1175608635 4.3965301514 0.0000000000 1.6376975775 -81.0813751221 0.1345537007
7.1163678169 4.3965187073 0.0000000000 1.6379489899 -81.0814056396 0.1347002387
7.1151471138 4.3965115547 0.0000000000 1.6381989717 -81.0814819336 0.1347559392
7.1141233444 4.3965234756 0.0000000000 1.6384509802 -81.0816040039 0.1347415000
7.1129198074 4.3965439796 0.0000000000 1.6386880875 -81.0816802979 0.1348070055
7.1119880676 4.3965640068 0.0000000000 1.6389077902 -81.0817642212 0.1347651184
7.1109519005 4.3965730667 0.0000000000 1.6391328573 -81.0818634033 0.1346961260
7.1102409363 4.3965859413 0.0000000000 1.6393527985 -81.0820083618 0.1344727725
7.1088194847 4.3966093063 0.0000000000 1.6395800114 -81.0820159912 0.1346900165
7.1074028015 4.3966279030 0.0000000000 1.6398403645 -81.0820159912 0.1349633336
7.1061301231 4.3966326714 0.0000000000 1.6400749683 -81.0820617676 0.1351049542
7.1050806046 4.3966422081 0.0000000000 1.6403082609 -81.0820770264 0.1349739432
7.1040010452 4.3966522217 0.0000000000 1.6405553818 -81.0821228027 0.1348408163
7.1029233932 4.3966827393 0.0000000000 1.6408046484 -81.0821533203 0.1347962320
7.1017322540 4.3967089653 0.0000000000 1.6410644054 -81.0821838379 0.1347431839
7.1003971100 4.3967390060 0.0000000000 1.6412945986 -81.0821990967 0.1347744912
7.0990190506 4.3967771530 0.0000000000 1.6415126324 -81.0822143555 0.1350298375
7.0977454185 4.3967943192 0.0000000000 1.6417660713 -81.0822448730 0.1351499856
7.0967545509 4.3968114853 0.0000000000 1.6420007944 -81.0823135376 0.1350187510
7.0953736305 4.3968486786 0.0000000000 1.6422275305 -81.0823364258 0.1351269484
7.0938987732 4.3969054222 0.0000000000 1.6424744129 -81.0823669434 0.1354115158
7.0927624702 4.3969407082 0.0000000000 1.6427221298 -81.0824432373 0.1354025304
7.0915360451 4.3969674110 0.0000000000 1.6429717541 -81.0825042725 0.1354447305
7.0903935432 4.3970141411 0.0000000000 1.6432206631 -81.0825347900 0.1354135126
7.0892224312 4.3970508575 0.0000000000 1.6434787512 -81.0825347900 0.1353229880
7.0878443718 4.3970870972 0.0000000000 1.6437127590 -81.0824890137 0.1354104578
7.0867557526 4.3971176147 0.0000000000 1.6439349651 -81.0824966431 0.1353568137
7.0855011940 4.3971562386 0.0000000000 1.6441631317 -81.0825042725 0.1353630275
7.0842971802 4.3971848488 0.0000000000 1.6443822384 -81.0825653076 0.1354211271
7.0831251144 4.3972067833 0.0000000000 1.6446065903 -81.0825958252 0.1353857815
7.0819444656 4.3972535133 0.0000000000 1.6448117495 -81.0825958252 0.1354193836
7.0806403160 4.3973197937 0.0000000000 1.6450269222 -81.0825729370 0.1355065852
7.0796775818 4.3973717690 0.0000000000 1.6452535391 -81.0826416016 0.1353242695
7.0787672997 4.3974194527 0.0000000000 1.6454776525 -81.0827178955 0.1351397038
7.0774302483 4.3974652290 0.0000000000 1.6457239389 -81.0827636719 0.1352000237
7.0760531425 4.3975110054 0.0000000000 1.6459666491 -81.0827560425 0.1353501678
7.0748276711 4.3975348473 0.0000000000 1.6461839676 -81.0827331543 0.1353808939
7.0736036301 4.3975424767 0.0000000000 1.6464159489 -81.0827331543 0.1354323775
7.0724015236 4.3975653648 0.0000000000 1.6466488838 -81.0827713013 0.1355281025
7.0711793900 4.3975877762 0.0000000000 1.6468776464 -81.0828094482 0.1356124431
7.0699777603 4.3976011276 0.0000000000 1.6471024752 -81.0828475952 0.1355970055
7.0686030388 4.3976407051 0.0000000000 1.6473164558 -81.0828323364 0.1357544810
7.0671472549 4.3976984024 0.0000000000 1.6475135088 -81.0827941895 0.1359296739
7.0660624504 4.3977432251 0.0000000000 1.6476906538 -81.0828018188 0.1359401345
7.0651102066 4.3977780342 0.0000000000 1.6478949785 -81.0828704834 0.1357754469
7.0643529892 4.3978152275 0.0000000000 1.6480953693 -81.0829544067 0.1355198473
7.0631432533 4.3978347778 0.0000000000 1.6482969522 -81.0829162598 0.1355754435
7.0615921021 4.3978691101 0.0000000000 1.6484977007 -81.0828475952 0.1359218806
7.0602731705 4.3979010582 0.0000000000 1.6487003565 -81.0828399658 0.1360809207
7.0593175888 4.3979272842 0.0000000000 1.6489064693 -81.0829315186 0.1359300017
7.0581445694 4.3979420662 0.0000000000 1.6491398811 -81.0829925537 0.1358694434
7.0570106506 4.3979349136 0.0000000000 1.6493790150 -81.0830078125 0.1358670294
7.0558562279 4.3979310989 0.0000000000 1.6496204138 -81.0830307007 0.1358614862
7.0550127029 4.3979554176 0.0000000000 1.6498408318 -81.0831069946 0.1357019544
7.0538921356 4.3980121613 0.0000000000 1.6500329971 -81.0831527710 0.1356760561
7.0525884628 4.3980765343 0.0000000000 1.6502292156 -81.0831832886 0.1357383579
7.0513467789 4.3981227875 0.0000000000 1.6504535675 -81.0832061768 0.1358220279
