#         COST_U        COST_H      COST_D       COST_S       REGU_H       REGU_S          HPO           COSTGLEN 
294.1456604004 0.0000000000 0.0000000000 0.0000000000 36.8487854004 0.0000000000 1.7718815804
102.8523483276 0.0000000000 0.0000000000 0.1215183511 36.1088485718 0.0000000000 -0.1090915203
74.1232910156 0.0000000000 0.0000000000 0.3888691068 34.7608566284 0.0000000000 -0.3742367029
67.8335266113 0.0000000000 0.0000000000 0.7325779796 34.1846580505 0.0000000000 -0.3903123140
62.2695007324 0.0000000000 0.0000000000 1.1136119366 34.4213409424 0.0000000000 -0.3635898829
55.7454605103 0.0000000000 0.0000000000 1.5088826418 35.2650909424 0.0000000000 -0.3368291855
48.7912559509 0.0000000000 0.0000000000 1.9011243582 35.3865432739 0.0000000000 -0.3209950924
42.0445480347 0.0000000000 0.0000000000 2.2766411304 35.6651229858 0.0000000000 -0.3174717426
35.7926864624 0.0000000000 0.0000000000 2.6247036457 35.4730262756 0.0000000000 -0.3230868578
30.2753582001 0.0000000000 0.0000000000 2.9365661144 34.8609886169 0.0000000000 -0.3343383074
25.7496089935 0.0000000000 0.0000000000 3.2059423923 34.3331108093 0.0000000000 -0.3467694521
22.3478546143 0.0000000000 0.0000000000 3.4286038876 33.8767929077 0.0000000000 -0.3561255336
19.9898204803 0.0000000000 0.0000000000 3.6020345688 33.1478118896 0.0000000000 -0.3606402278
18.4539718628 0.0000000000 0.0000000000 3.7256391048 32.6310234070 0.0000000000 -0.3606144190
17.4900760651 0.0000000000 0.0000000000 3.8009278774 32.2200813293 0.0000000000 -0.3578375876
16.8950119019 0.0000000000 0.0000000000 3.8310201168 32.0660133362 0.0000000000 -0.3540799022
16.5025882721 0.0000000000 0.0000000000 3.8205194473 31.9393119812 0.0000000000 -0.3504012823
16.2032718658 0.0000000000 0.0000000000 3.7747311592 31.8012275696 0.0000000000 -0.3477115631
15.9393186569 0.0000000000 0.0000000000 3.6994452477 31.6814270020 0.0000000000 -0.3461189270
15.6819705963 0.0000000000 0.0000000000 3.6003634930 31.5947246552 0.0000000000 -0.3458297849
15.4259452820 0.0000000000 0.0000000000 3.4828460217 31.5610427856 0.0000000000 -0.3470451236
15.1808137894 0.0000000000 0.0000000000 3.3519759178 31.5583362579 0.0000000000 -0.3495067358
14.9679470062 0.0000000000 0.0000000000 3.2123792171 31.5620613098 0.0000000000 -0.3530761003
14.8146371841 0.0000000000 0.0000000000 3.0680720806 31.5563926697 0.0000000000 -0.3576456904
14.7483396530 0.0000000000 0.0000000000 2.9226834774 31.5501918793 0.0000000000 -0.3630512357
14.7979383469 0.0000000000 0.0000000000 2.7791132927 31.5385246277 0.0000000000 -0.3691161275
14.9896068573 0.0000000000 0.0000000000 2.6398179531 31.5178470612 0.0000000000 -0.3756458461
15.3507747650 0.0000000000 0.0000000000 2.5066530704 31.4902362823 0.0000000000 -0.3825079799
15.8999023438 0.0000000000 0.0000000000 2.3811674118 31.4469223022 0.0000000000 -0.3891218901
16.6499900818 0.0000000000 0.0000000000 2.2644255161 31.3913631439 0.0000000000 -0.3953042626
17.6000709534 0.0000000000 0.0000000000 2.1572220325 31.3403587341 0.0000000000 -0.4008561373
18.7439994812 0.0000000000 0.0000000000 2.0602705479 31.2604675293 0.0000000000 -0.4053407311
20.0614242554 0.0000000000 0.0000000000 1.9742816687 31.1881694794 0.0000000000 -0.4083893895
21.4736614227 0.0000000000 0.0000000000 1.8998620510 31.1494064331 0.0000000000 -0.4096167684
22.8808860779 0.0000000000 0.0000000000 1.8376461267 31.1335144043 0.0000000000 -0.4096243382
24.1538333893 0.0000000000 0.0000000000 1.7881556749 31.1098213196 0.0000000000 -0.4079805613
25.1489143372 0.0000000000 0.0000000000 1.7520382404 31.0772056580 0.0000000000 -0.4061915874
25.7424659729 0.0000000000 0.0000000000 1.7299562693 31.0333957672 0.0000000000 -0.4039666057
25.8657455444 0.0000000000 0.0000000000 1.7222057581 30.9714088440 0.0000000000 -0.4024598598
25.5190181732 0.0000000000 0.0000000000 1.7288310528 30.8968868256 0.0000000000 -0.4014981985
24.7819576263 0.0000000000 0.0000000000 1.7493170500 30.8218231201 0.0000000000 -0.4003405571
23.7755565643 0.0000000000 0.0000000000 1.7824532986 30.7338142395 0.0000000000 -0.3991957903
22.6332626343 0.0000000000 0.0000000000 1.8263999224 30.6545410156 0.0000000000 -0.3972764611
21.4766635895 0.0000000000 0.0000000000 1.8789688349 30.5831413269 0.0000000000 -0.3948537111
20.3956928253 0.0000000000 0.0000000000 1.9373606443 30.5165195465 0.0000000000 -0.3920456171
19.4462909698 0.0000000000 0.0000000000 1.9986997843 30.4503383636 0.0000000000 -0.3885319829
18.6489620209 0.0000000000 0.0000000000 2.0603013039 30.3725318909 0.0000000000 -0.3849293590
18.0099143982 0.0000000000 0.0000000000 2.1198315620 30.2996616364 0.0000000000 -0.3813323975
17.5257472992 0.0000000000 0.0000000000 2.1755468845 30.2345867157 0.0000000000 -0.3779322505
17.1816406250 0.0000000000 0.0000000000 2.2261927128 30.1727104187 0.0000000000 -0.3745372295
16.9605331421 0.0000000000 0.0000000000 2.2711539268 30.1131458282 0.0000000000 -0.3713760376
16.8318786621 0.0000000000 0.0000000000 2.3101873398 30.0539627075 0.0000000000 -0.3687069416
16.7669200897 0.0000000000 0.0000000000 2.3434660435 29.9927597046 0.0000000000 -0.3661224842
16.7381649017 0.0000000000 0.0000000000 2.3712821007 29.9281864166 0.0000000000 -0.3637810946
16.7126464844 0.0000000000 0.0000000000 2.3941729069 29.8644275665 0.0000000000 -0.3611468077
16.6695766449 0.0000000000 0.0000000000 2.4127411842 29.8000736237 0.0000000000 -0.3590981960
16.5900726318 0.0000000000 0.0000000000 2.4276852608 29.7384243011 0.0000000000 -0.3567539454
16.4641895294 0.0000000000 0.0000000000 2.4394984245 29.6809291840 0.0000000000 -0.3544482589
16.2890987396 0.0000000000 0.0000000000 2.4485611916 29.6217212677 0.0000000000 -0.3514988422
16.0693721771 0.0000000000 0.0000000000 2.4549863338 29.5615291595 0.0000000000 -0.3490957618
15.8054866791 0.0000000000 0.0000000000 2.4589016438 29.4978961945 0.0000000000 -0.3463044763
15.5022573471 0.0000000000 0.0000000000 2.4603250027 29.4277286530 0.0000000000 -0.3436104655
15.1609125137 0.0000000000 0.0000000000 2.4591434002 29.3505821228 0.0000000000 -0.3409320712
14.7916660309 0.0000000000 0.0000000000 2.4551517963 29.2717514038 0.0000000000 -0.3386268616
14.4077148438 0.0000000000 0.0000000000 2.4482173920 29.1877326965 0.0000000000 -0.3363919854
14.0213069916 0.0000000000 0.0000000000 2.4381093979 29.1023483276 0.0000000000 -0.3343740106
13.6374015808 0.0000000000 0.0000000000 2.4245815277 29.0206832886 0.0000000000 -0.3324348927
13.2607498169 0.0000000000 0.0000000000 2.4074029922 28.9421463013 0.0000000000 -0.3300735950
12.8917436600 0.0000000000 0.0000000000 2.3863425255 28.8661041260 0.0000000000 -0.3282903433
12.5321693420 0.0000000000 0.0000000000 2.3613953590 28.7946929932 0.0000000000 -0.3263419867
12.1835556030 0.0000000000 0.0000000000 2.3326072693 28.7293319702 0.0000000000 -0.3244985342
11.8548860550 0.0000000000 0.0000000000 2.3001286983 28.6692199707 0.0000000000 -0.3227049708
11.5536069870 0.0000000000 0.0000000000 2.2640914917 28.6097450256 0.0000000000 -0.3208113313
11.2871179581 0.0000000000 0.0000000000 2.2247569561 28.5512580872 0.0000000000 -0.3195984364
11.0583343506 0.0000000000 0.0000000000 2.1825726032 28.4945163727 0.0000000000 -0.3180712461
10.8688554764 0.0000000000 0.0000000000 2.1379497051 28.4400119781 0.0000000000 -0.3167105913
10.7144737244 0.0000000000 0.0000000000 2.0914523602 28.3857192993 0.0000000000 -0.3151640296
10.5882577896 0.0000000000 0.0000000000 2.0437014103 28.3318557739 0.0000000000 -0.3141173124
10.4847402573 0.0000000000 0.0000000000 1.9952657223 28.2769603729 0.0000000000 -0.3128058910
10.3945932388 0.0000000000 0.0000000000 1.9466980696 28.2222328186 0.0000000000 -0.3115297556
10.3081560135 0.0000000000 0.0000000000 1.8985584974 28.1663227081 0.0000000000 -0.3104997873
10.2146577835 0.0000000000 0.0000000000 1.8513351679 28.1119060516 0.0000000000 -0.3092120886
10.1071567535 0.0000000000 0.0000000000 1.8054459095 28.0585842133 0.0000000000 -0.3077870011
9.9825801849 0.0000000000 0.0000000000 1.7610776424 28.0039596558 0.0000000000 -0.3067670465
9.8424358368 0.0000000000 0.0000000000 1.7182593346 27.9514827728 0.0000000000 -0.3056527376
9.6916170120 0.0000000000 0.0000000000 1.6770457029 27.8988285065 0.0000000000 -0.3045955896
9.5371742249 0.0000000000 0.0000000000 1.6373432875 27.8471164703 0.0000000000 -0.3033796549
9.3874959946 0.0000000000 0.0000000000 1.5991063118 27.7956390381 0.0000000000 -0.3021720052
9.2467575073 0.0000000000 0.0000000000 1.5622889996 27.7455215454 0.0000000000 -0.3009315729
9.1181335449 0.0000000000 0.0000000000 1.5268188715 27.6955528259 0.0000000000 -0.2996473908
9.0030918121 0.0000000000 0.0000000000 1.4926173687 27.6446094513 0.0000000000 -0.2986891866
8.9018526077 0.0000000000 0.0000000000 1.4596573114 27.5951499939 0.0000000000 -0.2975668311
8.8138227463 0.0000000000 0.0000000000 1.4278424978 27.5468406677 0.0000000000 -0.2963703275
8.7357053757 0.0000000000 0.0000000000 1.3972167969 27.4994564056 0.0000000000 -0.2951942682
8.6635494232 0.0000000000 0.0000000000 1.3678042889 27.4533157349 0.0000000000 -0.2942047715
8.5924472809 0.0000000000 0.0000000000 1.3396610022 27.4089794159 0.0000000000 -0.2930745482
8.5204677582 0.0000000000 0.0000000000 1.3128299713 27.3670921326 0.0000000000 -0.2920414209
8.4455051422 0.0000000000 0.0000000000 1.2872698307 27.3266906738 0.0000000000 -0.2909524441
8.3665428162 0.0000000000 0.0000000000 1.2629413605 27.2872314453 0.0000000000 -0.2897650003
8.2834501266 0.0000000000 0.0000000000 1.2398315668 27.2483425140 0.0000000000 -0.2887530923
8.1971511841 0.0000000000 0.0000000000 1.2178620100 27.2104568481 0.0000000000 -0.2877857685
8.1088094711 0.0000000000 0.0000000000 1.1969683170 27.1732864380 0.0000000000 -0.2865704894
8.0200223923 0.0000000000 0.0000000000 1.1770665646 27.1360378265 0.0000000000 -0.2855203748
7.9312286377 0.0000000000 0.0000000000 1.1580955982 27.0988636017 0.0000000000 -0.2845981121
7.8433895111 0.0000000000 0.0000000000 1.1399632692 27.0610485077 0.0000000000 -0.2836520672
7.7576770782 0.0000000000 0.0000000000 1.1225855350 27.0225105286 0.0000000000 -0.2825729847
7.6730136871 0.0000000000 0.0000000000 1.1058762074 26.9841880798 0.0000000000 -0.2814919949
7.5899004936 0.0000000000 0.0000000000 1.0896987915 26.9467144012 0.0000000000 -0.2806281447
7.5077261925 0.0000000000 0.0000000000 1.0740039349 26.9096946716 0.0000000000 -0.2796653509
7.4260749817 0.0000000000 0.0000000000 1.0587034225 26.8732089996 0.0000000000 -0.2787247896
7.3452939987 0.0000000000 0.0000000000 1.0437397957 26.8373394012 0.0000000000 -0.2774143815
7.2650866508 0.0000000000 0.0000000000 1.0290616751 26.8017539978 0.0000000000 -0.2768392563
7.1856288910 0.0000000000 0.0000000000 1.0146631002 26.7663097382 0.0000000000 -0.2758787274
7.1067552567 0.0000000000 0.0000000000 1.0005552769 26.7297916412 0.0000000000 -0.2752112746
7.0293798447 0.0000000000 0.0000000000 0.9866812229 26.6923427582 0.0000000000 -0.2743745446
6.9541234970 0.0000000000 0.0000000000 0.9730284810 26.6547088623 0.0000000000 -0.2735359073
6.8810825348 0.0000000000 0.0000000000 0.9596416354 26.6177520752 0.0000000000 -0.2727917433
6.8105325699 0.0000000000 0.0000000000 0.9465248585 26.5799636841 0.0000000000 -0.2720185518
6.7420382500 0.0000000000 0.0000000000 0.9336684346 26.5428447723 0.0000000000 -0.2712582946
6.6749415398 0.0000000000 0.0000000000 0.9210848212 26.5056972504 0.0000000000 -0.2704876065
6.6094026566 0.0000000000 0.0000000000 0.9087969065 26.4683589935 0.0000000000 -0.2695285678
6.5451526642 0.0000000000 0.0000000000 0.8967912197 26.4302043915 0.0000000000 -0.2689937353
6.4819231033 0.0000000000 0.0000000000 0.8850497603 26.3914470673 0.0000000000 -0.2682139277
6.4192299843 0.0000000000 0.0000000000 0.8735706210 26.3511581421 0.0000000000 -0.2675960064
6.3575215340 0.0000000000 0.0000000000 0.8623189926 26.3114852905 0.0000000000 -0.2669352293
6.2973046303 0.0000000000 0.0000000000 0.8512704968 26.2730598450 0.0000000000 -0.2661596537
6.2380285263 0.0000000000 0.0000000000 0.8404588103 26.2355155945 0.0000000000 -0.2655105591
6.1788673401 0.0000000000 0.0000000000 0.8298781514 26.1999740601 0.0000000000 -0.2648906112
6.1204881668 0.0000000000 0.0000000000 0.8194940686 26.1648159027 0.0000000000 -0.2641493082
6.0632367134 0.0000000000 0.0000000000 0.8093057275 26.1307086945 0.0000000000 -0.2636421919
6.0073413849 0.0000000000 0.0000000000 0.7993313074 26.0968780518 0.0000000000 -0.2630592585
5.9526109695 0.0000000000 0.0000000000 0.7895743847 26.0642242432 0.0000000000 -0.2624487281
5.8986849785 0.0000000000 0.0000000000 0.7800511718 26.0321750641 0.0000000000 -0.2618715167
5.8457436562 0.0000000000 0.0000000000 0.7707618475 26.0010280609 0.0000000000 -0.2612572312
5.7930946350 0.0000000000 0.0000000000 0.7616997361 25.9693164825 0.0000000000 -0.2606874704
5.7410936356 0.0000000000 0.0000000000 0.7528557777 25.9364700317 0.0000000000 -0.2600911856
5.6895141602 0.0000000000 0.0000000000 0.7442251444 25.9035911560 0.0000000000 -0.2595220804
5.6385145187 0.0000000000 0.0000000000 0.7358173728 25.8706188202 0.0000000000 -0.2589483857
5.5882248878 0.0000000000 0.0000000000 0.7276278734 25.8371753693 0.0000000000 -0.2584055662
5.5386915207 0.0000000000 0.0000000000 0.7196500897 25.8037815094 0.0000000000 -0.2578623891
5.4898419380 0.0000000000 0.0000000000 0.7118791938 25.7698936462 0.0000000000 -0.2573093772
5.4420919418 0.0000000000 0.0000000000 0.7043620944 25.7354087830 0.0000000000 -0.2566756010
5.3953928947 0.0000000000 0.0000000000 0.6970896721 25.7009487152 0.0000000000 -0.2562690377
5.3492083549 0.0000000000 0.0000000000 0.6900301576 25.6668205261 0.0000000000 -0.2557369471
5.3037290573 0.0000000000 0.0000000000 0.6831756234 25.6334838867 0.0000000000 -0.2551906109
5.2581725121 0.0000000000 0.0000000000 0.6764818430 25.6006450653 0.0000000000 -0.2546234727
5.2131514549 0.0000000000 0.0000000000 0.6699787974 25.5685691833 0.0000000000 -0.2542873025
5.1685128212 0.0000000000 0.0000000000 0.6636548042 25.5367240906 0.0000000000 -0.2538139820
5.1243166924 0.0000000000 0.0000000000 0.6575182080 25.5050354004 0.0000000000 -0.2533189058
5.0806922913 0.0000000000 0.0000000000 0.6515461206 25.4741439819 0.0000000000 -0.2528753281
5.0373091698 0.0000000000 0.0000000000 0.6457301378 25.4439926147 0.0000000000 -0.2524284720
4.9939489365 0.0000000000 0.0000000000 0.6400419474 25.4144992828 0.0000000000 -0.2519537807
4.9512901306 0.0000000000 0.0000000000 0.6344503164 25.3840541840 0.0000000000 -0.2515408993
4.9095301628 0.0000000000 0.0000000000 0.6289161444 25.3554992676 0.0000000000 -0.2511081696
4.8685379028 0.0000000000 0.0000000000 0.6233722568 25.3273086548 0.0000000000 -0.2506147027
4.8278040886 0.0000000000 0.0000000000 0.6177959442 25.2996749878 0.0000000000 -0.2502653301
4.7873673439 0.0000000000 0.0000000000 0.6121857762 25.2721271515 0.0000000000 -0.2498569489
4.7474026680 0.0000000000 0.0000000000 0.6065430641 25.2452373505 0.0000000000 -0.2494640648
4.7079687119 0.0000000000 0.0000000000 0.6008719206 25.2199573517 0.0000000000 -0.2490616441
4.6687483788 0.0000000000 0.0000000000 0.5951765180 25.1947078705 0.0000000000 -0.2485991120
4.6304197311 0.0000000000 0.0000000000 0.5894508958 25.1692981720 0.0000000000 -0.2483047247
4.5928010941 0.0000000000 0.0000000000 0.5836735368 25.1441764832 0.0000000000 -0.2479349971
4.5562462807 0.0000000000 0.0000000000 0.5778380036 25.1188926697 0.0000000000 -0.2475361228
4.5206708908 0.0000000000 0.0000000000 0.5719842911 25.0934886932 0.0000000000 -0.2471327484
4.4857635498 0.0000000000 0.0000000000 0.5661221147 25.0680122375 0.0000000000 -0.2469246984
4.4515295029 0.0000000000 0.0000000000 0.5602618456 25.0420055389 0.0000000000 -0.2465777397
4.4178924561 0.0000000000 0.0000000000 0.5544460416 25.0159873962 0.0000000000 -0.2462932467
4.3847336769 0.0000000000 0.0000000000 0.5487072468 24.9901943207 0.0000000000 -0.2459936738
4.3519830704 0.0000000000 0.0000000000 0.5430835485 24.9641208649 0.0000000000 -0.2456936538
4.3196930885 0.0000000000 0.0000000000 0.5375673771 24.9378662109 0.0000000000 -0.2454096973
4.2877712250 0.0000000000 0.0000000000 0.5321643949 24.9127998352 0.0000000000 -0.2451196015
4.2563338280 0.0000000000 0.0000000000 0.5268450379 24.8867626190 0.0000000000 -0.2448607683
4.2253141403 0.0000000000 0.0000000000 0.5216406584 24.8617916107 0.0000000000 -0.2445790768
4.1947336197 0.0000000000 0.0000000000 0.5165588856 24.8379573822 0.0000000000 -0.2443759441
4.1642127037 0.0000000000 0.0000000000 0.5115975738 24.8145713806 0.0000000000 -0.2440669537
4.1339640617 0.0000000000 0.0000000000 0.5067571998 24.7911205292 0.0000000000 -0.2437562943
4.1042537689 0.0000000000 0.0000000000 0.5020038486 24.7676124573 0.0000000000 -0.2434841394
4.0754680634 0.0000000000 0.0000000000 0.4973348677 24.7437419891 0.0000000000 -0.2432973981
4.0474491119 0.0000000000 0.0000000000 0.4927775562 24.7205162048 0.0000000000 -0.2430131435
4.0202097893 0.0000000000 0.0000000000 0.4883476496 24.6957492828 0.0000000000 -0.2427581549
3.9936835766 0.0000000000 0.0000000000 0.4840352237 24.6713733673 0.0000000000 -0.2425491214
3.9679601192 0.0000000000 0.0000000000 0.4798723161 24.6471920013 0.0000000000 -0.2423316240
3.9429588318 0.0000000000 0.0000000000 0.4758453071 24.6227378845 0.0000000000 -0.2420225143
3.9188511372 0.0000000000 0.0000000000 0.4719497859 24.5984554291 0.0000000000 -0.2418712974
3.8949496746 0.0000000000 0.0000000000 0.4682094455 24.5739459991 0.0000000000 -0.2415392995
3.8711433411 0.0000000000 0.0000000000 0.4646287858 24.5494766235 0.0000000000 -0.2414150238
3.8474590778 0.0000000000 0.0000000000 0.4611923695 24.5267753601 0.0000000000 -0.2412077188
3.8238859177 0.0000000000 0.0000000000 0.4578943551 24.5019073486 0.0000000000 -0.2409662902
3.8003125191 0.0000000000 0.0000000000 0.4547095597 24.4783000946 0.0000000000 -0.2406986654
3.7768647671 0.0000000000 0.0000000000 0.4516083002 24.4548301697 0.0000000000 -0.2404985726
3.7534422874 0.0000000000 0.0000000000 0.4485897422 24.4315948486 0.0000000000 -0.2402021587
3.7299981117 0.0000000000 0.0000000000 0.4456460178 24.4093322754 0.0000000000 -0.2399840951
3.7067012787 0.0000000000 0.0000000000 0.4427372515 24.3876800537 0.0000000000 -0.2398011088
3.6832807064 0.0000000000 0.0000000000 0.4398505390 24.3674354553 0.0000000000 -0.2395502925
3.6599104404 0.0000000000 0.0000000000 0.4369582832 24.3486976624 0.0000000000 -0.2393336892
3.6369378567 0.0000000000 0.0000000000 0.4340424538 24.3275032043 0.0000000000 -0.2391044199
3.6144838333 0.0000000000 0.0000000000 0.4311152697 24.3068656921 0.0000000000 -0.2388757467
3.5923953056 0.0000000000 0.0000000000 0.4281993806 24.2871322632 0.0000000000 -0.2386397719
3.5706152916 0.0000000000 0.0000000000 0.4253418446 24.2673892975 0.0000000000 -0.2384215593
3.5492696762 0.0000000000 0.0000000000 0.4225165546 24.2476348877 0.0000000000 -0.2381969392
3.5283784866 0.0000000000 0.0000000000 0.4197091460 24.2288951874 0.0000000000 -0.2379748821
3.5078065395 0.0000000000 0.0000000000 0.4169223309 24.2104492188 0.0000000000 -0.2375558615
3.4875133038 0.0000000000 0.0000000000 0.4141708016 24.1931915283 0.0000000000 -0.2375150621
3.4675474167 0.0000000000 0.0000000000 0.4114425778 24.1763744354 0.0000000000 -0.2373079658
3.4478960037 0.0000000000 0.0000000000 0.4087681174 24.1598091125 0.0000000000 -0.2370922565
3.4286851883 0.0000000000 0.0000000000 0.4061365426 24.1437435150 0.0000000000 -0.2368604541
3.4099433422 0.0000000000 0.0000000000 0.4035417736 24.1274852753 0.0000000000 -0.2366672456
3.3916220665 0.0000000000 0.0000000000 0.4009645581 24.1130123138 0.0000000000 -0.2364323735
3.3737266064 0.0000000000 0.0000000000 0.3983959556 24.0972137451 0.0000000000 -0.2362379730
3.3560883999 0.0000000000 0.0000000000 0.3958566189 24.0821628571 0.0000000000 -0.2359771430
3.3392581940 0.0000000000 0.0000000000 0.3933566511 24.0674285889 0.0000000000 -0.2357876599
3.3230524063 0.0000000000 0.0000000000 0.3909342885 24.0528182983 0.0000000000 -0.2356348038
3.3071601391 0.0000000000 0.0000000000 0.3886113763 24.0378341675 0.0000000000 -0.2354161143
3.2917299271 0.0000000000 0.0000000000 0.3863441944 24.0234222412 0.0000000000 -0.2352368236
3.2767832279 0.0000000000 0.0000000000 0.3841329217 24.0091362000 0.0000000000 -0.2350353897
3.2620732784 0.0000000000 0.0000000000 0.3819792569 23.9944038391 0.0000000000 -0.2348310351
3.2475652695 0.0000000000 0.0000000000 0.3798815608 23.9795017242 0.0000000000 -0.2346300483
3.2331972122 0.0000000000 0.0000000000 0.3778403103 23.9638824463 0.0000000000 -0.2343779504
3.2190637589 0.0000000000 0.0000000000 0.3758196235 23.9479427338 0.0000000000 -0.2341987491
3.2051591873 0.0000000000 0.0000000000 0.3738024235 23.9315052032 0.0000000000 -0.2340106666
3.1919176579 0.0000000000 0.0000000000 0.3717899024 23.9159851074 0.0000000000 -0.2337997854
3.1789450645 0.0000000000 0.0000000000 0.3697868288 23.9011688232 0.0000000000 -0.2335723639
3.1665315628 0.0000000000 0.0000000000 0.3677914739 23.8867378235 0.0000000000 -0.2333480716
3.1547429562 0.0000000000 0.0000000000 0.3658118546 23.8726978302 0.0000000000 -0.2331382632
3.1437940598 0.0000000000 0.0000000000 0.3638660014 23.8589630127 0.0000000000 -0.2329277396
3.1336700916 0.0000000000 0.0000000000 0.3619460464 23.8447685242 0.0000000000 -0.2326858640
3.1242418289 0.0000000000 0.0000000000 0.3600778282 23.8302783966 0.0000000000 -0.2324530482
3.1152181625 0.0000000000 0.0000000000 0.3582840860 23.8156547546 0.0000000000 -0.2321709991
3.1065380573 0.0000000000 0.0000000000 0.3565309048 23.8007907867 0.0000000000 -0.2319709659
3.0978415012 0.0000000000 0.0000000000 0.3548317850 23.7859897614 0.0000000000 -0.2317277193
3.0891773701 0.0000000000 0.0000000000 0.3531800508 23.7712440491 0.0000000000 -0.2314780354
3.0804531574 0.0000000000 0.0000000000 0.3515640497 23.7566204071 0.0000000000 -0.2312250137
3.0715970993 0.0000000000 0.0000000000 0.3499611020 23.7417144775 0.0000000000 -0.2309712172
3.0624666214 0.0000000000 0.0000000000 0.3483877480 23.7265834808 0.0000000000 -0.2307110131
3.0530467033 0.0000000000 0.0000000000 0.3468408585 23.7112598419 0.0000000000 -0.2304262519
3.0433373451 0.0000000000 0.0000000000 0.3453052938 23.6960582733 0.0000000000 -0.2301715612
3.0333878994 0.0000000000 0.0000000000 0.3437776566 23.6804027557 0.0000000000 -0.2299070954
3.0232682228 0.0000000000 0.0000000000 0.3422555029 23.6645565033 0.0000000000 -0.2296228111
3.0128674507 0.0000000000 0.0000000000 0.3407334685 23.6489028931 0.0000000000 -0.2293218374
3.0024952888 0.0000000000 0.0000000000 0.3392118812 23.6323070526 0.0000000000 -0.2290441096
2.9919240475 0.0000000000 0.0000000000 0.3377020657 23.6154842377 0.0000000000 -0.2287067771
2.9814431667 0.0000000000 0.0000000000 0.3362327218 23.5991363525 0.0000000000 -0.2284834683
2.9707989693 0.0000000000 0.0000000000 0.3347955048 23.5827465057 0.0000000000 -0.2281989455
2.9601345062 0.0000000000 0.0000000000 0.3333972692 23.5663909912 0.0000000000 -0.2279124856
2.9494545460 0.0000000000 0.0000000000 0.3320477307 23.5501995087 0.0000000000 -0.2276428342
2.9387278557 0.0000000000 0.0000000000 0.3307384551 23.5354785919 0.0000000000 -0.2273242474
2.9282019138 0.0000000000 0.0000000000 0.3294558227 23.5210895538 0.0000000000 -0.2270167470
2.9180316925 0.0000000000 0.0000000000 0.3281776309 23.5079975128 0.0000000000 -0.2267497182
2.9084112644 0.0000000000 0.0000000000 0.3268845379 23.4945526123 0.0000000000 -0.2264789939
2.8992960453 0.0000000000 0.0000000000 0.3255689740 23.4811019897 0.0000000000 -0.2262645364
2.8905277252 0.0000000000 0.0000000000 0.3242282569 23.4681205750 0.0000000000 -0.2259538472
2.8820798397 0.0000000000 0.0000000000 0.3228667378 23.4557952881 0.0000000000 -0.2257472873
2.8739089966 0.0000000000 0.0000000000 0.3215342164 23.4437999725 0.0000000000 -0.2254826427
2.8659431934 0.0000000000 0.0000000000 0.3202222884 23.4324226379 0.0000000000 -0.2251827717
2.8582949638 0.0000000000 0.0000000000 0.3189279437 23.4212131500 0.0000000000 -0.2249692678
2.8509392738 0.0000000000 0.0000000000 0.3176586628 23.4096393585 0.0000000000 -0.2247323394
2.8437519073 0.0000000000 0.0000000000 0.3164070845 23.3986434937 0.0000000000 -0.2244875133
2.8369359970 0.0000000000 0.0000000000 0.3151750565 23.3875007629 0.0000000000 -0.2242370844
2.8303833008 0.0000000000 0.0000000000 0.3139385879 23.3769721985 0.0000000000 -0.2239902616
2.8242623806 0.0000000000 0.0000000000 0.3126898408 23.3657360077 0.0000000000 -0.2237408161
2.8185255527 0.0000000000 0.0000000000 0.3114596009 23.3531703949 0.0000000000 -0.2234923244
2.8130757809 0.0000000000 0.0000000000 0.3102316558 23.3413448334 0.0000000000 -0.2232277393
2.8079180717 0.0000000000 0.0000000000 0.3089984059 23.3296318054 0.0000000000 -0.2229981422
2.8029899597 0.0000000000 0.0000000000 0.3077982664 23.3177299500 0.0000000000 -0.2227537334
2.7982788086 0.0000000000 0.0000000000 0.3066508472 23.3055915833 0.0000000000 -0.2225120366
2.7938194275 0.0000000000 0.0000000000 0.3055130541 23.2943267822 0.0000000000 -0.2222676575
2.7895145416 0.0000000000 0.0000000000 0.3043573797 23.2823295593 0.0000000000 -0.2220267057
2.7854053974 0.0000000000 0.0000000000 0.3031835556 23.2706432343 0.0000000000 -0.2217805982
2.7813980579 0.0000000000 0.0000000000 0.3020180762 23.2596607208 0.0000000000 -0.2215485871
2.7774357796 0.0000000000 0.0000000000 0.3009050488 23.2489681244 0.0000000000 -0.2212957442
2.7735555172 0.0000000000 0.0000000000 0.2998406589 23.2378177643 0.0000000000 -0.2211025953
2.7696292400 0.0000000000 0.0000000000 0.2988294065 23.2266006470 0.0000000000 -0.2207717299
2.7661242485 0.0000000000 0.0000000000 0.2978702486 23.2155990601 0.0000000000 -0.2205494940
2.7625043392 0.0000000000 0.0000000000 0.2969391644 23.2051601410 0.0000000000 -0.2203868628
2.7587876320 0.0000000000 0.0000000000 0.2960209846 23.1948757172 0.0000000000 -0.2201721668
2.7549946308 0.0000000000 0.0000000000 0.2950855196 23.1839294434 0.0000000000 -0.2199488878
2.7512009144 0.0000000000 0.0000000000 0.2941374183 23.1725234985 0.0000000000 -0.2197295129
2.7475128174 0.0000000000 0.0000000000 0.2931982279 23.1604785919 0.0000000000 -0.2195066214
2.7439770699 0.0000000000 0.0000000000 0.2922927141 23.1481151581 0.0000000000 -0.2192963362
2.7407002449 0.0000000000 0.0000000000 0.2914370894 23.1346111298 0.0000000000 -0.2190818787
2.7377657890 0.0000000000 0.0000000000 0.2906364799 23.1198177338 0.0000000000 -0.2188463211
2.7351725101 0.0000000000 0.0000000000 0.2898420095 23.1058197021 0.0000000000 -0.2186527252
2.7326381207 0.0000000000 0.0000000000 0.2890274227 23.0916862488 0.0000000000 -0.2184420824
2.7301685810 0.0000000000 0.0000000000 0.2882257104 23.0778446198 0.0000000000 -0.2182256281
2.7277805805 0.0000000000 0.0000000000 0.2874654531 23.0644683838 0.0000000000 -0.2180079520
2.7253248692 0.0000000000 0.0000000000 0.2867397070 23.0521450043 0.0000000000 -0.2177849412
2.7226898670 0.0000000000 0.0000000000 0.2860319614 23.0401039124 0.0000000000 -0.2175593078
2.7196676731 0.0000000000 0.0000000000 0.2852970958 23.0290355682 0.0000000000 -0.2173441052
2.7161107063 0.0000000000 0.0000000000 0.2845523059 23.0189094543 0.0000000000 -0.2171362042
2.7120854855 0.0000000000 0.0000000000 0.2838215530 23.0096416473 0.0000000000 -0.2168828249
2.7076654434 0.0000000000 0.0000000000 0.2831219137 23.0013656616 0.0000000000 -0.2167246342
2.7028629780 0.0000000000 0.0000000000 0.2824330330 22.9925346375 0.0000000000 -0.2165216804
2.6977369785 0.0000000000 0.0000000000 0.2817231119 22.9833030701 0.0000000000 -0.2163236141
2.6924161911 0.0000000000 0.0000000000 0.2810052335 22.9738349915 0.0000000000 -0.2161412537
2.6867871284 0.0000000000 0.0000000000 0.2802823484 22.9644775391 0.0000000000 -0.2159462273
2.6809515953 0.0000000000 0.0000000000 0.2795554996 22.9558124542 0.0000000000 -0.2157724500
2.6749908924 0.0000000000 0.0000000000 0.2788774967 22.9468402863 0.0000000000 -0.2155898213
2.6690504551 0.0000000000 0.0000000000 0.2782718241 22.9370174408 0.0000000000 -0.2154061794
2.6632127762 0.0000000000 0.0000000000 0.2777574956 22.9262828827 0.0000000000 -0.2152245045
2.6576092243 0.0000000000 0.0000000000 0.2773027122 22.9146423340 0.0000000000 -0.2150353193
2.6523127556 0.0000000000 0.0000000000 0.2768845856 22.9020843506 0.0000000000 -0.2148360610
2.6473312378 0.0000000000 0.0000000000 0.2765360177 22.8897876740 0.0000000000 -0.2146580815
2.6426191330 0.0000000000 0.0000000000 0.2762559354 22.8767910004 0.0000000000 -0.2144678831
2.6380705833 0.0000000000 0.0000000000 0.2760621607 22.8632431030 0.0000000000 -0.2142769992
2.6337611675 0.0000000000 0.0000000000 0.2759304345 22.8489875793 0.0000000000 -0.2140873671
2.6296947002 0.0000000000 0.0000000000 0.2758250833 22.8345985413 0.0000000000 -0.2139364481
2.6260526180 0.0000000000 0.0000000000 0.2757378817 22.8205318451 0.0000000000 -0.2137055397
2.6226544380 0.0000000000 0.0000000000 0.2756726444 22.8061943054 0.0000000000 -0.2135220468
2.6194319725 0.0000000000 0.0000000000 0.2756211758 22.7922382355 0.0000000000 -0.2133417726
2.6162803173 0.0000000000 0.0000000000 0.2755630612 22.7781543732 0.0000000000 -0.2131780386
2.6133394241 0.0000000000 0.0000000000 0.2754870057 22.7637386322 0.0000000000 -0.2129893005
2.6103994846 0.0000000000 0.0000000000 0.2754066288 22.7498054504 0.0000000000 -0.2128238082
2.6074008942 0.0000000000 0.0000000000 0.2753051519 22.7365474701 0.0000000000 -0.2126417756
2.6043221951 0.0000000000 0.0000000000 0.2751604617 22.7234363556 0.0000000000 -0.2124694586
2.6012504101 0.0000000000 0.0000000000 0.2750174105 22.7101058960 0.0000000000 -0.2122965455
2.5981490612 0.0000000000 0.0000000000 0.2748576701 22.6967163086 0.0000000000 -0.2121234536
2.5951113701 0.0000000000 0.0000000000 0.2746717930 22.6832523346 0.0000000000 -0.2119496763
2.5922393799 0.0000000000 0.0000000000 0.2744664550 22.6697559357 0.0000000000 -0.2117748559
2.5895531178 0.0000000000 0.0000000000 0.2742546797 22.6556148529 0.0000000000 -0.2116001248
2.5869877338 0.0000000000 0.0000000000 0.2740364969 22.6410045624 0.0000000000 -0.2114273906
2.5845558643 0.0000000000 0.0000000000 0.2737942040 22.6259460449 0.0000000000 -0.2112528980
2.5822904110 0.0000000000 0.0000000000 0.2735678554 22.6104278564 0.0000000000 -0.2110764384
2.5802702904 0.0000000000 0.0000000000 0.2733817101 22.5948677063 0.0000000000 -0.2109071016
2.5784513950 0.0000000000 0.0000000000 0.2732582390 22.5793762207 0.0000000000 -0.2107091248
2.5767040253 0.0000000000 0.0000000000 0.2731916308 22.5642890930 0.0000000000 -0.2105604708
2.5750081539 0.0000000000 0.0000000000 0.2731711864 22.5476875305 0.0000000000 -0.2103444338
2.5735003948 0.0000000000 0.0000000000 0.2731206715 22.5312576294 0.0000000000 -0.2102166116
2.5720021725 0.0000000000 0.0000000000 0.2730223835 22.5153179169 0.0000000000 -0.2100430727
2.5705857277 0.0000000000 0.0000000000 0.2728798985 22.4989738464 0.0000000000 -0.2098619640
2.5692651272 0.0000000000 0.0000000000 0.2727531791 22.4825420380 0.0000000000 -0.2096894383
2.5677900314 0.0000000000 0.0000000000 0.2726682127 22.4659004211 0.0000000000 -0.2095099688
2.5662610531 0.0000000000 0.0000000000 0.2726272047 22.4490833282 0.0000000000 -0.2093299925
2.5647099018 0.0000000000 0.0000000000 0.2725874484 22.4327106476 0.0000000000 -0.2091512978
2.5631027222 0.0000000000 0.0000000000 0.2725511789 22.4169178009 0.0000000000 -0.2089651227
2.5614845753 0.0000000000 0.0000000000 0.2724946737 22.4019680023 0.0000000000 -0.2087827921
2.5597894192 0.0000000000 0.0000000000 0.2724575400 22.3882675171 0.0000000000 -0.2085996568
2.5580136776 0.0000000000 0.0000000000 0.2724414468 22.3718757629 0.0000000000 -0.2084159553
2.5562222004 0.0000000000 0.0000000000 0.2724643648 22.3563766479 0.0000000000 -0.2082283497
2.5544502735 0.0000000000 0.0000000000 0.2725108564 22.3412990570 0.0000000000 -0.2080485225
2.5527400970 0.0000000000 0.0000000000 0.2725616693 22.3265743256 0.0000000000 -0.2078616321
2.5511655807 0.0000000000 0.0000000000 0.2726081908 22.3119010925 0.0000000000 -0.2076771855
2.5496227741 0.0000000000 0.0000000000 0.2726487815 22.2963008881 0.0000000000 -0.2074958086
2.5482468605 0.0000000000 0.0000000000 0.2726418078 22.2810211182 0.0000000000 -0.2073137164
2.5470898151 0.0000000000 0.0000000000 0.2726328969 22.2661247253 0.0000000000 -0.2071375251
2.5461583138 0.0000000000 0.0000000000 0.2726246715 22.2531986237 0.0000000000 -0.2069610655
2.5454540253 0.0000000000 0.0000000000 0.2725899518 22.2348499298 0.0000000000 -0.2067422867
2.5449283123 0.0000000000 0.0000000000 0.2725085616 22.2194633484 0.0000000000 -0.2066221237
2.5446333885 0.0000000000 0.0000000000 0.2723647058 22.2040004730 0.0000000000 -0.2064421475
2.5446255207 0.0000000000 0.0000000000 0.2721363306 22.1883316040 0.0000000000 -0.2062719464
2.5448672771 0.0000000000 0.0000000000 0.2718182802 22.1728000641 0.0000000000 -0.2061021924
2.5451767445 0.0000000000 0.0000000000 0.2714807987 22.1574573517 0.0000000000 -0.2059332728
2.5455095768 0.0000000000 0.0000000000 0.2711609006 22.1422176361 0.0000000000 -0.2057677805
2.5458519459 0.0000000000 0.0000000000 0.2708632350 22.1270484924 0.0000000000 -0.2056006491
2.5463109016 0.0000000000 0.0000000000 0.2705979049 22.1113815308 0.0000000000 -0.2054370940
2.5470077991 0.0000000000 0.0000000000 0.2703194618 22.0953502655 0.0000000000 -0.2052766085
2.5480811596 0.0000000000 0.0000000000 0.2699971199 22.0789661407 0.0000000000 -0.2051235139
2.5493600368 0.0000000000 0.0000000000 0.2696600556 22.0627288818 0.0000000000 -0.2049614191
2.5507237911 0.0000000000 0.0000000000 0.2692830861 22.0465908051 0.0000000000 -0.2048123181
2.5521695614 0.0000000000 0.0000000000 0.2688293457 22.0305919647 0.0000000000 -0.2046592236
2.5537660122 0.0000000000 0.0000000000 0.2682900727 22.0144519806 0.0000000000 -0.2045096755
2.5555558205 0.0000000000 0.0000000000 0.2676904798 21.9981861115 0.0000000000 -0.2043653131
2.5574090481 0.0000000000 0.0000000000 0.2670210898 21.9823646545 0.0000000000 -0.2042211294
2.5595207214 0.0000000000 0.0000000000 0.2662260830 21.9665679932 0.0000000000 -0.2040156722
2.5618624687 0.0000000000 0.0000000000 0.2653761506 21.9512081146 0.0000000000 -0.2039310932
2.5641856194 0.0000000000 0.0000000000 0.2644969523 21.9358310699 0.0000000000 -0.2038037181
2.5663182735 0.0000000000 0.0000000000 0.2636334598 21.9206562042 0.0000000000 -0.2036634982
2.5683012009 0.0000000000 0.0000000000 0.2628096342 21.9053993225 0.0000000000 -0.2035242319
2.5702192783 0.0000000000 0.0000000000 0.2620663941 21.8902873993 0.0000000000 -0.2033903599
2.5721318722 0.0000000000 0.0000000000 0.2614022791 21.8755283356 0.0000000000 -0.2032580972
2.5739057064 0.0000000000 0.0000000000 0.2608185410 21.8609333038 0.0000000000 -0.2031528950
2.5753819942 0.0000000000 0.0000000000 0.2603470087 21.8472499847 0.0000000000 -0.2030017972
2.5766906738 0.0000000000 0.0000000000 0.2599861324 21.8341808319 0.0000000000 -0.2028601170
2.5779168606 0.0000000000 0.0000000000 0.2597109675 21.8215751648 0.0000000000 -0.2027301192
2.5791678429 0.0000000000 0.0000000000 0.2594861388 21.8091945648 0.0000000000 -0.2025988102
2.5804290771 0.0000000000 0.0000000000 0.2593015730 21.7969951630 0.0000000000 -0.2024654746
2.5817639828 0.0000000000 0.0000000000 0.2591184676 21.7851371765 0.0000000000 -0.2023352981
2.5831375122 0.0000000000 0.0000000000 0.2589441836 21.7737178802 0.0000000000 -0.2022101581
2.5844945908 0.0000000000 0.0000000000 0.2587535381 21.7627773285 0.0000000000 -0.2020761371
2.5859491825 0.0000000000 0.0000000000 0.2585341632 21.7523040771 0.0000000000 -0.2019507885
2.5874073505 0.0000000000 0.0000000000 0.2582834959 21.7420196533 0.0000000000 -0.2018203139
2.5888838768 0.0000000000 0.0000000000 0.2579810023 21.7318878174 0.0000000000 -0.2016927600
2.5904178619 0.0000000000 0.0000000000 0.2575984597 21.7215633392 0.0000000000 -0.2015662491
2.5920138359 0.0000000000 0.0000000000 0.2572069466 21.7104949951 0.0000000000 -0.2014371753
2.5936632156 0.0000000000 0.0000000000 0.2568230629 21.6990451813 0.0000000000 -0.2013110518
2.5953996181 0.0000000000 0.0000000000 0.2564817369 21.6873722076 0.0000000000 -0.2011885643
2.5972089767 0.0000000000 0.0000000000 0.2561792433 21.6754150391 0.0000000000 -0.2010630369
2.5989763737 0.0000000000 0.0000000000 0.2559126914 21.6639480591 0.0000000000 -0.2009413242
2.6006588936 0.0000000000 0.0000000000 0.2556766570 21.6526393890 0.0000000000 -0.2008192539
2.6023457050 0.0000000000 0.0000000000 0.2554902732 21.6414337158 0.0000000000 -0.2006930709
2.6040289402 0.0000000000 0.0000000000 0.2553416491 21.6303081512 0.0000000000 -0.2005719244
2.6056747437 0.0000000000 0.0000000000 0.2551935613 21.6194877625 0.0000000000 -0.2004482150
2.6073884964 0.0000000000 0.0000000000 0.2550409436 21.6087760925 0.0000000000 -0.2003232837
2.6091575623 0.0000000000 0.0000000000 0.2548383474 21.5987205505 0.0000000000 -0.2002021670
2.6110553741 0.0000000000 0.0000000000 0.2546204925 21.5890197754 0.0000000000 -0.2000794411
2.6128883362 0.0000000000 0.0000000000 0.2544080913 21.5802974701 0.0000000000 -0.1999580562
2.6145534515 0.0000000000 0.0000000000 0.2542107999 21.5699558258 0.0000000000 -0.1998367310
2.6160645485 0.0000000000 0.0000000000 0.2539678216 21.5605430603 0.0000000000 -0.1997149587
2.6175208092 0.0000000000 0.0000000000 0.2536979318 21.5514278412 0.0000000000 -0.1995900273
2.6189360619 0.0000000000 0.0000000000 0.2534280419 21.5424633026 0.0000000000 -0.1994705796
2.6204187870 0.0000000000 0.0000000000 0.2531656623 21.5339336395 0.0000000000 -0.1993511617
2.6221656799 0.0000000000 0.0000000000 0.2528910339 21.5254783630 0.0000000000 -0.1992295682
2.6242618561 0.0000000000 0.0000000000 0.2526174188 21.5167484283 0.0000000000 -0.1991069913
2.6265056133 0.0000000000 0.0000000000 0.2523602545 21.5079460144 0.0000000000 -0.1989839971
2.6289703846 0.0000000000 0.0000000000 0.2521267831 21.4988765717 0.0000000000 -0.1988567710
2.6315646172 0.0000000000 0.0000000000 0.2519086301 21.4899921417 0.0000000000 -0.1987223923
2.6341955662 0.0000000000 0.0000000000 0.2517072558 21.4800910950 0.0000000000 -0.1986169815
2.6367473602 0.0000000000 0.0000000000 0.2515240908 21.4695320129 0.0000000000 -0.1984960437
2.6391496658 0.0000000000 0.0000000000 0.2513336539 21.4584732056 0.0000000000 -0.1983754635
2.6412270069 0.0000000000 0.0000000000 0.2511222959 21.4469127655 0.0000000000 -0.1982533336
2.6431350708 0.0000000000 0.0000000000 0.2508735061 21.4351310730 0.0000000000 -0.1981314421
2.6449553967 0.0000000000 0.0000000000 0.2505968511 21.4234714508 0.0000000000 -0.1980068982
2.6466867924 0.0000000000 0.0000000000 0.2503224611 21.4122753143 0.0000000000 -0.1978852153
2.6483173370 0.0000000000 0.0000000000 0.2500752509 21.4017066956 0.0000000000 -0.1977667212
2.6498606205 0.0000000000 0.0000000000 0.2498438209 21.3907604218 0.0000000000 -0.1976471245
2.6513915062 0.0000000000 0.0000000000 0.2496090829 21.3802261353 0.0000000000 -0.1975255013
2.6529388428 0.0000000000 0.0000000000 0.2493568361 21.3699150085 0.0000000000 -0.1974043846
2.6546401978 0.0000000000 0.0000000000 0.2490766495 21.3583431244 0.0000000000 -0.1972825825
2.6565597057 0.0000000000 0.0000000000 0.2487569600 21.3460788727 0.0000000000 -0.1971613169
2.6587913036 0.0000000000 0.0000000000 0.2484070957 21.3347530365 0.0000000000 -0.1970408559
2.6614387035 0.0000000000 0.0000000000 0.2480538040 21.3240966797 0.0000000000 -0.1969163418
2.6645061970 0.0000000000 0.0000000000 0.2477013320 21.3136234283 0.0000000000 -0.1967957616
2.6678466797 0.0000000000 0.0000000000 0.2473761439 21.3046474457 0.0000000000 -0.1966780126
2.6712262630 0.0000000000 0.0000000000 0.2470766306 21.2924995422 0.0000000000 -0.1965599954
2.6744980812 0.0000000000 0.0000000000 0.2467685193 21.2822227478 0.0000000000 -0.1964448094
2.6777381897 0.0000000000 0.0000000000 0.2464704365 21.2719726562 0.0000000000 -0.1963310838
2.6808784008 0.0000000000 0.0000000000 0.2461590469 21.2615394592 0.0000000000 -0.1962198615
2.6838884354 0.0000000000 0.0000000000 0.2458475381 21.2522754669 0.0000000000 -0.1961112618
2.6867547035 0.0000000000 0.0000000000 0.2455810159 21.2430191040 0.0000000000 -0.1959978938
2.6895718575 0.0000000000 0.0000000000 0.2453594059 21.2335815430 0.0000000000 -0.1958938837
2.6924340725 0.0000000000 0.0000000000 0.2451937646 21.2238693237 0.0000000000 -0.1957890987
2.6953837872 0.0000000000 0.0000000000 0.2450451255 21.2140178680 0.0000000000 -0.1956858039
2.6984515190 0.0000000000 0.0000000000 0.2449297160 21.2038192749 0.0000000000 -0.1955816150
2.7016205788 0.0000000000 0.0000000000 0.2448712587 21.1935634613 0.0000000000 -0.1954714656
2.7047233582 0.0000000000 0.0000000000 0.2448592037 21.1834564209 0.0000000000 -0.1953799129
2.7075271606 0.0000000000 0.0000000000 0.2448896021 21.1733875275 0.0000000000 -0.1952890754
2.7101359367 0.0000000000 0.0000000000 0.2449280173 21.1632366180 0.0000000000 -0.1951899529
2.7125251293 0.0000000000 0.0000000000 0.2449636459 21.1533813477 0.0000000000 -0.1950932741
2.7146673203 0.0000000000 0.0000000000 0.2450413555 21.1433525085 0.0000000000 -0.1950012445
2.7166938782 0.0000000000 0.0000000000 0.2451369166 21.1332244873 0.0000000000 -0.1949095428
2.7185819149 0.0000000000 0.0000000000 0.2451631129 21.1232032776 0.0000000000 -0.1948182881
2.7205018997 0.0000000000 0.0000000000 0.2451162040 21.1132545471 0.0000000000 -0.1947275400
2.7226502895 0.0000000000 0.0000000000 0.2450081557 21.1035041809 0.0000000000 -0.1946388483
2.7248716354 0.0000000000 0.0000000000 0.2448784560 21.0932922363 0.0000000000 -0.1945496202
2.7271094322 0.0000000000 0.0000000000 0.2447526008 21.0835590363 0.0000000000 -0.1944565177
2.7293331623 0.0000000000 0.0000000000 0.2446284592 21.0736255646 0.0000000000 -0.1943954229
2.7313935757 0.0000000000 0.0000000000 0.2445252389 21.0635814667 0.0000000000 -0.1942724586
2.7333238125 0.0000000000 0.0000000000 0.2444188893 21.0538654327 0.0000000000 -0.1941775382
2.7351129055 0.0000000000 0.0000000000 0.2443291545 21.0442790985 0.0000000000 -0.1940881610
2.7366745472 0.0000000000 0.0000000000 0.2442798913 21.0347194672 0.0000000000 -0.1939947009
2.7380869389 0.0000000000 0.0000000000 0.2442953289 21.0251846313 0.0000000000 -0.1939010620
2.7395207882 0.0000000000 0.0000000000 0.2443540096 21.0152015686 0.0000000000 -0.1938082576
2.7409250736 0.0000000000 0.0000000000 0.2444558591 21.0048618317 0.0000000000 -0.1937166154
2.7425355911 0.0000000000 0.0000000000 0.2445912063 20.9939441681 0.0000000000 -0.1936169267
2.7444603443 0.0000000000 0.0000000000 0.2446782738 20.9835643768 0.0000000000 -0.1935342550
2.7467982769 0.0000000000 0.0000000000 0.2447148561 20.9730014801 0.0000000000 -0.1934430599
2.7494840622 0.0000000000 0.0000000000 0.2447367758 20.9622592926 0.0000000000 -0.1933543086
2.7525143623 0.0000000000 0.0000000000 0.2447278649 20.9516201019 0.0000000000 -0.1932675242
2.7558033466 0.0000000000 0.0000000000 0.2446879894 20.9407386780 0.0000000000 -0.1931845546
2.7592861652 0.0000000000 0.0000000000 0.2446228713 20.9293804169 0.0000000000 -0.1931024194
2.7626681328 0.0000000000 0.0000000000 0.2445330322 20.9179210663 0.0000000000 -0.1930203438
2.7658729553 0.0000000000 0.0000000000 0.2443778217 20.9065971375 0.0000000000 -0.1929481030
2.7688329220 0.0000000000 0.0000000000 0.2441915572 20.8953762054 0.0000000000 -0.1928759813
2.7713747025 0.0000000000 0.0000000000 0.2439975590 20.8841915131 0.0000000000 -0.1927970052
2.7737872601 0.0000000000 0.0000000000 0.2437971085 20.8734302521 0.0000000000 -0.1927248240
2.7759416103 0.0000000000 0.0000000000 0.2436050326 20.8630313873 0.0000000000 -0.1926550269
2.7781519890 0.0000000000 0.0000000000 0.2434531450 20.8526763916 0.0000000000 -0.1925761104
2.7803790569 0.0000000000 0.0000000000 0.2432781607 20.8423233032 0.0000000000 -0.1925015450
2.7826266289 0.0000000000 0.0000000000 0.2431030869 20.8319816589 0.0000000000 -0.1924279332
2.7847387791 0.0000000000 0.0000000000 0.2429490983 20.8212394714 0.0000000000 -0.1923527122
2.7868285179 0.0000000000 0.0000000000 0.2428041250 20.8104286194 0.0000000000 -0.1922644973
2.7888934612 0.0000000000 0.0000000000 0.2426618040 20.8003044128 0.0000000000 -0.1922110021
2.7908968925 0.0000000000 0.0000000000 0.2424942255 20.7901401520 0.0000000000 -0.1921401918
2.7927160263 0.0000000000 0.0000000000 0.2423426360 20.7800102234 0.0000000000 -0.1920590997
2.7942969799 0.0000000000 0.0000000000 0.2422117293 20.7699394226 0.0000000000 -0.1919859648
2.7958328724 0.0000000000 0.0000000000 0.2420803308 20.7599945068 0.0000000000 -0.1919172406
2.7973141670 0.0000000000 0.0000000000 0.2419893444 20.7500553131 0.0000000000 -0.1918546557
2.7987439632 0.0000000000 0.0000000000 0.2419662029 20.7403278351 0.0000000000 -0.1917767525
2.7999901772 0.0000000000 0.0000000000 0.2419686019 20.7322902679 0.0000000000 -0.1917100549
2.8010621071 0.0000000000 0.0000000000 0.2419855744 20.7244071960 0.0000000000 -0.1916433573
2.8020119667 0.0000000000 0.0000000000 0.2419536412 20.7163925171 0.0000000000 -0.1915807128
2.8029475212 0.0000000000 0.0000000000 0.2418957353 20.7081604004 0.0000000000 -0.1915164590
2.8038249016 0.0000000000 0.0000000000 0.2417979538 20.6997852325 0.0000000000 -0.1914486885
2.8046939373 0.0000000000 0.0000000000 0.2417103350 20.6914558411 0.0000000000 -0.1913942695
2.8057129383 0.0000000000 0.0000000000 0.2416172624 20.6839904785 0.0000000000 -0.1913435459
2.8070113659 0.0000000000 0.0000000000 0.2415349483 20.6767215729 0.0000000000 -0.1913183331
2.8085038662 0.0000000000 0.0000000000 0.2414128184 20.6704864502 0.0000000000 -0.1912193894
2.8104615211 0.0000000000 0.0000000000 0.2413197011 20.6642532349 0.0000000000 -0.1911648512
2.8127355576 0.0000000000 0.0000000000 0.2412330806 20.6593475342 0.0000000000 -0.1911120117
2.8152182102 0.0000000000 0.0000000000 0.2411529273 20.6546669006 0.0000000000 -0.1910544634
2.8177621365 0.0000000000 0.0000000000 0.2410628945 20.6507205963 0.0000000000 -0.1910058260
2.8202569485 0.0000000000 0.0000000000 0.2409458160 20.6459331512 0.0000000000 -0.1909555197
2.8227648735 0.0000000000 0.0000000000 0.2408011854 20.6406555176 0.0000000000 -0.1909064651
2.8251180649 0.0000000000 0.0000000000 0.2405954748 20.6354084015 0.0000000000 -0.1908677518
2.8272726536 0.0000000000 0.0000000000 0.2403395176 20.6298522949 0.0000000000 -0.1908107400
2.8292708397 0.0000000000 0.0000000000 0.2400813252 20.6238956451 0.0000000000 -0.1907630265
2.8312110901 0.0000000000 0.0000000000 0.2397704870 20.6178207397 0.0000000000 -0.1907128692
2.8330590725 0.0000000000 0.0000000000 0.2394686341 20.6118640900 0.0000000000 -0.1906656921
2.8349556923 0.0000000000 0.0000000000 0.2392022908 20.6062145233 0.0000000000 -0.1906189024
2.8368899822 0.0000000000 0.0000000000 0.2389838099 20.6014518738 0.0000000000 -0.1905664802
2.8387751579 0.0000000000 0.0000000000 0.2387883365 20.5972213745 0.0000000000 -0.1905249357
