#         rmsthk      stdthk       rmsvel       stdvel       rmsdiv       stddiv       rmsusurf       stdusurf
0.0000000000 0.0000000000 89.5015106201 78.0862045288 0.0000000000 0.0000000000 0.0000000000 0.0000000000
-0.1520909965 0.4546721280 54.2580680847 50.8426284790 0.0000000000 0.0000000000 -0.0801790655 0.9827097654
-0.3079239726 0.8269395828 49.8876953125 43.0458183289 0.0000000000 0.0000000000 -0.1496492028 1.7574294806
-0.4666766524 1.1729938984 48.7504005432 40.4104537964 0.0000000000 0.0000000000 -0.2031984478 2.4123296738
-0.6275623441 1.5062420368 46.2004737854 38.2341308594 0.0000000000 0.0000000000 -0.2422973961 2.9749262333
-0.7890402079 1.8323247433 42.4001617432 36.2937355042 0.0000000000 0.0000000000 -0.2682264745 3.4639737606
-0.9494056106 2.1520485878 37.8658790588 34.5812950134 0.0000000000 0.0000000000 -0.2826749086 3.8896129131
-1.1070127487 2.4654111862 33.0036697388 33.1569404602 0.0000000000 0.0000000000 -0.2876565456 4.2579789162
-1.2602665424 2.7711551189 28.0262298584 31.9770107269 0.0000000000 0.0000000000 -0.2835889459 4.5735330582
-1.4079296589 3.0681843758 23.0552787781 31.0585670471 0.0000000000 0.0000000000 -0.2711663544 4.8393177986
-1.5489053726 3.3552763462 18.2935066223 30.4218788147 0.0000000000 0.0000000000 -0.2510690093 5.0581126213
-1.6820936203 3.6309831142 13.9568157196 30.0731868744 0.0000000000 0.0000000000 -0.2240514457 5.2324595451
-1.8067896366 3.8943295479 10.1895217896 29.9608287811 0.0000000000 0.0000000000 -0.1909898072 5.3646807671
-1.9226551056 4.1448683739 7.0829052925 29.9730224609 0.0000000000 0.0000000000 -0.1529476494 5.4572625160
-2.0297861099 4.3827900887 4.6266798973 30.0417194366 0.0000000000 0.0000000000 -0.1110872999 5.5131735802
-2.1283621788 4.6084656715 2.7582447529 30.1256980896 0.0000000000 0.0000000000 -0.0666813478 5.5356764793
-2.2187793255 4.8226695061 1.4049683809 30.1767787933 0.0000000000 0.0000000000 -0.0208905973 5.5284461975
-2.3016357422 5.0265145302 0.5014331341 30.1656665802 0.0000000000 0.0000000000 0.0252401195 5.4951987267
-2.3775799274 5.2211027145 -0.0117384065 30.0866622925 0.0000000000 0.0000000000 0.0707784444 5.4397201538
-2.4472730160 5.4075279236 -0.1853142083 29.9426212311 0.0000000000 0.0000000000 0.1150006577 5.3656020164
-2.5113139153 5.5867958069 -0.0616933741 29.7453823090 0.0000000000 0.0000000000 0.1572396904 5.2761769295
-2.5704250336 5.7601542473 0.3229394853 29.5118408203 0.0000000000 0.0000000000 0.1969157457 5.1746530533
-2.6252529621 5.9286398888 0.9366530180 29.2633934021 0.0000000000 0.0000000000 0.2335988879 5.0640368462
-2.6763796806 6.0931377411 1.7541658878 29.0240898132 0.0000000000 0.0000000000 0.2669096887 4.9470529556
-2.7245159149 6.2547545433 2.7518322468 28.8174266815 0.0000000000 0.0000000000 0.2965839207 4.8263344765
-2.7703337669 6.4145302773 3.9121804237 28.6658554077 0.0000000000 0.0000000000 0.3224838972 4.7041373253
-2.8144171238 6.5732488632 5.2167129517 28.5878810883 0.0000000000 0.0000000000 0.3445253670 4.5825586319
-2.8574221134 6.7317781448 6.6519083977 28.6015129089 0.0000000000 0.0000000000 0.3626943827 4.4633703232
-2.8999128342 6.8908104897 8.1941928864 28.7166976929 0.0000000000 0.0000000000 0.3770466745 4.3482384682
-2.9425673485 7.0512914658 9.8211545944 28.9380836487 0.0000000000 0.0000000000 0.3876553178 4.2385292053
-2.9860281944 7.2140760422 11.5127592087 29.2560806274 0.0000000000 0.0000000000 0.3946035206 4.1354641914
-3.0308341980 7.3798165321 13.2437715530 29.6590213776 0.0000000000 0.0000000000 0.3981162012 4.0402560234
-3.0775544643 7.5492305756 14.9813203812 30.1288757324 0.0000000000 0.0000000000 0.3983939290 3.9541795254
-3.1267488003 7.7229781151 16.6583175659 30.6214199066 0.0000000000 0.0000000000 0.3957924843 3.8784332275
-3.1788642406 7.9015350342 18.2129116058 31.0919303894 0.0000000000 0.0000000000 0.3906399608 3.8142585754
-3.2344129086 8.0853519440 19.5731811523 31.4835033417 0.0000000000 0.0000000000 0.3833041787 3.7627546787
-3.2935774326 8.2742938995 20.6682472229 31.7411651611 0.0000000000 0.0000000000 0.3740675747 3.7251014709
-3.3566524982 8.4689044952 21.4401569366 31.8210735321 0.0000000000 0.0000000000 0.3633040190 3.7023856640
-3.4235389233 8.6687593460 21.8614063263 31.6997661591 0.0000000000 0.0000000000 0.3514038324 3.6951537132
-3.4940974712 8.8735466003 21.9360027313 31.3791408539 0.0000000000 0.0000000000 0.3389101624 3.7034831047
-3.5679214001 9.0824918747 21.7046737671 30.8935451508 0.0000000000 0.0000000000 0.3263547122 3.7266645432
-3.6446106434 9.2950706482 21.2285881042 30.2944717407 0.0000000000 0.0000000000 0.3143744171 3.7630829811
-3.7235429287 9.5102567673 20.5804843903 29.6408863068 0.0000000000 0.0000000000 0.3033889830 3.8104012012
-3.8040318489 9.7269763947 19.8318252563 28.9914493561 0.0000000000 0.0000000000 0.2937773466 3.8659338951
-3.8856022358 9.9445619583 19.0435619354 28.3962993622 0.0000000000 0.0000000000 0.2859431803 3.9264643192
-3.9677011967 10.1621103287 18.2711753845 27.8875350952 0.0000000000 0.0000000000 0.2800601125 3.9888799191
-4.0501365662 10.3795270920 17.5544624329 27.4755973816 0.0000000000 0.0000000000 0.2762768567 4.0504422188
-4.1326246262 10.5963487625 16.9256439209 27.1614799500 0.0000000000 0.0000000000 0.2745791376 4.1089239120
-4.2149739265 10.8123235703 16.4116649628 26.9392108917 0.0000000000 0.0000000000 0.2748374343 4.1627917290
-4.2968425751 11.0268974304 16.0292568207 26.7929973602 0.0000000000 0.0000000000 0.2769089639 4.2110404968
-4.3782606125 11.2402553558 15.7937688828 26.7007350922 0.0000000000 0.0000000000 0.2806128561 4.2532916069
-4.4590778351 11.4521093369 15.7026929855 26.6318569183 0.0000000000 0.0000000000 0.2856690288 4.2895097733
-4.5393433571 11.6625337601 15.7454166412 26.5598278046 0.0000000000 0.0000000000 0.2917736769 4.3200230598
-4.6192383766 11.8718986511 15.9035978317 26.4619140625 0.0000000000 0.0000000000 0.2985956371 4.3452386856
-4.6988844872 12.0803003311 16.1426639557 26.3170337677 0.0000000000 0.0000000000 0.3058405221 4.3657579422
-4.7784280777 12.2879657745 16.4264030457 26.1193790436 0.0000000000 0.0000000000 0.3131313324 4.3822231293
-4.8581929207 12.4953508377 16.7142696381 25.8682212830 0.0000000000 0.0000000000 0.3201560676 4.3953361511
-4.9384303093 12.7028255463 16.9677009583 25.5734500885 0.0000000000 0.0000000000 0.3266666234 4.4055962563
-5.0192804337 12.9104661942 17.1522979736 25.2534313202 0.0000000000 0.0000000000 0.3325262368 4.4133791924
-5.1007866859 13.1181993484 17.2426624298 24.9322795868 0.0000000000 0.0000000000 0.3375481963 4.4188179970
-5.1829509735 13.3259201050 17.2187500000 24.6280841827 0.0000000000 0.0000000000 0.3415668309 4.4220523834
-5.2658338547 13.5336408615 17.0738029480 24.3549766541 0.0000000000 0.0000000000 0.3445984125 4.4231042862
-5.3492865562 13.7410249710 16.8063449860 24.1165542603 0.0000000000 0.0000000000 0.3465939462 4.4218792915
-5.4330945015 13.9477071762 16.4305744171 23.9137935638 0.0000000000 0.0000000000 0.3475658894 4.4181909561
-5.5170974731 14.1536703110 15.9690418243 23.7433891296 0.0000000000 0.0000000000 0.3475979865 4.4119057655
-5.6010284424 14.3587341309 15.4485721588 23.5977287292 0.0000000000 0.0000000000 0.3467948437 4.4027957916
-5.6846933365 14.5627355576 14.8980083466 23.4599170685 0.0000000000 0.0000000000 0.3452187777 4.3906121254
-5.7678518295 14.7655458450 14.3465023041 23.3155555725 0.0000000000 0.0000000000 0.3429635763 4.3751115799
-5.8502693176 14.9668817520 13.8158454895 23.1520671844 0.0000000000 0.0000000000 0.3401324749 4.3560357094
-5.9318413734 15.1667108536 13.3252115250 22.9626617432 0.0000000000 0.0000000000 0.3368909657 4.3333206177
-6.0124979019 15.3650827408 12.8860416412 22.7454986572 0.0000000000 0.0000000000 0.3333601356 4.3069396019
-6.0921301842 15.5618467331 12.5100221634 22.5094928741 0.0000000000 0.0000000000 0.3296409249 4.2769575119
-6.1705827713 15.7567481995 12.2023620605 22.2651348114 0.0000000000 0.0000000000 0.3257659674 4.2434196472
-6.2477588654 15.9495906830 11.9610157013 22.0269393921 0.0000000000 0.0000000000 0.3217520118 4.2064867020
-6.3237767220 16.1405334473 11.7801103592 21.8052425385 0.0000000000 0.0000000000 0.3176050186 4.1664986610
-6.3987541199 16.3297443390 11.6492719650 21.6103248596 0.0000000000 0.0000000000 0.3133121133 4.1237645149
-6.4727149010 16.5171909332 11.5549221039 21.4449462891 0.0000000000 0.0000000000 0.3089158535 4.0787482262
-6.5457539558 16.7029113770 11.4828815460 21.3072357178 0.0000000000 0.0000000000 0.3044586778 4.0319867134
-6.6179804802 16.8870353699 11.4215574265 21.1956710815 0.0000000000 0.0000000000 0.2999876440 3.9839847088
-6.6893963814 17.0693607330 11.3590183258 21.1025333405 0.0000000000 0.0000000000 0.2955162227 3.9352579117
-6.7601695061 17.2502689362 11.2855997086 21.0183734894 0.0000000000 0.0000000000 0.2910641730 3.8863539696
-6.8304095268 17.4299983978 11.1918325424 20.9320678711 0.0000000000 0.0000000000 0.2866311371 3.8377757072
-6.9001426697 17.6084842682 11.0743713379 20.8349571228 0.0000000000 0.0000000000 0.2822229564 3.7899756432
-6.9694843292 17.7859592438 10.9307842255 20.7235469818 0.0000000000 0.0000000000 0.2778845131 3.7431807518
-7.0383725166 17.9620933533 10.7643737793 20.5977458954 0.0000000000 0.0000000000 0.2736760676 3.6974554062
-7.1068801880 18.1372032166 10.5808601379 20.4610824585 0.0000000000 0.0000000000 0.2696080804 3.6528999805
-7.1750197411 18.3113460541 10.3878479004 20.3203182220 0.0000000000 0.0000000000 0.2656945884 3.6094532013
-7.2427244186 18.4844055176 10.1958169937 20.1829032898 0.0000000000 0.0000000000 0.2619355619 3.5671055317
-7.3098859787 18.6562557220 10.0115804672 20.0524311066 0.0000000000 0.0000000000 0.2583697140 3.5258414745
-7.3765425682 18.8269882202 9.8416557312 19.9316024780 0.0000000000 0.0000000000 0.2550408542 3.4856140614
-7.4427566528 18.9967670441 9.6891965866 19.8223857880 0.0000000000 0.0000000000 0.2519776821 3.4463670254
-7.5084867477 19.1655387878 9.5573053360 19.7245845795 0.0000000000 0.0000000000 0.2492151260 3.4081006050
-7.5737023354 19.3332538605 9.4486618042 19.6365394592 0.0000000000 0.0000000000 0.2468014956 3.3707313538
-7.6384501457 19.5000247955 9.3615989685 19.5541896820 0.0000000000 0.0000000000 0.2447582632 3.3343408108
-7.7027335167 19.6658744812 9.2926998138 19.4726600647 0.0000000000 0.0000000000 0.2431023270 3.2989900112
-7.7666215897 19.8309020996 9.2368526459 19.3862056732 0.0000000000 0.0000000000 0.2417996675 3.2647848129
-7.8301186562 19.9950637817 9.1899433136 19.2934131622 0.0000000000 0.0000000000 0.2407793403 3.2318208218
-7.8932714462 20.1584682465 9.1465196609 19.1932964325 0.0000000000 0.0000000000 0.2399703562 3.2000896931
-7.9561142921 20.3210678101 9.1023750305 19.0860939026 0.0000000000 0.0000000000 0.2393286675 3.1695823669
-8.0186214447 20.4827117920 9.0529251099 18.9737949371 0.0000000000 0.0000000000 0.2388197482 3.1403212547
-8.0808658600 20.6436843872 8.9944829941 18.8597221375 0.0000000000 0.0000000000 0.2383897603 3.1122446060
-8.1428651810 20.8039550781 8.9238252640 18.7476444244 0.0000000000 0.0000000000 0.2379881889 3.0853052139
-8.2045707703 20.9635486603 8.8402462006 18.6406116486 0.0000000000 0.0000000000 0.2375842929 3.0594258308
-8.2659616470 21.1223201752 8.7435283661 18.5396213531 0.0000000000 0.0000000000 0.2371458113 3.0345551968
-8.3271389008 21.2804431915 8.6354913712 18.4454822540 0.0000000000 0.0000000000 0.2366386503 3.0105993748
-8.3881149292 21.4379920959 8.5197925568 18.3581314087 0.0000000000 0.0000000000 0.2360554785 2.9874672890
-8.4488077164 21.5948333740 8.3994340897 18.2741603851 0.0000000000 0.0000000000 0.2353897393 2.9650635719
-8.5091238022 21.7508525848 8.2780065536 18.1924972534 0.0000000000 0.0000000000 0.2346903086 2.9432144165
-8.5690345764 21.9060630798 8.1581583023 18.1108169556 0.0000000000 0.0000000000 0.2339562774 2.9218652248
-8.6285991669 22.0606746674 8.0425262451 18.0269336700 0.0000000000 0.0000000000 0.2332010716 2.9009041786
-8.6878042221 22.2146072388 7.9331307411 17.9405536652 0.0000000000 0.0000000000 0.2324367911 2.8802590370
-8.7466001511 22.3677711487 7.8296575546 17.8512458801 0.0000000000 0.0000000000 0.2316807359 2.8598635197
-8.8050117493 22.5202922821 7.7332878113 17.7587451935 0.0000000000 0.0000000000 0.2309484929 2.8397126198
-8.8629989624 22.6720886230 7.6426615715 17.6636486053 0.0000000000 0.0000000000 0.2302250564 2.8198297024
-8.9206829071 22.8233909607 7.5567140579 17.5682506561 0.0000000000 0.0000000000 0.2295422852 2.8001358509
-8.9780120850 22.9741020203 7.4746489525 17.4741134644 0.0000000000 0.0000000000 0.2288834602 2.7806186676
-9.0350036621 23.1242160797 7.3944892883 17.3823890686 0.0000000000 0.0000000000 0.2282392681 2.7613472939
-9.0916366577 23.2736454010 7.3147363663 17.2941665649 0.0000000000 0.0000000000 0.2276220024 2.7423324585
-9.1479110718 23.4224205017 7.2343506813 17.2091350555 0.0000000000 0.0000000000 0.2270198166 2.7235655785
-9.2038526535 23.5705471039 7.1520490646 17.1266384125 0.0000000000 0.0000000000 0.2264294177 2.7050707340
-9.2593727112 23.7178592682 7.0681247711 17.0468177795 0.0000000000 0.0000000000 0.2258290946 2.6868896484
-9.3144750595 23.8643150330 6.9820432663 16.9691486359 0.0000000000 0.0000000000 0.2251736969 2.6690123081
-9.3692045212 24.0099754333 6.8940601349 16.8930110931 0.0000000000 0.0000000000 0.2244459540 2.6514189243
-9.4235572815 24.1549091339 6.8042860031 16.8172302246 0.0000000000 0.0000000000 0.2236117274 2.6341152191
-9.4775028229 24.2990722656 6.7139301300 16.7423801422 0.0000000000 0.0000000000 0.2226928771 2.6170516014
-9.5310134888 24.4423675537 6.6236777306 16.6693153381 0.0000000000 0.0000000000 0.2217005491 2.6001946926
-9.5841369629 24.5849761963 6.5338053703 16.5967788696 0.0000000000 0.0000000000 0.2206313759 2.5836005211
-9.6368770599 24.7268943787 6.4439048767 16.5233192444 0.0000000000 0.0000000000 0.2195031941 2.5672638416
-9.6891994476 24.8680324554 6.3551154137 16.4499950409 0.0000000000 0.0000000000 0.2183350325 2.5511333942
-9.7411193848 25.0084571838 6.2685198784 16.3771438599 0.0000000000 0.0000000000 0.2171487659 2.5352106094
-9.7927236557 25.1482200623 6.1860976219 16.3046302795 0.0000000000 0.0000000000 0.2159643471 2.5195257664
-9.8440246582 25.2873554230 6.1067910194 16.2325668335 0.0000000000 0.0000000000 0.2148253173 2.5040855408
-9.8950443268 25.4258937836 6.0292692184 16.1609172821 0.0000000000 0.0000000000 0.2137489766 2.4889194965
-9.9457626343 25.5638103485 5.9544439316 16.0894355774 0.0000000000 0.0000000000 0.2127532959 2.4740312099
-9.9961738586 25.7010936737 5.8805918694 16.0174045563 0.0000000000 0.0000000000 0.2118456662 2.4594142437
-10.0462589264 25.8376922607 5.8080692291 15.9452953339 0.0000000000 0.0000000000 0.2110141665 2.4450602531
-10.0960035324 25.9736156464 5.7356224060 15.8731708527 0.0000000000 0.0000000000 0.2102110237 2.4309694767
-10.1454486847 26.1089725494 5.6627964973 15.8016595840 0.0000000000 0.0000000000 0.2094246149 2.4171636105
-10.1945981979 26.2437267303 5.5885691643 15.7316312790 0.0000000000 0.0000000000 0.2086299360 2.4036421776
-10.2434949875 26.3779487610 5.5124945641 15.6631088257 0.0000000000 0.0000000000 0.2078234851 2.3903994560
-10.2920780182 26.5115165710 5.4337682724 15.5963678360 0.0000000000 0.0000000000 0.2070153058 2.3774309158
-10.3403978348 26.6445178986 5.3529038429 15.5320177078 0.0000000000 0.0000000000 0.2061798424 2.3648226261
-10.3883972168 26.7768306732 5.2710080147 15.4696884155 0.0000000000 0.0000000000 0.2053191811 2.3525648117
-10.4361419678 26.9086132050 5.1882295609 15.4082784653 0.0000000000 0.0000000000 0.2044255584 2.3406090736
-10.4835748672 27.0397834778 5.1065254211 15.3473043442 0.0000000000 0.0000000000 0.2035335600 2.3289437294
-10.5306854248 27.1703529358 5.0263729095 15.2849254608 0.0000000000 0.0000000000 0.2026515752 2.3174958229
-10.5774555206 27.3001785278 4.9483299255 15.2221984863 0.0000000000 0.0000000000 0.2017960250 2.3063192368
-10.6239614487 27.4294490814 4.8723897934 15.1589002609 0.0000000000 0.0000000000 0.2009866089 2.2953960896
-10.6701898575 27.5581741333 4.7983322144 15.0955867767 0.0000000000 0.0000000000 0.2002064735 2.2847456932
-10.7161159515 27.6862792969 4.7253861427 15.0327272415 0.0000000000 0.0000000000 0.1994195729 2.2743351460
-10.7616710663 27.8137149811 4.6532778740 14.9698295593 0.0000000000 0.0000000000 0.1986058354 2.2641546726
-10.8070192337 27.9406967163 4.5802598000 14.9070339203 0.0000000000 0.0000000000 0.1977608353 2.2541575432
-10.8521118164 28.0671405792 4.5069561005 14.8455152512 0.0000000000 0.0000000000 0.1968754232 2.2442910671
-10.8969793320 28.1931056976 4.4332180023 14.7857856750 0.0000000000 0.0000000000 0.1959329695 2.2344887257
-10.9415979385 28.3185920715 4.3583955765 14.7277326584 0.0000000000 0.0000000000 0.1949581057 2.2246279716
-10.9858856201 28.4435234070 4.2806067467 14.6706542969 0.0000000000 0.0000000000 0.1939680129 2.2146656513
-11.0298452377 28.5678920746 4.2004961967 14.6143827438 0.0000000000 0.0000000000 0.1929944754 2.2045950890
-11.0735483170 28.6917762756 4.1185569763 14.5590629578 0.0000000000 0.0000000000 0.1920583993 2.1944150925
-11.1169548035 28.8151206970 4.0359725952 14.5043334961 0.0000000000 0.0000000000 0.1911756694 2.1841306686
-11.1600522995 28.9379463196 3.9536390305 14.4493112564 0.0000000000 0.0000000000 0.1903419495 2.1737482548
-11.2029047012 29.0603713989 3.8728528023 14.3949699402 0.0000000000 0.0000000000 0.1895325929 2.1632578373
-11.2454633713 29.1823101044 3.7947211266 14.3407096863 0.0000000000 0.0000000000 0.1887784451 2.1526148319
-11.2877464294 29.3038406372 3.7202491760 14.2869997025 0.0000000000 0.0000000000 0.1880850047 2.1418049335
-11.3297042847 29.4248580933 3.6501376629 14.2334718704 0.0000000000 0.0000000000 0.1874320358 2.1309020519
-11.3713493347 29.5453777313 3.5827605724 14.1800718307 0.0000000000 0.0000000000 0.1868190467 2.1199233532
-11.4127702713 29.6655158997 3.5175883770 14.1271543503 0.0000000000 0.0000000000 0.1862256974 2.1088895798
-11.4538993835 29.7851676941 3.4545180798 14.0742731094 0.0000000000 0.0000000000 0.1856366843 2.0978815556
-11.4947710037 29.9043769836 3.3933625221 14.0213766098 0.0000000000 0.0000000000 0.1850467771 2.0869634151
-11.5354461670 30.0232009888 3.3348016739 13.9683218002 0.0000000000 0.0000000000 0.1844611317 2.0762085915
-11.5759038925 30.1415996552 3.2784423828 13.9153003693 0.0000000000 0.0000000000 0.1838841587 2.0656054020
-11.6160926819 30.2594547272 3.2244977951 13.8618106842 0.0000000000 0.0000000000 0.1832953990 2.0551686287
-11.6560440063 30.3768405914 3.1712470055 13.8085956573 0.0000000000 0.0000000000 0.1827083975 2.0448417664
-11.6958312988 30.4938144684 3.1183512211 13.7556591034 0.0000000000 0.0000000000 0.1821129471 2.0346889496
-11.7353563309 30.6101989746 3.0662379265 13.7029533386 0.0000000000 0.0000000000 0.1814919710 2.0247299671
-11.7746248245 30.7259845734 3.0151064396 13.6494703293 0.0000000000 0.0000000000 0.1808534116 2.0149621964
-11.8136100769 30.8412265778 2.9665822983 13.5955429077 0.0000000000 0.0000000000 0.1802151203 2.0053877831
-11.8524179459 30.9559669495 2.9197487831 13.5419950485 0.0000000000 0.0000000000 0.1796183884 1.9959378242
-11.8909759521 31.0700531006 2.8755269051 13.4897260666 0.0000000000 0.0000000000 0.1790798008 1.9866075516
-11.9293842316 31.1836700439 2.8340408802 13.4383354187 0.0000000000 0.0000000000 0.1786047071 1.9774531126
-11.9676094055 31.2967815399 2.7957334518 13.3878164291 0.0000000000 0.0000000000 0.1781886667 1.9685096741
-12.0056934357 31.4093704224 2.7601056099 13.3381462097 0.0000000000 0.0000000000 0.1778310984 1.9597595930
-12.0435562134 31.5213947296 2.7263152599 13.2899026871 0.0000000000 0.0000000000 0.1775274426 1.9512718916
-12.0812511444 31.6328811646 2.6942789555 13.2428617477 0.0000000000 0.0000000000 0.1772655398 1.9430232048
-12.1187705994 31.7437763214 2.6628780365 13.1976394653 0.0000000000 0.0000000000 0.1770096719 1.9350105524
-12.1561975479 31.8542079926 2.6311709881 13.1528759003 0.0000000000 0.0000000000 0.1767339557 1.9272881746
-12.1935024261 31.9641246796 2.5978250504 13.1085147858 0.0000000000 0.0000000000 0.1764400601 1.9198695421
-12.2306652069 32.0736083984 2.5634133816 13.0644865036 0.0000000000 0.0000000000 0.1761309505 1.9127249718
-12.2676925659 32.1826133728 2.5278127193 13.0206975937 0.0000000000 0.0000000000 0.1758137494 1.9058446884
-12.3046636581 32.2911834717 2.4897365570 12.9773101807 0.0000000000 0.0000000000 0.1755030155 1.8991775513
-12.3415727615 32.3992767334 2.4489030838 12.9344825745 0.0000000000 0.0000000000 0.1751984805 1.8926627636
-12.3784713745 32.5070037842 2.4056167603 12.8919363022 0.0000000000 0.0000000000 0.1748886108 1.8863011599
-12.4152889252 32.6142807007 2.3603057861 12.8494443893 0.0000000000 0.0000000000 0.1745793521 1.8800771236
-12.4520092010 32.7211074829 2.3143782616 12.8069868088 0.0000000000 0.0000000000 0.1742992252 1.8739043474
-12.4886236191 32.8274917603 2.2677328587 12.7640447617 0.0000000000 0.0000000000 0.1740451902 1.8677560091
-12.5251426697 32.9334793091 2.2214069366 12.7210044861 0.0000000000 0.0000000000 0.1738361716 1.8615710735
-12.5615663528 33.0390663147 2.1765682697 12.6785326004 0.0000000000 0.0000000000 0.1736643314 1.8553112745
-12.5979490280 33.1442909241 2.1338207722 12.6366901398 0.0000000000 0.0000000000 0.1735371351 1.8490015268
-12.6342573166 33.2490997314 2.0918622017 12.5952825546 0.0000000000 0.0000000000 0.1734111458 1.8426945210
-12.6704597473 33.3534774780 2.0515732765 12.5540084839 0.0000000000 0.0000000000 0.1732852459 1.8364928961
-12.7065229416 33.4573478699 2.0128083229 12.5130405426 0.0000000000 0.0000000000 0.1731608063 1.8303408623
-12.7424764633 33.5607452393 1.9747229815 12.4724454880 0.0000000000 0.0000000000 0.1730296761 1.8242076635
-12.7783746719 33.6637535095 1.9380216599 12.4318828583 0.0000000000 0.0000000000 0.1728921533 1.8180997372
-12.8141489029 33.7662887573 1.9021517038 12.3913717270 0.0000000000 0.0000000000 0.1727435738 1.8120502234
-12.8498744965 33.8684196472 1.8673543930 12.3511400223 0.0000000000 0.0000000000 0.1726001352 1.8060314655
-12.8855714798 33.9702072144 1.8330265284 12.3114967346 0.0000000000 0.0000000000 0.1724581271 1.8001118898
-12.9212570190 34.0716362000 1.7987046242 12.2728595734 0.0000000000 0.0000000000 0.1723204851 1.7942680120
-12.9569177628 34.1726684570 1.7638139725 12.2353935242 0.0000000000 0.0000000000 0.1721889228 1.7884865999
-12.9925785065 34.2732887268 1.7277650833 12.1991586685 0.0000000000 0.0000000000 0.1720733643 1.7827244997
-13.0281820297 34.3734321594 1.6909673214 12.1640853882 0.0000000000 0.0000000000 0.1719948053 1.7769595385
-13.0637140274 34.4730987549 1.6528236866 12.1299676895 0.0000000000 0.0000000000 0.1719618440 1.7712373734
-13.0991458893 34.5721931458 1.6143720150 12.0978288651 0.0000000000 0.0000000000 0.1719522476 1.7655836344
-13.1345052719 34.6708259583 1.5753718615 12.0671358109 0.0000000000 0.0000000000 0.1719554961 1.7600867748
-13.1698627472 34.7690658569 1.5364568233 12.0370874405 0.0000000000 0.0000000000 0.1719492823 1.7548004389
-13.2051420212 34.8667869568 1.4984505177 12.0077505112 0.0000000000 0.0000000000 0.1719542295 1.7496242523
-13.2403678894 34.9639244080 1.4606670141 11.9794197083 0.0000000000 0.0000000000 0.1719785631 1.7445591688
-13.2755517960 35.0605010986 1.4244742393 11.9513425827 0.0000000000 0.0000000000 0.1720589697 1.7396062613
-13.3107280731 35.1566085815 1.3897157907 11.9236030579 0.0000000000 0.0000000000 0.1721509993 1.7347668409
-13.3458967209 35.2522354126 1.3568773270 11.8960208893 0.0000000000 0.0000000000 0.1722756326 1.7300415039
-13.3809566498 35.3472061157 1.3260365725 11.8689165115 0.0000000000 0.0000000000 0.1723883450 1.7253518105
-13.4160585403 35.4416847229 1.2958285809 11.8422899246 0.0000000000 0.0000000000 0.1724363267 1.7206641436
-13.4511861801 35.5357246399 1.2664148808 11.8170175552 0.0000000000 0.0000000000 0.1724015325 1.7159827948
-13.4863338470 35.6292686462 1.2357029915 11.7924442291 0.0000000000 0.0000000000 0.1723268926 1.7113145590
-13.5215311050 35.7222747803 1.2029489279 11.7690687180 0.0000000000 0.0000000000 0.1722642928 1.7066507339
-13.5567169189 35.8146324158 1.1688898802 11.7470989227 0.0000000000 0.0000000000 0.1722321808 1.7020078897
-13.5918941498 35.9063911438 1.1342320442 11.7270870209 0.0000000000 0.0000000000 0.1721961051 1.6974323988
-13.6270990372 35.9976425171 1.0998779535 11.7088403702 0.0000000000 0.0000000000 0.1721455604 1.6929069757
-13.6623687744 36.0883750916 1.0659667253 11.6922855377 0.0000000000 0.0000000000 0.1720986217 1.6884917021
-13.6976976395 36.1785354614 1.0318317413 11.6767187119 0.0000000000 0.0000000000 0.1720749289 1.6842396259
-13.7330083847 36.2679710388 0.9983336926 11.6620407104 0.0000000000 0.0000000000 0.1721011102 1.6800678968
-13.7684183121 36.3568954468 0.9647578001 11.6475124359 0.0000000000 0.0000000000 0.1721789986 1.6760097742
-13.8038825989 36.4452590942 0.9314622879 11.6332111359 0.0000000000 0.0000000000 0.1722572446 1.6720548868
-13.8393802643 36.5330810547 0.8981760740 11.6189098358 0.0000000000 0.0000000000 0.1723016053 1.6681801081
-13.8749303818 36.6204147339 0.8657663465 11.6040782928 0.0000000000 0.0000000000 0.1722814888 1.6643339396
-13.9105014801 36.7072105408 0.8346547484 11.5881223679 0.0000000000 0.0000000000 0.1722193062 1.6605547667
-13.9460859299 36.7935066223 0.8053125739 11.5706920624 0.0000000000 0.0000000000 0.1721467227 1.6568318605
-13.9815950394 36.8791313171 0.7773115039 11.5518026352 0.0000000000 0.0000000000 0.1720884889 1.6531265974
-14.0170812607 36.9642028809 0.7502874136 11.5317506790 0.0000000000 0.0000000000 0.1720717400 1.6494278908
-14.0525093079 37.0486946106 0.7243819237 11.5107812881 0.0000000000 0.0000000000 0.1720796674 1.6457315683
-14.0879802704 37.1327857971 0.6976918578 11.4889097214 0.0000000000 0.0000000000 0.1720906794 1.6420269012
-14.1234579086 37.2164497375 0.6701689959 11.4670057297 0.0000000000 0.0000000000 0.1720960736 1.6383155584
-14.1589174271 37.2996330261 0.6417763233 11.4445800781 0.0000000000 0.0000000000 0.1721134484 1.6346231699
-14.1943464279 37.3823204041 0.6124134064 11.4225139618 0.0000000000 0.0000000000 0.1721424460 1.6310206652
-14.2297716141 37.4645385742 0.5820926428 11.4002323151 0.0000000000 0.0000000000 0.1721831113 1.6274878979
-14.2652397156 37.5463905334 0.5494641066 11.3782415390 0.0000000000 0.0000000000 0.1722370535 1.6240420341
-14.3007307053 37.6278953552 0.5147919655 11.3564224243 0.0000000000 0.0000000000 0.1723008901 1.6207079887
-14.3361701965 37.7089767456 0.4773595631 11.3346319199 0.0000000000 0.0000000000 0.1723652333 1.6174664497
-14.3715229034 37.7896041870 0.4385507107 11.3133764267 0.0000000000 0.0000000000 0.1724519432 1.6142821312
-14.4065980911 37.8696136475 0.3981196880 11.2928848267 0.0000000000 0.0000000000 0.1725689769 1.6110992432
-14.4415407181 37.9491386414 0.3576433063 11.2730264664 0.0000000000 0.0000000000 0.1727081984 1.6078706980
-14.4763135910 38.0281562805 0.3166871667 11.2542982101 0.0000000000 0.0000000000 0.1728589535 1.6045783758
-14.5109224319 38.1067047119 0.2755845487 11.2361116409 0.0000000000 0.0000000000 0.1730079800 1.6012164354
-14.5453577042 38.1847648621 0.2347656190 11.2184991837 0.0000000000 0.0000000000 0.1731229573 1.5977991819
-14.5796918869 38.2624893188 0.1949658096 11.2013816833 0.0000000000 0.0000000000 0.1731761545 1.5944540501
-14.6138601303 38.3398017883 0.1563477516 11.1846933365 0.0000000000 0.0000000000 0.1731770486 1.5911593437
-14.6478214264 38.4166908264 0.1196814179 11.1687917709 0.0000000000 0.0000000000 0.1731305569 1.5879071951
-14.6815967560 38.4931297302 0.0848869830 11.1537618637 0.0000000000 0.0000000000 0.1730501205 1.5847153664
-14.7152347565 38.5692672729 0.0520213656 11.1392993927 0.0000000000 0.0000000000 0.1729381233 1.5815653801
-14.7487735748 38.6451263428 0.0209964961 11.1257801056 0.0000000000 0.0000000000 0.1727762818 1.5784640312
-14.7821874619 38.7206764221 -0.0084654922 11.1129493713 0.0000000000 0.0000000000 0.1725454628 1.5753529072
-14.8154144287 38.7959136963 -0.0365827195 11.1012411118 0.0000000000 0.0000000000 0.1722297668 1.5722136497
-14.8485488892 38.8708877563 -0.0641136542 11.0904722214 0.0000000000 0.0000000000 0.1718536615 1.5691217184
-14.8815279007 38.9455032349 -0.0910663977 11.0801258087 0.0000000000 0.0000000000 0.1714155972 1.5660363436
-14.9143629074 39.0198173523 -0.1177215949 11.0702791214 0.0000000000 0.0000000000 0.1709606498 1.5629330873
-14.9471397400 39.0938873291 -0.1441547424 11.0606870651 0.0000000000 0.0000000000 0.1705012023 1.5599087477
-14.9798679352 39.1677207947 -0.1713057458 11.0515499115 0.0000000000 0.0000000000 0.1700670719 1.5570111275
-15.0125265121 39.2412490845 -0.1989435107 11.0429697037 0.0000000000 0.0000000000 0.1696148068 1.5541349649
-15.0450801849 39.3144836426 -0.2276804745 11.0348339081 0.0000000000 0.0000000000 0.1691228747 1.5512112379
-15.0774993896 39.3873939514 -0.2565411925 11.0274486542 0.0000000000 0.0000000000 0.1685900539 1.5482394695
-15.1097726822 39.4599189758 -0.2850907147 11.0204019547 0.0000000000 0.0000000000 0.1680418253 1.5452853441
-15.1419992447 39.5322647095 -0.3139238656 11.0135345459 0.0000000000 0.0000000000 0.1674861610 1.5424618721
-15.1741580963 39.6044273376 -0.3427665234 11.0068788528 0.0000000000 0.0000000000 0.1669484675 1.5397576094
-15.2061719894 39.6762580872 -0.3715412319 10.9999818802 0.0000000000 0.0000000000 0.1664149910 1.5371861458
-15.2380237579 39.7477760315 -0.3996699452 10.9941625595 0.0000000000 0.0000000000 0.1658651233 1.5347477198
-15.2697534561 39.8190689087 -0.4273284376 10.9877939224 0.0000000000 0.0000000000 0.1652874500 1.5323815346
-15.3013858795 39.8900756836 -0.4542231262 10.9807968140 0.0000000000 0.0000000000 0.1646769643 1.5300487280
-15.3329801559 39.9609489441 -0.4803805649 10.9732933044 0.0000000000 0.0000000000 0.1640542001 1.5276683569
-15.3645181656 40.0317153931 -0.5056554675 10.9656019211 0.0000000000 0.0000000000 0.1634611785 1.5252473354
-15.3959531784 40.1022911072 -0.5293367505 10.9581985474 0.0000000000 0.0000000000 0.1629163325 1.5228407383
-15.4272823334 40.1726341248 -0.5518504381 10.9513711929 0.0000000000 0.0000000000 0.1624420285 1.5205111504
-15.4585723877 40.2428359985 -0.5738164783 10.9454069138 0.0000000000 0.0000000000 0.1620597988 1.5182995796
-15.4896945953 40.3126716614 -0.5955810547 10.9405555725 0.0000000000 0.0000000000 0.1617612094 1.5162206888
-15.5205907822 40.3821067810 -0.6176502109 10.9365282059 0.0000000000 0.0000000000 0.1614878178 1.5141524076
-15.5513744354 40.4512405396 -0.6400330663 10.9325723648 0.0000000000 0.0000000000 0.1612099558 1.5120285749
-15.5820369720 40.5201263428 -0.6641029716 10.9284448624 0.0000000000 0.0000000000 0.1609146595 1.5099378824
-15.6125164032 40.5886535645 -0.6898434758 10.9240922928 0.0000000000 0.0000000000 0.1606037766 1.5079555511
-15.6428699493 40.6569671631 -0.7166922688 10.9190874100 0.0000000000 0.0000000000 0.1602985710 1.5060617924
-15.6731634140 40.7251701355 -0.7432546020 10.9131202698 0.0000000000 0.0000000000 0.1600321829 1.5042090416
-15.7033615112 40.7932319641 -0.7692693472 10.9057455063 0.0000000000 0.0000000000 0.1598130614 1.5022770166
-15.7334527969 40.8610916138 -0.7943206429 10.8967189789 0.0000000000 0.0000000000 0.1596270949 1.5003125668
-15.7633981705 40.9287490845 -0.8188595176 10.8862533569 0.0000000000 0.0000000000 0.1594885439 1.4983776808
-15.7931203842 40.9961128235 -0.8421741724 10.8746356964 0.0000000000 0.0000000000 0.1593790054 1.4965204000
-15.8226680756 41.0632476807 -0.8647197485 10.8618335724 0.0000000000 0.0000000000 0.1592837721 1.4946880341
-15.8520345688 41.1301612854 -0.8861799240 10.8479452133 0.0000000000 0.0000000000 0.1591909677 1.4927971363
-15.8811960220 41.1968917847 -0.9063961506 10.8333244324 0.0000000000 0.0000000000 0.1590916961 1.4908828735
-15.9102563858 41.2635383606 -0.9256356359 10.8177328110 0.0000000000 0.0000000000 0.1589964777 1.4889522791
-15.9391851425 41.3300552368 -0.9440374374 10.8014240265 0.0000000000 0.0000000000 0.1589029282 1.4870084524
-15.9680280685 41.3964614868 -0.9616153836 10.7847900391 0.0000000000 0.0000000000 0.1588177681 1.4851925373
-15.9967908859 41.4627456665 -0.9781147242 10.7683792114 0.0000000000 0.0000000000 0.1587287486 1.4835699797
-16.0254631042 41.5288772583 -0.9944370985 10.7525548935 0.0000000000 0.0000000000 0.1586188525 1.4821943045
-16.0539932251 41.5947341919 -1.0109688044 10.7374515533 0.0000000000 0.0000000000 0.1584957093 1.4809796810
-16.0824584961 41.6604270935 -1.0274255276 10.7233171463 0.0000000000 0.0000000000 0.1583826542 1.4798620939
-16.1107597351 41.7258186340 -1.0444538593 10.7101078033 0.0000000000 0.0000000000 0.1583082527 1.4789273739
-16.1390228271 41.7910728455 -1.0627413988 10.6976938248 0.0000000000 0.0000000000 0.1582626551 1.4781745672
-16.1672573090 41.8561973572 -1.0823431015 10.6858091354 0.0000000000 0.0000000000 0.1582395732 1.4776526690
-16.1954746246 41.9211959839 -1.1035814285 10.6746397018 0.0000000000 0.0000000000 0.1582179815 1.4772983789
-16.2235755920 41.9860115051 -1.1261446476 10.6641559601 0.0000000000 0.0000000000 0.1581807137 1.4770171642
-16.2515354156 42.0505409241 -1.1499825716 10.6545648575 0.0000000000 0.0000000000 0.1581190675 1.4767874479
-16.2794265747 42.1149101257 -1.1747395992 10.6457052231 0.0000000000 0.0000000000 0.1580088586 1.4766225815
-16.3072147369 42.1790885925 -1.2001533508 10.6373405457 0.0000000000 0.0000000000 0.1578287780 1.4765024185
-16.3349609375 42.2431526184 -1.2259745598 10.6291370392 0.0000000000 0.0000000000 0.1575590521 1.4763736725
-16.3626041412 42.3069648743 -1.2514551878 10.6215267181 0.0000000000 0.0000000000 0.1571945101 1.4762065411
-16.3901042938 42.3705787659 -1.2766816616 10.6140832901 0.0000000000 0.0000000000 0.1567481905 1.4760361910
-16.4175148010 42.4340209961 -1.3013305664 10.6065673828 0.0000000000 0.0000000000 0.1562581807 1.4758131504
-16.4448928833 42.4973487854 -1.3253905773 10.5988807678 0.0000000000 0.0000000000 0.1557677984 1.4754728079
-16.4722347260 42.5605735779 -1.3491594791 10.5911741257 0.0000000000 0.0000000000 0.1552815288 1.4751362801
-16.4995422363 42.6236686707 -1.3725502491 10.5832347870 0.0000000000 0.0000000000 0.1548010260 1.4747534990
-16.5268020630 42.6866111755 -1.3953193426 10.5753231049 0.0000000000 0.0000000000 0.1543221474 1.4742994308
-16.5539817810 42.7492942810 -1.4178311825 10.5677509308 0.0000000000 0.0000000000 0.1538463235 1.4737918377
-16.5811157227 42.8117980957 -1.4400547743 10.5605497360 0.0000000000 0.0000000000 0.1533606052 1.4732677937
-16.6082115173 42.8741416931 -1.4623756409 10.5535097122 0.0000000000 0.0000000000 0.1528850198 1.4727246761
-16.6352405548 42.9363098145 -1.4843034744 10.5467538834 0.0000000000 0.0000000000 0.1524189115 1.4721148014
-16.6622467041 42.9983139038 -1.5060417652 10.5404405594 0.0000000000 0.0000000000 0.1519787461 1.4715451002
-16.6891727448 43.0600585938 -1.5281250477 10.5348272324 0.0000000000 0.0000000000 0.1515480578 1.4710835218
-16.7159938812 43.1215553284 -1.5505906343 10.5298852921 0.0000000000 0.0000000000 0.1511107087 1.4707926512
-16.7427940369 43.1828765869 -1.5732644796 10.5252904892 0.0000000000 0.0000000000 0.1506764442 1.4706561565
-16.7695960999 43.2440643311 -1.5960147381 10.5208234787 0.0000000000 0.0000000000 0.1502636373 1.4706426859
-16.7963371277 43.3049697876 -1.6184365749 10.5168180466 0.0000000000 0.0000000000 0.1499037743 1.4705420732
-16.8230724335 43.3657493591 -1.6405651569 10.5126647949 0.0000000000 0.0000000000 0.1495970637 1.4703059196
-16.8497543335 43.4263687134 -1.6623282433 10.5085277557 0.0000000000 0.0000000000 0.1493656337 1.4699417353
-16.8763561249 43.4867134094 -1.6836374998 10.5044164658 0.0000000000 0.0000000000 0.1492059976 1.4696131945
-16.9029521942 43.5468788147 -1.7039171457 10.4998245239 0.0000000000 0.0000000000 0.1491139978 1.4693913460
-16.9295330048 43.6068611145 -1.7237838507 10.4950637817 0.0000000000 0.0000000000 0.1490796208 1.4692831039
-16.9560317993 43.6665611267 -1.7438586950 10.4901313782 0.0000000000 0.0000000000 0.1490851790 1.4691742659
-16.9823894501 43.7258110046 -1.7645387650 10.4849042892 0.0000000000 0.0000000000 0.1491158009 1.4690724611
-17.0087223053 43.7848510742 -1.7861676216 10.4796257019 0.0000000000 0.0000000000 0.1491427869 1.4689157009
-17.0350055695 43.8436622620 -1.8084223270 10.4742546082 0.0000000000 0.0000000000 0.1491522044 1.4688136578
-17.0612468719 43.9022178650 -1.8309174776 10.4687738419 0.0000000000 0.0000000000 0.1491271704 1.4687725306
-17.0874671936 43.9606170654 -1.8544573784 10.4632654190 0.0000000000 0.0000000000 0.1490617990 1.4688416719
-17.1136894226 44.0188713074 -1.8789857626 10.4577484131 0.0000000000 0.0000000000 0.1489747465 1.4689769745
-17.1398410797 44.0768623352 -1.9045965672 10.4521474838 0.0000000000 0.0000000000 0.1488738507 1.4691255093
-17.1659603119 44.1346664429 -1.9312138557 10.4466581345 0.0000000000 0.0000000000 0.1487479359 1.4692649841
-17.1920661926 44.1923522949 -1.9582843781 10.4410295486 0.0000000000 0.0000000000 0.1486050785 1.4693899155
-17.2181491852 44.2499084473 -1.9860143661 10.4355678558 0.0000000000 0.0000000000 0.1484362632 1.4693880081
-17.2441139221 44.3071708679 -2.0141029358 10.4305448532 0.0000000000 0.0000000000 0.1482575238 1.4693819284
-17.2700366974 44.3642883301 -2.0428872108 10.4261503220 0.0000000000 0.0000000000 0.1480754912 1.4693777561
-17.2958984375 44.4212455750 -2.0718450546 10.4223413467 0.0000000000 0.0000000000 0.1479002833 1.4693008661
-17.3216476440 44.4779853821 -2.1008040905 10.4190196991 0.0000000000 0.0000000000 0.1477279961 1.4690966606
-17.3473014832 44.5344924927 -2.1296439171 10.4162235260 0.0000000000 0.0000000000 0.1475612670 1.4687216282
-17.3728790283 44.5907897949 -2.1582944393 10.4141893387 0.0000000000 0.0000000000 0.1474149823 1.4681142569
-17.3983860016 44.6468925476 -2.1862587929 10.4129524231 0.0000000000 0.0000000000 0.1472838521 1.4672604799
-17.4238033295 44.7028083801 -2.2130506039 10.4119749069 0.0000000000 0.0000000000 0.1471356899 1.4663552046
-17.4491100311 44.7584991455 -2.2382864952 10.4111576080 0.0000000000 0.0000000000 0.1469584852 1.4654999971
-17.4742393494 44.8138885498 -2.2619674206 10.4103870392 0.0000000000 0.0000000000 0.1467561573 1.4647076130
-17.4992599487 44.8690643311 -2.2850530148 10.4099140167 0.0000000000 0.0000000000 0.1465551108 1.4640029669
-17.5241889954 44.9240493774 -2.3078472614 10.4099779129 0.0000000000 0.0000000000 0.1463269442 1.4632648230
-17.5490341187 44.9788284302 -2.3305687904 10.4110040665 0.0000000000 0.0000000000 0.1460630298 1.4624097347
-17.5737571716 45.0333480835 -2.3528356552 10.4125385284 0.0000000000 0.0000000000 0.1457467526 1.4615191221
-17.5983619690 45.0876502991 -2.3745872974 10.4142313004 0.0000000000 0.0000000000 0.1453993618 1.4605216980
-17.6228523254 45.1417541504 -2.3965568542 10.4159975052 0.0000000000 0.0000000000 0.1450317651 1.4593150616
-17.6472702026 45.1956748962 -2.4189314842 10.4180231094 0.0000000000 0.0000000000 0.1446577460 1.4578733444
-17.6716194153 45.2494010925 -2.4410820007 10.4206323624 0.0000000000 0.0000000000 0.1443056017 1.4562622309
-17.6958198547 45.3028106689 -2.4631140232 10.4234256744 0.0000000000 0.0000000000 0.1439713091 1.4544556141
-17.7199325562 45.3560409546 -2.4851613045 10.4267959595 0.0000000000 0.0000000000 0.1436711401 1.4522972107
-17.7439155579 45.4090423584 -2.5071005821 10.4306077957 0.0000000000 0.0000000000 0.1434067339 1.4499804974
-17.7677516937 45.4618377686 -2.5280537605 10.4342346191 0.0000000000 0.0000000000 0.1431979984 1.4475737810
-17.7913913727 45.5143966675 -2.5473351479 10.4373006821 0.0000000000 0.0000000000 0.1430407465 1.4452011585
-17.8149166107 45.5667572021 -2.5657308102 10.4399070740 0.0000000000 0.0000000000 0.1429075897 1.4429326057
-17.8383846283 45.6189651489 -2.5837054253 10.4423332214 0.0000000000 0.0000000000 0.1427746266 1.4408839941
-17.8617954254 45.6710319519 -2.6017549038 10.4447975159 0.0000000000 0.0000000000 0.1426076144 1.4390556812
-17.8850994110 45.7228736877 -2.6194195747 10.4470624924 0.0000000000 0.0000000000 0.1424315423 1.4374496937
-17.9082126617 45.7743492126 -2.6364610195 10.4485893250 0.0000000000 0.0000000000 0.1422483176 1.4361550808
-17.9311866760 45.8255767822 -2.6532557011 10.4497690201 0.0000000000 0.0000000000 0.1420846730 1.4351658821
-17.9540252686 45.8765602112 -2.6701190472 10.4507055283 0.0000000000 0.0000000000 0.1419249475 1.4344143867
-17.9767742157 45.9273452759 -2.6873767376 10.4516658783 0.0000000000 0.0000000000 0.1417610496 1.4338035583
-17.9994926453 45.9779930115 -2.7045805454 10.4527406693 0.0000000000 0.0000000000 0.1415910274 1.4333053827
-18.0221385956 46.0284919739 -2.7222754955 10.4539680481 0.0000000000 0.0000000000 0.1414037794 1.4328129292
-18.0446109772 46.0786323547 -2.7401270866 10.4553689957 0.0000000000 0.0000000000 0.1411824375 1.4323480129
-18.0669746399 46.1285285950 -2.7581927776 10.4567117691 0.0000000000 0.0000000000 0.1409399509 1.4318393469
-18.0892467499 46.1782226562 -2.7763934135 10.4583539963 0.0000000000 0.0000000000 0.1406731755 1.4312525988
-18.1114311218 46.2277183533 -2.7946326733 10.4600229263 0.0000000000 0.0000000000 0.1404116005 1.4305776358
-18.1335945129 46.2771263123 -2.8129022121 10.4617214203 0.0000000000 0.0000000000 0.1401442289 1.4297579527
-18.1557331085 46.3264045715 -2.8306438923 10.4636001587 0.0000000000 0.0000000000 0.1398765445 1.4287134409
-18.1777763367 46.3754959106 -2.8477208614 10.4656820297 0.0000000000 0.0000000000 0.1396286935 1.4276411533
-18.1997737885 46.4244956970 -2.8644919395 10.4679279327 0.0000000000 0.0000000000 0.1394081414 1.4265868664
-18.2217292786 46.4733581543 -2.8810639381 10.4704647064 0.0000000000 0.0000000000 0.1392015517 1.4256496429
-18.2436084747 46.5220565796 -2.8973834515 10.4731979370 0.0000000000 0.0000000000 0.1390237212 1.4248180389
-18.2653732300 46.5705528259 -2.9132533073 10.4758625031 0.0000000000 0.0000000000 0.1388593912 1.4240854979
-18.2869873047 46.6187896729 -2.9284865856 10.4782733917 0.0000000000 0.0000000000 0.1387061924 1.4234373569
-18.3084602356 46.6666603088 -2.9430551529 10.4807872772 0.0000000000 0.0000000000 0.1385747939 1.4229261875
-18.3299045563 46.7144393921 -2.9576673508 10.4832420349 0.0000000000 0.0000000000 0.1384657323 1.4225189686
-18.3513183594 46.7621040344 -2.9720253944 10.4856510162 0.0000000000 0.0000000000 0.1383815408 1.4221106768
-18.3726940155 46.8096427917 -2.9865882397 10.4882144928 0.0000000000 0.0000000000 0.1383164376 1.4216877222
-18.3939952850 46.8570823669 -3.0009617805 10.4908962250 0.0000000000 0.0000000000 0.1382715553 1.4211219549
-18.4152355194 46.9043884277 -3.0158355236 10.4938516617 0.0000000000 0.0000000000 0.1382560581 1.4205100536
-18.4364700317 46.9516448975 -3.0306549072 10.4966325760 0.0000000000 0.0000000000 0.1382963061 1.4199079275
-18.4577045441 46.9988479614 -3.0449221134 10.4989719391 0.0000000000 0.0000000000 0.1383641362 1.4193453789
-18.4789314270 47.0459861755 -3.0588488579 10.5007982254 0.0000000000 0.0000000000 0.1384551078 1.4186517000
-18.5000343323 47.0929031372 -3.0725686550 10.5024108887 0.0000000000 0.0000000000 0.1385292709 1.4178832769
-18.5210380554 47.1397094727 -3.0861186981 10.5037460327 0.0000000000 0.0000000000 0.1385757476 1.4171172380
-18.5420246124 47.1864509583 -3.1001546383 10.5050821304 0.0000000000 0.0000000000 0.1385841221 1.4163755178
-18.5629425049 47.2330818176 -3.1157746315 10.5068626404 0.0000000000 0.0000000000 0.1385253966 1.4156055450
-18.5838336945 47.2796211243 -3.1330025196 10.5093240738 0.0000000000 0.0000000000 0.1384016871 1.4148441553
-18.6046524048 47.3260269165 -3.1510651112 10.5119981766 0.0000000000 0.0000000000 0.1382323802 1.4141335487
-18.6254215240 47.3723373413 -3.1695930958 10.5152292252 0.0000000000 0.0000000000 0.1380552948 1.4134904146
-18.6461238861 47.4185256958 -3.1881225109 10.5188379288 0.0000000000 0.0000000000 0.1378704906 1.4128909111
-18.6667118073 47.4645805359 -3.2060899734 10.5226421356 0.0000000000 0.0000000000 0.1376877725 1.4123384953
-18.6872634888 47.5105590820 -3.2230360508 10.5265121460 0.0000000000 0.0000000000 0.1375238597 1.4118355513
-18.7077922821 47.5564346313 -3.2388215065 10.5302019119 0.0000000000 0.0000000000 0.1373902410 1.4113088846
-18.7282714844 47.6021652222 -3.2529385090 10.5333232880 0.0000000000 0.0000000000 0.1372960061 1.4107190371
-18.7487392426 47.6477661133 -3.2656366825 10.5363788605 0.0000000000 0.0000000000 0.1372071952 1.4100221395
-18.7692012787 47.6932525635 -3.2775788307 10.5394887924 0.0000000000 0.0000000000 0.1371044666 1.4092469215
-18.7895565033 47.7385635376 -3.2883942127 10.5426254272 0.0000000000 0.0000000000 0.1369921565 1.4084788561
-18.8098049164 47.7835960388 -3.2981536388 10.5457420349 0.0000000000 0.0000000000 0.1368918568 1.4077863693
-18.8300380707 47.8285522461 -3.3075783253 10.5486927032 0.0000000000 0.0000000000 0.1368090063 1.4071367979
-18.8502292633 47.8733711243 -3.3176977634 10.5513610840 0.0000000000 0.0000000000 0.1367262602 1.4064773321
-18.8704166412 47.9181518555 -3.3289480209 10.5537424088 0.0000000000 0.0000000000 0.1366135180 1.4057707787
-18.8906059265 47.9628791809 -3.3416056633 10.5561923981 0.0000000000 0.0000000000 0.1364353895 1.4049904346
-18.9107761383 48.0075263977 -3.3560712337 10.5587301254 0.0000000000 0.0000000000 0.1362040937 1.4041025639
-18.9308700562 48.0520515442 -3.3719482422 10.5618009567 0.0000000000 0.0000000000 0.1359583288 1.4031293392
-18.9508724213 48.0964050293 -3.3893513680 10.5657453537 0.0000000000 0.0000000000 0.1357366294 1.4021433592
-18.9708442688 48.1406669617 -3.4081113338 10.5706090927 0.0000000000 0.0000000000 0.1355518401 1.4011553526
-18.9907588959 48.1848220825 -3.4277479649 10.5760869980 0.0000000000 0.0000000000 0.1353891492 1.4002423286
-19.0105171204 48.2288017273 -3.4474272728 10.5816411972 0.0000000000 0.0000000000 0.1352003068 1.3994048834
-19.0301990509 48.2726745605 -3.4664859772 10.5869188309 0.0000000000 0.0000000000 0.1349835098 1.3985447884
-19.0498180389 48.3164215088 -3.4849517345 10.5921516418 0.0000000000 0.0000000000 0.1347411722 1.3977153301
-19.0693626404 48.3600578308 -3.5025546551 10.5971965790 0.0000000000 0.0000000000 0.1344748288 1.3968495131
-19.0887546539 48.4034614563 -3.5189244747 10.6020450592 0.0000000000 0.0000000000 0.1341993958 1.3959838152
-19.1080074310 48.4465522766 -3.5344510078 10.6065473557 0.0000000000 0.0000000000 0.1339293271 1.3952457905
-19.1271228790 48.4894447327 -3.5494835377 10.6109809875 0.0000000000 0.0000000000 0.1336578131 1.3946365118
-19.1462097168 48.5322990417 -3.5648357868 10.6155414581 0.0000000000 0.0000000000 0.1333890110 1.3941869736
-19.1652584076 48.5750885010 -3.5802824497 10.6203260422 0.0000000000 0.0000000000 0.1331318915 1.3937849998
-19.1842060089 48.6177406311 -3.5959837437 10.6254892349 0.0000000000 0.0000000000 0.1328978091 1.3934762478
-19.2031135559 48.6603660583 -3.6118352413 10.6309814453 0.0000000000 0.0000000000 0.1326970309 1.3933274746
-19.2218685150 48.7027397156 -3.6273827553 10.6363859177 0.0000000000 0.0000000000 0.1325238049 1.3933093548
-19.2405624390 48.7450752258 -3.6417372227 10.6413602829 0.0000000000 0.0000000000 0.1323943287 1.3934090137
-19.2591362000 48.7872390747 -3.6551260948 10.6460790634 0.0000000000 0.0000000000 0.1322827041 1.3935298920
-19.2775669098 48.8291358948 -3.6673071384 10.6505870819 0.0000000000 0.0000000000 0.1322093010 1.3936390877
-19.2959709167 48.8709831238 -3.6782577038 10.6546716690 0.0000000000 0.0000000000 0.1321489811 1.3938677311
-19.3143615723 48.9127960205 -3.6889131069 10.6585140228 0.0000000000 0.0000000000 0.1320938319 1.3941472769
-19.3327445984 48.9545745850 -3.6988313198 10.6619777679 0.0000000000 0.0000000000 0.1320553571 1.3942260742
-19.3511085510 48.9963111877 -3.7088792324 10.6653261185 0.0000000000 0.0000000000 0.1320434958 1.3940925598
-19.3694686890 49.0379867554 -3.7196307182 10.6690149307 0.0000000000 0.0000000000 0.1320649981 1.3937804699
-19.3877582550 49.0795783997 -3.7305803299 10.6727190018 0.0000000000 0.0000000000 0.1321274787 1.3934023380
-19.4059963226 49.1210594177 -3.7419517040 10.6762552261 0.0000000000 0.0000000000 0.1321721971 1.3930367231
-19.4241943359 49.1623687744 -3.7534251213 10.6795892715 0.0000000000 0.0000000000 0.1321888119 1.3926786184
-19.4423503876 49.2035446167 -3.7645256519 10.6823358536 0.0000000000 0.0000000000 0.1321523190 1.3923856020
-19.4604263306 49.2445907593 -3.7753889561 10.6847496033 0.0000000000 0.0000000000 0.1320411861 1.3920905590
-19.4784660339 49.2855491638 -3.7859971523 10.6868019104 0.0000000000 0.0000000000 0.1318593174 1.3918498755
-19.4965095520 49.3264770508 -3.7962288857 10.6884164810 0.0000000000 0.0000000000 0.1316378713 1.3917293549
-19.5145244598 49.3672866821 -3.8063046932 10.6897544861 0.0000000000 0.0000000000 0.1314075589 1.3917955160
-19.5325164795 49.4080276489 -3.8162269592 10.6913080215 0.0000000000 0.0000000000 0.1311771572 1.3919858932
-19.5504932404 49.4486732483 -3.8257176876 10.6929607391 0.0000000000 0.0000000000 0.1309569478 1.3922991753
-19.5684604645 49.4892730713 -3.8357338905 10.6951408386 0.0000000000 0.0000000000 0.1307680607 1.3927057981
-19.5863704681 49.5298004150 -3.8464152813 10.6980361938 0.0000000000 0.0000000000 0.1305971742 1.3929717541
-19.6041069031 49.5700912476 -3.8585891724 10.7016611099 0.0000000000 0.0000000000 0.1304539293 1.3930902481
-19.6218318939 49.6103591919 -3.8717484474 10.7060270309 0.0000000000 0.0000000000 0.1303525269 1.3931627274
-19.6394977570 49.6505241394 -3.8853034973 10.7112560272 0.0000000000 0.0000000000 0.1302765161 1.3931441307
-19.6570701599 49.6905403137 -3.8993849754 10.7170114517 0.0000000000 0.0000000000 0.1301957071 1.3930373192
-19.6745719910 49.7304954529 -3.9140603542 10.7230834961 0.0000000000 0.0000000000 0.1301248968 1.3928569555
-19.6919918060 49.7703971863 -3.9280896187 10.7290372849 0.0000000000 0.0000000000 0.1300126910 1.3926094770
-19.7093315125 49.8102111816 -3.9415428638 10.7346153259 0.0000000000 0.0000000000 0.1298654824 1.3921771049
-19.7266139984 49.8498458862 -3.9542150497 10.7397317886 0.0000000000 0.0000000000 0.1297186762 1.3916555643
-19.7438583374 49.8894081116 -3.9655795097 10.7439804077 0.0000000000 0.0000000000 0.1295735985 1.3911114931
-19.7609672546 49.9287071228 -3.9760541916 10.7480173111 0.0000000000 0.0000000000 0.1294530928 1.3905460835
-19.7780590057 49.9679794312 -3.9860351086 10.7514772415 0.0000000000 0.0000000000 0.1293501407 1.3900032043
-19.7949886322 50.0069618225 -3.9964373112 10.7550334930 0.0000000000 0.0000000000 0.1292170882 1.3895783424
-19.8119316101 50.0459632874 -4.0073213577 10.7585487366 0.0000000000 0.0000000000 0.1290592998 1.3890892267
-19.8288688660 50.0849723816 -4.0186476707 10.7620801926 0.0000000000 0.0000000000 0.1288973540 1.3885999918
-19.8457698822 50.1239242554 -4.0295929909 10.7653827667 0.0000000000 0.0000000000 0.1287302971 1.3881719112
-19.8626651764 50.1628494263 -4.0405821800 10.7686719894 0.0000000000 0.0000000000 0.1285656095 1.3877693415
-19.8794879913 50.2015991211 -4.0510873795 10.7719860077 0.0000000000 0.0000000000 0.1284177154 1.3873727322
-19.8962192535 50.2402534485 -4.0609736443 10.7751646042 0.0000000000 0.0000000000 0.1282878071 1.3869014978
-19.9128780365 50.2787361145 -4.0701537132 10.7780742645 0.0000000000 0.0000000000 0.1281662136 1.3864754438
-19.9294548035 50.3170890808 -4.0784869194 10.7805252075 0.0000000000 0.0000000000 0.1279951334 1.3861137629
-19.9460124969 50.3553276062 -4.0867395401 10.7829017639 0.0000000000 0.0000000000 0.1277763098 1.3857545853
-19.9625263214 50.3934974670 -4.0951080322 10.7851114273 0.0000000000 0.0000000000 0.1275456846 1.3855131865
-19.9789524078 50.4315452576 -4.1034445763 10.7872104645 0.0000000000 0.0000000000 0.1273296028 1.3854663372
-19.9953308105 50.4695472717 -4.1118497849 10.7888193130 0.0000000000 0.0000000000 0.1271490902 1.3854897022
-20.0116844177 50.5075607300 -4.1200799942 10.7900018692 0.0000000000 0.0000000000 0.1270277351 1.3855497837
-20.0280437469 50.5456199646 -4.1278066635 10.7909421921 0.0000000000 0.0000000000 0.1269325763 1.3854663372
-20.0442867279 50.5834846497 -4.1352801323 10.7918758392 0.0000000000 0.0000000000 0.1268529892 1.3853064775
-20.0604610443 50.6212310791 -4.1422500610 10.7926654816 0.0000000000 0.0000000000 0.1267689615 1.3850318193
-20.0765495300 50.6587486267 -4.1491985321 10.7934570312 0.0000000000 0.0000000000 0.1267012507 1.3847850561
-20.0926342010 50.6962203979 -4.1569609642 10.7944879532 0.0000000000 0.0000000000 0.1266716123 1.3845187426
-20.1086940765 50.7335395813 -4.1660809517 10.7959604263 0.0000000000 0.0000000000 0.1266681552 1.3842812777
-20.1245918274 50.7706718445 -4.1764712334 10.7974109650 0.0000000000 0.0000000000 0.1266430616 1.3839306831
-20.1404628754 50.8077545166 -4.1883525848 10.7998199463 0.0000000000 0.0000000000 0.1265733540 1.3836678267
-20.1561985016 50.8446731567 -4.2012057304 10.8029947281 0.0000000000 0.0000000000 0.1264379025 1.3834297657
-20.1718387604 50.8815078735 -4.2143869400 10.8067598343 0.0000000000 0.0000000000 0.1262516528 1.3832150698
-20.1873836517 50.9182319641 -4.2270584106 10.8109226227 0.0000000000 0.0000000000 0.1260440201 1.3829735518
-20.2027988434 50.9547691345 -4.2388319969 10.8151760101 0.0000000000 0.0000000000 0.1258408278 1.3826534748
-20.2180767059 50.9911460876 -4.2501139641 10.8195409775 0.0000000000 0.0000000000 0.1256504059 1.3822522163
-20.2332897186 51.0274200439 -4.2606616020 10.8234834671 0.0000000000 0.0000000000 0.1254696250 1.3816732168
-20.2484169006 51.0634765625 -4.2701387405 10.8270196915 0.0000000000 0.0000000000 0.1253501177 1.3809428215
-20.2635250092 51.0994796753 -4.2791867256 10.8301067352 0.0000000000 0.0000000000 0.1252858937 1.3802007437
-20.2785587311 51.1352767944 -4.2874550819 10.8330583572 0.0000000000 0.0000000000 0.1252410859 1.3793035746
-20.2935771942 51.1710166931 -4.2950844765 10.8358812332 0.0000000000 0.0000000000 0.1252094507 1.3784308434
-20.3084869385 51.2065162659 -4.3025860786 10.8388776779 0.0000000000 0.0000000000 0.1251770258 1.3776606321
-20.3233375549 51.2419281006 -4.3099646568 10.8421096802 0.0000000000 0.0000000000 0.1251240224 1.3770309687
-20.3381404877 51.2772254944 -4.3169517517 10.8454437256 0.0000000000 0.0000000000 0.1250243187 1.3764721155
