#         COST_U        COST_H      COST_D       COST_S       REGU_H       REGU_S          HPO           COSTGLEN 
100.8687896729 0.0000000000 0.0000000000 0.0000000000 34.3977317810 0.0000000000 -0.3273241520
67.7493286133 0.0000000000 0.0000000000 0.1178887933 33.5727691650 0.0000000000 -0.4884409904
48.8178482056 0.0000000000 0.0000000000 0.3930714130 33.0932502747 0.0000000000 -0.4928166866
34.8890113831 0.0000000000 0.0000000000 0.7618055940 32.7166137695 0.0000000000 -0.4891095161
26.6371002197 0.0000000000 0.0000000000 1.1689977646 32.3344841003 0.0000000000 -0.4778156281
22.6781024933 0.0000000000 0.0000000000 1.5680292845 31.9789619446 0.0000000000 -0.4590654373
21.0880393982 0.0000000000 0.0000000000 1.9288954735 31.7755393982 0.0000000000 -0.4416511655
20.5867042542 0.0000000000 0.0000000000 2.2376582623 31.6020202637 0.0000000000 -0.4312208891
20.6115360260 0.0000000000 0.0000000000 2.4914908409 31.3945446014 0.0000000000 -0.4279931188
21.0089912415 0.0000000000 0.0000000000 2.6938178539 31.1869411469 0.0000000000 -0.4296290874
21.8050422668 0.0000000000 0.0000000000 2.8513045311 31.0570144653 0.0000000000 -0.4326754808
23.0428218842 0.0000000000 0.0000000000 2.9719729424 30.9954586029 0.0000000000 -0.4346769452
24.6137676239 0.0000000000 0.0000000000 3.0644006729 30.9670715332 0.0000000000 -0.4343644381
26.2451343536 0.0000000000 0.0000000000 3.1371433735 30.9502964020 0.0000000000 -0.4321148992
27.5280742645 0.0000000000 0.0000000000 3.1980164051 30.9267883301 0.0000000000 -0.4290175438
28.1314449310 0.0000000000 0.0000000000 3.2533288002 30.8848876953 0.0000000000 -0.4257417917
28.0250625610 0.0000000000 0.0000000000 3.3077321053 30.8198699951 0.0000000000 -0.4227368236
27.4440460205 0.0000000000 0.0000000000 3.3636958599 30.7626514435 0.0000000000 -0.4185383320
26.6912002563 0.0000000000 0.0000000000 3.4220757484 30.6979656219 0.0000000000 -0.4118270874
25.9211444855 0.0000000000 0.0000000000 3.4828221798 30.6272087097 0.0000000000 -0.4033709764
25.2145977020 0.0000000000 0.0000000000 3.5455091000 30.5378799438 0.0000000000 -0.3955522776
24.6262798309 0.0000000000 0.0000000000 3.6099922657 30.4313106537 0.0000000000 -0.3892247081
24.2132625580 0.0000000000 0.0000000000 3.6762461662 30.3285827637 0.0000000000 -0.3841478825
23.9375190735 0.0000000000 0.0000000000 3.7440533638 30.2318439484 0.0000000000 -0.3793894053
23.6093235016 0.0000000000 0.0000000000 3.8127622604 30.1252403259 0.0000000000 -0.3742438555
22.9526519775 0.0000000000 0.0000000000 3.8802971840 30.0017738342 0.0000000000 -0.3687461019
21.7943096161 0.0000000000 0.0000000000 3.9431905746 29.8600139618 0.0000000000 -0.3639891148
20.2230377197 0.0000000000 0.0000000000 3.9961566925 29.7089519501 0.0000000000 -0.3599771857
18.5517940521 0.0000000000 0.0000000000 4.0331697464 29.5457839966 0.0000000000 -0.3562447429
17.0817146301 0.0000000000 0.0000000000 4.0486097336 29.3792495728 0.0000000000 -0.3522599339
15.9735727310 0.0000000000 0.0000000000 4.0384178162 29.2040767670 0.0000000000 -0.3482517004
15.2339305878 0.0000000000 0.0000000000 4.0013632774 29.0263671875 0.0000000000 -0.3443951607
14.7734470367 0.0000000000 0.0000000000 3.9386861324 28.8517818451 0.0000000000 -0.3413973451
14.4913463593 0.0000000000 0.0000000000 3.8535864353 28.6880092621 0.0000000000 -0.3390716910
14.3151092529 0.0000000000 0.0000000000 3.7506954670 28.5403556824 0.0000000000 -0.3368973732
14.1979351044 0.0000000000 0.0000000000 3.6350862980 28.4145488739 0.0000000000 -0.3350151777
14.0854654312 0.0000000000 0.0000000000 3.5115525723 28.2945995331 0.0000000000 -0.3331030011
13.9287528992 0.0000000000 0.0000000000 3.3840830326 28.1679096222 0.0000000000 -0.3314335346
13.7041873932 0.0000000000 0.0000000000 3.2558391094 28.0270576477 0.0000000000 -0.3301527500
13.4198808670 0.0000000000 0.0000000000 3.1293787956 27.8832817078 0.0000000000 -0.3292696476
13.1084003448 0.0000000000 0.0000000000 3.0062205791 27.7524452209 0.0000000000 -0.3280684352
12.8008079529 0.0000000000 0.0000000000 2.8874533176 27.6435852051 0.0000000000 -0.3269670606
12.5314779282 0.0000000000 0.0000000000 2.7735755444 27.5587921143 0.0000000000 -0.3257333636
12.3288574219 0.0000000000 0.0000000000 2.6650924683 27.4893550873 0.0000000000 -0.3246363401
12.2133340836 0.0000000000 0.0000000000 2.5624914169 27.4333019257 0.0000000000 -0.3236519694
12.1692132950 0.0000000000 0.0000000000 2.4663133621 27.3806838989 0.0000000000 -0.3225905895
12.1496324539 0.0000000000 0.0000000000 2.3772265911 27.3268890381 0.0000000000 -0.3214012980
12.0856370926 0.0000000000 0.0000000000 2.2955422401 27.2731876373 0.0000000000 -0.3197128177
11.9168100357 0.0000000000 0.0000000000 2.2213850021 27.2188625336 0.0000000000 -0.3182946444
11.6402139664 0.0000000000 0.0000000000 2.1544768810 27.1607398987 0.0000000000 -0.3168812990
11.2988166809 0.0000000000 0.0000000000 2.0939550400 27.0956993103 0.0000000000 -0.3153502345
10.9613924026 0.0000000000 0.0000000000 2.0387458801 27.0228805542 0.0000000000 -0.3136358261
10.6751775742 0.0000000000 0.0000000000 1.9876433611 26.9434642792 0.0000000000 -0.3120876551
10.4524536133 0.0000000000 0.0000000000 1.9395014048 26.8627223969 0.0000000000 -0.3104115129
10.2744379044 0.0000000000 0.0000000000 1.8934328556 26.7771396637 0.0000000000 -0.3088943958
10.1189804077 0.0000000000 0.0000000000 1.8489035368 26.6913871765 0.0000000000 -0.3074078560
9.9742698669 0.0000000000 0.0000000000 1.8055182695 26.6064224243 0.0000000000 -0.3059473038
9.8276214600 0.0000000000 0.0000000000 1.7629944086 26.5192394257 0.0000000000 -0.3042801619
9.6740989685 0.0000000000 0.0000000000 1.7213360071 26.4272041321 0.0000000000 -0.3030059338
9.5143556595 0.0000000000 0.0000000000 1.6805068254 26.3267841339 0.0000000000 -0.3016302586
9.3537311554 0.0000000000 0.0000000000 1.6406668425 26.2217159271 0.0000000000 -0.3002512455
9.2010269165 0.0000000000 0.0000000000 1.6018465757 26.1171951294 0.0000000000 -0.2989668846
9.0585031509 0.0000000000 0.0000000000 1.5640251637 26.0178165436 0.0000000000 -0.2975345850
8.9270601273 0.0000000000 0.0000000000 1.5272915363 25.9248943329 0.0000000000 -0.2965417504
8.8093271255 0.0000000000 0.0000000000 1.4916583300 25.8368797302 0.0000000000 -0.2954030037
8.7075595856 0.0000000000 0.0000000000 1.4573600292 25.7535476685 0.0000000000 -0.2943892479
8.6206989288 0.0000000000 0.0000000000 1.4246197939 25.6739215851 0.0000000000 -0.2932983637
8.5404281616 0.0000000000 0.0000000000 1.3937071562 25.5940017700 0.0000000000 -0.2923236489
8.4530324936 0.0000000000 0.0000000000 1.3646807671 25.5171146393 0.0000000000 -0.2914510369
8.3493070602 0.0000000000 0.0000000000 1.3375408649 25.4417076111 0.0000000000 -0.2905037403
8.2291469574 0.0000000000 0.0000000000 1.3121722937 25.3673076630 0.0000000000 -0.2895534039
8.1024742126 0.0000000000 0.0000000000 1.2884060144 25.2949790955 0.0000000000 -0.2886289954
7.9841198921 0.0000000000 0.0000000000 1.2660065889 25.2267436981 0.0000000000 -0.2877629995
7.8816852570 0.0000000000 0.0000000000 1.2447593212 25.1634845734 0.0000000000 -0.2868168354
7.7955112457 0.0000000000 0.0000000000 1.2244843245 25.1017856598 0.0000000000 -0.2860059142
7.7180147171 0.0000000000 0.0000000000 1.2050802708 25.0407066345 0.0000000000 -0.2851507664
7.6392159462 0.0000000000 0.0000000000 1.1865719557 24.9813766479 0.0000000000 -0.2843708992
7.5522217751 0.0000000000 0.0000000000 1.1690300703 24.9227046967 0.0000000000 -0.2835789919
7.4579534531 0.0000000000 0.0000000000 1.1524968147 24.8652896881 0.0000000000 -0.2826817632
7.3609442711 0.0000000000 0.0000000000 1.1368316412 24.8008594513 0.0000000000 -0.2819217443
7.2653007507 0.0000000000 0.0000000000 1.1219226122 24.7373313904 0.0000000000 -0.2810469270
7.1721186638 0.0000000000 0.0000000000 1.1077004671 24.6724128723 0.0000000000 -0.2802892923
7.0810165405 0.0000000000 0.0000000000 1.0941600800 24.6056404114 0.0000000000 -0.2794193029
6.9912958145 0.0000000000 0.0000000000 1.0812327862 24.5386581421 0.0000000000 -0.2786051035
6.9023132324 0.0000000000 0.0000000000 1.0689107180 24.4712467194 0.0000000000 -0.2778908014
6.8149404526 0.0000000000 0.0000000000 1.0570973158 24.4039726257 0.0000000000 -0.2770659924
6.7303256989 0.0000000000 0.0000000000 1.0458037853 24.3365192413 0.0000000000 -0.2762191296
6.6474246979 0.0000000000 0.0000000000 1.0349531174 24.2685871124 0.0000000000 -0.2755026817
6.5657658577 0.0000000000 0.0000000000 1.0244710445 24.2012481689 0.0000000000 -0.2747403979
6.4846382141 0.0000000000 0.0000000000 1.0141400099 24.1355686188 0.0000000000 -0.2739701867
6.4039158821 0.0000000000 0.0000000000 1.0038444996 24.0707283020 0.0000000000 -0.2731722593
6.3243155479 0.0000000000 0.0000000000 0.9934515953 24.0068702698 0.0000000000 -0.2723587155
6.2471299171 0.0000000000 0.0000000000 0.9829186201 23.9458637238 0.0000000000 -0.2716319561
6.1757884026 0.0000000000 0.0000000000 0.9722431302 23.8890933990 0.0000000000 -0.2708613873
6.1108307838 0.0000000000 0.0000000000 0.9614258409 23.8348541260 0.0000000000 -0.2701212168
6.0499444008 0.0000000000 0.0000000000 0.9505616426 23.7817554474 0.0000000000 -0.2691374421
5.9903039932 0.0000000000 0.0000000000 0.9397289157 23.7303161621 0.0000000000 -0.2686974406
5.9315109253 0.0000000000 0.0000000000 0.9290207028 23.6797103882 0.0000000000 -0.2679783106
5.8734788895 0.0000000000 0.0000000000 0.9184373021 23.6300888062 0.0000000000 -0.2672125697
5.8159866333 0.0000000000 0.0000000000 0.9079343081 23.5809593201 0.0000000000 -0.2666227221
5.7606921196 0.0000000000 0.0000000000 0.8974062800 23.5311279297 0.0000000000 -0.2659350038
5.7077989578 0.0000000000 0.0000000000 0.8867623806 23.4816074371 0.0000000000 -0.2652673125
5.6587662697 0.0000000000 0.0000000000 0.8759909272 23.4304180145 0.0000000000 -0.2645942569
5.6128773689 0.0000000000 0.0000000000 0.8650898933 23.3770503998 0.0000000000 -0.2638471127
5.5681591034 0.0000000000 0.0000000000 0.8542248011 23.3232822418 0.0000000000 -0.2633137107
5.5245933533 0.0000000000 0.0000000000 0.8435553312 23.2689151764 0.0000000000 -0.2626956105
5.4806118011 0.0000000000 0.0000000000 0.8332887292 23.2139377594 0.0000000000 -0.2620684803
5.4359164238 0.0000000000 0.0000000000 0.8234047890 23.1584110260 0.0000000000 -0.2614381909
5.3911824226 0.0000000000 0.0000000000 0.8137704134 23.1027851105 0.0000000000 -0.2608051598
5.3472771645 0.0000000000 0.0000000000 0.8044230938 23.0484085083 0.0000000000 -0.2601689100
5.3048915863 0.0000000000 0.0000000000 0.7951899767 22.9956512451 0.0000000000 -0.2595226765
5.2640237808 0.0000000000 0.0000000000 0.7859606147 22.9446144104 0.0000000000 -0.2588897645
5.2236752510 0.0000000000 0.0000000000 0.7766126394 22.8949298859 0.0000000000 -0.2583388686
5.1822099686 0.0000000000 0.0000000000 0.7671342492 22.8461074829 0.0000000000 -0.2577176094
5.1415228844 0.0000000000 0.0000000000 0.7576015592 22.7981719971 0.0000000000 -0.2571392655
5.1020398140 0.0000000000 0.0000000000 0.7480717301 22.7503547668 0.0000000000 -0.2565779388
5.0630469322 0.0000000000 0.0000000000 0.7386474609 22.7022857666 0.0000000000 -0.2560161054
5.0239610672 0.0000000000 0.0000000000 0.7293181419 22.6532974243 0.0000000000 -0.2554739118
4.9844603539 0.0000000000 0.0000000000 0.7201770544 22.6042003632 0.0000000000 -0.2549545169
4.9446988106 0.0000000000 0.0000000000 0.7112765908 22.5542907715 0.0000000000 -0.2543945909
4.9059395790 0.0000000000 0.0000000000 0.7026197314 22.5051193237 0.0000000000 -0.2538957596
4.8676853180 0.0000000000 0.0000000000 0.6942325830 22.4574432373 0.0000000000 -0.2533870935
4.8299121857 0.0000000000 0.0000000000 0.6860901713 22.4112567902 0.0000000000 -0.2528966665
4.7916984558 0.0000000000 0.0000000000 0.6781973839 22.3656978607 0.0000000000 -0.2524210215
4.7527132034 0.0000000000 0.0000000000 0.6706101298 22.3201427460 0.0000000000 -0.2519460022
4.7133183479 0.0000000000 0.0000000000 0.6633292437 22.2746677399 0.0000000000 -0.2514951229
4.6746654510 0.0000000000 0.0000000000 0.6563004851 22.2287559509 0.0000000000 -0.2510441542
4.6376471519 0.0000000000 0.0000000000 0.6494022012 22.1828327179 0.0000000000 -0.2506054938
4.6026663780 0.0000000000 0.0000000000 0.6425680518 22.1363239288 0.0000000000 -0.2501781285
4.5689086914 0.0000000000 0.0000000000 0.6357409358 22.0897502899 0.0000000000 -0.2497601807
4.5346670151 0.0000000000 0.0000000000 0.6288244724 22.0435276031 0.0000000000 -0.2492468655
4.4998197556 0.0000000000 0.0000000000 0.6219297051 21.9978866577 0.0000000000 -0.2489037514
4.4646258354 0.0000000000 0.0000000000 0.6150352955 21.9535217285 0.0000000000 -0.2485784888
4.4304761887 0.0000000000 0.0000000000 0.6081889868 21.9089450836 0.0000000000 -0.2481977344
4.3977046013 0.0000000000 0.0000000000 0.6014351845 21.8667278290 0.0000000000 -0.2478221059
4.3665847778 0.0000000000 0.0000000000 0.5948511362 21.8288211823 0.0000000000 -0.2474713326
4.3356852531 0.0000000000 0.0000000000 0.5883753300 21.7880001068 0.0000000000 -0.2471218705
4.3041744232 0.0000000000 0.0000000000 0.5820400715 21.7496280670 0.0000000000 -0.2467449903
4.2725973129 0.0000000000 0.0000000000 0.5758188963 21.7114772797 0.0000000000 -0.2463640869
4.2415761948 0.0000000000 0.0000000000 0.5696892738 21.6728172302 0.0000000000 -0.2460494637
4.2115387917 0.0000000000 0.0000000000 0.5636721253 21.6345138550 0.0000000000 -0.2457208633
4.1827383041 0.0000000000 0.0000000000 0.5577131510 21.5968303680 0.0000000000 -0.2453914881
4.1546425819 0.0000000000 0.0000000000 0.5517579913 21.5589675903 0.0000000000 -0.2450780272
4.1273894310 0.0000000000 0.0000000000 0.5458406210 21.5211753845 0.0000000000 -0.2447746396
4.1007089615 0.0000000000 0.0000000000 0.5399957895 21.4841670990 0.0000000000 -0.2444425225
4.0747499466 0.0000000000 0.0000000000 0.5342693329 21.4464073181 0.0000000000 -0.2442007065
4.0488991737 0.0000000000 0.0000000000 0.5286945701 21.4089241028 0.0000000000 -0.2438605726
4.0235862732 0.0000000000 0.0000000000 0.5233008265 21.3713645935 0.0000000000 -0.2435584664
3.9997334480 0.0000000000 0.0000000000 0.5180524588 21.3335056305 0.0000000000 -0.2433695793
3.9768841267 0.0000000000 0.0000000000 0.5129862428 21.2949619293 0.0000000000 -0.2430603504
3.9553117752 0.0000000000 0.0000000000 0.5081460476 21.2559833527 0.0000000000 -0.2427899837
3.9352273941 0.0000000000 0.0000000000 0.5035409331 21.2165794373 0.0000000000 -0.2424824536
3.9158315659 0.0000000000 0.0000000000 0.4992290735 21.1771354675 0.0000000000 -0.2420776486
3.8960785866 0.0000000000 0.0000000000 0.4952386022 21.1377239227 0.0000000000 -0.2418548167
3.8750686646 0.0000000000 0.0000000000 0.4915679991 21.0980434418 0.0000000000 -0.2415249348
3.8526191711 0.0000000000 0.0000000000 0.4881748259 21.0588111877 0.0000000000 -0.2411909699
3.8289330006 0.0000000000 0.0000000000 0.4849466980 21.0202503204 0.0000000000 -0.2408103347
3.8039839268 0.0000000000 0.0000000000 0.4817292094 20.9822807312 0.0000000000 -0.2405018806
3.7775702477 0.0000000000 0.0000000000 0.4783482850 20.9447116852 0.0000000000 -0.2401340008
3.7506270409 0.0000000000 0.0000000000 0.4747611284 20.9080390930 0.0000000000 -0.2397643924
3.7235732079 0.0000000000 0.0000000000 0.4709843993 20.8746318817 0.0000000000 -0.2393908501
3.6969504356 0.0000000000 0.0000000000 0.4669370949 20.8412704468 0.0000000000 -0.2390002310
3.6701385975 0.0000000000 0.0000000000 0.4626618028 20.8092651367 0.0000000000 -0.2385996580
3.6439895630 0.0000000000 0.0000000000 0.4581147730 20.7784328461 0.0000000000 -0.2381976843
3.6187710762 0.0000000000 0.0000000000 0.4532746971 20.7479381561 0.0000000000 -0.2377758622
3.5947923660 0.0000000000 0.0000000000 0.4482191503 20.7171459198 0.0000000000 -0.2372800708
3.5732858181 0.0000000000 0.0000000000 0.4430749714 20.6865520477 0.0000000000 -0.2368994355
3.5552587509 0.0000000000 0.0000000000 0.4379292130 20.6570758820 0.0000000000 -0.2365232110
3.5397155285 0.0000000000 0.0000000000 0.4329291880 20.6269168854 0.0000000000 -0.2361369729
3.5247614384 0.0000000000 0.0000000000 0.4280944765 20.5962772369 0.0000000000 -0.2357013226
3.5103130341 0.0000000000 0.0000000000 0.4235271215 20.5660495758 0.0000000000 -0.2353050709
3.4955513477 0.0000000000 0.0000000000 0.4193119109 20.5358772278 0.0000000000 -0.2349082530
3.4812207222 0.0000000000 0.0000000000 0.4154807925 20.5064888000 0.0000000000 -0.2345235348
3.4681670666 0.0000000000 0.0000000000 0.4120491445 20.4782104492 0.0000000000 -0.2341367006
3.4567720890 0.0000000000 0.0000000000 0.4090310931 20.4503707886 0.0000000000 -0.2337842584
3.4459447861 0.0000000000 0.0000000000 0.4064048827 20.4225807190 0.0000000000 -0.2334299088
3.4345781803 0.0000000000 0.0000000000 0.4041627645 20.3939437866 0.0000000000 -0.2330911160
3.4221508503 0.0000000000 0.0000000000 0.4022531509 20.3647499084 0.0000000000 -0.2327342927
3.4087371826 0.0000000000 0.0000000000 0.4005517662 20.3350353241 0.0000000000 -0.2323899567
3.3956699371 0.0000000000 0.0000000000 0.3989808261 20.3056488037 0.0000000000 -0.2320492864
3.3843910694 0.0000000000 0.0000000000 0.3974457383 20.2767601013 0.0000000000 -0.2317023277
3.3756859303 0.0000000000 0.0000000000 0.3958036005 20.2493057251 0.0000000000 -0.2313474119
3.3691923618 0.0000000000 0.0000000000 0.3940482736 20.2240123749 0.0000000000 -0.2310137749
3.3629183769 0.0000000000 0.0000000000 0.3922333717 20.1968288422 0.0000000000 -0.2306639552
3.3551988602 0.0000000000 0.0000000000 0.3903244734 20.1707382202 0.0000000000 -0.2303333879
3.3453285694 0.0000000000 0.0000000000 0.3883036375 20.1461219788 0.0000000000 -0.2300032079
3.3339157104 0.0000000000 0.0000000000 0.3862003982 20.1218452454 0.0000000000 -0.2296269536
3.3234391212 0.0000000000 0.0000000000 0.3840063512 20.0959377289 0.0000000000 -0.2293378115
3.3151419163 0.0000000000 0.0000000000 0.3817597628 20.0720863342 0.0000000000 -0.2289518714
3.3083112240 0.0000000000 0.0000000000 0.3796129525 20.0489940643 0.0000000000 -0.2286803126
3.3014068604 0.0000000000 0.0000000000 0.3775715530 20.0253906250 0.0000000000 -0.2283515930
3.2926826477 0.0000000000 0.0000000000 0.3756204844 20.0008716583 0.0000000000 -0.2280237675
3.2813069820 0.0000000000 0.0000000000 0.3737123013 19.9757347107 0.0000000000 -0.2276377678
3.2689661980 0.0000000000 0.0000000000 0.3718683124 19.9504547119 0.0000000000 -0.2273724079
3.2575094700 0.0000000000 0.0000000000 0.3700760305 19.9257755280 0.0000000000 -0.2270967364
3.2474536896 0.0000000000 0.0000000000 0.3683510721 19.9013175964 0.0000000000 -0.2267375588
3.2390913963 0.0000000000 0.0000000000 0.3666900396 19.8765487671 0.0000000000 -0.2264264226
3.2314183712 0.0000000000 0.0000000000 0.3651248813 19.8515987396 0.0000000000 -0.2261003554
3.2230920792 0.0000000000 0.0000000000 0.3635544181 19.8262214661 0.0000000000 -0.2258065343
3.2140703201 0.0000000000 0.0000000000 0.3619422615 19.7981376648 0.0000000000 -0.2255029678
3.2051804066 0.0000000000 0.0000000000 0.3602715433 19.7698345184 0.0000000000 -0.2251923680
3.1980423927 0.0000000000 0.0000000000 0.3585081100 19.7423610687 0.0000000000 -0.2248858511
3.1927902699 0.0000000000 0.0000000000 0.3566596508 19.7162647247 0.0000000000 -0.2245821953
3.1888756752 0.0000000000 0.0000000000 0.3547253013 19.6922435760 0.0000000000 -0.2242839932
3.1851665974 0.0000000000 0.0000000000 0.3527085185 19.6695919037 0.0000000000 -0.2239768505
3.1811265945 0.0000000000 0.0000000000 0.3505580723 19.6472816467 0.0000000000 -0.2236799598
3.1765315533 0.0000000000 0.0000000000 0.3482589722 19.6250019073 0.0000000000 -0.2233795822
3.1714098454 0.0000000000 0.0000000000 0.3459553719 19.6028118134 0.0000000000 -0.2230785191
3.1661369801 0.0000000000 0.0000000000 0.3437211215 19.5811290741 0.0000000000 -0.2227852345
3.1612932682 0.0000000000 0.0000000000 0.3416626751 19.5591011047 0.0000000000 -0.2224947214
3.1571910381 0.0000000000 0.0000000000 0.3398409486 19.5371131897 0.0000000000 -0.2221988440
3.1529939175 0.0000000000 0.0000000000 0.3382363617 19.5159130096 0.0000000000 -0.2219052315
3.1480245590 0.0000000000 0.0000000000 0.3368518054 19.4930171967 0.0000000000 -0.2215740979
3.1420853138 0.0000000000 0.0000000000 0.3355931044 19.4717960358 0.0000000000 -0.2213226557
3.1356580257 0.0000000000 0.0000000000 0.3344279528 19.4508628845 0.0000000000 -0.2210433185
3.1295826435 0.0000000000 0.0000000000 0.3332439065 19.4273262024 0.0000000000 -0.2207186222
3.1248087883 0.0000000000 0.0000000000 0.3318769932 19.4034805298 0.0000000000 -0.2204787433
3.1207652092 0.0000000000 0.0000000000 0.3304506242 19.3786640167 0.0000000000 -0.2202009559
3.1173019409 0.0000000000 0.0000000000 0.3289698958 19.3532867432 0.0000000000 -0.2199330926
3.1147294044 0.0000000000 0.0000000000 0.3274261355 19.3283824921 0.0000000000 -0.2196594477
3.1124980450 0.0000000000 0.0000000000 0.3258289099 19.3037071228 0.0000000000 -0.2193881273
3.1105303764 0.0000000000 0.0000000000 0.3242088854 19.2793865204 0.0000000000 -0.2191270292
3.1086618900 0.0000000000 0.0000000000 0.3226640522 19.2558307648 0.0000000000 -0.2188283205
3.1066124439 0.0000000000 0.0000000000 0.3212467432 19.2321567535 0.0000000000 -0.2185927331
3.1046135426 0.0000000000 0.0000000000 0.3199494481 19.2093067169 0.0000000000 -0.2183346450
3.1027441025 0.0000000000 0.0000000000 0.3187262714 19.1870079041 0.0000000000 -0.2180805206
3.1008656025 0.0000000000 0.0000000000 0.3175778985 19.1648120880 0.0000000000 -0.2178177238
3.0985994339 0.0000000000 0.0000000000 0.3165424466 19.1429042816 0.0000000000 -0.2175938785
3.0956883430 0.0000000000 0.0000000000 0.3155825734 19.1215496063 0.0000000000 -0.2173438072
3.0924911499 0.0000000000 0.0000000000 0.3146777749 19.0991859436 0.0000000000 -0.2171094418
3.0892283916 0.0000000000 0.0000000000 0.3137378395 19.0773544312 0.0000000000 -0.2168679535
3.0862352848 0.0000000000 0.0000000000 0.3126728237 19.0563678741 0.0000000000 -0.2166299224
3.0834882259 0.0000000000 0.0000000000 0.3114762902 19.0352230072 0.0000000000 -0.2163875699
3.0813627243 0.0000000000 0.0000000000 0.3101875186 19.0179786682 0.0000000000 -0.2161551118
3.0798804760 0.0000000000 0.0000000000 0.3088195026 18.9965457916 0.0000000000 -0.2159175873
3.0788338184 0.0000000000 0.0000000000 0.3074313998 18.9776687622 0.0000000000 -0.2156854272
3.0780544281 0.0000000000 0.0000000000 0.3061275780 18.9585075378 0.0000000000 -0.2154478729
3.0771062374 0.0000000000 0.0000000000 0.3049581349 18.9412097931 0.0000000000 -0.2152134180
3.0761075020 0.0000000000 0.0000000000 0.3039149940 18.9240150452 0.0000000000 -0.2149854302
3.0748114586 0.0000000000 0.0000000000 0.3029481471 18.9071846008 0.0000000000 -0.2147606611
3.0738151073 0.0000000000 0.0000000000 0.3019213676 18.8910560608 0.0000000000 -0.2145361304
3.0735189915 0.0000000000 0.0000000000 0.3008604348 18.8753547668 0.0000000000 -0.2143174708
3.0740370750 0.0000000000 0.0000000000 0.2998287976 18.8603839874 0.0000000000 -0.2141026258
3.0749945641 0.0000000000 0.0000000000 0.2986450195 18.8481025696 0.0000000000 -0.2138876021
3.0756661892 0.0000000000 0.0000000000 0.2972871959 18.8364582062 0.0000000000 -0.2136792541
3.0753743649 0.0000000000 0.0000000000 0.2958424985 18.8235015869 0.0000000000 -0.2134831846
3.0746145248 0.0000000000 0.0000000000 0.2942960560 18.8078594208 0.0000000000 -0.2132908106
3.0738270283 0.0000000000 0.0000000000 0.2927109599 18.7947616577 0.0000000000 -0.2131139040
3.0731890202 0.0000000000 0.0000000000 0.2913071513 18.7837104797 0.0000000000 -0.2129465044
3.0731270313 0.0000000000 0.0000000000 0.2901991010 18.7705154419 0.0000000000 -0.2127748132
3.0729715824 0.0000000000 0.0000000000 0.2893894315 18.7511844635 0.0000000000 -0.2126162648
3.0714902878 0.0000000000 0.0000000000 0.2886685133 18.7336177826 0.0000000000 -0.2124666572
3.0683941841 0.0000000000 0.0000000000 0.2879530787 18.7170162201 0.0000000000 -0.2123047709
3.0642209053 0.0000000000 0.0000000000 0.2871869504 18.7002906799 0.0000000000 -0.2121555805
3.0603423119 0.0000000000 0.0000000000 0.2863371372 18.6840763092 0.0000000000 -0.2119844258
3.0578260422 0.0000000000 0.0000000000 0.2854513526 18.6682434082 0.0000000000 -0.2118180394
3.0574421883 0.0000000000 0.0000000000 0.2845327258 18.6527271271 0.0000000000 -0.2116466165
3.0582363605 0.0000000000 0.0000000000 0.2836105824 18.6376552582 0.0000000000 -0.2114737034
3.0588190556 0.0000000000 0.0000000000 0.2827027142 18.6222515106 0.0000000000 -0.2113019526
3.0582318306 0.0000000000 0.0000000000 0.2817617953 18.6068534851 0.0000000000 -0.2111309767
3.0560932159 0.0000000000 0.0000000000 0.2808877528 18.5910263062 0.0000000000 -0.2109700441
3.0530633926 0.0000000000 0.0000000000 0.2801607251 18.5747871399 0.0000000000 -0.2108221054
3.0500762463 0.0000000000 0.0000000000 0.2795998752 18.5588836670 0.0000000000 -0.2106779814
3.0478756428 0.0000000000 0.0000000000 0.2790695429 18.5428791046 0.0000000000 -0.2105426192
3.0467474461 0.0000000000 0.0000000000 0.2782793939 18.5269107819 0.0000000000 -0.2104306817
3.0456321239 0.0000000000 0.0000000000 0.2771614790 18.5110187531 0.0000000000 -0.2102720141
3.0446002483 0.0000000000 0.0000000000 0.2759054005 18.4951076508 0.0000000000 -0.2101283967
3.0434572697 0.0000000000 0.0000000000 0.2747376263 18.4790363312 0.0000000000 -0.2099780440
3.0420594215 0.0000000000 0.0000000000 0.2737368941 18.4629039764 0.0000000000 -0.2098284960
3.0404193401 0.0000000000 0.0000000000 0.2729117274 18.4468994141 0.0000000000 -0.2096863985
3.0383310318 0.0000000000 0.0000000000 0.2720263302 18.4310703278 0.0000000000 -0.2095393836
3.0359628201 0.0000000000 0.0000000000 0.2709980011 18.4154396057 0.0000000000 -0.2094109058
3.0340249538 0.0000000000 0.0000000000 0.2698686421 18.4003086090 0.0000000000 -0.2092481256
3.0329594612 0.0000000000 0.0000000000 0.2687704861 18.3856430054 0.0000000000 -0.2091487646
3.0327053070 0.0000000000 0.0000000000 0.2677283287 18.3720893860 0.0000000000 -0.2090080380
3.0320537090 0.0000000000 0.0000000000 0.2668511271 18.3588581085 0.0000000000 -0.2088799775
3.0307385921 0.0000000000 0.0000000000 0.2661164999 18.3460426331 0.0000000000 -0.2087496519
3.0293323994 0.0000000000 0.0000000000 0.2653931081 18.3334636688 0.0000000000 -0.2086182237
3.0277276039 0.0000000000 0.0000000000 0.2646660805 18.3212966919 0.0000000000 -0.2085087299
3.0260322094 0.0000000000 0.0000000000 0.2638609409 18.3084831238 0.0000000000 -0.2083652020
3.0248453617 0.0000000000 0.0000000000 0.2630399764 18.2948551178 0.0000000000 -0.2082775235
3.0231916904 0.0000000000 0.0000000000 0.2622123361 18.2803859711 0.0000000000 -0.2081045508
3.0220289230 0.0000000000 0.0000000000 0.2615249455 18.2659492493 0.0000000000 -0.2079632282
3.0214750767 0.0000000000 0.0000000000 0.2610116303 18.2521686554 0.0000000000 -0.2078308463
3.0213286877 0.0000000000 0.0000000000 0.2606402338 18.2390594482 0.0000000000 -0.2076990604
3.0208010674 0.0000000000 0.0000000000 0.2603417933 18.2263145447 0.0000000000 -0.2075664401
3.0195705891 0.0000000000 0.0000000000 0.2600592971 18.2135295868 0.0000000000 -0.2074353695
3.0170214176 0.0000000000 0.0000000000 0.2597956061 18.2009220123 0.0000000000 -0.2073192596
3.0146694183 0.0000000000 0.0000000000 0.2595914006 18.1885890961 0.0000000000 -0.2071854472
3.0128588676 0.0000000000 0.0000000000 0.2594251633 18.1773052216 0.0000000000 -0.2070426941
3.0119757652 0.0000000000 0.0000000000 0.2592417598 18.1662921906 0.0000000000 -0.2069460154
3.0122852325 0.0000000000 0.0000000000 0.2590516508 18.1540527344 0.0000000000 -0.2068282068
3.0134148598 0.0000000000 0.0000000000 0.2588990927 18.1405544281 0.0000000000 -0.2067191303
3.0145623684 0.0000000000 0.0000000000 0.2587631047 18.1267204285 0.0000000000 -0.2066026032
3.0150184631 0.0000000000 0.0000000000 0.2586576641 18.1140518188 0.0000000000 -0.2064897716
3.0145175457 0.0000000000 0.0000000000 0.2585446537 18.1021156311 0.0000000000 -0.2063786983
3.0127017498 0.0000000000 0.0000000000 0.2581722736 18.0901718140 0.0000000000 -0.2062672973
3.0105376244 0.0000000000 0.0000000000 0.2575252056 18.0775623322 0.0000000000 -0.2061618567
3.0088832378 0.0000000000 0.0000000000 0.2567787766 18.0631332397 0.0000000000 -0.2060525417
3.0084526539 0.0000000000 0.0000000000 0.2560146153 18.0483074188 0.0000000000 -0.2059336901
3.0095028877 0.0000000000 0.0000000000 0.2552996278 18.0334835052 0.0000000000 -0.2058176398
3.0112633705 0.0000000000 0.0000000000 0.2546735406 18.0192584991 0.0000000000 -0.2056899965
3.0120704174 0.0000000000 0.0000000000 0.2541610301 18.0057659149 0.0000000000 -0.2055962086
3.0112290382 0.0000000000 0.0000000000 0.2537288368 17.9923877716 0.0000000000 -0.2054978013
3.0084884167 0.0000000000 0.0000000000 0.2534083128 17.9787254333 0.0000000000 -0.2053952217
3.0052530766 0.0000000000 0.0000000000 0.2530404925 17.9648838043 0.0000000000 -0.2053018212
3.0026507378 0.0000000000 0.0000000000 0.2526178956 17.9514350891 0.0000000000 -0.2052078545
3.0017576218 0.0000000000 0.0000000000 0.2520556152 17.9394741058 0.0000000000 -0.2051361203
3.0017335415 0.0000000000 0.0000000000 0.2512804568 17.9277267456 0.0000000000 -0.2050176859
3.0029039383 0.0000000000 0.0000000000 0.2503465414 17.9149856567 0.0000000000 -0.2049263716
3.0046191216 0.0000000000 0.0000000000 0.2494033575 17.9021377563 0.0000000000 -0.2048335671
3.0066285133 0.0000000000 0.0000000000 0.2482626438 17.8918209076 0.0000000000 -0.2047688961
3.0084607601 0.0000000000 0.0000000000 0.2469559461 17.8814163208 0.0000000000 -0.2047023773
3.0097906590 0.0000000000 0.0000000000 0.2456504107 17.8706874847 0.0000000000 -0.2046533227
3.0108604431 0.0000000000 0.0000000000 0.2444549501 17.8595657349 0.0000000000 -0.2045865655
3.0112438202 0.0000000000 0.0000000000 0.2433998436 17.8478736877 0.0000000000 -0.2045515180
3.0115332603 0.0000000000 0.0000000000 0.2425055951 17.8361873627 0.0000000000 -0.2044584155
3.0125806332 0.0000000000 0.0000000000 0.2417807877 17.8234176636 0.0000000000 -0.2044004202
3.0141470432 0.0000000000 0.0000000000 0.2412928641 17.8103675842 0.0000000000 -0.2042750716
3.0160009861 0.0000000000 0.0000000000 0.2408755124 17.7969226837 0.0000000000 -0.2042366862
3.0177800655 0.0000000000 0.0000000000 0.2404524088 17.7827816010 0.0000000000 -0.2041560709
3.0192642212 0.0000000000 0.0000000000 0.2400326282 17.7669773102 0.0000000000 -0.2040746808
3.0206289291 0.0000000000 0.0000000000 0.2396399677 17.7518577576 0.0000000000 -0.2039946914
3.0215644836 0.0000000000 0.0000000000 0.2391722649 17.7375144958 0.0000000000 -0.2039125562
3.0217821598 0.0000000000 0.0000000000 0.2385795563 17.7251262665 0.0000000000 -0.2038380802
3.0213458538 0.0000000000 0.0000000000 0.2378656268 17.7133388519 0.0000000000 -0.2037598491
3.0199236870 0.0000000000 0.0000000000 0.2370894551 17.7013301849 0.0000000000 -0.2036874592
3.0174710751 0.0000000000 0.0000000000 0.2362763733 17.6891059875 0.0000000000 -0.2036075592
3.0147461891 0.0000000000 0.0000000000 0.2355806530 17.6767005920 0.0000000000 -0.2035322785
3.0121011734 0.0000000000 0.0000000000 0.2351628691 17.6652584076 0.0000000000 -0.2034587860
3.0100474358 0.0000000000 0.0000000000 0.2348011434 17.6541938782 0.0000000000 -0.2033923864
3.0088009834 0.0000000000 0.0000000000 0.2343976200 17.6424560547 0.0000000000 -0.2033190727
3.0083265305 0.0000000000 0.0000000000 0.2339129001 17.6301002502 0.0000000000 -0.2032432854
3.0079300404 0.0000000000 0.0000000000 0.2334253490 17.6172847748 0.0000000000 -0.2031759620
3.0074360371 0.0000000000 0.0000000000 0.2329696566 17.6043834686 0.0000000000 -0.2031465769
3.0072629452 0.0000000000 0.0000000000 0.2324429601 17.5920276642 0.0000000000 -0.2030440569
3.0074577332 0.0000000000 0.0000000000 0.2318103462 17.5795307159 0.0000000000 -0.2029794157
3.0079569817 0.0000000000 0.0000000000 0.2310594469 17.5669174194 0.0000000000 -0.2029130757
3.0089943409 0.0000000000 0.0000000000 0.2302490026 17.5559043884 0.0000000000 -0.2028486133
3.0102844238 0.0000000000 0.0000000000 0.2294676006 17.5446434021 0.0000000000 -0.2027865648
3.0120816231 0.0000000000 0.0000000000 0.2287785560 17.5340576172 0.0000000000 -0.2027227283
3.0142660141 0.0000000000 0.0000000000 0.2281781584 17.5230693817 0.0000000000 -0.2026629448
3.0165944099 0.0000000000 0.0000000000 0.2276298851 17.5119056702 0.0000000000 -0.2026049495
3.0186500549 0.0000000000 0.0000000000 0.2270821631 17.5000152588 0.0000000000 -0.2025497556
3.0198335648 0.0000000000 0.0000000000 0.2267360091 17.4877185822 0.0000000000 -0.2025082111
3.0200138092 0.0000000000 0.0000000000 0.2264959961 17.4757347107 0.0000000000 -0.2024465203
3.0198011398 0.0000000000 0.0000000000 0.2262172848 17.4641380310 0.0000000000 -0.2023683488
3.0194931030 0.0000000000 0.0000000000 0.2258286923 17.4564933777 0.0000000000 -0.2023471892
3.0194759369 0.0000000000 0.0000000000 0.2253665626 17.4477634430 0.0000000000 -0.2022929192
3.0192592144 0.0000000000 0.0000000000 0.2249643803 17.4396076202 0.0000000000 -0.2022619247
3.0190227032 0.0000000000 0.0000000000 0.2245980352 17.4305267334 0.0000000000 -0.2021791637
3.0188252926 0.0000000000 0.0000000000 0.2242199332 17.4208431244 0.0000000000 -0.2021339536
3.0180270672 0.0000000000 0.0000000000 0.2238518745 17.4112606049 0.0000000000 -0.2020793557
3.0165648460 0.0000000000 0.0000000000 0.2236084640 17.4016857147 0.0000000000 -0.2020295262
3.0146088600 0.0000000000 0.0000000000 0.2234670669 17.3921451569 0.0000000000 -0.2019805312
3.0126779079 0.0000000000 0.0000000000 0.2233631164 17.3829898834 0.0000000000 -0.2019306421
3.0108435154 0.0000000000 0.0000000000 0.2231922001 17.3742179871 0.0000000000 -0.2018789053
3.0091919899 0.0000000000 0.0000000000 0.2230461389 17.3652496338 0.0000000000 -0.2018271685
3.0080773830 0.0000000000 0.0000000000 0.2228466421 17.3566284180 0.0000000000 -0.2017777264
3.0075321198 0.0000000000 0.0000000000 0.2225267589 17.3482398987 0.0000000000 -0.2017322779
3.0074329376 0.0000000000 0.0000000000 0.2221043259 17.3398361206 0.0000000000 -0.2016974688
3.0073606968 0.0000000000 0.0000000000 0.2216009349 17.3309955597 0.0000000000 -0.2016588449
3.0070219040 0.0000000000 0.0000000000 0.2212268263 17.3219165802 0.0000000000 -0.2014897466
3.0064656734 0.0000000000 0.0000000000 0.2209202796 17.3115501404 0.0000000000 -0.2016118765
3.0061185360 0.0000000000 0.0000000000 0.2205347568 17.3012695312 0.0000000000 -0.2015883923
3.0063993931 0.0000000000 0.0000000000 0.2201057076 17.2917041779 0.0000000000 -0.2016007006
3.0061562061 0.0000000000 0.0000000000 0.2196478099 17.2838535309 0.0000000000 -0.2015315890
3.0060083866 0.0000000000 0.0000000000 0.2192166746 17.2765464783 0.0000000000 -0.2014818192
3.0061402321 0.0000000000 0.0000000000 0.2188256830 17.2690696716 0.0000000000 -0.2014350295
3.0063819885 0.0000000000 0.0000000000 0.2184313834 17.2614345551 0.0000000000 -0.2013855875
3.0062160492 0.0000000000 0.0000000000 0.2180772573 17.2533988953 0.0000000000 -0.2013415694
3.0053493977 0.0000000000 0.0000000000 0.2177718729 17.2455005646 0.0000000000 -0.2013016343
3.0038332939 0.0000000000 0.0000000000 0.2174541801 17.2376861572 0.0000000000 -0.2012653351
3.0019671917 0.0000000000 0.0000000000 0.2172137052 17.2302455902 0.0000000000 -0.2012320757
3.0006384850 0.0000000000 0.0000000000 0.2169959843 17.2232818604 0.0000000000 -0.2011975646
2.9998972416 0.0000000000 0.0000000000 0.2168077826 17.2164077759 0.0000000000 -0.2011679113
2.9994583130 0.0000000000 0.0000000000 0.2165735513 17.2097358704 0.0000000000 -0.2011355162
2.9990155697 0.0000000000 0.0000000000 0.2162812948 17.2028198242 0.0000000000 -0.2011058331
2.9987549782 0.0000000000 0.0000000000 0.2158754617 17.1955947876 0.0000000000 -0.2010762691
2.9985134602 0.0000000000 0.0000000000 0.2154521793 17.1881198883 0.0000000000 -0.2010470331
2.9978768826 0.0000000000 0.0000000000 0.2150968015 17.1803092957 0.0000000000 -0.2010214627
2.9966614246 0.0000000000 0.0000000000 0.2147538066 17.1733646393 0.0000000000 -0.2009980679
2.9952082634 0.0000000000 0.0000000000 0.2144633979 17.1665573120 0.0000000000 -0.2009741664
2.9941210747 0.0000000000 0.0000000000 0.2142437398 17.1608314514 0.0000000000 -0.2009545565
2.9936265945 0.0000000000 0.0000000000 0.2139958739 17.1565952301 0.0000000000 -0.2009333372
2.9933357239 0.0000000000 0.0000000000 0.2138178498 17.1479682922 0.0000000000 -0.2009145021
2.9933507442 0.0000000000 0.0000000000 0.2136606574 17.1418209076 0.0000000000 -0.2008965015
2.9933018684 0.0000000000 0.0000000000 0.2134822309 17.1348590851 0.0000000000 -0.2008760571
2.9925508499 0.0000000000 0.0000000000 0.2133335173 17.1274070740 0.0000000000 -0.2008528709
2.9910540581 0.0000000000 0.0000000000 0.2132216096 17.1203498840 0.0000000000 -0.2008292675
2.9899673462 0.0000000000 0.0000000000 0.2130880654 17.1131000519 0.0000000000 -0.2007981837
2.9897415638 0.0000000000 0.0000000000 0.2129384279 17.1065063477 0.0000000000 -0.2007607818
2.9906225204 0.0000000000 0.0000000000 0.2127943039 17.1006336212 0.0000000000 -0.2007346749
2.9920437336 0.0000000000 0.0000000000 0.2124612182 17.0951232910 0.0000000000 -0.2006748915
2.9935765266 0.0000000000 0.0000000000 0.2119698972 17.0902214050 0.0000000000 -0.2006261349
2.9947476387 0.0000000000 0.0000000000 0.2114378363 17.0837364197 0.0000000000 -0.2005746961
2.9952151775 0.0000000000 0.0000000000 0.2110072374 17.0774612427 0.0000000000 -0.2005194426
2.9948289394 0.0000000000 0.0000000000 0.2107503116 17.0681552887 0.0000000000 -0.2004433870
2.9946877956 0.0000000000 0.0000000000 0.2105285078 17.0606918335 0.0000000000 -0.2004002929
2.9947962761 0.0000000000 0.0000000000 0.2103528529 17.0541191101 0.0000000000 -0.2003455758
2.9955184460 0.0000000000 0.0000000000 0.2101196647 17.0511646271 0.0000000000 -0.2002848387
2.9968760014 0.0000000000 0.0000000000 0.2097363472 17.0457515717 0.0000000000 -0.2002255917
2.9981892109 0.0000000000 0.0000000000 0.2092303038 17.0395259857 0.0000000000 -0.2001703680
2.9989731312 0.0000000000 0.0000000000 0.2086195052 17.0325641632 0.0000000000 -0.2001948059
2.9980270863 0.0000000000 0.0000000000 0.2079929560 17.0254821777 0.0000000000 -0.2000760436
2.9966790676 0.0000000000 0.0000000000 0.2074247599 17.0190219879 0.0000000000 -0.2000368834
2.9958477020 0.0000000000 0.0000000000 0.2066974342 17.0128650665 0.0000000000 -0.1999834180
2.9958703518 0.0000000000 0.0000000000 0.2058621943 17.0066490173 0.0000000000 -0.1999403536
2.9963054657 0.0000000000 0.0000000000 0.2049757987 17.0004272461 0.0000000000 -0.1999038458
2.9970426559 0.0000000000 0.0000000000 0.2041207999 16.9945316315 0.0000000000 -0.1998725533
2.9979131222 0.0000000000 0.0000000000 0.2033404410 16.9884738922 0.0000000000 -0.1998459697
2.9988896847 0.0000000000 0.0000000000 0.2026948780 16.9819641113 0.0000000000 -0.1998197436
2.9998168945 0.0000000000 0.0000000000 0.2020412832 16.9755115509 0.0000000000 -0.1998405755
3.0001225471 0.0000000000 0.0000000000 0.2013555914 16.9689941406 0.0000000000 -0.1997879744
3.0002479553 0.0000000000 0.0000000000 0.2005837858 16.9624958038 0.0000000000 -0.1997748017
3.0006895065 0.0000000000 0.0000000000 0.1997580975 16.9560852051 0.0000000000 -0.1997669041
3.0018813610 0.0000000000 0.0000000000 0.1989139915 16.9495048523 0.0000000000 -0.1997518837
3.0036003590 0.0000000000 0.0000000000 0.1980587989 16.9418945312 0.0000000000 -0.1997352242
3.0055570602 0.0000000000 0.0000000000 0.1973317862 16.9332618713 0.0000000000 -0.1997158527
3.0072205067 0.0000000000 0.0000000000 0.1968272477 16.9246311188 0.0000000000 -0.1996980011
3.0083432198 0.0000000000 0.0000000000 0.1965606809 16.9165401459 0.0000000000 -0.1996772885
3.0092635155 0.0000000000 0.0000000000 0.1963832378 16.9087486267 0.0000000000 -0.1996580958
3.0096254349 0.0000000000 0.0000000000 0.1963463277 16.9008884430 0.0000000000 -0.1996364892
3.0091006756 0.0000000000 0.0000000000 0.1964140832 16.8931713104 0.0000000000 -0.1996115148
3.0080788136 0.0000000000 0.0000000000 0.1965623498 16.8862628937 0.0000000000 -0.1995836496
3.0064613819 0.0000000000 0.0000000000 0.1967251450 16.8801078796 0.0000000000 -0.1995576620
3.0049629211 0.0000000000 0.0000000000 0.1968561858 16.8733253479 0.0000000000 -0.1995238066
3.0034375191 0.0000000000 0.0000000000 0.1970345229 16.8686656952 0.0000000000 -0.1994876266
3.0018866062 0.0000000000 0.0000000000 0.1972426176 16.8626861572 0.0000000000 -0.1994454265
3.0001749992 0.0000000000 0.0000000000 0.1973296255 16.8550148010 0.0000000000 -0.1994075477
2.9986014366 0.0000000000 0.0000000000 0.1973007321 16.8463783264 0.0000000000 -0.1993663311
2.9975752831 0.0000000000 0.0000000000 0.1971622109 16.8370075226 0.0000000000 -0.1993179321
2.9969060421 0.0000000000 0.0000000000 0.1969652623 16.8273410797 0.0000000000 -0.1992670894
2.9964628220 0.0000000000 0.0000000000 0.1968160272 16.8190288544 0.0000000000 -0.1992120147
2.9964172840 0.0000000000 0.0000000000 0.1968050152 16.8111095428 0.0000000000 -0.1991498172
2.9965653419 0.0000000000 0.0000000000 0.1967886835 16.8034019470 0.0000000000 -0.1990856826
2.9969329834 0.0000000000 0.0000000000 0.1967431754 16.7951202393 0.0000000000 -0.1990139484
2.9974668026 0.0000000000 0.0000000000 0.1966144145 16.7867259979 0.0000000000 -0.1989316940
2.9982013702 0.0000000000 0.0000000000 0.1963457316 16.7790431976 0.0000000000 -0.1988677382
2.9992330074 0.0000000000 0.0000000000 0.1959822923 16.7707653046 0.0000000000 -0.1987958550
3.0005700588 0.0000000000 0.0000000000 0.1955888718 16.7622108459 0.0000000000 -0.1987241805
3.0018632412 0.0000000000 0.0000000000 0.1951821148 16.7533683777 0.0000000000 -0.1986545026
3.0023617744 0.0000000000 0.0000000000 0.1948398501 16.7444820404 0.0000000000 -0.1985886097
3.0023794174 0.0000000000 0.0000000000 0.1946078241 16.7350559235 0.0000000000 -0.1985205412
3.0019714832 0.0000000000 0.0000000000 0.1944848746 16.7256183624 0.0000000000 -0.1984511018
3.0017938614 0.0000000000 0.0000000000 0.1943944395 16.7163143158 0.0000000000 -0.1983848214
3.0020720959 0.0000000000 0.0000000000 0.1942149848 16.7071323395 0.0000000000 -0.1983210742
3.0032231808 0.0000000000 0.0000000000 0.1939773858 16.6982898712 0.0000000000 -0.1982620358
3.0050938129 0.0000000000 0.0000000000 0.1937826127 16.6900024414 0.0000000000 -0.1982029974
3.0074551105 0.0000000000 0.0000000000 0.1936583966 16.6829566956 0.0000000000 -0.1981541514
3.0096678734 0.0000000000 0.0000000000 0.1936159283 16.6755886078 0.0000000000 -0.1981027722
3.0117597580 0.0000000000 0.0000000000 0.1936179698 16.6676940918 0.0000000000 -0.1980538964
3.0143463612 0.0000000000 0.0000000000 0.1935639530 16.6595020294 0.0000000000 -0.1980056167
3.0176527500 0.0000000000 0.0000000000 0.1934558302 16.6519260406 0.0000000000 -0.1979763806
3.0211575031 0.0000000000 0.0000000000 0.1933004707 16.6426849365 0.0000000000 -0.1979445219
3.0246138573 0.0000000000 0.0000000000 0.1931609958 16.6321010590 0.0000000000 -0.1979187131
3.0278179646 0.0000000000 0.0000000000 0.1931591928 16.6214637756 0.0000000000 -0.1978911757
3.0307092667 0.0000000000 0.0000000000 0.1932289004 16.6124114990 0.0000000000 -0.1978546381
3.0333003998 0.0000000000 0.0000000000 0.1932609975 16.6023712158 0.0000000000 -0.1978204846
3.0353374481 0.0000000000 0.0000000000 0.1932231933 16.5936546326 0.0000000000 -0.1977766752
3.0365846157 0.0000000000 0.0000000000 0.1931288540 16.5845108032 0.0000000000 -0.1977300048
3.0372240543 0.0000000000 0.0000000000 0.1930297762 16.5746421814 0.0000000000 -0.1976767778
3.0376880169 0.0000000000 0.0000000000 0.1928302646 16.5658016205 0.0000000000 -0.1976148188
3.0381941795 0.0000000000 0.0000000000 0.1925056875 16.5533065796 0.0000000000 -0.1975557208
3.0381996632 0.0000000000 0.0000000000 0.1920093000 16.5406780243 0.0000000000 -0.1974895597
3.0377182961 0.0000000000 0.0000000000 0.1913367361 16.5296058655 0.0000000000 -0.1974253356
3.0371203423 0.0000000000 0.0000000000 0.1906723976 16.5199394226 0.0000000000 -0.1973603964
3.0365774632 0.0000000000 0.0000000000 0.1902346909 16.5104064941 0.0000000000 -0.1972951293
3.0362150669 0.0000000000 0.0000000000 0.1901475489 16.5010776520 0.0000000000 -0.1972402036
3.0354950428 0.0000000000 0.0000000000 0.1902710050 16.4921665192 0.0000000000 -0.1971565485
3.0349447727 0.0000000000 0.0000000000 0.1903217584 16.4833946228 0.0000000000 -0.1970924139
3.0343658924 0.0000000000 0.0000000000 0.1902647913 16.4739856720 0.0000000000 -0.1970282197
3.0343079567 0.0000000000 0.0000000000 0.1901488304 16.4638729095 0.0000000000 -0.1969592571
3.0352401733 0.0000000000 0.0000000000 0.1899553686 16.4531116486 0.0000000000 -0.1968859434
3.0372898579 0.0000000000 0.0000000000 0.1897406727 16.4417724609 0.0000000000 -0.1968101859
3.0403010845 0.0000000000 0.0000000000 0.1894604713 16.4296951294 0.0000000000 -0.1967283189
3.0434126854 0.0000000000 0.0000000000 0.1891460568 16.4177875519 0.0000000000 -0.1966616213
3.0465722084 0.0000000000 0.0000000000 0.1887514442 16.4060554504 0.0000000000 -0.1965962350
3.0493876934 0.0000000000 0.0000000000 0.1883046776 16.3947124481 0.0000000000 -0.1965277493
3.0517380238 0.0000000000 0.0000000000 0.1879843473 16.3843326569 0.0000000000 -0.1964566708
3.0538685322 0.0000000000 0.0000000000 0.1878188848 16.3745326996 0.0000000000 -0.1963871717
3.0560142994 0.0000000000 0.0000000000 0.1877620071 16.3657073975 0.0000000000 -0.1963183880
3.0576519966 0.0000000000 0.0000000000 0.1878347546 16.3569831848 0.0000000000 -0.1962522864
3.0590603352 0.0000000000 0.0000000000 0.1878875643 16.3481922150 0.0000000000 -0.1961911917
3.0604329109 0.0000000000 0.0000000000 0.1877990961 16.3394165039 0.0000000000 -0.1961353421
3.0616264343 0.0000000000 0.0000000000 0.1876706332 16.3304290771 0.0000000000 -0.1960818470
3.0626444817 0.0000000000 0.0000000000 0.1874282062 16.3211708069 0.0000000000 -0.1960338950
3.0637774467 0.0000000000 0.0000000000 0.1872919351 16.3123474121 0.0000000000 -0.1961005926
3.0639057159 0.0000000000 0.0000000000 0.1872769445 16.3034706116 0.0000000000 -0.1959458888
3.0647923946 0.0000000000 0.0000000000 0.1873525381 16.2954044342 0.0000000000 -0.1959019303
3.0666370392 0.0000000000 0.0000000000 0.1873282641 16.2886924744 0.0000000000 -0.1958628893
3.0687689781 0.0000000000 0.0000000000 0.1871771365 16.2827186584 0.0000000000 -0.1958185434
3.0708365440 0.0000000000 0.0000000000 0.1868633181 16.2759628296 0.0000000000 -0.1957781315
3.0729291439 0.0000000000 0.0000000000 0.1863833368 16.2680931091 0.0000000000 -0.1957431436
3.0753600597 0.0000000000 0.0000000000 0.1860058457 16.2608318329 0.0000000000 -0.1957165003
3.0784678459 0.0000000000 0.0000000000 0.1857148856 16.2539710999 0.0000000000 -0.1956997514
3.0818953514 0.0000000000 0.0000000000 0.1854474396 16.2455387115 0.0000000000 -0.1956939101
3.0856237411 0.0000000000 0.0000000000 0.1852172464 16.2368717194 0.0000000000 -0.1957533956
3.0887489319 0.0000000000 0.0000000000 0.1849899143 16.2282848358 0.0000000000 -0.1956920028
3.0921499729 0.0000000000 0.0000000000 0.1847856790 16.2191905975 0.0000000000 -0.1956844926
