#         rmsthk      stdthk       rmsvel       stdvel       rmsdiv       stddiv       rmsusurf       stdusurf
0.0000000000 0.0000000000 52.8655929565 54.3063735962 0.0000000000 0.0000000000 0.0000000000 0.0000000000
-0.1781463474 0.4331045449 43.5226631165 47.0412940979 0.0000000000 0.0000000000 -0.0626121014 0.9691181183
-0.3482744396 0.8305063844 33.1495437622 43.0032005310 0.0000000000 0.0000000000 -0.1186318025 1.7693212032
-0.5073071718 1.2117086649 23.4681930542 39.1363677979 0.0000000000 0.0000000000 -0.1546290517 2.4638454914
-0.6541781425 1.5781285763 15.9879598618 36.4147758484 0.0000000000 0.0000000000 -0.1688987464 3.0534334183
-0.7884448767 1.9286710024 11.1409111023 34.9233932495 0.0000000000 0.0000000000 -0.1622069627 3.5380678177
-0.9109654427 2.2638649940 8.5300960541 34.2723770142 0.0000000000 0.0000000000 -0.1394965649 3.9257743359
-1.0233336687 2.5860893726 7.5449972153 34.0552825928 0.0000000000 0.0000000000 -0.1052589044 4.2296795845
-1.1275436878 2.8982467651 7.7483782768 34.0308837891 0.0000000000 0.0000000000 -0.0631377622 4.4640722275
-1.2254972458 3.2031540871 8.8854255676 34.0933532715 0.0000000000 0.0000000000 -0.0160145313 4.6422286034
-1.3189705610 3.5033564568 10.7655744553 34.2201766968 0.0000000000 0.0000000000 0.0338232368 4.7759075165
-1.4097075462 3.8011944294 13.1630716324 34.4218025208 0.0000000000 0.0000000000 0.0846088007 4.8753075600
-1.4995899200 4.0986394882 15.7771568298 34.6552276611 0.0000000000 0.0000000000 0.1347295791 4.9494500160
-1.5902675390 4.3971295357 18.2104835510 34.8712844849 0.0000000000 0.0000000000 0.1827746481 5.0063695908
-1.6831729412 4.6975121498 20.0604839325 34.9987373352 0.0000000000 0.0000000000 0.2275917530 5.0529527664
-1.7791327238 5.0003166199 21.0590419769 34.9894714355 0.0000000000 0.0000000000 0.2681133449 5.0945801735
-1.8784697056 5.3055362701 21.2179756165 34.8446693420 0.0000000000 0.0000000000 0.3038975000 5.1351242065
-1.9808651209 5.6125850677 20.7978782654 34.5858802795 0.0000000000 0.0000000000 0.3350149989 5.1766138077
-2.0859231949 5.9210300446 20.1626567841 34.2341270447 0.0000000000 0.0000000000 0.3615969718 5.2197556496
-2.1929519176 6.2300634384 19.6445770264 33.7497215271 0.0000000000 0.0000000000 0.3838400245 5.2645268440
-2.3015635014 6.5392856598 19.4603729248 33.1375923157 0.0000000000 0.0000000000 0.4020296931 5.3105969429
-2.4115023613 6.8482131958 19.6189613342 32.4847946167 0.0000000000 0.0000000000 0.4162949622 5.3578577042
-2.5227475166 7.1565651894 19.9794311523 31.9273300171 0.0000000000 0.0000000000 0.4270489812 5.4062552452
-2.6354942322 7.4644703865 20.3143291473 31.5397167206 0.0000000000 0.0000000000 0.4346461594 5.4555940628
-2.7496745586 7.7717046738 20.3789978027 31.2614860535 0.0000000000 0.0000000000 0.4396768510 5.5053410530
-2.8652746677 8.0785188675 19.9837436676 30.9215869904 0.0000000000 0.0000000000 0.4426173866 5.5539598465
-2.9818439484 8.3845996857 19.0499229431 30.3803157806 0.0000000000 0.0000000000 0.4440355599 5.5989603996
-3.0987751484 8.6895856857 17.6560497284 29.6350002289 0.0000000000 0.0000000000 0.4442432821 5.6366567612
-3.2151801586 8.9926366806 16.0119075775 28.8265113831 0.0000000000 0.0000000000 0.4434881210 5.6629209518
-3.3301117420 9.2929086685 14.3565731049 28.1183643341 0.0000000000 0.0000000000 0.4417388141 5.6739535332
-3.4429068565 9.5899801254 12.9027299881 27.6076107025 0.0000000000 0.0000000000 0.4389398694 5.6669812202
-3.5529270172 9.8832502365 11.7964792252 27.2897682190 0.0000000000 0.0000000000 0.4352133572 5.6410546303
-3.6598100662 10.1723461151 11.1159563065 27.0775146484 0.0000000000 0.0000000000 0.4307056963 5.5967831612
-3.7635581493 10.4574174881 10.8506603241 26.8843307495 0.0000000000 0.0000000000 0.4255923629 5.5360240936
-3.8644051552 10.7386541367 10.9104185104 26.6659526825 0.0000000000 0.0000000000 0.4199908972 5.4616088867
-3.9627680779 11.0163640976 11.1437253952 26.4264431000 0.0000000000 0.0000000000 0.4140203297 5.3767347336
-4.0591897964 11.2908582687 11.3674135208 26.1820430756 0.0000000000 0.0000000000 0.4078009725 5.2845172882
-4.1540184021 11.5622863770 11.4364213943 25.9484748840 0.0000000000 0.0000000000 0.4013856947 5.1876349449
-4.2475094795 11.8308134079 11.2962636948 25.7272739410 0.0000000000 0.0000000000 0.3948446810 5.0883011818
-4.3398890495 12.0967559814 10.9891748428 25.5040264130 0.0000000000 0.0000000000 0.3882513940 4.9884152412
-4.4311022758 12.3600358963 10.6226291656 25.2613601685 0.0000000000 0.0000000000 0.3815132082 4.8891935349
-4.5211381912 12.6206655502 10.3240633011 24.9794921875 0.0000000000 0.0000000000 0.3744986653 4.7915945053
-4.6099195480 12.8784666061 10.1827926636 24.6711120605 0.0000000000 0.0000000000 0.3670206964 4.6961579323
-4.6977176666 13.1338644028 10.2246065140 24.3716793060 0.0000000000 0.0000000000 0.3590150177 4.6034607887
-4.7847785950 13.3870754242 10.4166946411 24.1273059845 0.0000000000 0.0000000000 0.3504849374 4.5140991211
-4.8714056015 13.6382856369 10.6854095459 23.9484462738 0.0000000000 0.0000000000 0.3415159583 4.4287552834
-4.9578666687 13.8876085281 10.9366340637 23.8111171722 0.0000000000 0.0000000000 0.3322426677 4.3482675552
-5.0444269180 14.1353712082 11.0782260895 23.6648159027 0.0000000000 0.0000000000 0.3227240145 4.2731938362
-5.1312561035 14.3817729950 11.0429611206 23.4618110657 0.0000000000 0.0000000000 0.3130998611 4.2039322853
-5.2184438705 14.6269683838 10.8183059692 23.2010173798 0.0000000000 0.0000000000 0.3035049140 4.1404948235
-5.3058581352 14.8708353043 10.4407730103 22.9158935547 0.0000000000 0.0000000000 0.2940696776 4.0822982788
-5.3932614326 15.1132059097 9.9885225296 22.6600799561 0.0000000000 0.0000000000 0.2849617302 4.0284938812
-5.4802303314 15.3536033630 9.5545034409 22.4602661133 0.0000000000 0.0000000000 0.2762241066 3.9780457020
-5.5666360855 15.5921382904 9.2057933807 22.3110294342 0.0000000000 0.0000000000 0.2679817379 3.9299104214
-5.6523046494 15.8288078308 8.9760951996 22.1757221222 0.0000000000 0.0000000000 0.2602771819 3.8832612038
-5.7372465134 16.0637397766 8.8489017487 22.0292968750 0.0000000000 0.0000000000 0.2530776858 3.8376007080
-5.8213434219 16.2967720032 8.7782926559 21.8711109161 0.0000000000 0.0000000000 0.2464590073 3.7925457954
-5.9046502113 16.5280227661 8.7003488541 21.7070178986 0.0000000000 0.0000000000 0.2404057831 3.7478208542
-5.9871926308 16.7575321198 8.5611200333 21.5519008636 0.0000000000 0.0000000000 0.2349281758 3.7034440041
-6.0689392090 16.9852943420 8.3387069702 21.4154834747 0.0000000000 0.0000000000 0.2300028950 3.6593925953
-6.1498799324 17.2113780975 8.0578756332 21.2945404053 0.0000000000 0.0000000000 0.2256609946 3.6158554554
-6.2298631668 17.4356250763 7.7675189972 21.1821613312 0.0000000000 0.0000000000 0.2218770385 3.5728900433
-6.3088011742 17.6580009460 7.5208606720 21.0627880096 0.0000000000 0.0000000000 0.2187093943 3.5304913521
-6.3865566254 17.8782901764 7.3552908897 20.9268379211 0.0000000000 0.0000000000 0.2160913497 3.4887874126
-6.4632477760 18.0965976715 7.2787070274 20.7784729004 0.0000000000 0.0000000000 0.2139012665 3.4478273392
-6.5389847755 18.3129978180 7.2671918869 20.6309547424 0.0000000000 0.0000000000 0.2120558321 3.4079191685
-6.6139020920 18.5275211334 7.2790069580 20.4975681305 0.0000000000 0.0000000000 0.2104470283 3.3693723679
-6.6881909370 18.7404270172 7.2665243149 20.3825416565 0.0000000000 0.0000000000 0.2090274394 3.3325610161
-6.7619729042 18.9517726898 7.2043385506 20.2734661102 0.0000000000 0.0000000000 0.2077653706 3.2976174355
-6.8353247643 19.1616172791 7.0854644775 20.1576995850 0.0000000000 0.0000000000 0.2066408098 3.2646019459
-6.9081764221 19.3697700500 6.9181561470 20.0310420990 0.0000000000 0.0000000000 0.2056712508 3.2334313393
-6.9805274010 19.5762748718 6.7264881134 19.8998432159 0.0000000000 0.0000000000 0.2048280835 3.2039496899
-7.0523405075 19.7812500000 6.5450787544 19.7762317657 0.0000000000 0.0000000000 0.2040959597 3.1759090424
-7.1236033440 19.9846553802 6.3919773102 19.6679649353 0.0000000000 0.0000000000 0.2034632862 3.1490757465
-7.1941781044 20.1862297058 6.2750701904 19.5740509033 0.0000000000 0.0000000000 0.2029014826 3.1232526302
-7.2641391754 20.3862228394 6.1922817230 19.4827938080 0.0000000000 0.0000000000 0.2023989856 3.0983343124
-7.3334789276 20.5846691132 6.1239619255 19.3831691742 0.0000000000 0.0000000000 0.2019820660 3.0743744373
-7.4023189545 20.7818069458 6.0520091057 19.2690315247 0.0000000000 0.0000000000 0.2015847415 3.0514922142
-7.4707012177 20.9776268005 5.9572172165 19.1478919983 0.0000000000 0.0000000000 0.2011583894 3.0297703743
-7.5385751724 21.1720714569 5.8295001984 19.0303287506 0.0000000000 0.0000000000 0.2007820606 3.0090429783
-7.6059694290 21.3651695251 5.6766939163 18.9205493927 0.0000000000 0.0000000000 0.2005380541 2.9891746044
-7.6729044914 21.5570163727 5.5209074020 18.8133296967 0.0000000000 0.0000000000 0.2004304677 2.9700894356
-7.7394142151 21.7477283478 5.3798570633 18.7032356262 0.0000000000 0.0000000000 0.2004671991 2.9517951012
-7.8054184914 21.9371967316 5.2674727440 18.5857238770 0.0000000000 0.0000000000 0.2005812079 2.9342167377
-7.8709812164 22.1254386902 5.1885042191 18.4593238831 0.0000000000 0.0000000000 0.2007001042 2.9173626900
-7.9361934662 22.3125648499 5.1321806908 18.3288269043 0.0000000000 0.0000000000 0.2008285075 2.9011113644
-8.0010852814 22.4984378815 5.0791997910 18.2017574310 0.0000000000 0.0000000000 0.2009055167 2.8854923248
-8.0656957626 22.6830692291 5.0113620758 18.0813274384 0.0000000000 0.0000000000 0.2008995414 2.8704118729
-8.1300354004 22.8664150238 4.9204754829 17.9691486359 0.0000000000 0.0000000000 0.2007908076 2.8557751179
-8.1941127777 23.0485076904 4.8092870712 17.8626689911 0.0000000000 0.0000000000 0.2005909830 2.8412818909
-8.2579402924 23.2293682098 4.6862521172 17.7592582703 0.0000000000 0.0000000000 0.2003630549 2.8267667294
-8.3214244843 23.4088058472 4.5595993996 17.6574993134 0.0000000000 0.0000000000 0.2002033591 2.8120334148
-8.3845520020 23.5869770050 4.4414510727 17.5564899445 0.0000000000 0.0000000000 0.2001358122 2.7970151901
-8.4473161697 23.7639217377 4.3373799324 17.4615631104 0.0000000000 0.0000000000 0.2000942677 2.7817094326
-8.5097770691 23.9397525787 4.2505073547 17.3732509613 0.0000000000 0.0000000000 0.2000754476 2.7661120892
-8.5719108582 24.1143856049 4.1758375168 17.2885723114 0.0000000000 0.0000000000 0.1999895871 2.7503631115
-8.6336975098 24.2878055573 4.1056461334 17.2042808533 0.0000000000 0.0000000000 0.1997472644 2.7345807552
-8.6953086853 24.4602870941 4.0287342072 17.1219406128 0.0000000000 0.0000000000 0.1992456466 2.7189090252
-8.7567510605 24.6317939758 3.9437842369 17.0412406921 0.0000000000 0.0000000000 0.1984890997 2.7033498287
-8.8179769516 24.8023185730 3.8507497311 16.9615173340 0.0000000000 0.0000000000 0.1974948496 2.6878373623
-8.8789844513 24.9719161987 3.7546310425 16.8847675323 0.0000000000 0.0000000000 0.1962656528 2.6722145081
-8.9397792816 25.1406440735 3.6654441357 16.8093376160 0.0000000000 0.0000000000 0.1948432922 2.6563386917
-9.0003557205 25.3084316254 3.5913343430 16.7368011475 0.0000000000 0.0000000000 0.1932865530 2.6401832104
-9.0606775284 25.4752521515 3.5327956676 16.6659164429 0.0000000000 0.0000000000 0.1917297244 2.6237299442
-9.1206932068 25.6409759521 3.4854314327 16.5942249298 0.0000000000 0.0000000000 0.1902716756 2.6072196960
-9.1805429459 25.8058815002 3.4395470619 16.5240840912 0.0000000000 0.0000000000 0.1889376342 2.5908963680
-9.2403154373 25.9701080322 3.3898000717 16.4537353516 0.0000000000 0.0000000000 0.1876949072 2.5750885010
-9.2999973297 26.1336040497 3.3295295238 16.3841457367 0.0000000000 0.0000000000 0.1865986288 2.5597691536
-9.3596048355 26.2963829041 3.2594044209 16.3165016174 0.0000000000 0.0000000000 0.1856634766 2.5447382927
-9.4190874100 26.4583797455 3.1806566715 16.2521324158 0.0000000000 0.0000000000 0.1848885268 2.5300593376
-9.4783906937 26.6195526123 3.0929558277 16.1926422119 0.0000000000 0.0000000000 0.1842954308 2.5154631138
-9.5374555588 26.7798461914 3.0035228729 16.1366386414 0.0000000000 0.0000000000 0.1838664562 2.5007753372
-9.5963439941 26.9393901825 2.9173357487 16.0810718536 0.0000000000 0.0000000000 0.1835985333 2.4857983589
-9.6550302505 27.0982208252 2.8383865356 16.0217876434 0.0000000000 0.0000000000 0.1835272014 2.4705042839
-9.7134838104 27.2563629150 2.7676875591 15.9623136520 0.0000000000 0.0000000000 0.1836583316 2.4550116062
-9.7716407776 27.4138450623 2.7016112804 15.9040412903 0.0000000000 0.0000000000 0.1839500070 2.4394130707
-9.8295202255 27.5706958771 2.6338279247 15.8463478088 0.0000000000 0.0000000000 0.1843519509 2.4238801003
-9.8870506287 27.7268028259 2.5632755756 15.7878646851 0.0000000000 0.0000000000 0.1848222464 2.4083988667
-9.9441232681 27.8820610046 2.4884471893 15.7278022766 0.0000000000 0.0000000000 0.1853133589 2.3931310177
-10.0008745193 28.0366783142 2.4135000706 15.6656684875 0.0000000000 0.0000000000 0.1858261675 2.3781673908
-10.0573053360 28.1906814575 2.3408834934 15.6040897369 0.0000000000 0.0000000000 0.1862960309 2.3635251522
-10.1133899689 28.3440418243 2.2750549316 15.5417137146 0.0000000000 0.0000000000 0.1866847575 2.3492569923
-10.1691055298 28.4967365265 2.2173585892 15.4785318375 0.0000000000 0.0000000000 0.1869800836 2.3353288174
-10.2245225906 28.6488780975 2.1674926281 15.4128284454 0.0000000000 0.0000000000 0.1871959269 2.3217527866
-10.2796230316 28.8003921509 2.1242039204 15.3438453674 0.0000000000 0.0000000000 0.1873344183 2.3086330891
-10.3343420029 28.9511890411 2.0826404095 15.2730112076 0.0000000000 0.0000000000 0.1873709261 2.2959804535
-10.3887510300 29.1013259888 2.0398261547 15.2031574249 0.0000000000 0.0000000000 0.1873160899 2.2837066650
-10.4428548813 29.2508049011 1.9917007685 15.1370429993 0.0000000000 0.0000000000 0.1871617585 2.2716047764
-10.4966526031 29.3996334076 1.9395928383 15.0753393173 0.0000000000 0.0000000000 0.1869157255 2.2595589161
-10.5501499176 29.5478229523 1.8858628273 15.0160617828 0.0000000000 0.0000000000 0.1865864992 2.2474682331
-10.6033725739 29.6953697205 1.8337038755 14.9550971985 0.0000000000 0.0000000000 0.1861570776 2.2351601124
-10.6563663483 29.8422889709 1.7843004465 14.8921518326 0.0000000000 0.0000000000 0.1856193691 2.2228322029
-10.7091274261 29.9885559082 1.7386143208 14.8276462555 0.0000000000 0.0000000000 0.1849500090 2.2104468346
-10.7616653442 30.1342315674 1.6958768368 14.7647867203 0.0000000000 0.0000000000 0.1841790229 2.1980879307
-10.8140640259 30.2793979645 1.6531838179 14.7050170898 0.0000000000 0.0000000000 0.1833491921 2.1858325005
-10.8662824631 30.4239845276 1.6063343287 14.6492519379 0.0000000000 0.0000000000 0.1826172471 2.1738123894
-10.9182376862 30.5678195953 1.5577026606 14.5937328339 0.0000000000 0.0000000000 0.1819842607 2.1619167328
-10.9699420929 30.7109966278 1.5103977919 14.5362529755 0.0000000000 0.0000000000 0.1814682782 2.1502070427
-11.0214443207 30.8535804749 1.4602741003 14.4787034988 0.0000000000 0.0000000000 0.1810860485 2.1386349201
-11.0727443695 30.9955101013 1.4090906382 14.4222450256 0.0000000000 0.0000000000 0.1808084399 2.1271629333
-11.1238842010 31.1368389130 1.3592406511 14.3676357269 0.0000000000 0.0000000000 0.1805660874 2.1158385277
-11.1748113632 31.2774658203 1.3115428686 14.3152532578 0.0000000000 0.0000000000 0.1803252995 2.1045634747
-11.2255954742 31.4174518585 1.2660207748 14.2637958527 0.0000000000 0.0000000000 0.1800670326 2.0932366848
-11.2762145996 31.5567684174 1.2229548693 14.2134799957 0.0000000000 0.0000000000 0.1797175258 2.0819284916
-11.3266382217 31.6952991486 1.1807477474 14.1638031006 0.0000000000 0.0000000000 0.1792910844 2.0707054138
-11.3768911362 31.8330192566 1.1391661167 14.1152648926 0.0000000000 0.0000000000 0.1789021343 2.0596475601
-11.4269170761 31.9698848724 1.0975173712 14.0666255951 0.0000000000 0.0000000000 0.1786318421 2.0488159657
-11.4767503738 32.1058235168 1.0544036627 14.0191221237 0.0000000000 0.0000000000 0.1785291284 2.0382673740
-11.5263738632 32.2407302856 1.0081938505 13.9749584198 0.0000000000 0.0000000000 0.1786587983 2.0279302597
-11.5758867264 32.3748168945 0.9616961479 13.9332017899 0.0000000000 0.0000000000 0.1790070087 2.0178816319
-11.6252450943 32.5079154968 0.9170078039 13.8940029144 0.0000000000 0.0000000000 0.1795580387 2.0082149506
-11.6745843887 32.6400642395 0.8763881922 13.8572998047 0.0000000000 0.0000000000 0.1802939028 1.9989551306
-11.7238378525 32.7710762024 0.8396032453 13.8209791183 0.0000000000 0.0000000000 0.1811231971 1.9902327061
-11.7730445862 32.9008140564 0.8032937050 13.7830028534 0.0000000000 0.0000000000 0.1820008010 1.9821161032
-11.8223485947 33.0294799805 0.7653852105 13.7415533066 0.0000000000 0.0000000000 0.1829133630 1.9746104479
-11.8717203140 33.1569328308 0.7243512273 13.6962270737 0.0000000000 0.0000000000 0.1837921739 1.9676430225
-11.9211483002 33.2831764221 0.6822979450 13.6475696564 0.0000000000 0.0000000000 0.1846713871 1.9609869719
-11.9707059860 33.4082221985 0.6427788734 13.5955495834 0.0000000000 0.0000000000 0.1855949610 1.9543255568
-12.0204095840 33.5321731567 0.6090905666 13.5394458771 0.0000000000 0.0000000000 0.1865060031 1.9473063946
-12.0702953339 33.6551742554 0.5756176114 13.4821176529 0.0000000000 0.0000000000 0.1873677373 1.9398407936
-12.1202812195 33.7771835327 0.5400872231 13.4249505997 0.0000000000 0.0000000000 0.1881534904 1.9319609404
-12.1703414917 33.8983039856 0.4969570339 13.3693761826 0.0000000000 0.0000000000 0.1888259351 1.9234972000
-12.2204322815 34.0186233521 0.4499734640 13.3134651184 0.0000000000 0.0000000000 0.1893516332 1.9145338535
-12.2705335617 34.1382446289 0.3993825316 13.2593145370 0.0000000000 0.0000000000 0.1897133887 1.9049742222
-12.3205432892 34.2571640015 0.3475335240 13.2073793411 0.0000000000 0.0000000000 0.1898942292 1.8947659731
-12.3704462051 34.3754730225 0.2952838242 13.1584796906 0.0000000000 0.0000000000 0.1898885816 1.8840636015
-12.4200153351 34.4928398132 0.2418731153 13.1157398224 0.0000000000 0.0000000000 0.1897241622 1.8731269836
-12.4693403244 34.6094703674 0.1850230843 13.0816307068 0.0000000000 0.0000000000 0.1894052178 1.8621383905
-12.5184803009 34.7255821228 0.1267388016 13.0533647537 0.0000000000 0.0000000000 0.1889600605 1.8514121771
-12.5673961639 34.8411293030 0.0723928586 13.0254697800 0.0000000000 0.0000000000 0.1883690357 1.8409978151
-12.6158971786 34.9558906555 0.0217683651 12.9977054596 0.0000000000 0.0000000000 0.1876066178 1.8311253786
-12.6640253067 35.0699691772 -0.0231961515 12.9679059982 0.0000000000 0.0000000000 0.1866329014 1.8219944239
-12.7118577957 35.1835136414 -0.0643448159 12.9379415512 0.0000000000 0.0000000000 0.1854391992 1.8136864901
-12.7594614029 35.2966575623 -0.1032051966 12.9101505280 0.0000000000 0.0000000000 0.1840687245 1.8062425852
-12.8068294525 35.4092864990 -0.1399937868 12.8859634399 0.0000000000 0.0000000000 0.1826012135 1.7996958494
-12.8539590836 35.5214958191 -0.1743711531 12.8627271652 0.0000000000 0.0000000000 0.1811202317 1.7939995527
-12.9008960724 35.6333160400 -0.2055306286 12.8375949860 0.0000000000 0.0000000000 0.1796777546 1.7891389132
-12.9476766586 35.7447395325 -0.2353059053 12.8093309402 0.0000000000 0.0000000000 0.1782954037 1.7850030661
-12.9942893982 35.8557357788 -0.2649984658 12.7780246735 0.0000000000 0.0000000000 0.1769811809 1.7813172340
-13.0407085419 35.9662437439 -0.2975161970 12.7472686768 0.0000000000 0.0000000000 0.1757908612 1.7779043913
-13.0869865417 36.0763244629 -0.3346376419 12.7211265564 0.0000000000 0.0000000000 0.1747483462 1.7745504379
-13.1331605911 36.1860008240 -0.3793483377 12.7017002106 0.0000000000 0.0000000000 0.1738672107 1.7709316015
-13.1791086197 36.2950630188 -0.4293290377 12.6881942749 0.0000000000 0.0000000000 0.1732180566 1.7670261860
-13.2249040604 36.4036788940 -0.4797613025 12.6753139496 0.0000000000 0.0000000000 0.1728009284 1.7629538774
-13.2705364227 36.5118026733 -0.5277602673 12.6582870483 0.0000000000 0.0000000000 0.1725547761 1.7586417198
-13.3160037994 36.6194496155 -0.5711551905 12.6356859207 0.0000000000 0.0000000000 0.1723764688 1.7540568113
-13.3612899780 36.7266006470 -0.6115594506 12.6090211868 0.0000000000 0.0000000000 0.1721625626 1.7492750883
-13.4063472748 36.8332061768 -0.6539787054 12.5847520828 0.0000000000 0.0000000000 0.1718198657 1.7442846298
-13.4512090683 36.9393424988 -0.7000461817 12.5662183762 0.0000000000 0.0000000000 0.1713855416 1.7391679287
-13.4958248138 37.0448875427 -0.7502093315 12.5514278412 0.0000000000 0.0000000000 0.1708672494 1.7342743874
-13.5403203964 37.1500930786 -0.8004335165 12.5362339020 0.0000000000 0.0000000000 0.1702692360 1.7296186686
-13.5846929550 37.2549285889 -0.8462376595 12.5159654617 0.0000000000 0.0000000000 0.1695989072 1.7251666784
-13.6288442612 37.3592605591 -0.8850020170 12.4885911942 0.0000000000 0.0000000000 0.1688881516 1.7208063602
-13.6727762222 37.4631538391 -0.9226023555 12.4581375122 0.0000000000 0.0000000000 0.1681725681 1.7165850401
-13.7165260315 37.5667266846 -0.9594137669 12.4300594330 0.0000000000 0.0000000000 0.1674648523 1.7124729156
-13.7600307465 37.6697883606 -0.9948588610 12.4058456421 0.0000000000 0.0000000000 0.1668890268 1.7084953785
-13.8033657074 37.7725257874 -1.0317056179 12.3861246109 0.0000000000 0.0000000000 0.1664989442 1.7046401501
-13.8465518951 37.8749275208 -1.0683305264 12.3681573868 0.0000000000 0.0000000000 0.1662574559 1.7009872198
-13.8895244598 37.9768486023 -1.1030157804 12.3480176926 0.0000000000 0.0000000000 0.1661208421 1.6973035336
-13.9323329926 38.0783424377 -1.1363424063 12.3253345490 0.0000000000 0.0000000000 0.1660268158 1.6935092211
-13.9749221802 38.1792945862 -1.1703910828 12.3023977280 0.0000000000 0.0000000000 0.1659402996 1.6895669699
-14.0173587799 38.2797775269 -1.2088092566 12.2836723328 0.0000000000 0.0000000000 0.1658489704 1.6853957176
-14.0596303940 38.3797760010 -1.2505968809 12.2697200775 0.0000000000 0.0000000000 0.1657528430 1.6810123920
-14.1017618179 38.4793548584 -1.2925862074 12.2594146729 0.0000000000 0.0000000000 0.1656430066 1.6764141321
-14.1438398361 38.5785942078 -1.3327932358 12.2498531342 0.0000000000 0.0000000000 0.1655222327 1.6716071367
-14.1858453751 38.6774826050 -1.3716948032 12.2392969131 0.0000000000 0.0000000000 0.1653829515 1.6664671898
-14.2277383804 38.7759819031 -1.4087280035 12.2269153595 0.0000000000 0.0000000000 0.1652053446 1.6609572172
-14.2695722580 38.8741722107 -1.4452146292 12.2128238678 0.0000000000 0.0000000000 0.1649743915 1.6554232836
-14.3113098145 38.9720115662 -1.4826492071 12.1980113983 0.0000000000 0.0000000000 0.1647351533 1.6500397921
-14.3529691696 39.0695571899 -1.5224504471 12.1841487885 0.0000000000 0.0000000000 0.1644304097 1.6450726986
-14.3945045471 39.1667366028 -1.5638087988 12.1724948883 0.0000000000 0.0000000000 0.1640708745 1.6406730413
-14.4359006882 39.2635421753 -1.6036896706 12.1610527039 0.0000000000 0.0000000000 0.1636910588 1.6367944479
-14.4771575928 39.3599967957 -1.6401197910 12.1479787827 0.0000000000 0.0000000000 0.1633087248 1.6334456205
-14.5181360245 39.4559745789 -1.6742209196 12.1323261261 0.0000000000 0.0000000000 0.1629563123 1.6303955317
-14.5589256287 39.5515937805 -1.7065781355 12.1150960922 0.0000000000 0.0000000000 0.1626287550 1.6275672913
-14.5994873047 39.6468429565 -1.7392503023 12.0981979370 0.0000000000 0.0000000000 0.1623652130 1.6246811152
-14.6398916245 39.7417716980 -1.7744076252 12.0838871002 0.0000000000 0.0000000000 0.1621080190 1.6213380098
-14.6800937653 39.8363761902 -1.8087592125 12.0715627670 0.0000000000 0.0000000000 0.1618554741 1.6178404093
-14.7201156616 39.9306526184 -1.8411962986 12.0609474182 0.0000000000 0.0000000000 0.1616009623 1.6142008305
-14.7599706650 40.0245513916 -1.8735177517 12.0530214310 0.0000000000 0.0000000000 0.1613674611 1.6103942394
-14.7997398376 40.1181983948 -1.9052382708 12.0463705063 0.0000000000 0.0000000000 0.1611492634 1.6064438820
-14.8393735886 40.2114868164 -1.9376415014 12.0402326584 0.0000000000 0.0000000000 0.1609682739 1.6024231911
-14.8789005280 40.3045310974 -1.9731605053 12.0340242386 0.0000000000 0.0000000000 0.1608070433 1.5985785723
-14.9183082581 40.3972473145 -2.0112245083 12.0271139145 0.0000000000 0.0000000000 0.1606196314 1.5950471163
-14.9575834274 40.4896316528 -2.0507485867 12.0201559067 0.0000000000 0.0000000000 0.1603960097 1.5918129683
-14.9967164993 40.5816802979 -2.0902543068 12.0134496689 0.0000000000 0.0000000000 0.1601339281 1.5887628794
-15.0356912613 40.6733779907 -2.1296613216 12.0064058304 0.0000000000 0.0000000000 0.1597823501 1.5859042406
-15.0744705200 40.7646713257 -2.1667470932 11.9981536865 0.0000000000 0.0000000000 0.1593224704 1.5833370686
-15.1129837036 40.8555374146 -2.2015442848 11.9881019592 0.0000000000 0.0000000000 0.1587993801 1.5809627771
-15.1512928009 40.9460639954 -2.2352890968 11.9770431519 0.0000000000 0.0000000000 0.1582888067 1.5787231922
-15.1893482208 41.0362091064 -2.2696022987 11.9654293060 0.0000000000 0.0000000000 0.1578436345 1.5763844252
-15.2271356583 41.1259689331 -2.3034372330 11.9542217255 0.0000000000 0.0000000000 0.1574603766 1.5737180710
-15.2646579742 41.2154464722 -2.3348345757 11.9437026978 0.0000000000 0.0000000000 0.1571728885 1.5707026720
-15.3019599915 41.3045158386 -2.3642446995 11.9350557327 0.0000000000 0.0000000000 0.1569963545 1.5674350262
-15.3391408920 41.3933296204 -2.3920328617 11.9283113480 0.0000000000 0.0000000000 0.1570010930 1.5639394522
-15.3761472702 41.4817848206 -2.4198200703 11.9227800369 0.0000000000 0.0000000000 0.1569000334 1.5603953600
-15.4130115509 41.5699844360 -2.4485292435 11.9179983139 0.0000000000 0.0000000000 0.1566880047 1.5570707321
-15.4495630264 41.6577491760 -2.4780118465 11.9126415253 0.0000000000 0.0000000000 0.1564271599 1.5540900230
-15.4860181808 41.7453079224 -2.5099108219 11.9068355560 0.0000000000 0.0000000000 0.1561614871 1.5514295101
-15.5223436356 41.8325653076 -2.5419690609 11.9004392624 0.0000000000 0.0000000000 0.1559018344 1.5489609241
-15.5584630966 41.9194030762 -2.5753996372 11.8948297501 0.0000000000 0.0000000000 0.1556349844 1.5463340282
-15.5944366455 42.0059661865 -2.6103041172 11.8911695480 0.0000000000 0.0000000000 0.1553049535 1.5436203480
-15.6302642822 42.0922317505 -2.6475374699 11.8895120621 0.0000000000 0.0000000000 0.1548559517 1.5409899950
-15.6658992767 42.1781921387 -2.6864702702 11.8885478973 0.0000000000 0.0000000000 0.1542736888 1.5379723310
-15.7013206482 42.2638130188 -2.7248463631 11.8863382339 0.0000000000 0.0000000000 0.1536334902 1.5345013142
-15.7365055084 42.3491287231 -2.7595555782 11.8816461563 0.0000000000 0.0000000000 0.1529814005 1.5307960510
-15.7714090347 42.4341430664 -2.7908113003 11.8759250641 0.0000000000 0.0000000000 0.1523256302 1.5268152952
-15.8060674667 42.5188255310 -2.8206424713 11.8704032898 0.0000000000 0.0000000000 0.1516030878 1.5227291584
-15.8404750824 42.6031494141 -2.8495771885 11.8656301498 0.0000000000 0.0000000000 0.1509627253 1.5191007853
-15.8746232986 42.6871032715 -2.8796560764 11.8622627258 0.0000000000 0.0000000000 0.1505181193 1.5162246227
-15.9085388184 42.7708053589 -2.9092628956 11.8586301804 0.0000000000 0.0000000000 0.1502761990 1.5141111612
-15.9421625137 42.8541831970 -2.9340984821 11.8517475128 0.0000000000 0.0000000000 0.1500075012 1.5122320652
-15.9755373001 42.9371948242 -2.9534115791 11.8409833908 0.0000000000 0.0000000000 0.1496814340 1.5103708506
-16.0087051392 43.0199241638 -2.9689462185 11.8275661469 0.0000000000 0.0000000000 0.1493484527 1.5083733797
-16.0416946411 43.1024131775 -2.9842438698 11.8147554398 0.0000000000 0.0000000000 0.1489938349 1.5061533451
-16.0745677948 43.1846809387 -3.0030031204 11.8049564362 0.0000000000 0.0000000000 0.1486607790 1.5038321018
-16.1073207855 43.2666778564 -3.0286259651 11.7999963760 0.0000000000 0.0000000000 0.1483555883 1.5014169216
-16.1398143768 43.3481254578 -3.0586209297 11.7975873947 0.0000000000 0.0000000000 0.1480674595 1.4989864826
-16.1721858978 43.4293098450 -3.0896430016 11.7945117950 0.0000000000 0.0000000000 0.1478078216 1.4965876341
-16.2043495178 43.5101814270 -3.1184709072 11.7885761261 0.0000000000 0.0000000000 0.1476266831 1.4940885305
-16.2363700867 43.5907669067 -3.1429095268 11.7790956497 0.0000000000 0.0000000000 0.1475350112 1.4917558432
-16.2682743073 43.6711311340 -3.1639072895 11.7679767609 0.0000000000 0.0000000000 0.1474916041 1.4898092747
-16.2999916077 43.7511863708 -3.1823117733 11.7579212189 0.0000000000 0.0000000000 0.1474848539 1.4883034229
-16.3315734863 43.8309936523 -3.1989564896 11.7504587173 0.0000000000 0.0000000000 0.1474744678 1.4868782759
-16.3630084991 43.9105110168 -3.2164797783 11.7454147339 0.0000000000 0.0000000000 0.1474000067 1.4847587347
-16.3941993713 43.9894332886 -3.2324671745 11.7400922775 0.0000000000 0.0000000000 0.1472564936 1.4817582369
-16.4252166748 44.0679244995 -3.2501158714 11.7342166901 0.0000000000 0.0000000000 0.1470402777 1.4783849716
-16.4561233521 44.1460762024 -3.2695870399 11.7276668549 0.0000000000 0.0000000000 0.1467843056 1.4752475023
-16.4868698120 44.2238273621 -3.2893018723 11.7204656601 0.0000000000 0.0000000000 0.1464842409 1.4725614786
-16.5175266266 44.3012924194 -3.3083472252 11.7129669189 0.0000000000 0.0000000000 0.1461414844 1.4703524113
-16.5480365753 44.3784141541 -3.3250708580 11.7047872543 0.0000000000 0.0000000000 0.1457609981 1.4679796696
-16.5784988403 44.4552841187 -3.3393402100 11.6962671280 0.0000000000 0.0000000000 0.1453812569 1.4652125835
-16.6088657379 44.5317955017 -3.3539648056 11.6889839172 0.0000000000 0.0000000000 0.1450000256 1.4621641636
-16.6391716003 44.6080169678 -3.3719925880 11.6835174561 0.0000000000 0.0000000000 0.1446482092 1.4591916800
-16.6693267822 44.6839599609 -3.3942668438 11.6793107986 0.0000000000 0.0000000000 0.1443204433 1.4563647509
-16.6994476318 44.7597236633 -3.4180653095 11.6736545563 0.0000000000 0.0000000000 0.1439916939 1.4539859295
-16.7295475006 44.8353271484 -3.4411911964 11.6664686203 0.0000000000 0.0000000000 0.1436711252 1.4519953728
-16.7595424652 44.9107360840 -3.4634420872 11.6592006683 0.0000000000 0.0000000000 0.1434096843 1.4500269890
-16.7894496918 44.9859275818 -3.4834754467 11.6519689560 0.0000000000 0.0000000000 0.1432314515 1.4480377436
-16.8191699982 45.0607872009 -3.5013930798 11.6446809769 0.0000000000 0.0000000000 0.1430768073 1.4458271265
-16.8487262726 45.1353645325 -3.5206229687 11.6386137009 0.0000000000 0.0000000000 0.1428848207 1.4435732365
-16.8781299591 45.2095756531 -3.5380663872 11.6313610077 0.0000000000 0.0000000000 0.1426983476 1.4412965775
-16.9073581696 45.2835044861 -3.5576918125 11.6249437332 0.0000000000 0.0000000000 0.1425741762 1.4393999577
-16.9364662170 45.3572311401 -3.5811655521 11.6194238663 0.0000000000 0.0000000000 0.1425187439 1.4379782677
-16.9655151367 45.4308433533 -3.6067459583 11.6144723892 0.0000000000 0.0000000000 0.1425004900 1.4369463921
-16.9944305420 45.5042610168 -3.6300380230 11.6088228226 0.0000000000 0.0000000000 0.1425334811 1.4361121655
-17.0232543945 45.5775413513 -3.6490213871 11.6021709442 0.0000000000 0.0000000000 0.1425562650 1.4353231192
-17.0519313812 45.6505699158 -3.6612391472 11.5934820175 0.0000000000 0.0000000000 0.1425652653 1.4345870018
-17.0804805756 45.7233352661 -3.6725080013 11.5856599808 0.0000000000 0.0000000000 0.1425618231 1.4340178967
-17.1089191437 45.7958145142 -3.6859896183 11.5788002014 0.0000000000 0.0000000000 0.1425519288 1.4335551262
-17.1372165680 45.8680152893 -3.7032253742 11.5732355118 0.0000000000 0.0000000000 0.1425227374 1.4330461025
-17.1654300690 45.9400177002 -3.7241890430 11.5697927475 0.0000000000 0.0000000000 0.1424453259 1.4325231314
-17.1934776306 46.0117378235 -3.7482185364 11.5676975250 0.0000000000 0.0000000000 0.1422021240 1.4321212769
-17.2213935852 46.0832023621 -3.7723827362 11.5654964447 0.0000000000 0.0000000000 0.1417732239 1.4317837954
-17.2491779327 46.1544723511 -3.7945213318 11.5620450974 0.0000000000 0.0000000000 0.1411687583 1.4315490723
-17.2768001556 46.2254791260 -3.8127093315 11.5570859909 0.0000000000 0.0000000000 0.1404903382 1.4312999249
-17.3043270111 46.2963829041 -3.8252751827 11.5497760773 0.0000000000 0.0000000000 0.1398565322 1.4303209782
-17.3317680359 46.3670463562 -3.8350887299 11.5419187546 0.0000000000 0.0000000000 0.1393403411 1.4285606146
-17.3591251373 46.4374351501 -3.8467009068 11.5350790024 0.0000000000 0.0000000000 0.1388788521 1.4265141487
-17.3862915039 46.5074348450 -3.8643851280 11.5301933289 0.0000000000 0.0000000000 0.1384191662 1.4244146347
-17.4133911133 46.5772514343 -3.8891968727 11.5278987885 0.0000000000 0.0000000000 0.1379879117 1.4224472046
-17.4403800964 46.6469001770 -3.9174673557 11.5269660950 0.0000000000 0.0000000000 0.1375832409 1.4207248688
-17.4671134949 46.7161598206 -3.9432518482 11.5241718292 0.0000000000 0.0000000000 0.1371930987 1.4193189144
-17.4935894012 46.7851333618 -3.9623420238 11.5186347961 0.0000000000 0.0000000000 0.1368071735 1.4181376696
-17.5198516846 46.8538475037 -3.9732730389 11.5100984573 0.0000000000 0.0000000000 0.1363715976 1.4172753096
-17.5458869934 46.9223403931 -3.9810304642 11.5008354187 0.0000000000 0.0000000000 0.1359556913 1.4162766933
-17.5717506409 46.9905853271 -3.9902868271 11.4927225113 0.0000000000 0.0000000000 0.1356370300 1.4151133299
-17.5975322723 47.0586853027 -4.0058417320 11.4874324799 0.0000000000 0.0000000000 0.1354347467 1.4135423899
-17.6230945587 47.1264114380 -4.0241990089 11.4831409454 0.0000000000 0.0000000000 0.1352765709 1.4113624096
-17.6485328674 47.1939659119 -4.0468754768 11.4804391861 0.0000000000 0.0000000000 0.1351202428 1.4087280035
-17.6738586426 47.2613945007 -4.0713877678 11.4782342911 0.0000000000 0.0000000000 0.1349486709 1.4060639143
-17.6988735199 47.3284492493 -4.0961146355 11.4764366150 0.0000000000 0.0000000000 0.1347389072 1.4028352499
-17.7237777710 47.3953819275 -4.1189317703 11.4744491577 0.0000000000 0.0000000000 0.1345468313 1.3991227150
-17.7485389709 47.4621315002 -4.1386017799 11.4720373154 0.0000000000 0.0000000000 0.1343575120 1.3954036236
-17.7731094360 47.5286903381 -4.1550254822 11.4699077606 0.0000000000 0.0000000000 0.1342574805 1.3919821978
-17.7975826263 47.5951080322 -4.1686611176 11.4668436050 0.0000000000 0.0000000000 0.1342225969 1.3889502287
-17.8219127655 47.6612434387 -4.1811528206 11.4640150070 0.0000000000 0.0000000000 0.1342274249 1.3863722086
-17.8462066650 47.7272224426 -4.1963305473 11.4627504349 0.0000000000 0.0000000000 0.1342548579 1.3842765093
-17.8704051971 47.7930145264 -4.2133855820 11.4626264572 0.0000000000 0.0000000000 0.1342549473 1.3828660250
-17.8945198059 47.8585014343 -4.2322759628 11.4630031586 0.0000000000 0.0000000000 0.1342281252 1.3816608191
-17.9186687469 47.9238204956 -4.2516412735 11.4629220963 0.0000000000 0.0000000000 0.1341363490 1.3804442883
-17.9428081512 47.9889526367 -4.2709522247 11.4617271423 0.0000000000 0.0000000000 0.1339983046 1.3792408705
-17.9669208527 48.0538520813 -4.2910404205 11.4596376419 0.0000000000 0.0000000000 0.1338317841 1.3781179190
-17.9909896851 48.1184997559 -4.3104920387 11.4563627243 0.0000000000 0.0000000000 0.1336134672 1.3767808676
-18.0148735046 48.1827087402 -4.3280835152 11.4516916275 0.0000000000 0.0000000000 0.1333639175 1.3750818968
-18.0386085510 48.2465629578 -4.3430700302 11.4460620880 0.0000000000 0.0000000000 0.1331511289 1.3730243444
-18.0621833801 48.3101119995 -4.3540844917 11.4388599396 0.0000000000 0.0000000000 0.1329552084 1.3707802296
-18.0855064392 48.3732643127 -4.3616442680 11.4298419952 0.0000000000 0.0000000000 0.1327524781 1.3684251308
-18.1086368561 48.4361267090 -4.3694992065 11.4200649261 0.0000000000 0.0000000000 0.1325369924 1.3664109707
-18.1315746307 48.4986877441 -4.3790454865 11.4102449417 0.0000000000 0.0000000000 0.1323429346 1.3652063608
-18.1543693542 48.5610084534 -4.3909568787 11.4012861252 0.0000000000 0.0000000000 0.1321525872 1.3641645908
-18.1769790649 48.6229972839 -4.4047226906 11.3940086365 0.0000000000 0.0000000000 0.1319668144 1.3629988432
-18.1994171143 48.6847000122 -4.4196047783 11.3885850906 0.0000000000 0.0000000000 0.1317625195 1.3615952730
-18.2217483521 48.7462654114 -4.4331598282 11.3838052750 0.0000000000 0.0000000000 0.1314965785 1.3601880074
-18.2438335419 48.8076438904 -4.4456448555 11.3791112900 0.0000000000 0.0000000000 0.1311740279 1.3588783741
-18.2657928467 48.8687896729 -4.4587588310 11.3751306534 0.0000000000 0.0000000000 0.1308357269 1.3573596478
-18.2876720428 48.9297904968 -4.4719562531 11.3719396591 0.0000000000 0.0000000000 0.1305033267 1.3555262089
-18.3094558716 48.9905967712 -4.4852013588 11.3694849014 0.0000000000 0.0000000000 0.1301733851 1.3533403873
-18.3310794830 49.0511703491 -4.4995298386 11.3681917191 0.0000000000 0.0000000000 0.1298397779 1.3509749174
-18.3527030945 49.1117019653 -4.5138921738 11.3674488068 0.0000000000 0.0000000000 0.1296347827 1.3486791849
-18.3742599487 49.1721267700 -4.5282292366 11.3681755066 0.0000000000 0.0000000000 0.1296195239 1.3466354609
-18.3957920074 49.2324371338 -4.5426712036 11.3700580597 0.0000000000 0.0000000000 0.1297865361 1.3448348045
-18.4172573090 49.2925453186 -4.5568504333 11.3723278046 0.0000000000 0.0000000000 0.1300593466 1.3431767225
-18.4386558533 49.3524093628 -4.5701961517 11.3738756180 0.0000000000 0.0000000000 0.1303806156 1.3415132761
-18.4599609375 49.4120330811 -4.5819134712 11.3736295700 0.0000000000 0.0000000000 0.1306501925 1.3404545784
-18.4811477661 49.4714012146 -4.5926494598 11.3709449768 0.0000000000 0.0000000000 0.1307828426 1.3397252560
-18.5022315979 49.5305824280 -4.6031951904 11.3674783707 0.0000000000 0.0000000000 0.1307332665 1.3388975859
-18.5229816437 49.5893402100 -4.6144423485 11.3637790680 0.0000000000 0.0000000000 0.1305478811 1.3377543688
-18.5435428619 49.6477699280 -4.6270456314 11.3607635498 0.0000000000 0.0000000000 0.1302643269 1.3363994360
-18.5640659332 49.7061614990 -4.6400203705 11.3572359085 0.0000000000 0.0000000000 0.1299010366 1.3352304697
-18.5844306946 49.7643890381 -4.6531291008 11.3534336090 0.0000000000 0.0000000000 0.1294772625 1.3341737986
-18.6046905518 49.8224525452 -4.6659569740 11.3496484756 0.0000000000 0.0000000000 0.1290383339 1.3330823183
-18.6248054504 49.8802528381 -4.6769957542 11.3445806503 0.0000000000 0.0000000000 0.1286564916 1.3320144415
-18.6448497772 49.9378776550 -4.6864142418 11.3383626938 0.0000000000 0.0000000000 0.1282998770 1.3313176632
-18.6647911072 49.9952697754 -4.6946940422 11.3313846588 0.0000000000 0.0000000000 0.1279525757 1.3309262991
-18.6845912933 50.0523376465 -4.7026581764 11.3245935440 0.0000000000 0.0000000000 0.1276699305 1.3306409121
-18.7042407990 50.1091003418 -4.7099175453 11.3183937073 0.0000000000 0.0000000000 0.1274161935 1.3301513195
-18.7238082886 50.1657066345 -4.7172160149 11.3127756119 0.0000000000 0.0000000000 0.1272310019 1.3297297955
-18.7432079315 50.2220497131 -4.7256302834 11.3081207275 0.0000000000 0.0000000000 0.1270994693 1.3291420937
-18.7625465393 50.2782363892 -4.7350583076 11.3044738770 0.0000000000 0.0000000000 0.1270300597 1.3281856775
-18.7817745209 50.3341674805 -4.7451558113 11.3016414642 0.0000000000 0.0000000000 0.1269937158 1.3269164562
-18.8009052277 50.3898849487 -4.7548141479 11.2987108231 0.0000000000 0.0000000000 0.1270046830 1.3253970146
-18.8199691772 50.4453506470 -4.7633819580 11.2953004837 0.0000000000 0.0000000000 0.1270637810 1.3242617846
-18.8389797211 50.5005645752 -4.7722339630 11.2908220291 0.0000000000 0.0000000000 0.1270605922 1.3233358860
-18.8580074310 50.5556068420 -4.7801570892 11.2874736786 0.0000000000 0.0000000000 0.1269859523 1.3221771717
-18.8769855499 50.6103630066 -4.7884335518 11.2861518860 0.0000000000 0.0000000000 0.1267628670 1.3208999634
-18.8958053589 50.6647605896 -4.7930045128 11.2846965790 0.0000000000 0.0000000000 0.1263862550 1.3195488453
-18.9146347046 50.7190513611 -4.7980418205 11.2835645676 0.0000000000 0.0000000000 0.1259150654 1.3182862997
-18.9335365295 50.7732696533 -4.8051538467 11.2827329636 0.0000000000 0.0000000000 0.1254896820 1.3171399832
-18.9525127411 50.8273620605 -4.8139452934 11.2815217972 0.0000000000 0.0000000000 0.1252727509 1.3159625530
-18.9713802338 50.8811683655 -4.8220181465 11.2790222168 0.0000000000 0.0000000000 0.1252858192 1.3148845434
-18.9901180267 50.9346809387 -4.8281235695 11.2749319077 0.0000000000 0.0000000000 0.1254792511 1.3139367104
-19.0088157654 50.9880561829 -4.8312659264 11.2699279785 0.0000000000 0.0000000000 0.1257497519 1.3129433393
-19.0274200439 51.0411949158 -4.8334908485 11.2642669678 0.0000000000 0.0000000000 0.1259877831 1.3121876717
-19.0459403992 51.0941619873 -4.8378582001 11.2595672607 0.0000000000 0.0000000000 0.1261821687 1.3115053177
-19.0644226074 51.1470451355 -4.8456611633 11.2554321289 0.0000000000 0.0000000000 0.1263320744 1.3109166622
-19.0828685760 51.1998710632 -4.8559293747 11.2512445450 0.0000000000 0.0000000000 0.1264288127 1.3101923466
-19.1012897491 51.2526512146 -4.8676486015 11.2465343475 0.0000000000 0.0000000000 0.1264294535 1.3092997074
-19.1196250916 51.3052597046 -4.8805279732 11.2419929504 0.0000000000 0.0000000000 0.1263141632 1.3080704212
-19.1378707886 51.3576393127 -4.8929958344 11.2376909256 0.0000000000 0.0000000000 0.1261221915 1.3067939281
-19.1560173035 51.4098243713 -4.9032320976 11.2330999374 0.0000000000 0.0000000000 0.1258813739 1.3057290316
-19.1740112305 51.4617309570 -4.9099054337 11.2280225754 0.0000000000 0.0000000000 0.1256550699 1.3046995401
-19.1918582916 51.5133705139 -4.9145259857 11.2231225967 0.0000000000 0.0000000000 0.1254443079 1.3038293123
-19.2095813751 51.5647964478 -4.9198760986 11.2192630768 0.0000000000 0.0000000000 0.1252017170 1.3031785488
-19.2272167206 51.6160354614 -4.9268474579 11.2166280746 0.0000000000 0.0000000000 0.1249600276 1.3024406433
-19.2448310852 51.6671295166 -4.9348011017 11.2141075134 0.0000000000 0.0000000000 0.1246986985 1.3019189835
-19.2624549866 51.7181358337 -4.9443297386 11.2118940353 0.0000000000 0.0000000000 0.1243687198 1.3014675379
-19.2800540924 51.7689857483 -4.9519519806 11.2098026276 0.0000000000 0.0000000000 0.1240665689 1.3009479046
-19.2976665497 51.8197288513 -4.9556055069 11.2067127228 0.0000000000 0.0000000000 0.1238212362 1.3005138636
-19.3152275085 51.8701705933 -4.9558649063 11.2025518417 0.0000000000 0.0000000000 0.1236426160 1.3001866341
-19.3328552246 51.9204368591 -4.9569721222 11.1991815567 0.0000000000 0.0000000000 0.1235869080 1.2997810841
-19.3505115509 51.9704589844 -4.9609880447 11.1973857880 0.0000000000 0.0000000000 0.1235829145 1.2993208170
-19.3681507111 52.0203132629 -4.9699974060 11.1973075867 0.0000000000 0.0000000000 0.1236414686 1.2988715172
-19.3858299255 52.0699310303 -4.9803733826 11.1980962753 0.0000000000 0.0000000000 0.1238241047 1.2978279591
-19.4035644531 52.1193122864 -4.9910945892 11.1990947723 0.0000000000 0.0000000000 0.1240843609 1.2962878942
-19.4212799072 52.1685295105 -5.0011115074 11.1994953156 0.0000000000 0.0000000000 0.1244017854 1.2946145535
-19.4389381409 52.2174682617 -5.0087161064 11.1989421844 0.0000000000 0.0000000000 0.1248532459 1.2932399511
-19.4565887451 52.2662849426 -5.0137596130 11.1970634460 0.0000000000 0.0000000000 0.1253902465 1.2923930883
-19.4742603302 52.3149986267 -5.0209245682 11.1951417923 0.0000000000 0.0000000000 0.1259550899 1.2916512489
-19.4919071198 52.3635368347 -5.0298261642 11.1934318542 0.0000000000 0.0000000000 0.1264591664 1.2910580635
-19.5094108582 52.4117622375 -5.0416750908 11.1924629211 0.0000000000 0.0000000000 0.1268287748 1.2902989388
-19.5268783569 52.4598426819 -5.0557808876 11.1923646927 0.0000000000 0.0000000000 0.1269754618 1.2890956402
-19.5442810059 52.5078239441 -5.0694799423 11.1920289993 0.0000000000 0.0000000000 0.1269041449 1.2875317335
-19.5615997314 52.5556640625 -5.0814881325 11.1904335022 0.0000000000 0.0000000000 0.1266977042 1.2856531143
-19.5787544250 52.6032752991 -5.0884342194 11.1856212616 0.0000000000 0.0000000000 0.1263905764 1.2837324142
-19.5957469940 52.6506347656 -5.0939674377 11.1804294586 0.0000000000 0.0000000000 0.1260387450 1.2819954157
-19.6125831604 52.6977920532 -5.1010365486 11.1760969162 0.0000000000 0.0000000000 0.1256613135 1.2797611952
-19.6292076111 52.7447319031 -5.1096763611 11.1734056473 0.0000000000 0.0000000000 0.1252914518 1.2771841288
-19.6456470490 52.7916030884 -5.1183829308 11.1716594696 0.0000000000 0.0000000000 0.1248973534 1.2744438648
-19.6618957520 52.8383865356 -5.1274547577 11.1704816818 0.0000000000 0.0000000000 0.1244459674 1.2718015909
-19.6780014038 52.8850975037 -5.1361556053 11.1698150635 0.0000000000 0.0000000000 0.1239437163 1.2693941593
-19.6939411163 52.9317016602 -5.1443219185 11.1698722839 0.0000000000 0.0000000000 0.1234329566 1.2674081326
-19.7096672058 52.9781875610 -5.1505441666 11.1706771851 0.0000000000 0.0000000000 0.1229724139 1.2653884888
-19.7252120972 53.0244293213 -5.1522374153 11.1712732315 0.0000000000 0.0000000000 0.1226750463 1.2632479668
-19.7406787872 53.0706329346 -5.1517872810 11.1723041534 0.0000000000 0.0000000000 0.1225134209 1.2608174086
-19.7560768127 53.1167716980 -5.1515283585 11.1741476059 0.0000000000 0.0000000000 0.1224914193 1.2581973076
-19.7714958191 53.1628799438 -5.1537742615 11.1769113541 0.0000000000 0.0000000000 0.1226639226 1.2554941177
-19.7869358063 53.2089347839 -5.1581578255 11.1797666550 0.0000000000 0.0000000000 0.1229624450 1.2527372837
-19.8023796082 53.2548980713 -5.1640062332 11.1822509766 0.0000000000 0.0000000000 0.1233064160 1.2503798008
-19.8178672791 53.3007736206 -5.1700034142 11.1837110519 0.0000000000 0.0000000000 0.1235892996 1.2487367392
-19.8333587646 53.3465728760 -5.1757965088 11.1839170456 0.0000000000 0.0000000000 0.1237074137 1.2478709221
-19.8489570618 53.3923645020 -5.1817426682 11.1836767197 0.0000000000 0.0000000000 0.1237059906 1.2473021746
-19.8646373749 53.4380569458 -5.1871304512 11.1824798584 0.0000000000 0.0000000000 0.1235770807 1.2471964359
-19.8804340363 53.4836578369 -5.1911621094 11.1797008514 0.0000000000 0.0000000000 0.1234618798 1.2474251986
-19.8963489532 53.5291442871 -5.1962780952 11.1755371094 0.0000000000 0.0000000000 0.1234538034 1.2479014397
-19.9123210907 53.5744895935 -5.2015566826 11.1700353622 0.0000000000 0.0000000000 0.1236432120 1.2484042645
-19.9282855988 53.6194953918 -5.2085242271 11.1647691727 0.0000000000 0.0000000000 0.1239894181 1.2487897873
-19.9441585541 53.6640548706 -5.2161717415 11.1594858170 0.0000000000 0.0000000000 0.1243871003 1.2493214607
-19.9601268768 53.7085647583 -5.2230806351 11.1545124054 0.0000000000 0.0000000000 0.1248100027 1.2499454021
-19.9761524200 53.7529335022 -5.2273445129 11.1496810913 0.0000000000 0.0000000000 0.1253308505 1.2501716614
-19.9922542572 53.7972221375 -5.2300915718 11.1455316544 0.0000000000 0.0000000000 0.1258994788 1.2500220537
-20.0084228516 53.8413925171 -5.2330746651 11.1424961090 0.0000000000 0.0000000000 0.1264691204 1.2495212555
-20.0247173309 53.8854713440 -5.2366852760 11.1399517059 0.0000000000 0.0000000000 0.1269840896 1.2488383055
-20.0411052704 53.9293479919 -5.2417707443 11.1375446320 0.0000000000 0.0000000000 0.1273323148 1.2483247519
-20.0576114655 53.9730567932 -5.2499127388 11.1353950500 0.0000000000 0.0000000000 0.1274612248 1.2482762337
-20.0741329193 54.0164756775 -5.2590260506 11.1335039139 0.0000000000 0.0000000000 0.1274018288 1.2482299805
-20.0907630920 54.0597534180 -5.2680811882 11.1324434280 0.0000000000 0.0000000000 0.1271450818 1.2481102943
-20.1074028015 54.1027717590 -5.2765841484 11.1322374344 0.0000000000 0.0000000000 0.1268216223 1.2477304935
-20.1240806580 54.1456336975 -5.2842330933 11.1328725815 0.0000000000 0.0000000000 0.1265351325 1.2468980551
-20.1408061981 54.1883621216 -5.2911186218 11.1347141266 0.0000000000 0.0000000000 0.1262286901 1.2457627058
-20.1575069427 54.2308998108 -5.2982039452 11.1373090744 0.0000000000 0.0000000000 0.1258668154 1.2445353270
-20.1741714478 54.2733078003 -5.3051433563 11.1397018433 0.0000000000 0.0000000000 0.1255086213 1.2432636023
-20.1908264160 54.3156623840 -5.3103508949 11.1400985718 0.0000000000 0.0000000000 0.1252248585 1.2421905994
-20.2073898315 54.3578987122 -5.3145709038 11.1393384933 0.0000000000 0.0000000000 0.1250272542 1.2414630651
-20.2238082886 54.3999557495 -5.3184270859 11.1374893188 0.0000000000 0.0000000000 0.1249303073 1.2410767078
-20.2401046753 54.4418678284 -5.3232965469 11.1358690262 0.0000000000 0.0000000000 0.1249119341 1.2407870293
-20.2562408447 54.4836769104 -5.3284783363 11.1353921890 0.0000000000 0.0000000000 0.1249190941 1.2402076721
-20.2721920013 54.5252990723 -5.3362693787 11.1363391876 0.0000000000 0.0000000000 0.1248990297 1.2394430637
-20.2879295349 54.5667610168 -5.3464126587 11.1384973526 0.0000000000 0.0000000000 0.1247886941 1.2388254404
-20.3034782410 54.6081199646 -5.3582525253 11.1416435242 0.0000000000 0.0000000000 0.1245373860 1.2384496927
-20.3188514709 54.6493682861 -5.3689537048 11.1448736191 0.0000000000 0.0000000000 0.1241267920 1.2383537292
-20.3340435028 54.6904983521 -5.3770508766 11.1486406326 0.0000000000 0.0000000000 0.1236117482 1.2384119034
-20.3489742279 54.7313728333 -5.3842315674 11.1538867950 0.0000000000 0.0000000000 0.1231187806 1.2382863760
-20.3637180328 54.7721443176 -5.3927230835 11.1605949402 0.0000000000 0.0000000000 0.1227061599 1.2379781008
-20.3783912659 54.8129158020 -5.4010491371 11.1675090790 0.0000000000 0.0000000000 0.1224064380 1.2375056744
-20.3930149078 54.8536834717 -5.4087753296 11.1741161346 0.0000000000 0.0000000000 0.1222509146 1.2370702028
-20.4076766968 54.8944358826 -5.4164643288 11.1802120209 0.0000000000 0.0000000000 0.1221935675 1.2370699644
-20.4223823547 54.9351234436 -5.4248633385 11.1855640411 0.0000000000 0.0000000000 0.1222627014 1.2372885942
-20.4370040894 54.9755401611 -5.4341549873 11.1901197433 0.0000000000 0.0000000000 0.1225373074 1.2373652458
-20.4517135620 55.0159072876 -5.4438695908 11.1932411194 0.0000000000 0.0000000000 0.1230417788 1.2371927500
-20.4664421082 55.0561752319 -5.4524159431 11.1946945190 0.0000000000 0.0000000000 0.1237020567 1.2368218899
-20.4812068939 55.0963783264 -5.4599728584 11.1948976517 0.0000000000 0.0000000000 0.1243833974 1.2364331484
-20.4960479736 55.1365242004 -5.4675207138 11.1945123672 0.0000000000 0.0000000000 0.1250236481 1.2357228994
-20.5108432770 55.1764755249 -5.4755911827 11.1941509247 0.0000000000 0.0000000000 0.1255222708 1.2346211672
-20.5256710052 55.2163009644 -5.4817495346 11.1929206848 0.0000000000 0.0000000000 0.1258329153 1.2329803705
-20.5406360626 55.2561035156 -5.4858961105 11.1907777786 0.0000000000 0.0000000000 0.1259891838 1.2307804823
-20.5556392670 55.2957344055 -5.4901909828 11.1882591248 0.0000000000 0.0000000000 0.1260522455 1.2286128998
-20.5707874298 55.3353157043 -5.4950990677 11.1861295700 0.0000000000 0.0000000000 0.1260942221 1.2271827459
-20.5860557556 55.3747558594 -5.5011463165 11.1847515106 0.0000000000 0.0000000000 0.1261702329 1.2268909216
-20.6014003754 55.4140777588 -5.5067248344 11.1827964783 0.0000000000 0.0000000000 0.1263238043 1.2272776365
-20.6168479919 55.4533767700 -5.5116634369 11.1814899445 0.0000000000 0.0000000000 0.1265110075 1.2274236679
-20.6323776245 55.4925918579 -5.5147924423 11.1804056168 0.0000000000 0.0000000000 0.1267585903 1.2272124290
-20.6479759216 55.5317077637 -5.5182962418 11.1804552078 0.0000000000 0.0000000000 0.1270266920 1.2268067598
-20.6635894775 55.5706901550 -5.5244956017 11.1822366714 0.0000000000 0.0000000000 0.1272628307 1.2261513472
-20.6791706085 55.6094665527 -5.5343432426 11.1858100891 0.0000000000 0.0000000000 0.1274700910 1.2254291773
-20.6947174072 55.6480178833 -5.5462222099 11.1910018921 0.0000000000 0.0000000000 0.1276525259 1.2244951725
-20.7102737427 55.6864356995 -5.5580053329 11.1960477829 0.0000000000 0.0000000000 0.1277928799 1.2234530449
-20.7258605957 55.7247161865 -5.5691547394 11.2010593414 0.0000000000 0.0000000000 0.1278290004 1.2221584320
-20.7413978577 55.7627372742 -5.5783901215 11.2058391571 0.0000000000 0.0000000000 0.1277874708 1.2206996679
-20.7568798065 55.8005104065 -5.5865931511 11.2100410461 0.0000000000 0.0000000000 0.1276191175 1.2196671963
-20.7722949982 55.8380966187 -5.5946049690 11.2140350342 0.0000000000 0.0000000000 0.1273359805 1.2191540003
-20.7875576019 55.8754386902 -5.6027216911 11.2179145813 0.0000000000 0.0000000000 0.1269240826 1.2190103531
-20.8026542664 55.9125671387 -5.6099796295 11.2206048965 0.0000000000 0.0000000000 0.1263565272 1.2193080187
-20.8175849915 55.9494743347 -5.6166687012 11.2225360870 0.0000000000 0.0000000000 0.1257341802 1.2195456028
-20.8323192596 55.9861373901 -5.6228294373 11.2241506577 0.0000000000 0.0000000000 0.1251196861 1.2193185091
-20.8468227386 56.0225601196 -5.6287255287 11.2252759933 0.0000000000 0.0000000000 0.1244986504 1.2189606428
-20.8611087799 56.0587539673 -5.6338067055 11.2257537842 0.0000000000 0.0000000000 0.1239239573 1.2182234526
-20.8751811981 56.0946960449 -5.6406102180 11.2260723114 0.0000000000 0.0000000000 0.1233123913 1.2178380489
-20.8889369965 56.1302223206 -5.6454033852 11.2244262695 0.0000000000 0.0000000000 0.1226984113 1.2178508043
-20.9024524689 56.1656074524 -5.6523065567 11.2245616913 0.0000000000 0.0000000000 0.1221184060 1.2181572914
-20.9156799316 56.2007827759 -5.6603984833 11.2273035049 0.0000000000 0.0000000000 0.1217051968 1.2181190252
-20.9285945892 56.2357444763 -5.6676292419 11.2313499451 0.0000000000 0.0000000000 0.1214327961 1.2176498175
-20.9413356781 56.2706260681 -5.6727323532 11.2358722687 0.0000000000 0.0000000000 0.1213293821 1.2166287899
-20.9539337158 56.3054924011 -5.6770234108 11.2405834198 0.0000000000 0.0000000000 0.1212991551 1.2150528431
-20.9663906097 56.3403587341 -5.6833353043 11.2456178665 0.0000000000 0.0000000000 0.1212922782 1.2138100863
-20.9786987305 56.3752441406 -5.6921286583 11.2518377304 0.0000000000 0.0000000000 0.1212915331 1.2128509283
-20.9908962250 56.4101219177 -5.7009587288 11.2588291168 0.0000000000 0.0000000000 0.1213175505 1.2119660378
-21.0030403137 56.4449882507 -5.7095751762 11.2665300369 0.0000000000 0.0000000000 0.1213817373 1.2111995220
-21.0151271820 56.4796943665 -5.7164115906 11.2730083466 0.0000000000 0.0000000000 0.1214531288 1.2104413509
-21.0272254944 56.5143127441 -5.7254033089 11.2794046402 0.0000000000 0.0000000000 0.1215043366 1.2097611427
