#         COST_U        COST_H      COST_D       COST_S       REGU_H       REGU_S          HPO           COSTGLEN 
9606.9521484375 0.0000000000 0.0000000000 0.0000000000 0.0000000000 0.0000000000 2.4052124023
8294.8154296875 0.0000000000 0.0000000000 0.0000000000 0.0000000000 0.0000115773 -5.6492538452
7168.3598632812 0.0000000000 0.0000000000 0.0000000000 0.0000000000 0.0000387667 -12.1484375000
6204.8466796875 0.0000000000 0.0000000000 0.0000000000 0.0000000000 0.0000785572 -17.2679748535
5388.0541992188 0.0000000000 0.0000000000 0.0000000000 0.0000000000 0.0001288557 -21.2229232788
4704.3994140625 0.0000000000 0.0000000000 0.0000000000 0.0000000000 0.0001880770 -24.1995811462
4140.2519531250 0.0000000000 0.0000000000 0.0000000000 0.0000000000 0.0002549044 -26.3878555298
3680.9536132812 0.0000000000 0.0000000000 0.0000000000 0.0000000000 0.0003280569 -27.9707603455
3313.2001953125 0.0000000000 0.0000000000 0.0000000000 0.0000000000 0.0004065298 -29.0981063843
3022.7441406250 0.0000000000 0.0000000000 0.0000000000 0.0000000000 0.0004892271 -29.8981323242
2797.8750000000 0.0000000000 0.0000000000 0.0000000000 0.0000000000 0.0005758207 -30.4735946655
2628.1264648438 0.0000000000 0.0000000000 0.0000000000 0.0000000000 0.0006653840 -30.8973655701
2504.7004394531 0.0000000000 0.0000000000 0.0000000000 0.0000000000 0.0007576512 -31.2278594971
2420.6782226562 0.0000000000 0.0000000000 0.0000000000 0.0000000000 0.0008521202 -31.5058593750
2370.2299804688 0.0000000000 0.0000000000 0.0000000000 0.0000000000 0.0009488610 -31.7577571869
2348.6406250000 0.0000000000 0.0000000000 0.0000000000 0.0000000000 0.0010479316 -32.0034713745
2352.0253906250 0.0000000000 0.0000000000 0.0000000000 0.0000000000 0.0011489993 -32.2555503845
2377.0405273438 0.0000000000 0.0000000000 0.0000000000 0.0000000000 0.0012514888 -32.5214195251
2420.6250000000 0.0000000000 0.0000000000 0.0000000000 0.0000000000 0.0013568236 -32.8038177490
2480.1860351562 0.0000000000 0.0000000000 0.0000000000 0.0000000000 0.0014645187 -33.1033706665
2553.1799316406 0.0000000000 0.0000000000 0.0000000000 0.0000000000 0.0015743170 -33.4186248779
2637.2145996094 0.0000000000 0.0000000000 0.0000000000 0.0000000000 0.0016857487 -33.7460861206
2730.1948242188 0.0000000000 0.0000000000 0.0000000000 0.0000000000 0.0018002087 -34.0844688416
2830.7250976562 0.0000000000 0.0000000000 0.0000000000 0.0000000000 0.0019174144 -34.4317893982
2937.3811035156 0.0000000000 0.0000000000 0.0000000000 0.0000000000 0.0020396693 -34.7828102112
3048.8676757812 0.0000000000 0.0000000000 0.0000000000 0.0000000000 0.0021652943 -35.1327476501
3164.5732421875 0.0000000000 0.0000000000 0.0000000000 0.0000000000 0.0022945709 -35.4774665833
3284.5625000000 0.0000000000 0.0000000000 0.0000000000 0.0000000000 0.0024284073 -35.8123092651
3409.0781250000 0.0000000000 0.0000000000 0.0000000000 0.0000000000 0.0025671970 -36.1329116821
3538.4020996094 0.0000000000 0.0000000000 0.0000000000 0.0000000000 0.0027112388 -36.4355468750
3672.7565917969 0.0000000000 0.0000000000 0.0000000000 0.0000000000 0.0028609978 -36.7170982361
3811.9699707031 0.0000000000 0.0000000000 0.0000000000 0.0000000000 0.0030176570 -36.9767150879
3955.2622070312 0.0000000000 0.0000000000 0.0000000000 0.0000000000 0.0031816144 -37.2169570923
4101.6157226562 0.0000000000 0.0000000000 0.0000000000 0.0000000000 0.0033543233 -37.4411430359
4249.6035156250 0.0000000000 0.0000000000 0.0000000000 0.0000000000 0.0035349338 -37.6534576416
4397.2758789062 0.0000000000 0.0000000000 0.0000000000 0.0000000000 0.0037237636 -37.8568038940
4542.0820312500 0.0000000000 0.0000000000 0.0000000000 0.0000000000 0.0039223423 -38.0534820557
4680.9619140625 0.0000000000 0.0000000000 0.0000000000 0.0000000000 0.0041317930 -38.2450904846
4810.4174804688 0.0000000000 0.0000000000 0.0000000000 0.0000000000 0.0043506268 -38.4322509766
4926.9052734375 0.0000000000 0.0000000000 0.0000000000 0.0000000000 0.0045789802 -38.6161117554
5027.2216796875 0.0000000000 0.0000000000 0.0000000000 0.0000000000 0.0048175678 -38.7985000610
5108.9926757812 0.0000000000 0.0000000000 0.0000000000 0.0000000000 0.0050654658 -38.9803848267
5170.8549804688 0.0000000000 0.0000000000 0.0000000000 0.0000000000 0.0053224689 -39.1628265381
5213.7802734375 0.0000000000 0.0000000000 0.0000000000 0.0000000000 0.0055906670 -39.3463211060
5240.3544921875 0.0000000000 0.0000000000 0.0000000000 0.0000000000 0.0058690761 -39.5285568237
5254.3520507812 0.0000000000 0.0000000000 0.0000000000 0.0000000000 0.0061543174 -39.7082214355
5259.9838867188 0.0000000000 0.0000000000 0.0000000000 0.0000000000 0.0064490568 -39.8843460083
5261.6181640625 0.0000000000 0.0000000000 0.0000000000 0.0000000000 0.0067559979 -40.0565414429
5262.8344726562 0.0000000000 0.0000000000 0.0000000000 0.0000000000 0.0070724892 -40.2255172729
5265.9287109375 0.0000000000 0.0000000000 0.0000000000 0.0000000000 0.0074014626 -40.3911209106
5272.4633789062 0.0000000000 0.0000000000 0.0000000000 0.0000000000 0.0077421158 -40.5525512695
5283.1591796875 0.0000000000 0.0000000000 0.0000000000 0.0000000000 0.0080912011 -40.7107925415
5297.8930664062 0.0000000000 0.0000000000 0.0000000000 0.0000000000 0.0084521864 -40.8653793335
5315.9677734375 0.0000000000 0.0000000000 0.0000000000 0.0000000000 0.0088257240 -41.0154075623
5336.3364257812 0.0000000000 0.0000000000 0.0000000000 0.0000000000 0.0092059840 -41.1614036560
5357.9726562500 0.0000000000 0.0000000000 0.0000000000 0.0000000000 0.0095938984 -41.3035888672
5380.5961914062 0.0000000000 0.0000000000 0.0000000000 0.0000000000 0.0099896127 -41.4433441162
5404.1938476562 0.0000000000 0.0000000000 0.0000000000 0.0000000000 0.0103925122 -41.5812683105
5429.2968750000 0.0000000000 0.0000000000 0.0000000000 0.0000000000 0.0108029796 -41.7175407410
5456.8515625000 0.0000000000 0.0000000000 0.0000000000 0.0000000000 0.0112211108 -41.8521499634
5488.3515625000 0.0000000000 0.0000000000 0.0000000000 0.0000000000 0.0116483076 -41.9851608276
5525.1616210938 0.0000000000 0.0000000000 0.0000000000 0.0000000000 0.0120824678 -42.1168479919
5568.3315429688 0.0000000000 0.0000000000 0.0000000000 0.0000000000 0.0125271771 -42.2471847534
5618.5766601562 0.0000000000 0.0000000000 0.0000000000 0.0000000000 0.0129798260 -42.3765563965
5675.8188476562 0.0000000000 0.0000000000 0.0000000000 0.0000000000 0.0134479674 -42.5048599243
5739.3564453125 0.0000000000 0.0000000000 0.0000000000 0.0000000000 0.0139282951 -42.6322097778
5807.9492187500 0.0000000000 0.0000000000 0.0000000000 0.0000000000 0.0144230295 -42.7587509155
5879.9614257812 0.0000000000 0.0000000000 0.0000000000 0.0000000000 0.0149292815 -42.8843917847
5953.4643554688 0.0000000000 0.0000000000 0.0000000000 0.0000000000 0.0154462215 -43.0089721680
6026.7895507812 0.0000000000 0.0000000000 0.0000000000 0.0000000000 0.0159749333 -43.1323471069
6098.6235351562 0.0000000000 0.0000000000 0.0000000000 0.0000000000 0.0165152643 -43.2546997070
6167.7934570312 0.0000000000 0.0000000000 0.0000000000 0.0000000000 0.0170656629 -43.3760452271
6234.0136718750 0.0000000000 0.0000000000 0.0000000000 0.0000000000 0.0176273454 -43.4963607788
6297.2275390625 0.0000000000 0.0000000000 0.0000000000 0.0000000000 0.0182025377 -43.6155776978
6357.8129882812 0.0000000000 0.0000000000 0.0000000000 0.0000000000 0.0187919233 -43.7337036133
6416.2763671875 0.0000000000 0.0000000000 0.0000000000 0.0000000000 0.0193950348 -43.8508453369
6473.1962890625 0.0000000000 0.0000000000 0.0000000000 0.0000000000 0.0200120695 -43.9667854309
6529.0527343750 0.0000000000 0.0000000000 0.0000000000 0.0000000000 0.0206445381 -44.0818099976
6583.7358398438 0.0000000000 0.0000000000 0.0000000000 0.0000000000 0.0212893654 -44.1957893372
6637.1103515625 0.0000000000 0.0000000000 0.0000000000 0.0000000000 0.0219464377 -44.3084564209
6688.9287109375 0.0000000000 0.0000000000 0.0000000000 0.0000000000 0.0226179622 -44.4200172424
6738.8344726562 0.0000000000 0.0000000000 0.0000000000 0.0000000000 0.0233013127 -44.5304946899
6786.5473632812 0.0000000000 0.0000000000 0.0000000000 0.0000000000 0.0239947829 -44.6398010254
6831.8647460938 0.0000000000 0.0000000000 0.0000000000 0.0000000000 0.0246982742 -44.7480773926
6874.7915039062 0.0000000000 0.0000000000 0.0000000000 0.0000000000 0.0254139844 -44.8554801941
6915.3486328125 0.0000000000 0.0000000000 0.0000000000 0.0000000000 0.0261441767 -44.9618911743
6954.0849609375 0.0000000000 0.0000000000 0.0000000000 0.0000000000 0.0268832166 -45.0672111511
6991.9394531250 0.0000000000 0.0000000000 0.0000000000 0.0000000000 0.0276310127 -45.1715698242
7029.6757812500 0.0000000000 0.0000000000 0.0000000000 0.0000000000 0.0283935368 -45.2746467590
7068.2583007812 0.0000000000 0.0000000000 0.0000000000 0.0000000000 0.0291705448 -45.3766136169
7108.3266601562 0.0000000000 0.0000000000 0.0000000000 0.0000000000 0.0299560502 -45.4776496887
7150.1469726562 0.0000000000 0.0000000000 0.0000000000 0.0000000000 0.0307546705 -45.5777397156
7193.7719726562 0.0000000000 0.0000000000 0.0000000000 0.0000000000 0.0315707400 -45.6765937805
7238.7988281250 0.0000000000 0.0000000000 0.0000000000 0.0000000000 0.0323972479 -45.7742195129
7284.7612304688 0.0000000000 0.0000000000 0.0000000000 0.0000000000 0.0332325287 -45.8706359863
7331.2827148438 0.0000000000 0.0000000000 0.0000000000 0.0000000000 0.0340806097 -45.9658927917
7377.8813476562 0.0000000000 0.0000000000 0.0000000000 0.0000000000 0.0349377431 -46.0600204468
7424.1596679688 0.0000000000 0.0000000000 0.0000000000 0.0000000000 0.0358089134 -46.1530151367
7469.8686523438 0.0000000000 0.0000000000 0.0000000000 0.0000000000 0.0366938971 -46.2449340820
7514.6933593750 0.0000000000 0.0000000000 0.0000000000 0.0000000000 0.0375885032 -46.3357849121
7558.6083984375 0.0000000000 0.0000000000 0.0000000000 0.0000000000 0.0384976417 -46.4254379272
7601.8842773438 0.0000000000 0.0000000000 0.0000000000 0.0000000000 0.0394204184 -46.5140686035
7644.5556640625 0.0000000000 0.0000000000 0.0000000000 0.0000000000 0.0403554663 -46.6016845703
7686.9062500000 0.0000000000 0.0000000000 0.0000000000 0.0000000000 0.0413045101 -46.6883049011
7729.2460937500 0.0000000000 0.0000000000 0.0000000000 0.0000000000 0.0422651209 -46.7739944458
7771.7636718750 0.0000000000 0.0000000000 0.0000000000 0.0000000000 0.0432373844 -46.8587570190
7814.2304687500 0.0000000000 0.0000000000 0.0000000000 0.0000000000 0.0442243665 -46.9425849915
7856.4003906250 0.0000000000 0.0000000000 0.0000000000 0.0000000000 0.0452240035 -47.0254249573
7897.7587890625 0.0000000000 0.0000000000 0.0000000000 0.0000000000 0.0462346338 -47.1073913574
7937.9311523438 0.0000000000 0.0000000000 0.0000000000 0.0000000000 0.0472584814 -47.1884613037
7976.6225585938 0.0000000000 0.0000000000 0.0000000000 0.0000000000 0.0482959747 -47.2688293457
8013.8330078125 0.0000000000 0.0000000000 0.0000000000 0.0000000000 0.0493448339 -47.3483123779
8049.8032226562 0.0000000000 0.0000000000 0.0000000000 0.0000000000 0.0504065901 -47.4269714355
8084.9252929688 0.0000000000 0.0000000000 0.0000000000 0.0000000000 0.0514849685 -47.5047760010
8120.0014648438 0.0000000000 0.0000000000 0.0000000000 0.0000000000 0.0525736697 -47.5817718506
8155.3627929688 0.0000000000 0.0000000000 0.0000000000 0.0000000000 0.0536731742 -47.6581497192
8190.9965820312 0.0000000000 0.0000000000 0.0000000000 0.0000000000 0.0547847152 -47.7339706421
8226.5888671875 0.0000000000 0.0000000000 0.0000000000 0.0000000000 0.0559084713 -47.8091583252
8261.5820312500 0.0000000000 0.0000000000 0.0000000000 0.0000000000 0.0570457540 -47.8837814331
8295.4472656250 0.0000000000 0.0000000000 0.0000000000 0.0000000000 0.0581958033 -47.9578399658
8328.3662109375 0.0000000000 0.0000000000 0.0000000000 0.0000000000 0.0593563654 -48.0313224792
8360.7666015625 0.0000000000 0.0000000000 0.0000000000 0.0000000000 0.0605300888 -48.1041755676
8393.2187500000 0.0000000000 0.0000000000 0.0000000000 0.0000000000 0.0617137961 -48.1763229370
8426.4140625000 0.0000000000 0.0000000000 0.0000000000 0.0000000000 0.0629095063 -48.2477378845
8460.8476562500 0.0000000000 0.0000000000 0.0000000000 0.0000000000 0.0641234890 -48.3184471130
8496.6777343750 0.0000000000 0.0000000000 0.0000000000 0.0000000000 0.0653522164 -48.3884124756
8533.5566406250 0.0000000000 0.0000000000 0.0000000000 0.0000000000 0.0665945187 -48.4577484131
8570.6123046875 0.0000000000 0.0000000000 0.0000000000 0.0000000000 0.0678492039 -48.5264930725
8607.0859375000 0.0000000000 0.0000000000 0.0000000000 0.0000000000 0.0691162795 -48.5944938660
8642.5390625000 0.0000000000 0.0000000000 0.0000000000 0.0000000000 0.0703957826 -48.6620025635
8676.7431640625 0.0000000000 0.0000000000 0.0000000000 0.0000000000 0.0716858730 -48.7288284302
8709.7470703125 0.0000000000 0.0000000000 0.0000000000 0.0000000000 0.0729875788 -48.7949981689
8742.0126953125 0.0000000000 0.0000000000 0.0000000000 0.0000000000 0.0743023083 -48.8605651855
8774.2724609375 0.0000000000 0.0000000000 0.0000000000 0.0000000000 0.0756282955 -48.9255294800
8806.5205078125 0.0000000000 0.0000000000 0.0000000000 0.0000000000 0.0769651160 -48.9900970459
8839.0644531250 0.0000000000 0.0000000000 0.0000000000 0.0000000000 0.0783141330 -49.0542297363
8872.1328125000 0.0000000000 0.0000000000 0.0000000000 0.0000000000 0.0796786100 -49.1178817749
8905.5605468750 0.0000000000 0.0000000000 0.0000000000 0.0000000000 0.0810593665 -49.1810913086
8938.6894531250 0.0000000000 0.0000000000 0.0000000000 0.0000000000 0.0824545026 -49.2438430786
8971.0380859375 0.0000000000 0.0000000000 0.0000000000 0.0000000000 0.0838614628 -49.3061752319
9002.2646484375 0.0000000000 0.0000000000 0.0000000000 0.0000000000 0.0852769911 -49.3681869507
9032.3076171875 0.0000000000 0.0000000000 0.0000000000 0.0000000000 0.0867003873 -49.4298400879
9061.2636718750 0.0000000000 0.0000000000 0.0000000000 0.0000000000 0.0881332159 -49.4910888672
9089.4580078125 0.0000000000 0.0000000000 0.0000000000 0.0000000000 0.0895752981 -49.5518951416
9118.0205078125 0.0000000000 0.0000000000 0.0000000000 0.0000000000 0.0910289213 -49.6123275757
9147.4550781250 0.0000000000 0.0000000000 0.0000000000 0.0000000000 0.0924967527 -49.6724472046
9178.4101562500 0.0000000000 0.0000000000 0.0000000000 0.0000000000 0.0939802676 -49.7322158813
9210.5361328125 0.0000000000 0.0000000000 0.0000000000 0.0000000000 0.0954774022 -49.7915878296
9243.1962890625 0.0000000000 0.0000000000 0.0000000000 0.0000000000 0.0969862714 -49.8505859375
9275.6513671875 0.0000000000 0.0000000000 0.0000000000 0.0000000000 0.0985046476 -49.9092712402
9307.8808593750 0.0000000000 0.0000000000 0.0000000000 0.0000000000 0.1000333577 -49.9675292969
9339.6259765625 0.0000000000 0.0000000000 0.0000000000 0.0000000000 0.1015729085 -50.0254364014
9370.8261718750 0.0000000000 0.0000000000 0.0000000000 0.0000000000 0.1031226069 -50.0828475952
9401.4423828125 0.0000000000 0.0000000000 0.0000000000 0.0000000000 0.1046821326 -50.1398010254
9431.9570312500 0.0000000000 0.0000000000 0.0000000000 0.0000000000 0.1062517166 -50.1963348389
9462.6992187500 0.0000000000 0.0000000000 0.0000000000 0.0000000000 0.1078329161 -50.2525405884
9494.3261718750 0.0000000000 0.0000000000 0.0000000000 0.0000000000 0.1094262302 -50.3084335327
9526.9736328125 0.0000000000 0.0000000000 0.0000000000 0.0000000000 0.1110300720 -50.3639907837
9559.7236328125 0.0000000000 0.0000000000 0.0000000000 0.0000000000 0.1126422584 -50.4191741943
9591.9697265625 0.0000000000 0.0000000000 0.0000000000 0.0000000000 0.1142639369 -50.4740753174
9623.4824218750 0.0000000000 0.0000000000 0.0000000000 0.0000000000 0.1158967316 -50.5286788940
9653.6103515625 0.0000000000 0.0000000000 0.0000000000 0.0000000000 0.1175408363 -50.5829925537
9682.6074218750 0.0000000000 0.0000000000 0.0000000000 0.0000000000 0.1191975102 -50.6371078491
9710.5859375000 0.0000000000 0.0000000000 0.0000000000 0.0000000000 0.1208660603 -50.6909713745
9738.1865234375 0.0000000000 0.0000000000 0.0000000000 0.0000000000 0.1225468367 -50.7445449829
9765.0859375000 0.0000000000 0.0000000000 0.0000000000 0.0000000000 0.1242354661 -50.7978134155
9791.0703125000 0.0000000000 0.0000000000 0.0000000000 0.0000000000 0.1259283721 -50.8507156372
9816.4667968750 0.0000000000 0.0000000000 0.0000000000 0.0000000000 0.1276286095 -50.9033355713
9841.6972656250 0.0000000000 0.0000000000 0.0000000000 0.0000000000 0.1293397844 -50.9557189941
9868.0371093750 0.0000000000 0.0000000000 0.0000000000 0.0000000000 0.1310654730 -51.0077972412
9895.3867187500 0.0000000000 0.0000000000 0.0000000000 0.0000000000 0.1328034401 -51.0596771240
9923.3427734375 0.0000000000 0.0000000000 0.0000000000 0.0000000000 0.1345521808 -51.1113510132
9952.1337890625 0.0000000000 0.0000000000 0.0000000000 0.0000000000 0.1363125145 -51.1627426147
9981.4902343750 0.0000000000 0.0000000000 0.0000000000 0.0000000000 0.1380839348 -51.2139434814
10010.8271484375 0.0000000000 0.0000000000 0.0000000000 0.0000000000 0.1398659647 -51.2648849487
10039.5869140625 0.0000000000 0.0000000000 0.0000000000 0.0000000000 0.1416592151 -51.3156433105
10067.6982421875 0.0000000000 0.0000000000 0.0000000000 0.0000000000 0.1434639543 -51.3661270142
10095.2685546875 0.0000000000 0.0000000000 0.0000000000 0.0000000000 0.1452814639 -51.4163665771
10122.8994140625 0.0000000000 0.0000000000 0.0000000000 0.0000000000 0.1471127123 -51.4663925171
10150.2333984375 0.0000000000 0.0000000000 0.0000000000 0.0000000000 0.1489564329 -51.5162124634
10177.3583984375 0.0000000000 0.0000000000 0.0000000000 0.0000000000 0.1508106142 -51.5658187866
10204.3574218750 0.0000000000 0.0000000000 0.0000000000 0.0000000000 0.1526752114 -51.6151885986
10231.6777343750 0.0000000000 0.0000000000 0.0000000000 0.0000000000 0.1545534134 -51.6642456055
10259.2705078125 0.0000000000 0.0000000000 0.0000000000 0.0000000000 0.1564460993 -51.7131500244
10286.5332031250 0.0000000000 0.0000000000 0.0000000000 0.0000000000 0.1583515555 -51.7619018555
10313.4189453125 0.0000000000 0.0000000000 0.0000000000 0.0000000000 0.1602681726 -51.8104400635
10339.7802734375 0.0000000000 0.0000000000 0.0000000000 0.0000000000 0.1621962935 -51.8587875366
10366.2402343750 0.0000000000 0.0000000000 0.0000000000 0.0000000000 0.1641396880 -51.9070587158
10393.0429687500 0.0000000000 0.0000000000 0.0000000000 0.0000000000 0.1660975814 -51.9552307129
10420.1816406250 0.0000000000 0.0000000000 0.0000000000 0.0000000000 0.1680662781 -52.0033035278
10447.2382812500 0.0000000000 0.0000000000 0.0000000000 0.0000000000 0.1700483561 -52.0512237549
10474.6367187500 0.0000000000 0.0000000000 0.0000000000 0.0000000000 0.1720488816 -52.0989990234
10502.2021484375 0.0000000000 0.0000000000 0.0000000000 0.0000000000 0.1740687639 -52.1465682983
10529.4296875000 0.0000000000 0.0000000000 0.0000000000 0.0000000000 0.1761035770 -52.1940689087
10555.6484375000 0.0000000000 0.0000000000 0.0000000000 0.0000000000 0.1781493425 -52.2414093018
10580.8261718750 0.0000000000 0.0000000000 0.0000000000 0.0000000000 0.1802074015 -52.2886047363
10605.7822265625 0.0000000000 0.0000000000 0.0000000000 0.0000000000 0.1822758317 -52.3356552124
10631.5966796875 0.0000000000 0.0000000000 0.0000000000 0.0000000000 0.1843581945 -52.3825149536
10659.0888671875 0.0000000000 0.0000000000 0.0000000000 0.0000000000 0.1864582449 -52.4292449951
10687.8857421875 0.0000000000 0.0000000000 0.0000000000 0.0000000000 0.1885753721 -52.4757156372
10717.6562500000 0.0000000000 0.0000000000 0.0000000000 0.0000000000 0.1907086372 -52.5220336914
10747.6308593750 0.0000000000 0.0000000000 0.0000000000 0.0000000000 0.1928558797 -52.5681838989
10777.1181640625 0.0000000000 0.0000000000 0.0000000000 0.0000000000 0.1950140595 -52.6141891479
10806.3671875000 0.0000000000 0.0000000000 0.0000000000 0.0000000000 0.1971849799 -52.6599731445
10835.1074218750 0.0000000000 0.0000000000 0.0000000000 0.0000000000 0.1993701458 -52.7056121826
10863.3251953125 0.0000000000 0.0000000000 0.0000000000 0.0000000000 0.2015693635 -52.7510528564
10891.4326171875 0.0000000000 0.0000000000 0.0000000000 0.0000000000 0.2037819922 -52.7963027954
10919.3056640625 0.0000000000 0.0000000000 0.0000000000 0.0000000000 0.2060034573 -52.8413467407
10946.7089843750 0.0000000000 0.0000000000 0.0000000000 0.0000000000 0.2082340568 -52.8862762451
10973.6386718750 0.0000000000 0.0000000000 0.0000000000 0.0000000000 0.2104769349 -52.9310760498
11000.0781250000 0.0000000000 0.0000000000 0.0000000000 0.0000000000 0.2127310783 -52.9756164551
11026.3554687500 0.0000000000 0.0000000000 0.0000000000 0.0000000000 0.2149944603 -53.0200271606
11051.7568359375 0.0000000000 0.0000000000 0.0000000000 0.0000000000 0.2172654420 -53.0642547607
11076.3447265625 0.0000000000 0.0000000000 0.0000000000 0.0000000000 0.2195576578 -53.1082992554
11099.7783203125 0.0000000000 0.0000000000 0.0000000000 0.0000000000 0.2218762338 -53.1521682739
11123.1533203125 0.0000000000 0.0000000000 0.0000000000 0.0000000000 0.2242135853 -53.1958236694
11147.4648437500 0.0000000000 0.0000000000 0.0000000000 0.0000000000 0.2265663147 -53.2392730713
11172.7421875000 0.0000000000 0.0000000000 0.0000000000 0.0000000000 0.2289312333 -53.2826538086
11198.0673828125 0.0000000000 0.0000000000 0.0000000000 0.0000000000 0.2313097417 -53.3258514404
11223.0761718750 0.0000000000 0.0000000000 0.0000000000 0.0000000000 0.2337003201 -53.3689346313
11247.6953125000 0.0000000000 0.0000000000 0.0000000000 0.0000000000 0.2361016721 -53.4118270874
11272.1669921875 0.0000000000 0.0000000000 0.0000000000 0.0000000000 0.2385150343 -53.4545974731
11297.4072265625 0.0000000000 0.0000000000 0.0000000000 0.0000000000 0.2409419566 -53.4971694946
11323.7470703125 0.0000000000 0.0000000000 0.0000000000 0.0000000000 0.2433840930 -53.5396423340
11351.0693359375 0.0000000000 0.0000000000 0.0000000000 0.0000000000 0.2458408028 -53.5820465088
11379.0253906250 0.0000000000 0.0000000000 0.0000000000 0.0000000000 0.2483112812 -53.6242294312
11405.8125000000 0.0000000000 0.0000000000 0.0000000000 0.0000000000 0.2507933080 -53.6662292480
11432.2275390625 0.0000000000 0.0000000000 0.0000000000 0.0000000000 0.2532891929 -53.7080154419
11457.0312500000 0.0000000000 0.0000000000 0.0000000000 0.0000000000 0.2557989359 -53.7496643066
11482.5107421875 0.0000000000 0.0000000000 0.0000000000 0.0000000000 0.2583254278 -53.7909698486
11503.5859375000 0.0000000000 0.0000000000 0.0000000000 0.0000000000 0.2608615160 -53.8317260742
11528.4472656250 0.0000000000 0.0000000000 0.0000000000 0.0000000000 0.2634214461 -53.8718643188
11545.7607421875 0.0000000000 0.0000000000 0.0000000000 0.0000000000 0.2659841776 -53.9113769531
11571.8085937500 0.0000000000 0.0000000000 0.0000000000 0.0000000000 0.2685760260 -53.9507675171
11589.0791015625 0.0000000000 0.0000000000 0.0000000000 0.0000000000 0.2711559534 -53.9913406372
11614.7021484375 0.0000000000 0.0000000000 0.0000000000 0.0000000000 0.2737698257 -54.0340118408
11635.4697265625 0.0000000000 0.0000000000 0.0000000000 0.0000000000 0.2763757110 -54.0763473511
11656.4873046875 0.0000000000 0.0000000000 0.0000000000 0.0000000000 0.2790062726 -54.1158218384
11680.1318359375 0.0000000000 0.0000000000 0.0000000000 0.0000000000 0.2816621065 -54.1539916992
11698.6425781250 0.0000000000 0.0000000000 0.0000000000 0.0000000000 0.2843173742 -54.1936874390
11724.0693359375 0.0000000000 0.0000000000 0.0000000000 0.0000000000 0.2870040238 -54.2348175049
11746.0419921875 0.0000000000 0.0000000000 0.0000000000 0.0000000000 0.2896879017 -54.2749786377
11768.9433593750 0.0000000000 0.0000000000 0.0000000000 0.0000000000 0.2923796475 -54.3134536743
11794.9707031250 0.0000000000 0.0000000000 0.0000000000 0.0000000000 0.2950908244 -54.3517608643
11815.4355468750 0.0000000000 0.0000000000 0.0000000000 0.0000000000 0.2978044748 -54.3910293579
11841.2070312500 0.0000000000 0.0000000000 0.0000000000 0.0000000000 0.3005451262 -54.4306640625
11863.8964843750 0.0000000000 0.0000000000 0.0000000000 0.0000000000 0.3032995760 -54.4692611694
11884.8710937500 0.0000000000 0.0000000000 0.0000000000 0.0000000000 0.3060605526 -54.5069046021
11910.4248046875 0.0000000000 0.0000000000 0.0000000000 0.0000000000 0.3088269830 -54.5447387695
11930.2949218750 0.0000000000 0.0000000000 0.0000000000 0.0000000000 0.3115957975 -54.5832672119
11953.7265625000 0.0000000000 0.0000000000 0.0000000000 0.0000000000 0.3143790066 -54.6214523315
11975.9501953125 0.0000000000 0.0000000000 0.0000000000 0.0000000000 0.3171703517 -54.6586914062
11993.8505859375 0.0000000000 0.0000000000 0.0000000000 0.0000000000 0.3199791908 -54.6956939697
12016.5195312500 0.0000000000 0.0000000000 0.0000000000 0.0000000000 0.3228024840 -54.7331008911
12036.0273437500 0.0000000000 0.0000000000 0.0000000000 0.0000000000 0.3256381452 -54.7707061768
12058.3330078125 0.0000000000 0.0000000000 0.0000000000 0.0000000000 0.3284972310 -54.8077316284
12082.8837890625 0.0000000000 0.0000000000 0.0000000000 0.0000000000 0.3313662708 -54.8443222046
12103.8701171875 0.0000000000 0.0000000000 0.0000000000 0.0000000000 0.3342478275 -54.8808135986
12128.2675781250 0.0000000000 0.0000000000 0.0000000000 0.0000000000 0.3371469975 -54.9175109863
12149.5341796875 0.0000000000 0.0000000000 0.0000000000 0.0000000000 0.3400523067 -54.9541931152
12172.6572265625 0.0000000000 0.0000000000 0.0000000000 0.0000000000 0.3429780304 -54.9906311035
12197.4902343750 0.0000000000 0.0000000000 0.0000000000 0.0000000000 0.3459199071 -55.0267944336
12220.8310546875 0.0000000000 0.0000000000 0.0000000000 0.0000000000 0.3488741517 -55.0626296997
12245.5117187500 0.0000000000 0.0000000000 0.0000000000 0.0000000000 0.3518502712 -55.0984191895
12266.6650390625 0.0000000000 0.0000000000 0.0000000000 0.0000000000 0.3548257649 -55.1342163086
12287.5898437500 0.0000000000 0.0000000000 0.0000000000 0.0000000000 0.3578191102 -55.1698684692
12307.1777343750 0.0000000000 0.0000000000 0.0000000000 0.0000000000 0.3608315289 -55.2052307129
12327.4062500000 0.0000000000 0.0000000000 0.0000000000 0.0000000000 0.3638796508 -55.2403488159
12348.5019531250 0.0000000000 0.0000000000 0.0000000000 0.0000000000 0.3669513464 -55.2753524780
12367.8251953125 0.0000000000 0.0000000000 0.0000000000 0.0000000000 0.3700227439 -55.3103179932
12389.2187500000 0.0000000000 0.0000000000 0.0000000000 0.0000000000 0.3731040359 -55.3451690674
12409.1064453125 0.0000000000 0.0000000000 0.0000000000 0.0000000000 0.3761876523 -55.3799438477
12430.2080078125 0.0000000000 0.0000000000 0.0000000000 0.0000000000 0.3792843521 -55.4145431519
12450.6494140625 0.0000000000 0.0000000000 0.0000000000 0.0000000000 0.3823909461 -55.4489746094
12471.4775390625 0.0000000000 0.0000000000 0.0000000000 0.0000000000 0.3855180442 -55.4832839966
12493.8437500000 0.0000000000 0.0000000000 0.0000000000 0.0000000000 0.3886682093 -55.5174255371
12514.0527343750 0.0000000000 0.0000000000 0.0000000000 0.0000000000 0.3918373287 -55.5514678955
12537.4667968750 0.0000000000 0.0000000000 0.0000000000 0.0000000000 0.3950057924 -55.5853347778
12558.9130859375 0.0000000000 0.0000000000 0.0000000000 0.0000000000 0.3981880248 -55.6191024780
12583.4687500000 0.0000000000 0.0000000000 0.0000000000 0.0000000000 0.4013749957 -55.6526031494
12604.7470703125 0.0000000000 0.0000000000 0.0000000000 0.0000000000 0.4045901299 -55.6858520508
12627.1728515625 0.0000000000 0.0000000000 0.0000000000 0.0000000000 0.4078010023 -55.7185516357
12644.4482421875 0.0000000000 0.0000000000 0.0000000000 0.0000000000 0.4110472500 -55.7507171631
12664.4218750000 0.0000000000 0.0000000000 0.0000000000 0.0000000000 0.4142589271 -55.7824859619
12683.5478515625 0.0000000000 0.0000000000 0.0000000000 0.0000000000 0.4175284505 -55.8149795532
12705.4638671875 0.0000000000 0.0000000000 0.0000000000 0.0000000000 0.4207637608 -55.8488693237
12725.0820312500 0.0000000000 0.0000000000 0.0000000000 0.0000000000 0.4240677953 -55.8835678101
12743.0332031250 0.0000000000 0.0000000000 0.0000000000 0.0000000000 0.4273506403 -55.9168090820
12762.8212890625 0.0000000000 0.0000000000 0.0000000000 0.0000000000 0.4306200445 -55.9482574463
12781.6728515625 0.0000000000 0.0000000000 0.0000000000 0.0000000000 0.4339331090 -55.9794692993
12802.0224609375 0.0000000000 0.0000000000 0.0000000000 0.0000000000 0.4372320771 -56.0116348267
12824.1806640625 0.0000000000 0.0000000000 0.0000000000 0.0000000000 0.4405678511 -56.0444030762
12846.2138671875 0.0000000000 0.0000000000 0.0000000000 0.0000000000 0.4439150095 -56.0767440796
12869.2539062500 0.0000000000 0.0000000000 0.0000000000 0.0000000000 0.4472579062 -56.1082687378
12890.7988281250 0.0000000000 0.0000000000 0.0000000000 0.0000000000 0.4506293237 -56.1394653320
12912.4257812500 0.0000000000 0.0000000000 0.0000000000 0.0000000000 0.4539948702 -56.1707611084
12936.3417968750 0.0000000000 0.0000000000 0.0000000000 0.0000000000 0.4573891163 -56.2022247314
12955.5283203125 0.0000000000 0.0000000000 0.0000000000 0.0000000000 0.4607905149 -56.2337493896
12977.0722656250 0.0000000000 0.0000000000 0.0000000000 0.0000000000 0.4642015994 -56.2650833130
12996.9394531250 0.0000000000 0.0000000000 0.0000000000 0.0000000000 0.4676283896 -56.2959899902
13016.9814453125 0.0000000000 0.0000000000 0.0000000000 0.0000000000 0.4710648656 -56.3265380859
13038.2705078125 0.0000000000 0.0000000000 0.0000000000 0.0000000000 0.4745247066 -56.3572387695
13056.1367187500 0.0000000000 0.0000000000 0.0000000000 0.0000000000 0.4779959619 -56.3881835938
13075.6220703125 0.0000000000 0.0000000000 0.0000000000 0.0000000000 0.4814732671 -56.4191284180
13095.2177734375 0.0000000000 0.0000000000 0.0000000000 0.0000000000 0.4849625230 -56.4496917725
13114.7441406250 0.0000000000 0.0000000000 0.0000000000 0.0000000000 0.4884666502 -56.4798431396
13139.1904296875 0.0000000000 0.0000000000 0.0000000000 0.0000000000 0.4920086861 -56.5098342896
13157.7841796875 0.0000000000 0.0000000000 0.0000000000 0.0000000000 0.4955495894 -56.5399246216
13180.9853515625 0.0000000000 0.0000000000 0.0000000000 0.0000000000 0.4991190732 -56.5699005127
13197.2851562500 0.0000000000 0.0000000000 0.0000000000 0.0000000000 0.5026750565 -56.5994338989
13222.0869140625 0.0000000000 0.0000000000 0.0000000000 0.0000000000 0.5062823892 -56.6282043457
13238.8437500000 0.0000000000 0.0000000000 0.0000000000 0.0000000000 0.5098744631 -56.6560363770
13264.6142578125 0.0000000000 0.0000000000 0.0000000000 0.0000000000 0.5135239363 -56.6832275391
13276.0175781250 0.0000000000 0.0000000000 0.0000000000 0.0000000000 0.5171092749 -56.7109222412
13302.2158203125 0.0000000000 0.0000000000 0.0000000000 0.0000000000 0.5207837820 -56.7411804199
13313.1679687500 0.0000000000 0.0000000000 0.0000000000 0.0000000000 0.5243958235 -56.7741088867
13340.4853515625 0.0000000000 0.0000000000 0.0000000000 0.0000000000 0.5281065702 -56.8063125610
13360.7792968750 0.0000000000 0.0000000000 0.0000000000 0.0000000000 0.5317998528 -56.8351135254
13378.2783203125 0.0000000000 0.0000000000 0.0000000000 0.0000000000 0.5354822278 -56.8617706299
13404.1884765625 0.0000000000 0.0000000000 0.0000000000 0.0000000000 0.5392012596 -56.8898162842
13416.6191406250 0.0000000000 0.0000000000 0.0000000000 0.0000000000 0.5428869724 -56.9204101562
13440.4726562500 0.0000000000 0.0000000000 0.0000000000 0.0000000000 0.5466436148 -56.9508819580
13460.8085937500 0.0000000000 0.0000000000 0.0000000000 0.0000000000 0.5504047275 -56.9790191650
13479.8251953125 0.0000000000 0.0000000000 0.0000000000 0.0000000000 0.5541731715 -57.0062789917
13504.7978515625 0.0000000000 0.0000000000 0.0000000000 0.0000000000 0.5579861403 -57.0349807739
13518.8632812500 0.0000000000 0.0000000000 0.0000000000 0.0000000000 0.5617750883 -57.0648040771
13538.4521484375 0.0000000000 0.0000000000 0.0000000000 0.0000000000 0.5656064153 -57.0935516357
13558.0800781250 0.0000000000 0.0000000000 0.0000000000 0.0000000000 0.5694622993 -57.1208496094
13574.5761718750 0.0000000000 0.0000000000 0.0000000000 0.0000000000 0.5733499527 -57.1484909058
13597.7841796875 0.0000000000 0.0000000000 0.0000000000 0.0000000000 0.5772343278 -57.1772155762
13616.8427734375 0.0000000000 0.0000000000 0.0000000000 0.0000000000 0.5811145902 -57.2059173584
13637.2412109375 0.0000000000 0.0000000000 0.0000000000 0.0000000000 0.5850139856 -57.2333602905
13657.1406250000 0.0000000000 0.0000000000 0.0000000000 0.0000000000 0.5889417529 -57.2601776123
13673.2060546875 0.0000000000 0.0000000000 0.0000000000 0.0000000000 0.5928928852 -57.2876358032
13693.4931640625 0.0000000000 0.0000000000 0.0000000000 0.0000000000 0.5968574882 -57.3156280518
13711.9570312500 0.0000000000 0.0000000000 0.0000000000 0.0000000000 0.6008197069 -57.3433227539
13728.6962890625 0.0000000000 0.0000000000 0.0000000000 0.0000000000 0.6047781706 -57.3703384399
13747.7744140625 0.0000000000 0.0000000000 0.0000000000 0.0000000000 0.6087599397 -57.3971405029
13762.2314453125 0.0000000000 0.0000000000 0.0000000000 0.0000000000 0.6127806902 -57.4242706299
13779.3525390625 0.0000000000 0.0000000000 0.0000000000 0.0000000000 0.6168441176 -57.4516220093
13798.5498046875 0.0000000000 0.0000000000 0.0000000000 0.0000000000 0.6209261417 -57.4787750244
13814.9873046875 0.0000000000 0.0000000000 0.0000000000 0.0000000000 0.6250246167 -57.5055160522
13835.1591796875 0.0000000000 0.0000000000 0.0000000000 0.0000000000 0.6291368604 -57.5321502686
13852.7470703125 0.0000000000 0.0000000000 0.0000000000 0.0000000000 0.6332602501 -57.5588607788
13873.0937500000 0.0000000000 0.0000000000 0.0000000000 0.0000000000 0.6374167800 -57.5856704712
13890.5341796875 0.0000000000 0.0000000000 0.0000000000 0.0000000000 0.6415824890 -57.6123886108
13906.7832031250 0.0000000000 0.0000000000 0.0000000000 0.0000000000 0.6457614303 -57.6389160156
13926.3408203125 0.0000000000 0.0000000000 0.0000000000 0.0000000000 0.6499499083 -57.6652679443
13942.1357421875 0.0000000000 0.0000000000 0.0000000000 0.0000000000 0.6541427374 -57.6915130615
13957.9003906250 0.0000000000 0.0000000000 0.0000000000 0.0000000000 0.6583685279 -57.7177734375
13968.7216796875 0.0000000000 0.0000000000 0.0000000000 0.0000000000 0.6625928879 -57.7439422607
13982.9375000000 0.0000000000 0.0000000000 0.0000000000 0.0000000000 0.6668179035 -57.7699432373
14000.1396484375 0.0000000000 0.0000000000 0.0000000000 0.0000000000 0.6710463762 -57.7958297729
14018.7402343750 0.0000000000 0.0000000000 0.0000000000 0.0000000000 0.6753154993 -57.8215560913
14038.1357421875 0.0000000000 0.0000000000 0.0000000000 0.0000000000 0.6796124578 -57.8471145630
14057.9609375000 0.0000000000 0.0000000000 0.0000000000 0.0000000000 0.6839250326 -57.8724517822
14076.4404296875 0.0000000000 0.0000000000 0.0000000000 0.0000000000 0.6882461309 -57.8977432251
14094.5468750000 0.0000000000 0.0000000000 0.0000000000 0.0000000000 0.6925874352 -57.9228973389
14112.5751953125 0.0000000000 0.0000000000 0.0000000000 0.0000000000 0.6969338655 -57.9480285645
14133.4580078125 0.0000000000 0.0000000000 0.0000000000 0.0000000000 0.7013124824 -57.9731140137
14150.5957031250 0.0000000000 0.0000000000 0.0000000000 0.0000000000 0.7056901455 -57.9981079102
14168.1396484375 0.0000000000 0.0000000000 0.0000000000 0.0000000000 0.7100791931 -58.0230102539
14183.0839843750 0.0000000000 0.0000000000 0.0000000000 0.0000000000 0.7144587040 -58.0476684570
14202.6337890625 0.0000000000 0.0000000000 0.0000000000 0.0000000000 0.7188757658 -58.0720977783
14216.7167968750 0.0000000000 0.0000000000 0.0000000000 0.0000000000 0.7232896090 -58.0962524414
14237.8134765625 0.0000000000 0.0000000000 0.0000000000 0.0000000000 0.7277506590 -58.1198425293
14250.3740234375 0.0000000000 0.0000000000 0.0000000000 0.0000000000 0.7321669459 -58.1428375244
14273.2031250000 0.0000000000 0.0000000000 0.0000000000 0.0000000000 0.7366572022 -58.1650924683
14280.7558593750 0.0000000000 0.0000000000 0.0000000000 0.0000000000 0.7410867810 -58.1874313354
14307.5302734375 0.0000000000 0.0000000000 0.0000000000 0.0000000000 0.7456363440 -58.2116088867
14316.3437500000 0.0000000000 0.0000000000 0.0000000000 0.0000000000 0.7501137257 -58.2390670776
14343.8515625000 0.0000000000 0.0000000000 0.0000000000 0.0000000000 0.7546654940 -58.2673797607
14361.2578125000 0.0000000000 0.0000000000 0.0000000000 0.0000000000 0.7591966391 -58.2928771973
14376.9658203125 0.0000000000 0.0000000000 0.0000000000 0.0000000000 0.7637248039 -58.3149871826
14401.3955078125 0.0000000000 0.0000000000 0.0000000000 0.0000000000 0.7683051825 -58.3367309570
14414.5556640625 0.0000000000 0.0000000000 0.0000000000 0.0000000000 0.7728483081 -58.3610229492
14441.9785156250 0.0000000000 0.0000000000 0.0000000000 0.0000000000 0.7774745822 -58.3873138428
14458.6259765625 0.0000000000 0.0000000000 0.0000000000 0.0000000000 0.7820835710 -58.4125900269
14477.2792968750 0.0000000000 0.0000000000 0.0000000000 0.0000000000 0.7867159247 -58.4353485107
14497.0136718750 0.0000000000 0.0000000000 0.0000000000 0.0000000000 0.7913817763 -58.4574737549
14506.7812500000 0.0000000000 0.0000000000 0.0000000000 0.0000000000 0.7960106134 -58.4811859131
14524.3798828125 0.0000000000 0.0000000000 0.0000000000 0.0000000000 0.8006891012 -58.5062484741
14535.6679687500 0.0000000000 0.0000000000 0.0000000000 0.0000000000 0.8053535223 -58.5306701660
14548.1259765625 0.0000000000 0.0000000000 0.0000000000 0.0000000000 0.8100247979 -58.5534667969
14565.2812500000 0.0000000000 0.0000000000 0.0000000000 0.0000000000 0.8147554398 -58.5758056641
14579.3466796875 0.0000000000 0.0000000000 0.0000000000 0.0000000000 0.8194842935 -58.5992507935
14601.1982421875 0.0000000000 0.0000000000 0.0000000000 0.0000000000 0.8242675662 -58.6235046387
14618.1533203125 0.0000000000 0.0000000000 0.0000000000 0.0000000000 0.8290444016 -58.6472320557
14635.5488281250 0.0000000000 0.0000000000 0.0000000000 0.0000000000 0.8338223100 -58.6699676514
14656.1396484375 0.0000000000 0.0000000000 0.0000000000 0.0000000000 0.8386419415 -58.6924209595
14671.7763671875 0.0000000000 0.0000000000 0.0000000000 0.0000000000 0.8434511423 -58.7154617310
14694.4921875000 0.0000000000 0.0000000000 0.0000000000 0.0000000000 0.8483459949 -58.7389221191
14710.9091796875 0.0000000000 0.0000000000 0.0000000000 0.0000000000 0.8532293439 -58.7621917725
14727.0615234375 0.0000000000 0.0000000000 0.0000000000 0.0000000000 0.8581215739 -58.7848205566
14743.1015625000 0.0000000000 0.0000000000 0.0000000000 0.0000000000 0.8630208969 -58.8071746826
14757.4208984375 0.0000000000 0.0000000000 0.0000000000 0.0000000000 0.8679072857 -58.8297653198
14777.9609375000 0.0000000000 0.0000000000 0.0000000000 0.0000000000 0.8728457689 -58.8526916504
14796.9609375000 0.0000000000 0.0000000000 0.0000000000 0.0000000000 0.8777872920 -58.8755493164
14816.9257812500 0.0000000000 0.0000000000 0.0000000000 0.0000000000 0.8827341795 -58.8981475830
14836.3408203125 0.0000000000 0.0000000000 0.0000000000 0.0000000000 0.8877050281 -58.9204025269
14850.2675781250 0.0000000000 0.0000000000 0.0000000000 0.0000000000 0.8926387429 -58.9426956177
14871.9013671875 0.0000000000 0.0000000000 0.0000000000 0.0000000000 0.8976476192 -58.9650344849
14884.4667968750 0.0000000000 0.0000000000 0.0000000000 0.0000000000 0.9026481509 -58.9874191284
14903.4648437500 0.0000000000 0.0000000000 0.0000000000 0.0000000000 0.9077056646 -59.0095596313
14916.1533203125 0.0000000000 0.0000000000 0.0000000000 0.0000000000 0.9127296209 -59.0311737061
14930.2373046875 0.0000000000 0.0000000000 0.0000000000 0.0000000000 0.9178007245 -59.0520935059
14940.1748046875 0.0000000000 0.0000000000 0.0000000000 0.0000000000 0.9228599668 -59.0720977783
14963.1679687500 0.0000000000 0.0000000000 0.0000000000 0.0000000000 0.9280045629 -59.0914764404
14978.3310546875 0.0000000000 0.0000000000 0.0000000000 0.0000000000 0.9330962896 -59.1108093262
15002.0292968750 0.0000000000 0.0000000000 0.0000000000 0.0000000000 0.9382640123 -59.1327972412
15008.9687500000 0.0000000000 0.0000000000 0.0000000000 0.0000000000 0.9433470368 -59.1584548950
15035.4199218750 0.0000000000 0.0000000000 0.0000000000 0.0000000000 0.9485356808 -59.1856384277
15053.0888671875 0.0000000000 0.0000000000 0.0000000000 0.0000000000 0.9536927342 -59.2095260620
15070.5761718750 0.0000000000 0.0000000000 0.0000000000 0.0000000000 0.9588770866 -59.2293701172
15087.6835937500 0.0000000000 0.0000000000 0.0000000000 0.0000000000 0.9641026855 -59.2485504150
15098.7929687500 0.0000000000 0.0000000000 0.0000000000 0.0000000000 0.9692755342 -59.2706069946
15123.1591796875 0.0000000000 0.0000000000 0.0000000000 0.0000000000 0.9745271802 -59.2953033447
15135.2832031250 0.0000000000 0.0000000000 0.0000000000 0.0000000000 0.9797289371 -59.3188552856
15149.4580078125 0.0000000000 0.0000000000 0.0000000000 0.0000000000 0.9849843383 -59.3396224976
15164.1542968750 0.0000000000 0.0000000000 0.0000000000 0.0000000000 0.9902682900 -59.3595733643
15178.3203125000 0.0000000000 0.0000000000 0.0000000000 0.0000000000 0.9955366850 -59.3812713623
15200.6064453125 0.0000000000 0.0000000000 0.0000000000 0.0000000000 1.0008562803 -59.4045028687
15212.8007812500 0.0000000000 0.0000000000 0.0000000000 0.0000000000 1.0061402321 -59.4270858765
15227.4082031250 0.0000000000 0.0000000000 0.0000000000 0.0000000000 1.0114592314 -59.4479446411
15244.7529296875 0.0000000000 0.0000000000 0.0000000000 0.0000000000 1.0168009996 -59.4683837891
15262.6582031250 0.0000000000 0.0000000000 0.0000000000 0.0000000000 1.0221424103 -59.4900283813
15280.0595703125 0.0000000000 0.0000000000 0.0000000000 0.0000000000 1.0275131464 -59.5125503540
15290.5322265625 0.0000000000 0.0000000000 0.0000000000 0.0000000000 1.0328608751 -59.5345458984
15305.4316406250 0.0000000000 0.0000000000 0.0000000000 0.0000000000 1.0382584333 -59.5554580688
15322.2998046875 0.0000000000 0.0000000000 0.0000000000 0.0000000000 1.0436838865 -59.5761795044
15339.2001953125 0.0000000000 0.0000000000 0.0000000000 0.0000000000 1.0490925312 -59.5975875854
15354.4912109375 0.0000000000 0.0000000000 0.0000000000 0.0000000000 1.0544993877 -59.6195678711
15365.6923828125 0.0000000000 0.0000000000 0.0000000000 0.0000000000 1.0598955154 -59.6413116455
15381.2587890625 0.0000000000 0.0000000000 0.0000000000 0.0000000000 1.0653407574 -59.6622619629
15399.7236328125 0.0000000000 0.0000000000 0.0000000000 0.0000000000 1.0708177090 -59.6829986572
15416.5820312500 0.0000000000 0.0000000000 0.0000000000 0.0000000000 1.0762873888 -59.7039642334
15430.8076171875 0.0000000000 0.0000000000 0.0000000000 0.0000000000 1.0817602873 -59.7253570557
15443.5703125000 0.0000000000 0.0000000000 0.0000000000 0.0000000000 1.0872492790 -59.7467880249
15459.3017578125 0.0000000000 0.0000000000 0.0000000000 0.0000000000 1.0927667618 -59.7678222656
15477.1904296875 0.0000000000 0.0000000000 0.0000000000 0.0000000000 1.0983060598 -59.7885055542
15492.5771484375 0.0000000000 0.0000000000 0.0000000000 0.0000000000 1.1038464308 -59.8090362549
15506.8779296875 0.0000000000 0.0000000000 0.0000000000 0.0000000000 1.1094135046 -59.8297195435
15524.2558593750 0.0000000000 0.0000000000 0.0000000000 0.0000000000 1.1150050163 -59.8505859375
15544.3408203125 0.0000000000 0.0000000000 0.0000000000 0.0000000000 1.1206500530 -59.8714065552
15563.1650390625 0.0000000000 0.0000000000 0.0000000000 0.0000000000 1.1263157129 -59.8920288086
15578.1035156250 0.0000000000 0.0000000000 0.0000000000 0.0000000000 1.1319862604 -59.9123535156
15593.7294921875 0.0000000000 0.0000000000 0.0000000000 0.0000000000 1.1376754045 -59.9325332642
15609.2304687500 0.0000000000 0.0000000000 0.0000000000 0.0000000000 1.1433671713 -59.9527893066
15625.0781250000 0.0000000000 0.0000000000 0.0000000000 0.0000000000 1.1490868330 -59.9730834961
15637.4062500000 0.0000000000 0.0000000000 0.0000000000 0.0000000000 1.1548143625 -59.9933929443
15649.5380859375 0.0000000000 0.0000000000 0.0000000000 0.0000000000 1.1605594158 -60.0136413574
15664.2333984375 0.0000000000 0.0000000000 0.0000000000 0.0000000000 1.1663169861 -60.0337448120
15678.5732421875 0.0000000000 0.0000000000 0.0000000000 0.0000000000 1.1720700264 -60.0537414551
15691.5644531250 0.0000000000 0.0000000000 0.0000000000 0.0000000000 1.1778264046 -60.0737457275
15701.9462890625 0.0000000000 0.0000000000 0.0000000000 0.0000000000 1.1835685968 -60.0937042236
15718.6337890625 0.0000000000 0.0000000000 0.0000000000 0.0000000000 1.1893697977 -60.1136093140
15736.7421875000 0.0000000000 0.0000000000 0.0000000000 0.0000000000 1.1951693296 -60.1335144043
15753.1464843750 0.0000000000 0.0000000000 0.0000000000 0.0000000000 1.2009890079 -60.1533355713
15764.6171875000 0.0000000000 0.0000000000 0.0000000000 0.0000000000 1.2067683935 -60.1730957031
15779.3642578125 0.0000000000 0.0000000000 0.0000000000 0.0000000000 1.2126098871 -60.1926193237
15796.9619140625 0.0000000000 0.0000000000 0.0000000000 0.0000000000 1.2184503078 -60.2118301392
15811.0048828125 0.0000000000 0.0000000000 0.0000000000 0.0000000000 1.2244107723 -60.2303848267
15830.5947265625 0.0000000000 0.0000000000 0.0000000000 0.0000000000 1.2302623987 -60.2482070923
15838.7265625000 0.0000000000 0.0000000000 0.0000000000 0.0000000000 1.2361799479 -60.2653808594
15852.1455078125 0.0000000000 0.0000000000 0.0000000000 0.0000000000 1.2420054674 -60.2837371826
15857.5693359375 0.0000000000 0.0000000000 0.0000000000 0.0000000000 1.2479540110 -60.3047485352
15880.8916015625 0.0000000000 0.0000000000 0.0000000000 0.0000000000 1.2539057732 -60.3280487061
15894.7314453125 0.0000000000 0.0000000000 0.0000000000 0.0000000000 1.2598870993 -60.3497390747
15908.6904296875 0.0000000000 0.0000000000 0.0000000000 0.0000000000 1.2658513784 -60.3680343628
15924.0517578125 0.0000000000 0.0000000000 0.0000000000 0.0000000000 1.2717474699 -60.3849716187
15941.4746093750 0.0000000000 0.0000000000 0.0000000000 0.0000000000 1.2777822018 -60.4039001465
15958.8105468750 0.0000000000 0.0000000000 0.0000000000 0.0000000000 1.2837541103 -60.4253540039
15977.0009765625 0.0000000000 0.0000000000 0.0000000000 0.0000000000 1.2898025513 -60.4460830688
15986.2158203125 0.0000000000 0.0000000000 0.0000000000 0.0000000000 1.2957974672 -60.4642410278
16007.5908203125 0.0000000000 0.0000000000 0.0000000000 0.0000000000 1.3017930984 -60.4816513062
16016.3535156250 0.0000000000 0.0000000000 0.0000000000 0.0000000000 1.3078676462 -60.5009078979
16044.3857421875 0.0000000000 0.0000000000 0.0000000000 0.0000000000 1.3139950037 -60.5215911865
16051.3339843750 0.0000000000 0.0000000000 0.0000000000 0.0000000000 1.3200858831 -60.5411224365
16067.8710937500 0.0000000000 0.0000000000 0.0000000000 0.0000000000 1.3262323141 -60.5588989258
16079.2607421875 0.0000000000 0.0000000000 0.0000000000 0.0000000000 1.3322658539 -60.5775146484
16100.1074218750 0.0000000000 0.0000000000 0.0000000000 0.0000000000 1.3384716511 -60.5977630615
16109.6201171875 0.0000000000 0.0000000000 0.0000000000 0.0000000000 1.3445920944 -60.6183319092
16129.5791015625 0.0000000000 0.0000000000 0.0000000000 0.0000000000 1.3507798910 -60.6377105713
16140.1093750000 0.0000000000 0.0000000000 0.0000000000 0.0000000000 1.3569391966 -60.6569595337
16164.6884765625 0.0000000000 0.0000000000 0.0000000000 0.0000000000 1.3630955219 -60.6772689819
16177.9707031250 0.0000000000 0.0000000000 0.0000000000 0.0000000000 1.3692448139 -60.6983337402
16193.2851562500 0.0000000000 0.0000000000 0.0000000000 0.0000000000 1.3754216433 -60.7187194824
16212.2841796875 0.0000000000 0.0000000000 0.0000000000 0.0000000000 1.3816144466 -60.7385864258
16228.2353515625 0.0000000000 0.0000000000 0.0000000000 0.0000000000 1.3878111839 -60.7590560913
16252.4667968750 0.0000000000 0.0000000000 0.0000000000 0.0000000000 1.3939862251 -60.7801818848
16268.8642578125 0.0000000000 0.0000000000 0.0000000000 0.0000000000 1.4001715183 -60.8013610840
16292.9111328125 0.0000000000 0.0000000000 0.0000000000 0.0000000000 1.4064481258 -60.8220214844
16315.5136718750 0.0000000000 0.0000000000 0.0000000000 0.0000000000 1.4126873016 -60.8424682617
16344.4287109375 0.0000000000 0.0000000000 0.0000000000 0.0000000000 1.4189577103 -60.8629455566
16363.4736328125 0.0000000000 0.0000000000 0.0000000000 0.0000000000 1.4251350164 -60.8823242188
16385.8906250000 0.0000000000 0.0000000000 0.0000000000 0.0000000000 1.4314198494 -60.9002075195
16391.9296875000 0.0000000000 0.0000000000 0.0000000000 0.0000000000 1.4377502203 -60.9177093506
16407.4101562500 0.0000000000 0.0000000000 0.0000000000 0.0000000000 1.4442418814 -60.9357147217
16404.3828125000 0.0000000000 0.0000000000 0.0000000000 0.0000000000 1.4507590532 -60.9543991089
16415.6386718750 0.0000000000 0.0000000000 0.0000000000 0.0000000000 1.4574413300 -60.9732818604
16411.5898437500 0.0000000000 0.0000000000 0.0000000000 0.0000000000 1.4640446901 -60.9918899536
16422.0683593750 0.0000000000 0.0000000000 0.0000000000 0.0000000000 1.4707126617 -61.0102996826
16426.0585937500 0.0000000000 0.0000000000 0.0000000000 0.0000000000 1.4772627354 -61.0287780762
16447.4863281250 0.0000000000 0.0000000000 0.0000000000 0.0000000000 1.4838471413 -61.0474700928
16460.8203125000 0.0000000000 0.0000000000 0.0000000000 0.0000000000 1.4902426004 -61.0662231445
16482.2695312500 0.0000000000 0.0000000000 0.0000000000 0.0000000000 1.4966342449 -61.0848693848
16493.5253906250 0.0000000000 0.0000000000 0.0000000000 0.0000000000 1.5030156374 -61.1034622192
16512.5234375000 0.0000000000 0.0000000000 0.0000000000 0.0000000000 1.5094202757 -61.1220092773
16530.2871093750 0.0000000000 0.0000000000 0.0000000000 0.0000000000 1.5158466101 -61.1403198242
16545.2792968750 0.0000000000 0.0000000000 0.0000000000 0.0000000000 1.5222345591 -61.1581878662
16560.8144531250 0.0000000000 0.0000000000 0.0000000000 0.0000000000 1.5286111832 -61.1754989624
16566.2675781250 0.0000000000 0.0000000000 0.0000000000 0.0000000000 1.5351643562 -61.1924514771
16590.7773437500 0.0000000000 0.0000000000 0.0000000000 0.0000000000 1.5418822765 -61.2093124390
16594.3066406250 0.0000000000 0.0000000000 0.0000000000 0.0000000000 1.5486481190 -61.2267074585
16614.5410156250 0.0000000000 0.0000000000 0.0000000000 0.0000000000 1.5554885864 -61.2446441650
16618.1796875000 0.0000000000 0.0000000000 0.0000000000 0.0000000000 1.5622824430 -61.2636795044
16643.3671875000 0.0000000000 0.0000000000 0.0000000000 0.0000000000 1.5691646338 -61.2833099365
16661.4921875000 0.0000000000 0.0000000000 0.0000000000 0.0000000000 1.5759264231 -61.3028182983
16686.5195312500 0.0000000000 0.0000000000 0.0000000000 0.0000000000 1.5827113390 -61.3213043213
16705.0371093750 0.0000000000 0.0000000000 0.0000000000 0.0000000000 1.5894199610 -61.3385543823
16713.1269531250 0.0000000000 0.0000000000 0.0000000000 0.0000000000 1.5960785151 -61.3552322388
16723.2285156250 0.0000000000 0.0000000000 0.0000000000 0.0000000000 1.6027950048 -61.3720703125
16725.2304687500 0.0000000000 0.0000000000 0.0000000000 0.0000000000 1.6094425917 -61.3896179199
16740.8359375000 0.0000000000 0.0000000000 0.0000000000 0.0000000000 1.6161588430 -61.4079284668
16748.8691406250 0.0000000000 0.0000000000 0.0000000000 0.0000000000 1.6228415966 -61.4264068604
16762.3886718750 0.0000000000 0.0000000000 0.0000000000 0.0000000000 1.6295337677 -61.4445419312
16778.6347656250 0.0000000000 0.0000000000 0.0000000000 0.0000000000 1.6362792253 -61.4621505737
16801.3105468750 0.0000000000 0.0000000000 0.0000000000 0.0000000000 1.6431136131 -61.4791564941
16827.9414062500 0.0000000000 0.0000000000 0.0000000000 0.0000000000 1.6500620842 -61.4959869385
16837.5292968750 0.0000000000 0.0000000000 0.0000000000 0.0000000000 1.6569328308 -61.5129241943
16852.2656250000 0.0000000000 0.0000000000 0.0000000000 0.0000000000 1.6638581753 -61.5301132202
16858.1523437500 0.0000000000 0.0000000000 0.0000000000 0.0000000000 1.6707793474 -61.5477294922
16875.1171875000 0.0000000000 0.0000000000 0.0000000000 0.0000000000 1.6778415442 -61.5653915405
16883.7812500000 0.0000000000 0.0000000000 0.0000000000 0.0000000000 1.6848447323 -61.5829315186
16894.2851562500 0.0000000000 0.0000000000 0.0000000000 0.0000000000 1.6918407679 -61.6001510620
16902.7031250000 0.0000000000 0.0000000000 0.0000000000 0.0000000000 1.6987867355 -61.6170730591
16912.4082031250 0.0000000000 0.0000000000 0.0000000000 0.0000000000 1.7057445049 -61.6338348389
16932.8769531250 0.0000000000 0.0000000000 0.0000000000 0.0000000000 1.7128267288 -61.6505432129
16951.3242187500 0.0000000000 0.0000000000 0.0000000000 0.0000000000 1.7198752165 -61.6674270630
16971.5800781250 0.0000000000 0.0000000000 0.0000000000 0.0000000000 1.7268921137 -61.6843338013
16984.2812500000 0.0000000000 0.0000000000 0.0000000000 0.0000000000 1.7338328362 -61.7012634277
16997.5312500000 0.0000000000 0.0000000000 0.0000000000 0.0000000000 1.7408444881 -61.7181320190
17012.4082031250 0.0000000000 0.0000000000 0.0000000000 0.0000000000 1.7479823828 -61.7348785400
17020.0781250000 0.0000000000 0.0000000000 0.0000000000 0.0000000000 1.7550662756 -61.7512359619
17030.1308593750 0.0000000000 0.0000000000 0.0000000000 0.0000000000 1.7621772289 -61.7668457031
17030.6503906250 0.0000000000 0.0000000000 0.0000000000 0.0000000000 1.7691684961 -61.7811431885
17049.0078125000 0.0000000000 0.0000000000 0.0000000000 0.0000000000 1.7763996124 -61.7935256958
17050.8476562500 0.0000000000 0.0000000000 0.0000000000 0.0000000000 1.7834779024 -61.8034820557
17085.5800781250 0.0000000000 0.0000000000 0.0000000000 0.0000000000 1.7908339500 -61.8134460449
17081.8496093750 0.0000000000 0.0000000000 0.0000000000 0.0000000000 1.7978651524 -61.8292236328
17109.6523437500 0.0000000000 0.0000000000 0.0000000000 0.0000000000 1.8052008152 -61.8554306030
17113.7734375000 0.0000000000 0.0000000000 0.0000000000 0.0000000000 1.8124462366 -61.8835830688
17131.1054687500 0.0000000000 0.0000000000 0.0000000000 0.0000000000 1.8198053837 -61.9014053345
17150.9316406250 0.0000000000 0.0000000000 0.0000000000 0.0000000000 1.8271842003 -61.9103546143
17147.8222656250 0.0000000000 0.0000000000 0.0000000000 0.0000000000 1.8343634605 -61.9226684570
17172.1757812500 0.0000000000 0.0000000000 0.0000000000 0.0000000000 1.8418505192 -61.9446258545
17179.6152343750 0.0000000000 0.0000000000 0.0000000000 0.0000000000 1.8491997719 -61.9676132202
17189.7207031250 0.0000000000 0.0000000000 0.0000000000 0.0000000000 1.8566085100 -61.9824600220
17209.5585937500 0.0000000000 0.0000000000 0.0000000000 0.0000000000 1.8641229868 -61.9937820435
17210.7695312500 0.0000000000 0.0000000000 0.0000000000 0.0000000000 1.8713985682 -62.0106277466
17231.4707031250 0.0000000000 0.0000000000 0.0000000000 0.0000000000 1.8789329529 -62.0319824219
17241.2773437500 0.0000000000 0.0000000000 0.0000000000 0.0000000000 1.8863574266 -62.0496215820
17251.3671875000 0.0000000000 0.0000000000 0.0000000000 0.0000000000 1.8937501907 -62.0626678467
17274.4414062500 0.0000000000 0.0000000000 0.0000000000 0.0000000000 1.9012931585 -62.0777435303
17277.5820312500 0.0000000000 0.0000000000 0.0000000000 0.0000000000 1.9087247849 -62.0969390869
17289.3906250000 0.0000000000 0.0000000000 0.0000000000 0.0000000000 1.9162871838 -62.1151657104
17302.8515625000 0.0000000000 0.0000000000 0.0000000000 0.0000000000 1.9239398241 -62.1297607422
17310.7031250000 0.0000000000 0.0000000000 0.0000000000 0.0000000000 1.9315363169 -62.1444396973
17328.0761718750 0.0000000000 0.0000000000 0.0000000000 0.0000000000 1.9391325712 -62.1619796753
17338.7851562500 0.0000000000 0.0000000000 0.0000000000 0.0000000000 1.9466822147 -62.1799850464
17357.4414062500 0.0000000000 0.0000000000 0.0000000000 0.0000000000 1.9543094635 -62.1956863403
17382.3496093750 0.0000000000 0.0000000000 0.0000000000 0.0000000000 1.9620063305 -62.2104492188
17395.0019531250 0.0000000000 0.0000000000 0.0000000000 0.0000000000 1.9696345329 -62.2268829346
17412.7656250000 0.0000000000 0.0000000000 0.0000000000 0.0000000000 1.9773228168 -62.2443161011
17424.8359375000 0.0000000000 0.0000000000 0.0000000000 0.0000000000 1.9850230217 -62.2606277466
17434.3457031250 0.0000000000 0.0000000000 0.0000000000 0.0000000000 1.9927529097 -62.2758331299
17452.0410156250 0.0000000000 0.0000000000 0.0000000000 0.0000000000 2.0005993843 -62.2915267944
17459.2421875000 0.0000000000 0.0000000000 0.0000000000 0.0000000000 2.0083069801 -62.3082885742
17471.1875000000 0.0000000000 0.0000000000 0.0000000000 0.0000000000 2.0160357952 -62.3249053955
17486.8945312500 0.0000000000 0.0000000000 0.0000000000 0.0000000000 2.0238606930 -62.3405838013
17500.5234375000 0.0000000000 0.0000000000 0.0000000000 0.0000000000 2.0317168236 -62.3560333252
17517.1210937500 0.0000000000 0.0000000000 0.0000000000 0.0000000000 2.0396196842 -62.3721313477
17525.3339843750 0.0000000000 0.0000000000 0.0000000000 0.0000000000 2.0474126339 -62.3886108398
17538.2636718750 0.0000000000 0.0000000000 0.0000000000 0.0000000000 2.0552954674 -62.4047241211
17556.8203125000 0.0000000000 0.0000000000 0.0000000000 0.0000000000 2.0633637905 -62.4203186035
17571.2812500000 0.0000000000 0.0000000000 0.0000000000 0.0000000000 2.0713276863 -62.4359588623
17587.4980468750 0.0000000000 0.0000000000 0.0000000000 0.0000000000 2.0791935921 -62.4519729614
17600.0800781250 0.0000000000 0.0000000000 0.0000000000 0.0000000000 2.0870325565 -62.4681625366
17613.0683593750 0.0000000000 0.0000000000 0.0000000000 0.0000000000 2.0950362682 -62.4840393066
17625.8378906250 0.0000000000 0.0000000000 0.0000000000 0.0000000000 2.1030523777 -62.4996948242
17633.9375000000 0.0000000000 0.0000000000 0.0000000000 0.0000000000 2.1110262871 -62.5154113770
17646.8027343750 0.0000000000 0.0000000000 0.0000000000 0.0000000000 2.1190674305 -62.5314025879
17656.7753906250 0.0000000000 0.0000000000 0.0000000000 0.0000000000 2.1270818710 -62.5474700928
17672.6386718750 0.0000000000 0.0000000000 0.0000000000 0.0000000000 2.1351511478 -62.5633544922
17689.1210937500 0.0000000000 0.0000000000 0.0000000000 0.0000000000 2.1432411671 -62.5790786743
17702.3671875000 0.0000000000 0.0000000000 0.0000000000 0.0000000000 2.1513407230 -62.5947418213
17710.7304687500 0.0000000000 0.0000000000 0.0000000000 0.0000000000 2.1594281197 -62.6105957031
17717.3144531250 0.0000000000 0.0000000000 0.0000000000 0.0000000000 2.1675245762 -62.6264114380
17726.5507812500 0.0000000000 0.0000000000 0.0000000000 0.0000000000 2.1756844521 -62.6420669556
17738.9921875000 0.0000000000 0.0000000000 0.0000000000 0.0000000000 2.1838223934 -62.6575317383
17745.6093750000 0.0000000000 0.0000000000 0.0000000000 0.0000000000 2.1919083595 -62.6726150513
17765.7734375000 0.0000000000 0.0000000000 0.0000000000 0.0000000000 2.2000987530 -62.6872406006
17771.8652343750 0.0000000000 0.0000000000 0.0000000000 0.0000000000 2.2082092762 -62.7010345459
17796.3183593750 0.0000000000 0.0000000000 0.0000000000 0.0000000000 2.2165229321 -62.7135162354
17797.7910156250 0.0000000000 0.0000000000 0.0000000000 0.0000000000 2.2246584892 -62.7246093750
17823.5136718750 0.0000000000 0.0000000000 0.0000000000 0.0000000000 2.2330248356 -62.7355194092
17823.3085937500 0.0000000000 0.0000000000 0.0000000000 0.0000000000 2.2411992550 -62.7509460449
17844.5312500000 0.0000000000 0.0000000000 0.0000000000 0.0000000000 2.2495450974 -62.7727813721
17847.1464843750 0.0000000000 0.0000000000 0.0000000000 0.0000000000 2.2577593327 -62.7972412109
17868.3242187500 0.0000000000 0.0000000000 0.0000000000 0.0000000000 2.2662177086 -62.8156967163
17889.9902343750 0.0000000000 0.0000000000 0.0000000000 0.0000000000 2.2746250629 -62.8270111084
17891.9960937500 0.0000000000 0.0000000000 0.0000000000 0.0000000000 2.2828049660 -62.8382568359
17913.8007812500 0.0000000000 0.0000000000 0.0000000000 0.0000000000 2.2912168503 -62.8552856445
17924.3750000000 0.0000000000 0.0000000000 0.0000000000 0.0000000000 2.2996597290 -62.8764495850
17935.9218750000 0.0000000000 0.0000000000 0.0000000000 0.0000000000 2.3080945015 -62.8943939209
17943.8222656250 0.0000000000 0.0000000000 0.0000000000 0.0000000000 2.3164718151 -62.9072647095
17950.0996093750 0.0000000000 0.0000000000 0.0000000000 0.0000000000 2.3248758316 -62.9203567505
17976.2187500000 0.0000000000 0.0000000000 0.0000000000 0.0000000000 2.3335268497 -62.9375457764
17984.7070312500 0.0000000000 0.0000000000 0.0000000000 0.0000000000 2.3420293331 -62.9566192627
17993.0937500000 0.0000000000 0.0000000000 0.0000000000 0.0000000000 2.3505160809 -62.9728240967
18009.9960937500 0.0000000000 0.0000000000 0.0000000000 0.0000000000 2.3591072559 -62.9863891602
18025.6972656250 0.0000000000 0.0000000000 0.0000000000 0.0000000000 2.3676955700 -63.0012359619
18046.6718750000 0.0000000000 0.0000000000 0.0000000000 0.0000000000 2.3762464523 -63.0186614990
18053.9199218750 0.0000000000 0.0000000000 0.0000000000 0.0000000000 2.3846940994 -63.0362091064
18064.6171875000 0.0000000000 0.0000000000 0.0000000000 0.0000000000 2.3933165073 -63.0515441895
18081.1542968750 0.0000000000 0.0000000000 0.0000000000 0.0000000000 2.4020164013 -63.0658950806
18082.3886718750 0.0000000000 0.0000000000 0.0000000000 0.0000000000 2.4105775356 -63.0815200806
18087.9414062500 0.0000000000 0.0000000000 0.0000000000 0.0000000000 2.4191706181 -63.0985107422
18097.7539062500 0.0000000000 0.0000000000 0.0000000000 0.0000000000 2.4278376102 -63.1150360107
18115.3496093750 0.0000000000 0.0000000000 0.0000000000 0.0000000000 2.4365468025 -63.1301879883
18135.8769531250 0.0000000000 0.0000000000 0.0000000000 0.0000000000 2.4451570511 -63.1451187134
18150.0957031250 0.0000000000 0.0000000000 0.0000000000 0.0000000000 2.4537510872 -63.1610641479
18170.4433593750 0.0000000000 0.0000000000 0.0000000000 0.0000000000 2.4624946117 -63.1775970459
18183.0214843750 0.0000000000 0.0000000000 0.0000000000 0.0000000000 2.4712212086 -63.1936492920
18192.1289062500 0.0000000000 0.0000000000 0.0000000000 0.0000000000 2.4799330235 -63.2089996338
18203.7011718750 0.0000000000 0.0000000000 0.0000000000 0.0000000000 2.4887087345 -63.2243347168
18206.5527343750 0.0000000000 0.0000000000 0.0000000000 0.0000000000 2.4974491596 -63.2402877808
18216.1230468750 0.0000000000 0.0000000000 0.0000000000 0.0000000000 2.5062830448 -63.2565231323
18226.7558593750 0.0000000000 0.0000000000 0.0000000000 0.0000000000 2.5151619911 -63.2724227905
18238.8320312500 0.0000000000 0.0000000000 0.0000000000 0.0000000000 2.5239815712 -63.2879028320
18258.8886718750 0.0000000000 0.0000000000 0.0000000000 0.0000000000 2.5328104496 -63.3033599854
18277.6289062500 0.0000000000 0.0000000000 0.0000000000 0.0000000000 2.5417153835 -63.3190765381
18298.5019531250 0.0000000000 0.0000000000 0.0000000000 0.0000000000 2.5506803989 -63.3351058960
18306.5039062500 0.0000000000 0.0000000000 0.0000000000 0.0000000000 2.5594210625 -63.3510055542
18317.7363281250 0.0000000000 0.0000000000 0.0000000000 0.0000000000 2.5682673454 -63.3666381836
18330.9960937500 0.0000000000 0.0000000000 0.0000000000 0.0000000000 2.5772521496 -63.3820877075
18331.3691406250 0.0000000000 0.0000000000 0.0000000000 0.0000000000 2.5861101151 -63.3977508545
18333.1308593750 0.0000000000 0.0000000000 0.0000000000 0.0000000000 2.5948979855 -63.4135513306
18346.4511718750 0.0000000000 0.0000000000 0.0000000000 0.0000000000 2.6039032936 -63.4294128418
18369.5703125000 0.0000000000 0.0000000000 0.0000000000 0.0000000000 2.6130301952 -63.4451141357
18383.9609375000 0.0000000000 0.0000000000 0.0000000000 0.0000000000 2.6218965054 -63.4607391357
18396.2792968750 0.0000000000 0.0000000000 0.0000000000 0.0000000000 2.6309342384 -63.4763488770
18418.2324218750 0.0000000000 0.0000000000 0.0000000000 0.0000000000 2.6403541565 -63.4920043945
18434.2226562500 0.0000000000 0.0000000000 0.0000000000 0.0000000000 2.6494526863 -63.5077590942
18441.7324218750 0.0000000000 0.0000000000 0.0000000000 0.0000000000 2.6584384441 -63.5234832764
18446.3535156250 0.0000000000 0.0000000000 0.0000000000 0.0000000000 2.6674399376 -63.5391616821
18457.1152343750 0.0000000000 0.0000000000 0.0000000000 0.0000000000 2.6764428616 -63.5547103882
18467.3007812500 0.0000000000 0.0000000000 0.0000000000 0.0000000000 2.6854012012 -63.5703048706
18472.8281250000 0.0000000000 0.0000000000 0.0000000000 0.0000000000 2.6943697929 -63.5858078003
18483.6542968750 0.0000000000 0.0000000000 0.0000000000 0.0000000000 2.7034316063 -63.6013641357
18499.2382812500 0.0000000000 0.0000000000 0.0000000000 0.0000000000 2.7125113010 -63.6169357300
18514.2636718750 0.0000000000 0.0000000000 0.0000000000 0.0000000000 2.7215123177 -63.6325149536
18528.8144531250 0.0000000000 0.0000000000 0.0000000000 0.0000000000 2.7306361198 -63.6480560303
18540.2421875000 0.0000000000 0.0000000000 0.0000000000 0.0000000000 2.7398259640 -63.6635818481
18550.5800781250 0.0000000000 0.0000000000 0.0000000000 0.0000000000 2.7489171028 -63.6791381836
18555.7753906250 0.0000000000 0.0000000000 0.0000000000 0.0000000000 2.7581260204 -63.6946945190
18563.1640625000 0.0000000000 0.0000000000 0.0000000000 0.0000000000 2.7673854828 -63.7102813721
18573.0253906250 0.0000000000 0.0000000000 0.0000000000 0.0000000000 2.7765564919 -63.7258911133
18591.3339843750 0.0000000000 0.0000000000 0.0000000000 0.0000000000 2.7857241631 -63.7415313721
18609.7617187500 0.0000000000 0.0000000000 0.0000000000 0.0000000000 2.7949519157 -63.7571487427
18626.2753906250 0.0000000000 0.0000000000 0.0000000000 0.0000000000 2.8042614460 -63.7727661133
18636.3593750000 0.0000000000 0.0000000000 0.0000000000 0.0000000000 2.8135499954 -63.7883758545
18643.8847656250 0.0000000000 0.0000000000 0.0000000000 0.0000000000 2.8228673935 -63.8039932251
18651.6425781250 0.0000000000 0.0000000000 0.0000000000 0.0000000000 2.8322331905 -63.8195648193
18660.6933593750 0.0000000000 0.0000000000 0.0000000000 0.0000000000 2.8415119648 -63.8352584839
18676.0488281250 0.0000000000 0.0000000000 0.0000000000 0.0000000000 2.8508391380 -63.8508911133
18694.6777343750 0.0000000000 0.0000000000 0.0000000000 0.0000000000 2.8601763248 -63.8665237427
18710.3828125000 0.0000000000 0.0000000000 0.0000000000 0.0000000000 2.8694646358 -63.8821105957
18727.7773437500 0.0000000000 0.0000000000 0.0000000000 0.0000000000 2.8788585663 -63.8976440430
18739.3535156250 0.0000000000 0.0000000000 0.0000000000 0.0000000000 2.8883039951 -63.9130401611
18755.8203125000 0.0000000000 0.0000000000 0.0000000000 0.0000000000 2.8978505135 -63.9281997681
18761.9648437500 0.0000000000 0.0000000000 0.0000000000 0.0000000000 2.9073987007 -63.9428253174
18780.5898437500 0.0000000000 0.0000000000 0.0000000000 0.0000000000 2.9169805050 -63.9563293457
18783.5605468750 0.0000000000 0.0000000000 0.0000000000 0.0000000000 2.9265353680 -63.9676055908
18809.8125000000 0.0000000000 0.0000000000 0.0000000000 0.0000000000 2.9361510277 -63.9747772217
18797.3007812500 0.0000000000 0.0000000000 0.0000000000 0.0000000000 2.9455637932 -63.9766464233
18831.8496093750 0.0000000000 0.0000000000 0.0000000000 0.0000000000 2.9553694725 -63.9773025513
18811.0722656250 0.0000000000 0.0000000000 0.0000000000 0.0000000000 2.9647927284 -63.9929199219
18839.8046875000 0.0000000000 0.0000000000 0.0000000000 0.0000000000 2.9746103287 -64.0309371948
18838.6601562500 0.0000000000 0.0000000000 0.0000000000 0.0000000000 2.9840781689 -64.0662841797
18854.3417968750 0.0000000000 0.0000000000 0.0000000000 0.0000000000 2.9936485291 -64.0748748779
18891.1699218750 0.0000000000 0.0000000000 0.0000000000 0.0000000000 3.0034334660 -64.0738372803
18887.0839843750 0.0000000000 0.0000000000 0.0000000000 0.0000000000 3.0125977993 -64.0926742554
18911.2578125000 0.0000000000 0.0000000000 0.0000000000 0.0000000000 3.0223591328 -64.1246261597
18921.2851562500 0.0000000000 0.0000000000 0.0000000000 0.0000000000 3.0319826603 -64.1405487061
18918.1230468750 0.0000000000 0.0000000000 0.0000000000 0.0000000000 3.0413129330 -64.1439056396
18939.4941406250 0.0000000000 0.0000000000 0.0000000000 0.0000000000 3.0509631634 -64.1598968506
18943.0117187500 0.0000000000 0.0000000000 0.0000000000 0.0000000000 3.0605347157 -64.1862792969
18956.9238281250 0.0000000000 0.0000000000 0.0000000000 0.0000000000 3.0703034401 -64.2010955811
18979.4511718750 0.0000000000 0.0000000000 0.0000000000 0.0000000000 3.0800378323 -64.2081146240
18985.9355468750 0.0000000000 0.0000000000 0.0000000000 0.0000000000 3.0895757675 -64.2254791260
19017.3085937500 0.0000000000 0.0000000000 0.0000000000 0.0000000000 3.0995218754 -64.2476501465
19034.3964843750 0.0000000000 0.0000000000 0.0000000000 0.0000000000 3.1093497276 -64.2605285645
19030.2949218750 0.0000000000 0.0000000000 0.0000000000 0.0000000000 3.1187996864 -64.2706985474
19050.3496093750 0.0000000000 0.0000000000 0.0000000000 0.0000000000 3.1286165714 -64.2888641357
19061.9472656250 0.0000000000 0.0000000000 0.0000000000 0.0000000000 3.1384501457 -64.3078002930
19068.0566406250 0.0000000000 0.0000000000 0.0000000000 0.0000000000 3.1480534077 -64.3199615479
19084.0273437500 0.0000000000 0.0000000000 0.0000000000 0.0000000000 3.1577847004 -64.3325119019
19096.0527343750 0.0000000000 0.0000000000 0.0000000000 0.0000000000 3.1677289009 -64.3504562378
19115.4375000000 0.0000000000 0.0000000000 0.0000000000 0.0000000000 3.1776733398 -64.3670806885
19124.6972656250 0.0000000000 0.0000000000 0.0000000000 0.0000000000 3.1873753071 -64.3794174194
19122.6425781250 0.0000000000 0.0000000000 0.0000000000 0.0000000000 3.1971647739 -64.3935394287
19142.5195312500 0.0000000000 0.0000000000 0.0000000000 0.0000000000 3.2072787285 -64.4106674194
19153.1835937500 0.0000000000 0.0000000000 0.0000000000 0.0000000000 3.2171897888 -64.4259490967
19156.4355468750 0.0000000000 0.0000000000 0.0000000000 0.0000000000 3.2268972397 -64.4389801025
19176.3515625000 0.0000000000 0.0000000000 0.0000000000 0.0000000000 3.2367963791 -64.4537353516
19190.2031250000 0.0000000000 0.0000000000 0.0000000000 0.0000000000 3.2467861176 -64.4700469971
19197.1113281250 0.0000000000 0.0000000000 0.0000000000 0.0000000000 3.2565538883 -64.4846878052
19207.7128906250 0.0000000000 0.0000000000 0.0000000000 0.0000000000 3.2663519382 -64.4981613159
19216.7597656250 0.0000000000 0.0000000000 0.0000000000 0.0000000000 3.2763566971 -64.5130691528
19226.3984375000 0.0000000000 0.0000000000 0.0000000000 0.0000000000 3.2862882614 -64.5287628174
19233.8437500000 0.0000000000 0.0000000000 0.0000000000 0.0000000000 3.2962245941 -64.5432052612
19247.0878906250 0.0000000000 0.0000000000 0.0000000000 0.0000000000 3.3063077927 -64.5570449829
19261.1835937500 0.0000000000 0.0000000000 0.0000000000 0.0000000000 3.3162252903 -64.5718612671
19263.9394531250 0.0000000000 0.0000000000 0.0000000000 0.0000000000 3.3261709213 -64.5870819092
19279.9433593750 0.0000000000 0.0000000000 0.0000000000 0.0000000000 3.3363125324 -64.6014404297
19295.2871093750 0.0000000000 0.0000000000 0.0000000000 0.0000000000 3.3462688923 -64.6154785156
19306.2324218750 0.0000000000 0.0000000000 0.0000000000 0.0000000000 3.3564019203 -64.6301956177
19321.4277343750 0.0000000000 0.0000000000 0.0000000000 0.0000000000 3.3664731979 -64.6451110840
19337.4648437500 0.0000000000 0.0000000000 0.0000000000 0.0000000000 3.3765540123 -64.6595153809
19350.2617187500 0.0000000000 0.0000000000 0.0000000000 0.0000000000 3.3867800236 -64.6736145020
19360.3398437500 0.0000000000 0.0000000000 0.0000000000 0.0000000000 3.3969042301 -64.6881256104
19366.8125000000 0.0000000000 0.0000000000 0.0000000000 0.0000000000 3.4068403244 -64.7028656006
19386.1191406250 0.0000000000 0.0000000000 0.0000000000 0.0000000000 3.4171957970 -64.7172775269
19405.2089843750 0.0000000000 0.0000000000 0.0000000000 0.0000000000 3.4272592068 -64.7314605713
19416.7382812500 0.0000000000 0.0000000000 0.0000000000 0.0000000000 3.4372646809 -64.7457733154
19437.8242187500 0.0000000000 0.0000000000 0.0000000000 0.0000000000 3.4476063251 -64.7603302002
19446.9980468750 0.0000000000 0.0000000000 0.0000000000 0.0000000000 3.4579055309 -64.7747039795
19448.2519531250 0.0000000000 0.0000000000 0.0000000000 0.0000000000 3.4680249691 -64.7887725830
19461.0878906250 0.0000000000 0.0000000000 0.0000000000 0.0000000000 3.4784960747 -64.8028106689
19474.2675781250 0.0000000000 0.0000000000 0.0000000000 0.0000000000 3.4885962009 -64.8168182373
19481.0175781250 0.0000000000 0.0000000000 0.0000000000 0.0000000000 3.4989962578 -64.8304367065
19501.7890625000 0.0000000000 0.0000000000 0.0000000000 0.0000000000 3.5092387199 -64.8432998657
19517.4003906250 0.0000000000 0.0000000000 0.0000000000 0.0000000000 3.5199151039 -64.8553390503
19537.3867187500 0.0000000000 0.0000000000 0.0000000000 0.0000000000 3.5296442509 -64.8672180176
19549.0117187500 0.0000000000 0.0000000000 0.0000000000 0.0000000000 3.5407304764 -64.8801574707
19561.7968750000 0.0000000000 0.0000000000 0.0000000000 0.0000000000 3.5507042408 -64.8957061768
19561.3085937500 0.0000000000 0.0000000000 0.0000000000 0.0000000000 3.5612835884 -64.9132995605
19567.3496093750 0.0000000000 0.0000000000 0.0000000000 0.0000000000 3.5717113018 -64.9305572510
19585.4687500000 0.0000000000 0.0000000000 0.0000000000 0.0000000000 3.5821654797 -64.9449539185
19593.6484375000 0.0000000000 0.0000000000 0.0000000000 0.0000000000 3.5927011967 -64.9568939209
19616.7343750000 0.0000000000 0.0000000000 0.0000000000 0.0000000000 3.6030700207 -64.9688491821
19622.7187500000 0.0000000000 0.0000000000 0.0000000000 0.0000000000 3.6138715744 -64.9833984375
19632.1074218750 0.0000000000 0.0000000000 0.0000000000 0.0000000000 3.6242792606 -65.0002212524
19626.1992187500 0.0000000000 0.0000000000 0.0000000000 0.0000000000 3.6349399090 -65.0162277222
19641.3613281250 0.0000000000 0.0000000000 0.0000000000 0.0000000000 3.6456613541 -65.0297851562
19651.7128906250 0.0000000000 0.0000000000 0.0000000000 0.0000000000 3.6560456753 -65.0424346924
19664.5488281250 0.0000000000 0.0000000000 0.0000000000 0.0000000000 3.6666586399 -65.0564575195
19685.7832031250 0.0000000000 0.0000000000 0.0000000000 0.0000000000 3.6773686409 -65.0722351074
19699.4707031250 0.0000000000 0.0000000000 0.0000000000 0.0000000000 3.6880335808 -65.0879821777
19698.0703125000 0.0000000000 0.0000000000 0.0000000000 0.0000000000 3.6986663342 -65.1020431519
19712.5410156250 0.0000000000 0.0000000000 0.0000000000 0.0000000000 3.7095720768 -65.1151046753
19720.2343750000 0.0000000000 0.0000000000 0.0000000000 0.0000000000 3.7205958366 -65.1287689209
19728.1503906250 0.0000000000 0.0000000000 0.0000000000 0.0000000000 3.7311887741 -65.1435852051
19749.2031250000 0.0000000000 0.0000000000 0.0000000000 0.0000000000 3.7420146465 -65.1585845947
19767.1445312500 0.0000000000 0.0000000000 0.0000000000 0.0000000000 3.7528555393 -65.1726531982
19772.9472656250 0.0000000000 0.0000000000 0.0000000000 0.0000000000 3.7633717060 -65.1860046387
19782.3300781250 0.0000000000 0.0000000000 0.0000000000 0.0000000000 3.7742521763 -65.1995239258
19796.6992187500 0.0000000000 0.0000000000 0.0000000000 0.0000000000 3.7851314545 -65.2137603760
19799.1093750000 0.0000000000 0.0000000000 0.0000000000 0.0000000000 3.7959339619 -65.2282257080
19813.9980468750 0.0000000000 0.0000000000 0.0000000000 0.0000000000 3.8065471649 -65.2422866821
19827.1562500000 0.0000000000 0.0000000000 0.0000000000 0.0000000000 3.8174459934 -65.2557983398
19849.2578125000 0.0000000000 0.0000000000 0.0000000000 0.0000000000 3.8283295631 -65.2692413330
19857.8886718750 0.0000000000 0.0000000000 0.0000000000 0.0000000000 3.8389759064 -65.2830352783
19867.2753906250 0.0000000000 0.0000000000 0.0000000000 0.0000000000 3.8499321938 -65.2969665527
19877.0136718750 0.0000000000 0.0000000000 0.0000000000 0.0000000000 3.8609628677 -65.3107910156
19891.0312500000 0.0000000000 0.0000000000 0.0000000000 0.0000000000 3.8718130589 -65.3240966797
19895.3339843750 0.0000000000 0.0000000000 0.0000000000 0.0000000000 3.8826234341 -65.3371047974
19927.9277343750 0.0000000000 0.0000000000 0.0000000000 0.0000000000 3.8934299946 -65.3498916626
19931.7812500000 0.0000000000 0.0000000000 0.0000000000 0.0000000000 3.9044060707 -65.3629074097
19953.1660156250 0.0000000000 0.0000000000 0.0000000000 0.0000000000 3.9151365757 -65.3756408691
19949.0312500000 0.0000000000 0.0000000000 0.0000000000 0.0000000000 3.9261548519 -65.3884124756
19966.7519531250 0.0000000000 0.0000000000 0.0000000000 0.0000000000 3.9371967316 -65.4011383057
19963.1484375000 0.0000000000 0.0000000000 0.0000000000 0.0000000000 3.9482047558 -65.4145965576
19983.0312500000 0.0000000000 0.0000000000 0.0000000000 0.0000000000 3.9591546059 -65.4291992188
19987.0546875000 0.0000000000 0.0000000000 0.0000000000 0.0000000000 3.9703059196 -65.4448547363
20014.4726562500 0.0000000000 0.0000000000 0.0000000000 0.0000000000 3.9812889099 -65.4607238770
20017.6269531250 0.0000000000 0.0000000000 0.0000000000 0.0000000000 3.9924559593 -65.4760131836
20029.2656250000 0.0000000000 0.0000000000 0.0000000000 0.0000000000 4.0031557083 -65.4902191162
20043.2421875000 0.0000000000 0.0000000000 0.0000000000 0.0000000000 4.0146803856 -65.5035705566
20050.3046875000 0.0000000000 0.0000000000 0.0000000000 0.0000000000 4.0257039070 -65.5163421631
20063.5527343750 0.0000000000 0.0000000000 0.0000000000 0.0000000000 4.0361485481 -65.5290374756
20070.1757812500 0.0000000000 0.0000000000 0.0000000000 0.0000000000 4.0475273132 -65.5419921875
20096.1601562500 0.0000000000 0.0000000000 0.0000000000 0.0000000000 4.0586943626 -65.5553131104
20086.1113281250 0.0000000000 0.0000000000 0.0000000000 0.0000000000 4.0695438385 -65.5693283081
20109.4980468750 0.0000000000 0.0000000000 0.0000000000 0.0000000000 4.0807986259 -65.5836868286
20119.3847656250 0.0000000000 0.0000000000 0.0000000000 0.0000000000 4.0921301842 -65.5981521606
20124.1738281250 0.0000000000 0.0000000000 0.0000000000 0.0000000000 4.1029558182 -65.6122283936
20135.8027343750 0.0000000000 0.0000000000 0.0000000000 0.0000000000 4.1144037247 -65.6258087158
20146.4042968750 0.0000000000 0.0000000000 0.0000000000 0.0000000000 4.1258096695 -65.6389770508
20156.3769531250 0.0000000000 0.0000000000 0.0000000000 0.0000000000 4.1368455887 -65.6519470215
20165.7402343750 0.0000000000 0.0000000000 0.0000000000 0.0000000000 4.1481318474 -65.6650238037
20192.9746093750 0.0000000000 0.0000000000 0.0000000000 0.0000000000 4.1595201492 -65.6782226562
20194.6328125000 0.0000000000 0.0000000000 0.0000000000 0.0000000000 4.1706051826 -65.6915969849
20206.2734375000 0.0000000000 0.0000000000 0.0000000000 0.0000000000 4.1817169189 -65.7051239014
20220.4628906250 0.0000000000 0.0000000000 0.0000000000 0.0000000000 4.1932334900 -65.7187194824
20228.9648437500 0.0000000000 0.0000000000 0.0000000000 0.0000000000 4.2043190002 -65.7324371338
20230.2343750000 0.0000000000 0.0000000000 0.0000000000 0.0000000000 4.2155256271 -65.7460632324
20247.1523437500 0.0000000000 0.0000000000 0.0000000000 0.0000000000 4.2271518707 -65.7595825195
20246.4570312500 0.0000000000 0.0000000000 0.0000000000 0.0000000000 4.2383327484 -65.7729949951
20258.6171875000 0.0000000000 0.0000000000 0.0000000000 0.0000000000 4.2497239113 -65.7862548828
20277.6796875000 0.0000000000 0.0000000000 0.0000000000 0.0000000000 4.2614812851 -65.7994079590
20286.3691406250 0.0000000000 0.0000000000 0.0000000000 0.0000000000 4.2728052139 -65.8125305176
20298.2636718750 0.0000000000 0.0000000000 0.0000000000 0.0000000000 4.2843179703 -65.8256912231
20310.5488281250 0.0000000000 0.0000000000 0.0000000000 0.0000000000 4.2961082458 -65.8387908936
20314.9980468750 0.0000000000 0.0000000000 0.0000000000 0.0000000000 4.3073954582 -65.8518981934
20317.8457031250 0.0000000000 0.0000000000 0.0000000000 0.0000000000 4.3188529015 -65.8650207520
20342.1464843750 0.0000000000 0.0000000000 0.0000000000 0.0000000000 4.3304700851 -65.8781204224
20339.9062500000 0.0000000000 0.0000000000 0.0000000000 0.0000000000 4.3415780067 -65.8912353516
20358.4179687500 0.0000000000 0.0000000000 0.0000000000 0.0000000000 4.3529500961 -65.9043655396
20371.0312500000 0.0000000000 0.0000000000 0.0000000000 0.0000000000 4.3646893501 -65.9173965454
20381.7031250000 0.0000000000 0.0000000000 0.0000000000 0.0000000000 4.3759198189 -65.9304504395
20389.9414062500 0.0000000000 0.0000000000 0.0000000000 0.0000000000 4.3873901367 -65.9434661865
20408.6699218750 0.0000000000 0.0000000000 0.0000000000 0.0000000000 4.3991060257 -65.9564666748
20407.8535156250 0.0000000000 0.0000000000 0.0000000000 0.0000000000 4.4103908539 -65.9693908691
20429.0429687500 0.0000000000 0.0000000000 0.0000000000 0.0000000000 4.4220728874 -65.9822616577
20432.8906250000 0.0000000000 0.0000000000 0.0000000000 0.0000000000 4.4337234497 -65.9950332642
20453.3203125000 0.0000000000 0.0000000000 0.0000000000 0.0000000000 4.4452738762 -66.0076904297
20449.1562500000 0.0000000000 0.0000000000 0.0000000000 0.0000000000 4.4569392204 -66.0203247070
20476.4257812500 0.0000000000 0.0000000000 0.0000000000 0.0000000000 4.4688830376 -66.0329284668
20471.5878906250 0.0000000000 0.0000000000 0.0000000000 0.0000000000 4.4803633690 -66.0456390381
20495.2167968750 0.0000000000 0.0000000000 0.0000000000 0.0000000000 4.4923100471 -66.0584411621
20495.1718750000 0.0000000000 0.0000000000 0.0000000000 0.0000000000 4.5039505959 -66.0715484619
20521.2226562500 0.0000000000 0.0000000000 0.0000000000 0.0000000000 4.5159735680 -66.0849609375
20514.5429687500 0.0000000000 0.0000000000 0.0000000000 0.0000000000 4.5275239944 -66.0987319946
20542.1250000000 0.0000000000 0.0000000000 0.0000000000 0.0000000000 4.5396871567 -66.1127014160
20528.5097656250 0.0000000000 0.0000000000 0.0000000000 0.0000000000 4.5512919426 -66.1268081665
20551.4550781250 0.0000000000 0.0000000000 0.0000000000 0.0000000000 4.5633687973 -66.1407928467
20548.6113281250 0.0000000000 0.0000000000 0.0000000000 0.0000000000 4.5750484467 -66.1545791626
20570.3964843750 0.0000000000 0.0000000000 0.0000000000 0.0000000000 4.5871415138 -66.1680755615
20572.7304687500 0.0000000000 0.0000000000 0.0000000000 0.0000000000 4.5985436440 -66.1811523438
20584.5761718750 0.0000000000 0.0000000000 0.0000000000 0.0000000000 4.6105194092 -66.1940155029
20604.1894531250 0.0000000000 0.0000000000 0.0000000000 0.0000000000 4.6224689484 -66.2066650391
20591.4843750000 0.0000000000 0.0000000000 0.0000000000 0.0000000000 4.6337566376 -66.2192840576
20631.1621093750 0.0000000000 0.0000000000 0.0000000000 0.0000000000 4.6463608742 -66.2319335938
20621.0527343750 0.0000000000 0.0000000000 0.0000000000 0.0000000000 4.6576089859 -66.2446136475
20647.5039062500 0.0000000000 0.0000000000 0.0000000000 0.0000000000 4.6699175835 -66.2573699951
20656.5410156250 0.0000000000 0.0000000000 0.0000000000 0.0000000000 4.6815104485 -66.2702255249
20668.3906250000 0.0000000000 0.0000000000 0.0000000000 0.0000000000 4.6936640739 -66.2832031250
20667.9550781250 0.0000000000 0.0000000000 0.0000000000 0.0000000000 4.7054777145 -66.2961654663
20692.3691406250 0.0000000000 0.0000000000 0.0000000000 0.0000000000 4.7181406021 -66.3091735840
20685.1562500000 0.0000000000 0.0000000000 0.0000000000 0.0000000000 4.7298774719 -66.3223724365
20709.7890625000 0.0000000000 0.0000000000 0.0000000000 0.0000000000 4.7424492836 -66.3355255127
20719.8496093750 0.0000000000 0.0000000000 0.0000000000 0.0000000000 4.7541799545 -66.3486785889
20735.5566406250 0.0000000000 0.0000000000 0.0000000000 0.0000000000 4.7667031288 -66.3618316650
20736.2050781250 0.0000000000 0.0000000000 0.0000000000 0.0000000000 4.7783074379 -66.3749771118
20758.8730468750 0.0000000000 0.0000000000 0.0000000000 0.0000000000 4.7907109261 -66.3880767822
20762.1679687500 0.0000000000 0.0000000000 0.0000000000 0.0000000000 4.8025236130 -66.4011077881
20774.5507812500 0.0000000000 0.0000000000 0.0000000000 0.0000000000 4.8144631386 -66.4140167236
20796.0839843750 0.0000000000 0.0000000000 0.0000000000 0.0000000000 4.8268728256 -66.4269409180
20796.5527343750 0.0000000000 0.0000000000 0.0000000000 0.0000000000 4.8385133743 -66.4398498535
20818.4511718750 0.0000000000 0.0000000000 0.0000000000 0.0000000000 4.8510212898 -66.4526977539
20827.4453125000 0.0000000000 0.0000000000 0.0000000000 0.0000000000 4.8631219864 -66.4654998779
20827.8886718750 0.0000000000 0.0000000000 0.0000000000 0.0000000000 4.8747696877 -66.4781341553
20854.3789062500 0.0000000000 0.0000000000 0.0000000000 0.0000000000 4.8874535561 -66.4907226562
20854.7363281250 0.0000000000 0.0000000000 0.0000000000 0.0000000000 4.8990983963 -66.5031356812
20858.4160156250 0.0000000000 0.0000000000 0.0000000000 0.0000000000 4.9112372398 -66.5152282715
20888.7929687500 0.0000000000 0.0000000000 0.0000000000 0.0000000000 4.9236907959 -66.5266113281
20881.8417968750 0.0000000000 0.0000000000 0.0000000000 0.0000000000 4.9355764389 -66.5368957520
20904.9316406250 0.0000000000 0.0000000000 0.0000000000 0.0000000000 4.9478702545 -66.5450897217
20909.8125000000 0.0000000000 0.0000000000 0.0000000000 0.0000000000 4.9605383873 -66.5502319336
20909.9296875000 0.0000000000 0.0000000000 0.0000000000 0.0000000000 4.9722809792 -66.5515136719
20918.2558593750 0.0000000000 0.0000000000 0.0000000000 0.0000000000 4.9850492477 -66.5532226562
20940.3261718750 0.0000000000 0.0000000000 0.0000000000 0.0000000000 4.9968543053 -66.5628890991
20933.6191406250 0.0000000000 0.0000000000 0.0000000000 0.0000000000 5.0093345642 -66.5895843506
20960.1738281250 0.0000000000 0.0000000000 0.0000000000 0.0000000000 5.0211000443 -66.6224212646
20976.5214843750 0.0000000000 0.0000000000 0.0000000000 0.0000000000 5.0342326164 -66.6422119141
20968.2910156250 0.0000000000 0.0000000000 0.0000000000 0.0000000000 5.0456132889 -66.6449050903
21008.0664062500 0.0000000000 0.0000000000 0.0000000000 0.0000000000 5.0591821671 -66.6460418701
20987.9941406250 0.0000000000 0.0000000000 0.0000000000 0.0000000000 5.0705847740 -66.6620330811
20997.2617187500 0.0000000000 0.0000000000 0.0000000000 0.0000000000 5.0839195251 -66.6871337891
21015.3828125000 0.0000000000 0.0000000000 0.0000000000 0.0000000000 5.0954785347 -66.7046051025
21027.7285156250 0.0000000000 0.0000000000 0.0000000000 0.0000000000 5.1088156700 -66.7102203369
21043.9941406250 0.0000000000 0.0000000000 0.0000000000 0.0000000000 5.1200823784 -66.7169494629
21063.0468750000 0.0000000000 0.0000000000 0.0000000000 0.0000000000 5.1337819099 -66.7343139648
21025.2656250000 0.0000000000 0.0000000000 0.0000000000 0.0000000000 5.1454277039 -66.7542114258
21063.9687500000 0.0000000000 0.0000000000 0.0000000000 0.0000000000 5.1583170891 -66.7662658691
21062.8535156250 0.0000000000 0.0000000000 0.0000000000 0.0000000000 5.1711711884 -66.7732238770
21072.5859375000 0.0000000000 0.0000000000 0.0000000000 0.0000000000 5.1822562218 -66.7845306396
21123.4199218750 0.0000000000 0.0000000000 0.0000000000 0.0000000000 5.1970129013 -66.8013992310
21085.1152343750 0.0000000000 0.0000000000 0.0000000000 0.0000000000 5.2072277069 -66.8161468506
21134.4648437500 0.0000000000 0.0000000000 0.0000000000 0.0000000000 5.2217168808 -66.8258514404
21129.2207031250 0.0000000000 0.0000000000 0.0000000000 0.0000000000 5.2329478264 -66.8357849121
21119.0253906250 0.0000000000 0.0000000000 0.0000000000 0.0000000000 5.2454710007 -66.8496704102
21155.6230468750 0.0000000000 0.0000000000 0.0000000000 0.0000000000 5.2579669952 -66.8648452759
21155.2304687500 0.0000000000 0.0000000000 0.0000000000 0.0000000000 5.2705349922 -66.8768844604
21151.6523437500 0.0000000000 0.0000000000 0.0000000000 0.0000000000 5.2825031281 -66.8869628906
21199.0566406250 0.0000000000 0.0000000000 0.0000000000 0.0000000000 5.2958974838 -66.8990631104
21176.3144531250 0.0000000000 0.0000000000 0.0000000000 0.0000000000 5.3078589439 -66.9134216309
21194.5273437500 0.0000000000 0.0000000000 0.0000000000 0.0000000000 5.3206963539 -66.9267272949
21212.2714843750 0.0000000000 0.0000000000 0.0000000000 0.0000000000 5.3334918022 -66.9378814697
21200.1503906250 0.0000000000 0.0000000000 0.0000000000 0.0000000000 5.3455333710 -66.9491271973
21230.7070312500 0.0000000000 0.0000000000 0.0000000000 0.0000000000 5.3585739136 -66.9621124268
21238.9140625000 0.0000000000 0.0000000000 0.0000000000 0.0000000000 5.3712935448 -66.9754257202
21243.8437500000 0.0000000000 0.0000000000 0.0000000000 0.0000000000 5.3835349083 -66.9875335693
21277.4257812500 0.0000000000 0.0000000000 0.0000000000 0.0000000000 5.3968696594 -66.9987564087
21266.9375000000 0.0000000000 0.0000000000 0.0000000000 0.0000000000 5.4083814621 -67.0107116699
21294.8906250000 0.0000000000 0.0000000000 0.0000000000 0.0000000000 5.4216690063 -67.0235748291
21292.9570312500 0.0000000000 0.0000000000 0.0000000000 0.0000000000 5.4338240623 -67.0362854004
21292.0917968750 0.0000000000 0.0000000000 0.0000000000 0.0000000000 5.4459886551 -67.0480957031
21324.5097656250 0.0000000000 0.0000000000 0.0000000000 0.0000000000 5.4595313072 -67.0596160889
21309.8085937500 0.0000000000 0.0000000000 0.0000000000 0.0000000000 5.4710068703 -67.0716094971
21340.3261718750 0.0000000000 0.0000000000 0.0000000000 0.0000000000 5.4848008156 -67.0841064453
21346.0742187500 0.0000000000 0.0000000000 0.0000000000 0.0000000000 5.4965667725 -67.0962219238
21351.3300781250 0.0000000000 0.0000000000 0.0000000000 0.0000000000 5.5098619461 -67.1077728271
21365.9570312500 0.0000000000 0.0000000000 0.0000000000 0.0000000000 5.5219097137 -67.1191558838
21378.1562500000 0.0000000000 0.0000000000 0.0000000000 0.0000000000 5.5357499123 -67.1307678223
21362.9960937500 0.0000000000 0.0000000000 0.0000000000 0.0000000000 5.5470619202 -67.1422195435
21409.7167968750 0.0000000000 0.0000000000 0.0000000000 0.0000000000 5.5623755455 -67.1531677246
21370.7226562500 0.0000000000 0.0000000000 0.0000000000 0.0000000000 5.5727424622 -67.1633300781
21418.6191406250 0.0000000000 0.0000000000 0.0000000000 0.0000000000 5.5884432793 -67.1728057861
21394.1992187500 0.0000000000 0.0000000000 0.0000000000 0.0000000000 5.5990200043 -67.1818161011
21439.3144531250 0.0000000000 0.0000000000 0.0000000000 0.0000000000 5.6139869690 -67.1905364990
21418.1542968750 0.0000000000 0.0000000000 0.0000000000 0.0000000000 5.6248846054 -67.1999511719
21460.2988281250 0.0000000000 0.0000000000 0.0000000000 0.0000000000 5.6393461227 -67.2110900879
21424.3671875000 0.0000000000 0.0000000000 0.0000000000 0.0000000000 5.6502809525 -67.2257843018
21469.3261718750 0.0000000000 0.0000000000 0.0000000000 0.0000000000 5.6648325920 -67.2429656982
21455.5039062500 0.0000000000 0.0000000000 0.0000000000 0.0000000000 5.6755857468 -67.2607116699
21493.1757812500 0.0000000000 0.0000000000 0.0000000000 0.0000000000 5.6907749176 -67.2757186890
21495.7246093750 0.0000000000 0.0000000000 0.0000000000 0.0000000000 5.7027955055 -67.2873687744
21505.7753906250 0.0000000000 0.0000000000 0.0000000000 0.0000000000 5.7146272659 -67.2967681885
21521.6484375000 0.0000000000 0.0000000000 0.0000000000 0.0000000000 5.7292933464 -67.3060150146
21504.6796875000 0.0000000000 0.0000000000 0.0000000000 0.0000000000 5.7402367592 -67.3172454834
21543.0527343750 0.0000000000 0.0000000000 0.0000000000 0.0000000000 5.7553796768 -67.3300552368
21527.5917968750 0.0000000000 0.0000000000 0.0000000000 0.0000000000 5.7657370567 -67.3444137573
21559.5136718750 0.0000000000 0.0000000000 0.0000000000 0.0000000000 5.7813553810 -67.3582534790
21565.3906250000 0.0000000000 0.0000000000 0.0000000000 0.0000000000 5.7933726311 -67.3707809448
21561.2910156250 0.0000000000 0.0000000000 0.0000000000 0.0000000000 5.8054618835 -67.3817749023
21590.0976562500 0.0000000000 0.0000000000 0.0000000000 0.0000000000 5.8205471039 -67.3919601440
21578.0214843750 0.0000000000 0.0000000000 0.0000000000 0.0000000000 5.8311047554 -67.4026489258
21621.0878906250 0.0000000000 0.0000000000 0.0000000000 0.0000000000 5.8465318680 -67.4142913818
21605.0644531250 0.0000000000 0.0000000000 0.0000000000 0.0000000000 5.8571329117 -67.4270858765
21640.5761718750 0.0000000000 0.0000000000 0.0000000000 0.0000000000 5.8728656769 -67.4403076172
21624.0761718750 0.0000000000 0.0000000000 0.0000000000 0.0000000000 5.8842372894 -67.4531936646
21643.7714843750 0.0000000000 0.0000000000 0.0000000000 0.0000000000 5.8981313705 -67.4651870728
21655.2714843750 0.0000000000 0.0000000000 0.0000000000 0.0000000000 5.9123878479 -67.4763412476
21649.0175781250 0.0000000000 0.0000000000 0.0000000000 0.0000000000 5.9237337112 -67.4873046875
21685.0703125000 0.0000000000 0.0000000000 0.0000000000 0.0000000000 5.9392166138 -67.4985122681
21655.4707031250 0.0000000000 0.0000000000 0.0000000000 0.0000000000 5.9502344131 -67.5103302002
21688.9980468750 0.0000000000 0.0000000000 0.0000000000 0.0000000000 5.9651985168 -67.5226516724
21699.1484375000 0.0000000000 0.0000000000 0.0000000000 0.0000000000 5.9772677422 -67.5350646973
21703.1406250000 0.0000000000 0.0000000000 0.0000000000 0.0000000000 5.9906988144 -67.5474777222
21721.0527343750 0.0000000000 0.0000000000 0.0000000000 0.0000000000 6.0043101311 -67.5595397949
21709.1308593750 0.0000000000 0.0000000000 0.0000000000 0.0000000000 6.0167975426 -67.5712432861
21726.5253906250 0.0000000000 0.0000000000 0.0000000000 0.0000000000 6.0313706398 -67.5827026367
21743.0390625000 0.0000000000 0.0000000000 0.0000000000 0.0000000000 6.0439915657 -67.5941238403
21757.1503906250 0.0000000000 0.0000000000 0.0000000000 0.0000000000 6.0581278801 -67.6057434082
21758.2832031250 0.0000000000 0.0000000000 0.0000000000 0.0000000000 6.0702495575 -67.6176910400
21779.6542968750 0.0000000000 0.0000000000 0.0000000000 0.0000000000 6.0841178894 -67.6296768188
21772.7050781250 0.0000000000 0.0000000000 0.0000000000 0.0000000000 6.0972018242 -67.6417388916
21790.3183593750 0.0000000000 0.0000000000 0.0000000000 0.0000000000 6.1104645729 -67.6538238525
21799.0195312500 0.0000000000 0.0000000000 0.0000000000 0.0000000000 6.1244778633 -67.6657104492
21807.5957031250 0.0000000000 0.0000000000 0.0000000000 0.0000000000 6.1370539665 -67.6775741577
21836.3046875000 0.0000000000 0.0000000000 0.0000000000 0.0000000000 6.1514053345 -67.6893157959
21830.4921875000 0.0000000000 0.0000000000 0.0000000000 0.0000000000 6.1646027565 -67.7009582520
21843.3789062500 0.0000000000 0.0000000000 0.0000000000 0.0000000000 6.1782317162 -67.7125549316
21848.4628906250 0.0000000000 0.0000000000 0.0000000000 0.0000000000 6.1919789314 -67.7241973877
21859.1308593750 0.0000000000 0.0000000000 0.0000000000 0.0000000000 6.2049841881 -67.7358856201
21878.4082031250 0.0000000000 0.0000000000 0.0000000000 0.0000000000 6.2188038826 -67.7476501465
21879.2441406250 0.0000000000 0.0000000000 0.0000000000 0.0000000000 6.2320251465 -67.7595367432
21888.3437500000 0.0000000000 0.0000000000 0.0000000000 0.0000000000 6.2456483841 -67.7713470459
21897.6601562500 0.0000000000 0.0000000000 0.0000000000 0.0000000000 6.2592306137 -67.7831115723
21909.4804687500 0.0000000000 0.0000000000 0.0000000000 0.0000000000 6.2724356651 -67.7946929932
21931.8242187500 0.0000000000 0.0000000000 0.0000000000 0.0000000000 6.2864427567 -67.8062744141
21928.2441406250 0.0000000000 0.0000000000 0.0000000000 0.0000000000 6.2992811203 -67.8178787231
21947.1269531250 0.0000000000 0.0000000000 0.0000000000 0.0000000000 6.3137311935 -67.8295745850
21943.7441406250 0.0000000000 0.0000000000 0.0000000000 0.0000000000 6.3271117210 -67.8413543701
21942.6191406250 0.0000000000 0.0000000000 0.0000000000 0.0000000000 6.3405013084 -67.8530426025
21976.1972656250 0.0000000000 0.0000000000 0.0000000000 0.0000000000 6.3548154831 -67.8646774292
21971.6113281250 0.0000000000 0.0000000000 0.0000000000 0.0000000000 6.3671336174 -67.8763885498
22016.0976562500 0.0000000000 0.0000000000 0.0000000000 0.0000000000 6.3812255859 -67.8880920410
22006.8613281250 0.0000000000 0.0000000000 0.0000000000 0.0000000000 6.3947649002 -67.8997726440
22016.0449218750 0.0000000000 0.0000000000 0.0000000000 0.0000000000 6.4080886841 -67.9114227295
22026.9687500000 0.0000000000 0.0000000000 0.0000000000 0.0000000000 6.4226093292 -67.9230270386
22024.2968750000 0.0000000000 0.0000000000 0.0000000000 0.0000000000 6.4352183342 -67.9346008301
22044.2324218750 0.0000000000 0.0000000000 0.0000000000 0.0000000000 6.4497380257 -67.9460906982
22057.0117187500 0.0000000000 0.0000000000 0.0000000000 0.0000000000 6.4629626274 -67.9574813843
22056.0742187500 0.0000000000 0.0000000000 0.0000000000 0.0000000000 6.4759793282 -67.9685592651
22096.2089843750 0.0000000000 0.0000000000 0.0000000000 0.0000000000 6.4911236763 -67.9792938232
22057.2207031250 0.0000000000 0.0000000000 0.0000000000 0.0000000000 6.5027661324 -67.9893417358
22113.9160156250 0.0000000000 0.0000000000 0.0000000000 0.0000000000 6.5190348625 -67.9981994629
22073.4316406250 0.0000000000 0.0000000000 0.0000000000 0.0000000000 6.5319819450 -68.0053100586
22113.8593750000 0.0000000000 0.0000000000 0.0000000000 0.0000000000 6.5467782021 -68.0110626221
22101.5097656250 0.0000000000 0.0000000000 0.0000000000 0.0000000000 6.5599498749 -68.0164718628
22120.0898437500 0.0000000000 0.0000000000 0.0000000000 0.0000000000 6.5745739937 -68.0251617432
22120.0410156250 0.0000000000 0.0000000000 0.0000000000 0.0000000000 6.5870404243 -68.0397796631
22148.3300781250 0.0000000000 0.0000000000 0.0000000000 0.0000000000 6.6009869576 -68.0606307983
22128.9433593750 0.0000000000 0.0000000000 0.0000000000 0.0000000000 6.6129994392 -68.0805206299
22178.4804687500 0.0000000000 0.0000000000 0.0000000000 0.0000000000 6.6282019615 -68.0941162109
22165.1992187500 0.0000000000 0.0000000000 0.0000000000 0.0000000000 6.6408882141 -68.1017379761
