#         COST_U        COST_H      COST_D       COST_S       REGU_H       REGU_A          HPO 
72.6463546753 0.0000000000 0.0000000000 0.0000000000 -18.7481403351 0.0000000000
62.8275985718 0.0000000000 0.0000000000 0.0110305566 -16.8011474609 22.9423160553
55.9337844849 0.0000000000 0.0000000000 0.0282253493 -31.4895973206 10.4274921417
52.2097778320 0.0000000000 0.0000000000 0.0505459234 -37.2189521790 9.3558959961
49.9365653992 0.0000000000 0.0000000000 0.0768315941 -40.0329208374 10.8013486862
48.4552536011 0.0000000000 0.0000000000 0.1063234210 -43.9001502991 9.0680942535
47.2824134827 0.0000000000 0.0000000000 0.1385939121 -47.9502334595 6.6083755493
46.2475128174 0.0000000000 0.0000000000 0.1731883734 -51.0819854736 5.3707122803
45.3050231934 0.0000000000 0.0000000000 0.2097346187 -53.1621780396 5.4309406281
44.4043693542 0.0000000000 0.0000000000 0.2480816692 -54.7503890991 5.4719061852
43.5881881714 0.0000000000 0.0000000000 0.2879396975 -56.2967643738 4.7921590805
42.7575035095 0.0000000000 0.0000000000 0.3290959299 -57.8249664307 3.7851767540
41.9681701660 0.0000000000 0.0000000000 0.3713793755 -59.1594009399 3.0799806118
41.2200737000 0.0000000000 0.0000000000 0.4147344232 -60.2551345825 2.8971805573
40.4598159790 0.0000000000 0.0000000000 0.4591405690 -61.1899948120 2.9771435261
39.7226295471 0.0000000000 0.0000000000 0.5045635104 -62.0513572693 2.9295215607
39.0264549255 0.0000000000 0.0000000000 0.5509853363 -62.9007415771 2.6111359596
38.3588142395 0.0000000000 0.0000000000 0.5983571410 -63.7377319336 2.1768746376
37.6931304932 0.0000000000 0.0000000000 0.6467222571 -64.5392379761 1.8580818176
37.0417633057 0.0000000000 0.0000000000 0.6960920095 -65.3080520630 1.7428815365
36.3765983582 0.0000000000 0.0000000000 0.7466244102 -66.0392303467 1.7360877991
35.7199363708 0.0000000000 0.0000000000 0.7983378768 -66.7316589355 1.6925511360
35.0486068726 0.0000000000 0.0000000000 0.8512233496 -67.3941650391 1.5562440157
34.3859405518 0.0000000000 0.0000000000 0.9051918387 -68.0318527222 1.3760063648
33.7210083008 0.0000000000 0.0000000000 0.9601828456 -68.6695404053 1.2345526218
33.0996780396 0.0000000000 0.0000000000 1.0161411762 -69.3148193359 1.1663930416
32.4784812927 0.0000000000 0.0000000000 1.0729941130 -69.9670104980 1.1370170116
31.8642654419 0.0000000000 0.0000000000 1.1306422949 -70.6098632812 1.0927175283
31.2394008636 0.0000000000 0.0000000000 1.1889928579 -71.2306365967 1.0137352943
30.6205596924 0.0000000000 0.0000000000 1.2479872704 -71.8469314575 0.9243209362
29.9997463226 0.0000000000 0.0000000000 1.3077135086 -72.4752502441 0.8603564501
29.3924617767 0.0000000000 0.0000000000 1.3682068586 -73.1216583252 0.8320553303
28.7966098785 0.0000000000 0.0000000000 1.4293638468 -73.7743148804 0.8184305429
28.1943206787 0.0000000000 0.0000000000 1.4911707640 -74.4237365723 0.7906807661
27.5946292877 0.0000000000 0.0000000000 1.5535501242 -75.0664062500 0.7453641891
27.0117340088 0.0000000000 0.0000000000 1.6164075136 -75.7135543823 0.7013173103
26.4185428619 0.0000000000 0.0000000000 1.6795272827 -76.3633193970 0.6733435392
25.8540039062 0.0000000000 0.0000000000 1.7428283691 -77.0217666626 0.6563533545
25.3075466156 0.0000000000 0.0000000000 1.8061037064 -77.6938323975 0.6356070042
24.7565765381 0.0000000000 0.0000000000 1.8690633774 -78.3724288940 0.6080040336
24.2287311554 0.0000000000 0.0000000000 1.9316260815 -79.0499572754 0.5827744007
23.6730480194 0.0000000000 0.0000000000 1.9936780930 -79.7183532715 0.5666815639
23.1302509308 0.0000000000 0.0000000000 2.0551400185 -80.3831176758 0.5574085712
22.6000404358 0.0000000000 0.0000000000 2.1161541939 -81.0525360107 0.5461531878
22.0882205963 0.0000000000 0.0000000000 2.1768069267 -81.7320861816 0.5299095511
21.5939998627 0.0000000000 0.0000000000 2.2371270657 -82.4171829224 0.5105212927
21.1340103149 0.0000000000 0.0000000000 2.2970864773 -83.1068115234 0.4921537936
20.6704616547 0.0000000000 0.0000000000 2.3566162586 -83.8078308105 0.4769526422
20.2344036102 0.0000000000 0.0000000000 2.4156897068 -84.5071563721 0.4635745287
19.7974739075 0.0000000000 0.0000000000 2.4742960930 -85.2037506104 0.4517087340
19.3786449432 0.0000000000 0.0000000000 2.5323283672 -85.8961105347 0.4396798611
18.9719619751 0.0000000000 0.0000000000 2.5896878242 -86.5859222412 0.4250142574
18.5803661346 0.0000000000 0.0000000000 2.6463737488 -87.2683334351 0.4117752612
18.2015342712 0.0000000000 0.0000000000 2.7024366856 -87.9389038086 0.4009866416
17.8353958130 0.0000000000 0.0000000000 2.7577335835 -88.6075897217 0.3897558451
17.4862060547 0.0000000000 0.0000000000 2.8121080399 -89.2761611938 0.3785635531
17.1480197906 0.0000000000 0.0000000000 2.8655617237 -89.9402770996 0.3676697016
16.8247280121 0.0000000000 0.0000000000 2.9180803299 -90.6001129150 0.3573604822
16.5274353027 0.0000000000 0.0000000000 2.9698033333 -91.2537841797 0.3477510810
16.2464065552 0.0000000000 0.0000000000 3.0208408833 -91.9076690674 0.3387591541
15.9826364517 0.0000000000 0.0000000000 3.0710856915 -92.5601959229 0.3297902942
15.7270393372 0.0000000000 0.0000000000 3.1204771996 -93.2075653076 0.3206409514
15.4780101776 0.0000000000 0.0000000000 3.1690046787 -93.8489074707 0.3134972453
15.2522001266 0.0000000000 0.0000000000 3.2167429924 -94.4859924316 0.3071486652
15.0332365036 0.0000000000 0.0000000000 3.2636983395 -95.1195678711 0.3010751605
14.8200111389 0.0000000000 0.0000000000 3.3100028038 -95.7469329834 0.2946299016
14.5993728638 0.0000000000 0.0000000000 3.3554844856 -96.3644790649 0.2909279466
14.3791503906 0.0000000000 0.0000000000 3.4002249241 -96.9700012207 0.2870345414
14.1765623093 0.0000000000 0.0000000000 3.4441506863 -97.5679626465 0.2819865346
13.9819746017 0.0000000000 0.0000000000 3.4872756004 -98.1657714844 0.2770734131
13.8041353226 0.0000000000 0.0000000000 3.5296325684 -98.7588958740 0.2716230750
13.6354703903 0.0000000000 0.0000000000 3.5710532665 -99.3477249146 0.2655207217
13.4685497284 0.0000000000 0.0000000000 3.6115577221 -99.9310684204 0.2603812218
13.3098020554 0.0000000000 0.0000000000 3.6512002945 -100.5040740967 0.2560843825
13.1598806381 0.0000000000 0.0000000000 3.6900215149 -101.0681228638 0.2522543371
13.0194196701 0.0000000000 0.0000000000 3.7280347347 -101.6313247681 0.2477454394
12.8821516037 0.0000000000 0.0000000000 3.7653167248 -102.1891403198 0.2440729886
12.7502155304 0.0000000000 0.0000000000 3.8016543388 -102.7385330200 0.2412987351
12.6229486465 0.0000000000 0.0000000000 3.8370163441 -103.2820739746 0.2382003963
12.5001726151 0.0000000000 0.0000000000 3.8715517521 -103.8188323975 0.2340319753
12.3876705170 0.0000000000 0.0000000000 3.9055624008 -104.3511581421 0.2295151353
12.2815198898 0.0000000000 0.0000000000 3.9392797947 -104.8802947998 0.2245470136
12.1732406616 0.0000000000 0.0000000000 3.9726512432 -105.3998413086 0.2206180245
12.0586891174 0.0000000000 0.0000000000 4.0058617592 -105.9088134766 0.2182300091
11.9415311813 0.0000000000 0.0000000000 4.0388913155 -106.4106903076 0.2155711502
11.8294906616 0.0000000000 0.0000000000 4.0713648796 -106.9070434570 0.2132586390
11.7215509415 0.0000000000 0.0000000000 4.1032557487 -107.3997421265 0.2107186317
11.6217708588 0.0000000000 0.0000000000 4.1344008446 -107.8889617920 0.2082818002
11.5262670517 0.0000000000 0.0000000000 4.1648340225 -108.3744049072 0.2061296701
11.4347753525 0.0000000000 0.0000000000 4.1946034431 -108.8545150757 0.2032920420
11.3469572067 0.0000000000 0.0000000000 4.2238435745 -109.3289489746 0.2002202719
11.2585134506 0.0000000000 0.0000000000 4.2524638176 -109.7947006226 0.1983065903
11.1718950272 0.0000000000 0.0000000000 4.2805204391 -110.2557525635 0.1961169988
11.0892839432 0.0000000000 0.0000000000 4.3079371452 -110.7117156982 0.1935182810
11.0107650757 0.0000000000 0.0000000000 4.3347039223 -111.1660614014 0.1906672418
10.9364557266 0.0000000000 0.0000000000 4.3610010147 -111.6168060303 0.1874268055
10.8618888855 0.0000000000 0.0000000000 4.3871312141 -112.0613174438 0.1851334572
10.7886190414 0.0000000000 0.0000000000 4.4129714966 -112.5005340576 0.1829664260
10.7182893753 0.0000000000 0.0000000000 4.4385576248 -112.9352951050 0.1807618290
10.6501150131 0.0000000000 0.0000000000 4.4639806747 -113.3628692627 0.1789499074
10.5845804214 0.0000000000 0.0000000000 4.4892220497 -113.7855682373 0.1767297387
10.5223836899 0.0000000000 0.0000000000 4.5140366554 -114.2032546997 0.1745397747
10.4588565826 0.0000000000 0.0000000000 4.5384035110 -114.6134490967 0.1728338003
10.3961076736 0.0000000000 0.0000000000 4.5622100830 -115.0158081055 0.1719648987
10.3354969025 0.0000000000 0.0000000000 4.5858278275 -115.4131469727 0.1702622771
10.2796106339 0.0000000000 0.0000000000 4.6092185974 -115.8064880371 0.1685766727
10.2221202850 0.0000000000 0.0000000000 4.6324138641 -116.1949920654 0.1665829271
10.1640806198 0.0000000000 0.0000000000 4.6554193497 -116.5766067505 0.1651486903
10.1093845367 0.0000000000 0.0000000000 4.6782908440 -116.9563217163 0.1640099883
10.0573158264 0.0000000000 0.0000000000 4.7008237839 -117.3330612183 0.1622581780
10.0081119537 0.0000000000 0.0000000000 4.7228589058 -117.7073059082 0.1601755470
9.9579038620 0.0000000000 0.0000000000 4.7443733215 -118.0769729614 0.1583679169
9.9080247879 0.0000000000 0.0000000000 4.7656774521 -118.4430847168 0.1563021541
9.8580303192 0.0000000000 0.0000000000 4.7867908478 -118.8042755127 0.1550841182
9.8111734390 0.0000000000 0.0000000000 4.8075933456 -119.1612091064 0.1540079266
9.7665290833 0.0000000000 0.0000000000 4.8281607628 -119.5150299072 0.1521152854
9.7238359451 0.0000000000 0.0000000000 4.8484854698 -119.8658294678 0.1499738395
9.6813964844 0.0000000000 0.0000000000 4.8688306808 -120.2122116089 0.1484383494
9.6372213364 0.0000000000 0.0000000000 4.8890252113 -120.5532455444 0.1472397894
9.5923051834 0.0000000000 0.0000000000 4.9091558456 -120.8882217407 0.1465187669
9.5510187149 0.0000000000 0.0000000000 4.9289512634 -121.2210464478 0.1452330053
9.5114469528 0.0000000000 0.0000000000 4.9485034943 -121.5513763428 0.1435627639
9.4719972610 0.0000000000 0.0000000000 4.9676823616 -121.8758544922 0.1421628147
9.4297533035 0.0000000000 0.0000000000 4.9866342545 -122.1949005127 0.1414244026
9.3883943558 0.0000000000 0.0000000000 5.0050563812 -122.5102539062 0.1409983337
9.3495750427 0.0000000000 0.0000000000 5.0230760574 -122.8236694336 0.1404601932
9.3136844635 0.0000000000 0.0000000000 5.0408411026 -123.1346511841 0.1395486891
9.2786750793 0.0000000000 0.0000000000 5.0582337379 -123.4404907227 0.1387521029
9.2430238724 0.0000000000 0.0000000000 5.0756487846 -123.7431640625 0.1377022415
9.2095136642 0.0000000000 0.0000000000 5.0931601524 -124.0430831909 0.1362895668
9.1761140823 0.0000000000 0.0000000000 5.1105732918 -124.3389129639 0.1351820230
9.1427955627 0.0000000000 0.0000000000 5.1277699471 -124.6316146851 0.1341947168
9.1095342636 0.0000000000 0.0000000000 5.1449360847 -124.9201965332 0.1333890706
9.0768270493 0.0000000000 0.0000000000 5.1619539261 -125.2053222656 0.1322962046
9.0454368591 0.0000000000 0.0000000000 5.1788439751 -125.4890747070 0.1310118735
9.0157251358 0.0000000000 0.0000000000 5.1956334114 -125.7701492310 0.1299930215
8.9865827560 0.0000000000 0.0000000000 5.2122292519 -126.0485382080 0.1288106740
8.9576053619 0.0000000000 0.0000000000 5.2289147377 -126.3224182129 0.1277250946
8.9292478561 0.0000000000 0.0000000000 5.2453985214 -126.5930862427 0.1262488067
8.9027042389 0.0000000000 0.0000000000 5.2616410255 -126.8605728149 0.1248713136
8.8749246597 0.0000000000 0.0000000000 5.2775621414 -127.1237792969 0.1239098534
8.8489360809 0.0000000000 0.0000000000 5.2933678627 -127.3853302002 0.1230259612
8.8226041794 0.0000000000 0.0000000000 5.3090076447 -127.6439361572 0.1225112826
8.7952880859 0.0000000000 0.0000000000 5.3244938850 -127.8988342285 0.1218716949
8.7703104019 0.0000000000 0.0000000000 5.3394799232 -128.1510772705 0.1213736758
8.7465372086 0.0000000000 0.0000000000 5.3541579247 -128.4004058838 0.1206454262
8.7252101898 0.0000000000 0.0000000000 5.3685288429 -128.6473541260 0.1197941974
8.7037057877 0.0000000000 0.0000000000 5.3828310966 -128.8900604248 0.1188641638
8.6809549332 0.0000000000 0.0000000000 5.3968987465 -129.1261138916 0.1181122586
8.6593589783 0.0000000000 0.0000000000 5.4110770226 -129.3594512939 0.1173525304
8.6378126144 0.0000000000 0.0000000000 5.4255170822 -129.5890502930 0.1168066114
8.6165752411 0.0000000000 0.0000000000 5.4397878647 -129.8146362305 0.1160480827
8.5966415405 0.0000000000 0.0000000000 5.4538650513 -130.0380096436 0.1151623577
8.5747413635 0.0000000000 0.0000000000 5.4678521156 -130.2572937012 0.1145898551
8.5551967621 0.0000000000 0.0000000000 5.4816403389 -130.4761657715 0.1140408814
8.5370168686 0.0000000000 0.0000000000 5.4952955246 -130.6922607422 0.1132250503
8.5170478821 0.0000000000 0.0000000000 5.5086750984 -130.9057312012 0.1123416349
8.4979104996 0.0000000000 0.0000000000 5.5217442513 -131.1164550781 0.1114665344
8.4813385010 0.0000000000 0.0000000000 5.5346422195 -131.3267059326 0.1106654182
8.4631347656 0.0000000000 0.0000000000 5.5474328995 -131.5346069336 0.1102775186
8.4431962967 0.0000000000 0.0000000000 5.5600366592 -131.7377929688 0.1096650958
8.4223718643 0.0000000000 0.0000000000 5.5725531578 -131.9384765625 0.1091141850
8.4048614502 0.0000000000 0.0000000000 5.5850181580 -132.1383819580 0.1084543318
8.3873252869 0.0000000000 0.0000000000 5.5971970558 -132.3369903564 0.1079631150
8.3690233231 0.0000000000 0.0000000000 5.6093611717 -132.5318603516 0.1077065244
8.3510684967 0.0000000000 0.0000000000 5.6216621399 -132.7252197266 0.1071741432
8.3358182907 0.0000000000 0.0000000000 5.6339316368 -132.9176177979 0.1065109074
8.3196001053 0.0000000000 0.0000000000 5.6464214325 -133.1075744629 0.1058798283
8.3014202118 0.0000000000 0.0000000000 5.6589269638 -133.2945556641 0.1052980796
8.2838439941 0.0000000000 0.0000000000 5.6712508202 -133.4788208008 0.1049013287
8.2660140991 0.0000000000 0.0000000000 5.6833152771 -133.6603240967 0.1041392535
8.2503309250 0.0000000000 0.0000000000 5.6949949265 -133.8402404785 0.1033357382
8.2365198135 0.0000000000 0.0000000000 5.7062892914 -134.0188293457 0.1025465950
8.2220115662 0.0000000000 0.0000000000 5.7174139023 -134.1940307617 0.1018477902
8.2074947357 0.0000000000 0.0000000000 5.7283635139 -134.3671722412 0.1012751088
8.1941061020 0.0000000000 0.0000000000 5.7393226624 -134.5378265381 0.1007849723
8.1795806885 0.0000000000 0.0000000000 5.7500925064 -134.7048645020 0.1003730670
8.1650562286 0.0000000000 0.0000000000 5.7607283592 -134.8678283691 0.0997855216
8.1520814896 0.0000000000 0.0000000000 5.7715029716 -135.0295257568 0.0990867913
8.1393575668 0.0000000000 0.0000000000 5.7820177078 -135.1898498535 0.0987274796
8.1261482239 0.0000000000 0.0000000000 5.7924809456 -135.3464508057 0.0982917100
8.1130313873 0.0000000000 0.0000000000 5.8031063080 -135.5012512207 0.0978997946
8.1007480621 0.0000000000 0.0000000000 5.8134074211 -135.6539154053 0.0977836400
8.0875301361 0.0000000000 0.0000000000 5.8237361908 -135.8046417236 0.0973976851
8.0762434006 0.0000000000 0.0000000000 5.8342580795 -135.9552001953 0.0970882624
8.0652980804 0.0000000000 0.0000000000 5.8446359634 -136.1035308838 0.0966303051
8.0540075302 0.0000000000 0.0000000000 5.8547515869 -136.2495117188 0.0962809324
8.0435161591 0.0000000000 0.0000000000 5.8647484779 -136.3945770264 0.0956702232
8.0328664780 0.0000000000 0.0000000000 5.8744020462 -136.5368804932 0.0950930566
8.0210113525 0.0000000000 0.0000000000 5.8835225105 -136.6765136719 0.0953114778
8.0110101700 0.0000000000 0.0000000000 5.8924984932 -136.8154754639 0.0949419439
8.0047054291 0.0000000000 0.0000000000 5.9012007713 -136.9550781250 0.0942743421
7.9960250854 0.0000000000 0.0000000000 5.9099731445 -137.0922698975 0.0937179625
7.9864683151 0.0000000000 0.0000000000 5.9187574387 -137.2266540527 0.0933896899
7.9746603966 0.0000000000 0.0000000000 5.9273347855 -137.3572692871 0.0933699459
7.9641852379 0.0000000000 0.0000000000 5.9358353615 -137.4875183105 0.0929997712
7.9546995163 0.0000000000 0.0000000000 5.9447512627 -137.6175842285 0.0926440284
7.9446935654 0.0000000000 0.0000000000 5.9532418251 -137.7446289062 0.0926647708
7.9343776703 0.0000000000 0.0000000000 5.9613747597 -137.8694305420 0.0925096273
7.9262866974 0.0000000000 0.0000000000 5.9691858292 -137.9943389893 0.0920687020
7.9172067642 0.0000000000 0.0000000000 5.9771990776 -138.1169128418 0.0918373391
7.9071087837 0.0000000000 0.0000000000 5.9848432541 -138.2372436523 0.0915191695
7.9004340172 0.0000000000 0.0000000000 5.9925818443 -138.3575744629 0.0910484120
7.8922243118 0.0000000000 0.0000000000 6.0005211830 -138.4752655029 0.0909514353
7.8825469017 0.0000000000 0.0000000000 6.0083174706 -138.5911407471 0.0906565487
7.8753018379 0.0000000000 0.0000000000 6.0158967972 -138.7055053711 0.0901774392
7.8666701317 0.0000000000 0.0000000000 6.0235490799 -138.8184814453 0.0899133459
7.8598418236 0.0000000000 0.0000000000 6.0309090614 -138.9300231934 0.0894201472
7.8529644012 0.0000000000 0.0000000000 6.0380825996 -139.0392913818 0.0891085565
7.8429880142 0.0000000000 0.0000000000 6.0452437401 -139.1450805664 0.0890409872
7.8349361420 0.0000000000 0.0000000000 6.0521245003 -139.2501831055 0.0887200832
7.8287048340 0.0000000000 0.0000000000 6.0585517883 -139.3547515869 0.0883780345
7.8213033676 0.0000000000 0.0000000000 6.0647344589 -139.4558105469 0.0882509500
7.8145947456 0.0000000000 0.0000000000 6.0706110001 -139.5576629639 0.0879752189
7.8091306686 0.0000000000 0.0000000000 6.0764784813 -139.6565093994 0.0877054408
7.8004288673 0.0000000000 0.0000000000 6.0826950073 -139.7546539307 0.0875474364
7.7967395782 0.0000000000 0.0000000000 6.0883073807 -139.8530883789 0.0871692300
7.7907223701 0.0000000000 0.0000000000 6.0939025879 -139.9491271973 0.0868677646
7.7831888199 0.0000000000 0.0000000000 6.0997505188 -140.0428314209 0.0867976248
7.7770977020 0.0000000000 0.0000000000 6.1055059433 -140.1369323730 0.0863673165
7.7698817253 0.0000000000 0.0000000000 6.1114897728 -140.2291870117 0.0864341259
7.7637987137 0.0000000000 0.0000000000 6.1175236702 -140.3208312988 0.0858195201
7.7579946518 0.0000000000 0.0000000000 6.1230058670 -140.4117736816 0.0854687020
7.7522301674 0.0000000000 0.0000000000 6.1285095215 -140.5012054443 0.0852584541
7.7459344864 0.0000000000 0.0000000000 6.1340379715 -140.5878448486 0.0855355412
7.7381887436 0.0000000000 0.0000000000 6.1395297050 -140.6731414795 0.0854114741
7.7335515022 0.0000000000 0.0000000000 6.1445960999 -140.7596435547 0.0848480761
7.7296810150 0.0000000000 0.0000000000 6.1497960091 -140.8435211182 0.0846062899
7.7239894867 0.0000000000 0.0000000000 6.1546287537 -140.9249725342 0.0845562071
7.7179307938 0.0000000000 0.0000000000 6.1595664024 -141.0032501221 0.0845024288
7.7141351700 0.0000000000 0.0000000000 6.1644945145 -141.0820159912 0.0840816051
7.7089338303 0.0000000000 0.0000000000 6.1692547798 -141.1587524414 0.0838994384
7.7033848763 0.0000000000 0.0000000000 6.1740660667 -141.2345581055 0.0839656964
7.6982278824 0.0000000000 0.0000000000 6.1790428162 -141.3091735840 0.0839240849
7.6913399696 0.0000000000 0.0000000000 6.1838798523 -141.3821411133 0.0837513804
7.6874670982 0.0000000000 0.0000000000 6.1884183884 -141.4561309814 0.0836153179
7.6822028160 0.0000000000 0.0000000000 6.1929264069 -141.5290222168 0.0835470483
7.6762604713 0.0000000000 0.0000000000 6.1974139214 -141.5996551514 0.0836563408
7.6725525856 0.0000000000 0.0000000000 6.2019476891 -141.6720886230 0.0835176557
7.6694369316 0.0000000000 0.0000000000 6.2066287994 -141.7446441650 0.0834200382
7.6642880440 0.0000000000 0.0000000000 6.2108263969 -141.8144989014 0.0835026056
7.6600375175 0.0000000000 0.0000000000 6.2150168419 -141.8840179443 0.0833518654
7.6554431915 0.0000000000 0.0000000000 6.2196841240 -141.9529418945 0.0831361786
7.6501870155 0.0000000000 0.0000000000 6.2239499092 -142.0204315186 0.0833816081
7.6459631920 0.0000000000 0.0000000000 6.2283482552 -142.0884552002 0.0829831138
7.6425108910 0.0000000000 0.0000000000 6.2327604294 -142.1555633545 0.0826682523
7.6371283531 0.0000000000 0.0000000000 6.2372140884 -142.2220764160 0.0824473947
7.6337471008 0.0000000000 0.0000000000 6.2412786484 -142.2872314453 0.0826273188
7.6299514771 0.0000000000 0.0000000000 6.2453889847 -142.3521270752 0.0823692903
7.6259679794 0.0000000000 0.0000000000 6.2494120598 -142.4156494141 0.0823405683
7.6220693588 0.0000000000 0.0000000000 6.2531213760 -142.4784240723 0.0825326294
7.6178016663 0.0000000000 0.0000000000 6.2567319870 -142.5391387939 0.0823947415
7.6134877205 0.0000000000 0.0000000000 6.2605099678 -142.5998077393 0.0822303295
7.6114654541 0.0000000000 0.0000000000 6.2643275261 -142.6607971191 0.0817573667
7.6068344116 0.0000000000 0.0000000000 6.2681088448 -142.7198181152 0.0816991106
7.6001081467 0.0000000000 0.0000000000 6.2722086906 -142.7762908936 0.0819274783
7.5962018967 0.0000000000 0.0000000000 6.2760934830 -142.8338623047 0.0818405002
7.5956158638 0.0000000000 0.0000000000 6.2798972130 -142.8925323486 0.0816313922
7.5896468163 0.0000000000 0.0000000000 6.2834000587 -142.9474334717 0.0818390995
7.5845465660 0.0000000000 0.0000000000 6.2868309021 -143.0006713867 0.0820048004
7.5815787315 0.0000000000 0.0000000000 6.2904562950 -143.0558166504 0.0816761330
7.5777759552 0.0000000000 0.0000000000 6.2940187454 -143.1074829102 0.0817553252
7.5716304779 0.0000000000 0.0000000000 6.2979035378 -143.1576385498 0.0819065049
7.5694770813 0.0000000000 0.0000000000 6.3014431000 -143.2094116211 0.0815878138
7.5661134720 0.0000000000 0.0000000000 6.3047108650 -143.2584686279 0.0816913322
7.5616903305 0.0000000000 0.0000000000 6.3083271980 -143.3067932129 0.0817899480
7.5596165657 0.0000000000 0.0000000000 6.3112607002 -143.3553466797 0.0817206651
7.5543065071 0.0000000000 0.0000000000 6.3145656586 -143.4025421143 0.0815312713
7.5529127121 0.0000000000 0.0000000000 6.3174238205 -143.4509429932 0.0810341462
7.5503273010 0.0000000000 0.0000000000 6.3205623627 -143.4968261719 0.0812716782
7.5447554588 0.0000000000 0.0000000000 6.3236694336 -143.5417022705 0.0815924630
7.5423326492 0.0000000000 0.0000000000 6.3263969421 -143.5874328613 0.0813192576
7.5379009247 0.0000000000 0.0000000000 6.3292646408 -143.6315612793 0.0814495236
7.5339908600 0.0000000000 0.0000000000 6.3322939873 -143.6745910645 0.0816757903
7.5325131416 0.0000000000 0.0000000000 6.3350138664 -143.7199707031 0.0815581977
7.5295042992 0.0000000000 0.0000000000 6.3374915123 -143.7638397217 0.0815289468
7.5254220963 0.0000000000 0.0000000000 6.3405060768 -143.8055114746 0.0816603079
7.5209813118 0.0000000000 0.0000000000 6.3435945511 -143.8473358154 0.0812392235
7.5175709724 0.0000000000 0.0000000000 6.3464508057 -143.8896942139 0.0814830512
7.5144262314 0.0000000000 0.0000000000 6.3489532471 -143.9314422607 0.0813345537
7.5112047195 0.0000000000 0.0000000000 6.3512878418 -143.9732360840 0.0811973140
7.5087246895 0.0000000000 0.0000000000 6.3534541130 -144.0135803223 0.0811602101
7.5046358109 0.0000000000 0.0000000000 6.3558330536 -144.0527954102 0.0814326480
7.5011425018 0.0000000000 0.0000000000 6.3582863808 -144.0925292969 0.0816159397
7.5002212524 0.0000000000 0.0000000000 6.3603067398 -144.1321563721 0.0819064528
7.4961361885 0.0000000000 0.0000000000 6.3626365662 -144.1703186035 0.0819774643
7.4930624962 0.0000000000 0.0000000000 6.3647437096 -144.2076263428 0.0813361108
7.4898614883 0.0000000000 0.0000000000 6.3671188354 -144.2440490723 0.0807232410
7.4878964424 0.0000000000 0.0000000000 6.3691964149 -144.2826690674 0.0803830624
7.4860615730 0.0000000000 0.0000000000 6.3712339401 -144.3189086914 0.0804419741
7.4820508957 0.0000000000 0.0000000000 6.3737072945 -144.3515625000 0.0807797015
7.4782938957 0.0000000000 0.0000000000 6.3764081001 -144.3838653564 0.0807713568
7.4763898849 0.0000000000 0.0000000000 6.3790760040 -144.4154510498 0.0805686787
7.4721841812 0.0000000000 0.0000000000 6.3812651634 -144.4448547363 0.0806637183
7.4684720039 0.0000000000 0.0000000000 6.3831539154 -144.4742584229 0.0807097927
7.4661269188 0.0000000000 0.0000000000 6.3846831322 -144.5032653809 0.0808102340
7.4625277519 0.0000000000 0.0000000000 6.3862056732 -144.5325317383 0.0808942765
7.4589233398 0.0000000000 0.0000000000 6.3880186081 -144.5604248047 0.0809129700
7.4557218552 0.0000000000 0.0000000000 6.3894724846 -144.5899658203 0.0808029994
7.4525694847 0.0000000000 0.0000000000 6.3909382820 -144.6179351807 0.0808261335
7.4496769905 0.0000000000 0.0000000000 6.3920364380 -144.6465911865 0.0807928443
7.4470491409 0.0000000000 0.0000000000 6.3933572769 -144.6762084961 0.0805286020
7.4432058334 0.0000000000 0.0000000000 6.3950786591 -144.7047424316 0.0809503496
7.4407916069 0.0000000000 0.0000000000 6.3965048790 -144.7348937988 0.0814427063
7.4393639565 0.0000000000 0.0000000000 6.3981304169 -144.7651977539 0.0820239261
7.4350423813 0.0000000000 0.0000000000 6.3995876312 -144.7939453125 0.0824332163
7.4315052032 0.0000000000 0.0000000000 6.4009160995 -144.8232574463 0.0822929293
7.4296875000 0.0000000000 0.0000000000 6.4018988609 -144.8531341553 0.0819763467
7.4244670868 0.0000000000 0.0000000000 6.4027905464 -144.8817901611 0.0814931542
7.4236469269 0.0000000000 0.0000000000 6.4034614563 -144.9119873047 0.0812240243
7.4208025932 0.0000000000 0.0000000000 6.4042434692 -144.9414672852 0.0816541016
7.4176893234 0.0000000000 0.0000000000 6.4051985741 -144.9693603516 0.0816997588
7.4139728546 0.0000000000 0.0000000000 6.4063897133 -144.9973754883 0.0820888951
7.4098238945 0.0000000000 0.0000000000 6.4073505402 -145.0260772705 0.0826270133
7.4090123177 0.0000000000 0.0000000000 6.4079566002 -145.0540618896 0.0826641917
7.4045095444 0.0000000000 0.0000000000 6.4087433815 -145.0811614990 0.0828853697
7.4022769928 0.0000000000 0.0000000000 6.4093222618 -145.1087951660 0.0830485523
7.3993763924 0.0000000000 0.0000000000 6.4102940559 -145.1363220215 0.0829068720
7.3971719742 0.0000000000 0.0000000000 6.4107022285 -145.1635437012 0.0826414973
7.3951263428 0.0000000000 0.0000000000 6.4109678268 -145.1896972656 0.0823872387
7.3930130005 0.0000000000 0.0000000000 6.4110393524 -145.2164459229 0.0822667480
7.3930425644 0.0000000000 0.0000000000 6.4110383987 -145.2435302734 0.0820848942
7.3893671036 0.0000000000 0.0000000000 6.4114756584 -145.2671203613 0.0821254551
7.3863363266 0.0000000000 0.0000000000 6.4116482735 -145.2925262451 0.0817365497
7.3849101067 0.0000000000 0.0000000000 6.4119796753 -145.3180236816 0.0812935978
7.3820600510 0.0000000000 0.0000000000 6.4121103287 -145.3425445557 0.0814450532
7.3792567253 0.0000000000 0.0000000000 6.4121513367 -145.3653259277 0.0818003342
7.3753323555 0.0000000000 0.0000000000 6.4125118256 -145.3885650635 0.0822693557
7.3735728264 0.0000000000 0.0000000000 6.4127039909 -145.4119110107 0.0821727067
7.3718132973 0.0000000000 0.0000000000 6.4131817818 -145.4351043701 0.0816340595
7.3681888580 0.0000000000 0.0000000000 6.4136891365 -145.4566802979 0.0814357474
7.3625774384 0.0000000000 0.0000000000 6.4140520096 -145.4773101807 0.0816481709
7.3618159294 0.0000000000 0.0000000000 6.4139504433 -145.4992065430 0.0815208405
7.3614459038 0.0000000000 0.0000000000 6.4136624336 -145.5222167969 0.0814545080
7.3590364456 0.0000000000 0.0000000000 6.4130797386 -145.5435028076 0.0812406689
7.3555541039 0.0000000000 0.0000000000 6.4129014015 -145.5632629395 0.0809511393
7.3537969589 0.0000000000 0.0000000000 6.4125819206 -145.5850067139 0.0811279416
7.3495235443 0.0000000000 0.0000000000 6.4126176834 -145.6051483154 0.0808822736
7.3456525803 0.0000000000 0.0000000000 6.4125547409 -145.6230468750 0.0812424123
7.3455204964 0.0000000000 0.0000000000 6.4117131233 -145.6448974609 0.0806245878
7.3403825760 0.0000000000 0.0000000000 6.4112372398 -145.6624603271 0.0806153938
7.3385653496 0.0000000000 0.0000000000 6.4102835655 -145.6802978516 0.0804459676
7.3352699280 0.0000000000 0.0000000000 6.4095535278 -145.7001647949 0.0803240091
7.3322558403 0.0000000000 0.0000000000 6.4091162682 -145.7176513672 0.0804609954
7.3289651871 0.0000000000 0.0000000000 6.4087409973 -145.7357635498 0.0807960927
7.3265628815 0.0000000000 0.0000000000 6.4082050323 -145.7541809082 0.0808755755
7.3241930008 0.0000000000 0.0000000000 6.4076180458 -145.7717437744 0.0808503479
7.3184690475 0.0000000000 0.0000000000 6.4076523781 -145.7875061035 0.0808789209
7.3186411858 0.0000000000 0.0000000000 6.4069395065 -145.8071289062 0.0807558671
7.3159117699 0.0000000000 0.0000000000 6.4062027931 -145.8240661621 0.0809548423
7.3109827042 0.0000000000 0.0000000000 6.4059209824 -145.8400573730 0.0810202584
7.3084902763 0.0000000000 0.0000000000 6.4052510262 -145.8565979004 0.0806233734
7.3085360527 0.0000000000 0.0000000000 6.4042329788 -145.8739318848 0.0805401653
7.3046455383 0.0000000000 0.0000000000 6.4038538933 -145.8903350830 0.0808724910
7.3014597893 0.0000000000 0.0000000000 6.4029517174 -145.9059906006 0.0812506676
7.2995886803 0.0000000000 0.0000000000 6.4020509720 -145.9223480225 0.0816138461
7.2984242439 0.0000000000 0.0000000000 6.4010276794 -145.9384307861 0.0817891285
7.2933545113 0.0000000000 0.0000000000 6.3998937607 -145.9516296387 0.0821374208
7.2918887138 0.0000000000 0.0000000000 6.3994526863 -145.9680480957 0.0818947256
7.2884507179 0.0000000000 0.0000000000 6.3990540504 -145.9819335938 0.0817660838
7.2843399048 0.0000000000 0.0000000000 6.3991503716 -145.9958801270 0.0817996562
7.2841429710 0.0000000000 0.0000000000 6.3989367485 -146.0133972168 0.0815694183
7.2781538963 0.0000000000 0.0000000000 6.3986210823 -146.0259094238 0.0820265114
7.2742004395 0.0000000000 0.0000000000 6.3982205391 -146.0400543213 0.0825096741
7.2725677490 0.0000000000 0.0000000000 6.3974199295 -146.0566101074 0.0828923136
7.2690787315 0.0000000000 0.0000000000 6.3968300819 -146.0695495605 0.0835126489
7.2652034760 0.0000000000 0.0000000000 6.3959589005 -146.0813140869 0.0838304386
7.2627401352 0.0000000000 0.0000000000 6.3951668739 -146.0958557129 0.0836531371
7.2611851692 0.0000000000 0.0000000000 6.3940463066 -146.1112670898 0.0833191350
7.2554850578 0.0000000000 0.0000000000 6.3928885460 -146.1227569580 0.0834626853
7.2536087036 0.0000000000 0.0000000000 6.3922567368 -146.1380004883 0.0831845775
7.2505688667 0.0000000000 0.0000000000 6.3915591240 -146.1509704590 0.0830873549
7.2476954460 0.0000000000 0.0000000000 6.3906784058 -146.1629333496 0.0828231052
7.2461085320 0.0000000000 0.0000000000 6.3893322945 -146.1756134033 0.0820890889
7.2414698601 0.0000000000 0.0000000000 6.3884263039 -146.1867675781 0.0822811574
7.2394309044 0.0000000000 0.0000000000 6.3874301910 -146.1996917725 0.0825766623
7.2367987633 0.0000000000 0.0000000000 6.3871293068 -146.2144470215 0.0827600807
7.2330598831 0.0000000000 0.0000000000 6.3868956566 -146.2263336182 0.0828335285
7.2314095497 0.0000000000 0.0000000000 6.3853821754 -146.2371978760 0.0832110792
7.2278456688 0.0000000000 0.0000000000 6.3845057487 -146.2496948242 0.0834152922
7.2271375656 0.0000000000 0.0000000000 6.3833041191 -146.2628784180 0.0831709430
7.2231631279 0.0000000000 0.0000000000 6.3822093010 -146.2731933594 0.0828534290
7.2198529243 0.0000000000 0.0000000000 6.3814473152 -146.2854614258 0.0821901113
7.2189536095 0.0000000000 0.0000000000 6.3806824684 -146.2971801758 0.0816669688
7.2174162865 0.0000000000 0.0000000000 6.3792324066 -146.3087158203 0.0819603205
7.2137303352 0.0000000000 0.0000000000 6.3782148361 -146.3209381104 0.0818707943
7.2103796005 0.0000000000 0.0000000000 6.3778262138 -146.3309478760 0.0826471895
7.2090883255 0.0000000000 0.0000000000 6.3772258759 -146.3420867920 0.0828552693
7.2047948837 0.0000000000 0.0000000000 6.3768191338 -146.3545379639 0.0829653293
7.2001700401 0.0000000000 0.0000000000 6.3764314651 -146.3637542725 0.0833166242
7.1995782852 0.0000000000 0.0000000000 6.3753075600 -146.3765869141 0.0830793530
7.1983976364 0.0000000000 0.0000000000 6.3750848770 -146.3888549805 0.0829854310
7.1929440498 0.0000000000 0.0000000000 6.3743801117 -146.3976135254 0.0833574310
7.1901535988 0.0000000000 0.0000000000 6.3736896515 -146.4092102051 0.0835385993
7.1910562515 0.0000000000 0.0000000000 6.3724918365 -146.4211120605 0.0835381001
7.1874165535 0.0000000000 0.0000000000 6.3714098930 -146.4307556152 0.0838737190
7.1846280098 0.0000000000 0.0000000000 6.3709015846 -146.4414062500 0.0837698504
7.1847667694 0.0000000000 0.0000000000 6.3700084686 -146.4542846680 0.0836965069
7.1807355881 0.0000000000 0.0000000000 6.3693437576 -146.4628295898 0.0838918090
7.1761713028 0.0000000000 0.0000000000 6.3686337471 -146.4723358154 0.0840685144
7.1767373085 0.0000000000 0.0000000000 6.3677687645 -146.4840698242 0.0838427246
7.1729488373 0.0000000000 0.0000000000 6.3668856621 -146.4930877686 0.0840524957
7.1696758270 0.0000000000 0.0000000000 6.3663606644 -146.5022735596 0.0839607790
7.1693897247 0.0000000000 0.0000000000 6.3655743599 -146.5129699707 0.0837814882
7.1668629646 0.0000000000 0.0000000000 6.3645286560 -146.5222320557 0.0834766924
7.1632862091 0.0000000000 0.0000000000 6.3638820648 -146.5307464600 0.0836498141
7.1633415222 0.0000000000 0.0000000000 6.3631172180 -146.5424957275 0.0835853666
7.1590733528 0.0000000000 0.0000000000 6.3624668121 -146.5508728027 0.0839861333
7.1583824158 0.0000000000 0.0000000000 6.3610281944 -146.5606842041 0.0842133015
7.1545996666 0.0000000000 0.0000000000 6.3608365059 -146.5688476562 0.0842322558
7.1524820328 0.0000000000 0.0000000000 6.3600163460 -146.5787048340 0.0838066936
7.1488547325 0.0000000000 0.0000000000 6.3593039513 -146.5851593018 0.0834261179
7.1503515244 0.0000000000 0.0000000000 6.3579039574 -146.5977478027 0.0826580226
7.1469254494 0.0000000000 0.0000000000 6.3571662903 -146.6060180664 0.0826489255
7.1436576843 0.0000000000 0.0000000000 6.3566665649 -146.6139526367 0.0830679387
7.1431813240 0.0000000000 0.0000000000 6.3554553986 -146.6241760254 0.0829966739
7.1389045715 0.0000000000 0.0000000000 6.3553853035 -146.6302490234 0.0832930803
7.1378865242 0.0000000000 0.0000000000 6.3547263145 -146.6412506104 0.0831556395
7.1370768547 0.0000000000 0.0000000000 6.3539519310 -146.6502990723 0.0830622911
7.1347789764 0.0000000000 0.0000000000 6.3534369469 -146.6579437256 0.0836519897
7.1307649612 0.0000000000 0.0000000000 6.3532299995 -146.6644897461 0.0836409703
7.1292920113 0.0000000000 0.0000000000 6.3529801369 -146.6743164062 0.0841566920
7.1275787354 0.0000000000 0.0000000000 6.3520159721 -146.6827545166 0.0845488533
7.1240234375 0.0000000000 0.0000000000 6.3515758514 -146.6895599365 0.0851131529
7.1227746010 0.0000000000 0.0000000000 6.3505811691 -146.6989135742 0.0855112746
7.1198525429 0.0000000000 0.0000000000 6.3496236801 -146.7052307129 0.0855654031
7.1192598343 0.0000000000 0.0000000000 6.3488850594 -146.7142181396 0.0849200860
7.1172676086 0.0000000000 0.0000000000 6.3476333618 -146.7231292725 0.0851542130
7.1147522926 0.0000000000 0.0000000000 6.3463497162 -146.7280731201 0.0861695707
7.1162109375 0.0000000000 0.0000000000 6.3454642296 -146.7358703613 0.0868490934
7.1111164093 0.0000000000 0.0000000000 6.3444514275 -146.7433013916 0.0879719183
7.1130108833 0.0000000000 0.0000000000 6.3428397179 -146.7498779297 0.0876283646
7.1104698181 0.0000000000 0.0000000000 6.3419446945 -146.7547760010 0.0868964344
7.1065430641 0.0000000000 0.0000000000 6.3408389091 -146.7609252930 0.0861144215
7.1061396599 0.0000000000 0.0000000000 6.3397231102 -146.7664947510 0.0857437402
7.1048283577 0.0000000000 0.0000000000 6.3396091461 -146.7733154297 0.0856879503
7.1021909714 0.0000000000 0.0000000000 6.3388056755 -146.7772216797 0.0865481645
7.0992870331 0.0000000000 0.0000000000 6.3381934166 -146.7827148438 0.0870829821
7.0982537270 0.0000000000 0.0000000000 6.3368778229 -146.7888031006 0.0871649757
7.0972013474 0.0000000000 0.0000000000 6.3359241486 -146.7945709229 0.0868964940
7.0950407982 0.0000000000 0.0000000000 6.3349442482 -146.7992401123 0.0860294700
7.0918598175 0.0000000000 0.0000000000 6.3345227242 -146.8057861328 0.0857793614
7.0894193649 0.0000000000 0.0000000000 6.3337311745 -146.8123626709 0.0854327232
7.0897679329 0.0000000000 0.0000000000 6.3324723244 -146.8182525635 0.0854900479
7.0866417885 0.0000000000 0.0000000000 6.3321795464 -146.8234710693 0.0855224431
7.0857930183 0.0000000000 0.0000000000 6.3311243057 -146.8299713135 0.0856210664
7.0849862099 0.0000000000 0.0000000000 6.3300108910 -146.8365173340 0.0855552703
7.0805034637 0.0000000000 0.0000000000 6.3291230202 -146.8413696289 0.0855699182
7.0800776482 0.0000000000 0.0000000000 6.3279695511 -146.8494873047 0.0853601247
7.0809345245 0.0000000000 0.0000000000 6.3277125359 -146.8567047119 0.0850589946
7.0765771866 0.0000000000 0.0000000000 6.3277320862 -146.8610229492 0.0855560228
7.0750131607 0.0000000000 0.0000000000 6.3279619217 -146.8689880371 0.0855529904
7.0739383698 0.0000000000 0.0000000000 6.3273606300 -146.8759307861 0.0853979215
7.0716743469 0.0000000000 0.0000000000 6.3263454437 -146.8825378418 0.0849806368
7.0716061592 0.0000000000 0.0000000000 6.3254070282 -146.8905792236 0.0844956189
7.0690274239 0.0000000000 0.0000000000 6.3245935440 -146.8959960938 0.0846268609
7.0671272278 0.0000000000 0.0000000000 6.3242440224 -146.9016876221 0.0846316591
7.0656614304 0.0000000000 0.0000000000 6.3240561485 -146.9081726074 0.0844931901
7.0642309189 0.0000000000 0.0000000000 6.3234038353 -146.9145050049 0.0846948400
7.0639939308 0.0000000000 0.0000000000 6.3223166466 -146.9229431152 0.0848721713
7.0597114563 0.0000000000 0.0000000000 6.3218512535 -146.9273681641 0.0857423916
7.0590963364 0.0000000000 0.0000000000 6.3205943108 -146.9355163574 0.0860854685
7.0560784340 0.0000000000 0.0000000000 6.3199110031 -146.9413146973 0.0862935185
7.0557618141 0.0000000000 0.0000000000 6.3189311028 -146.9487304688 0.0859289020
7.0524125099 0.0000000000 0.0000000000 6.3187661171 -146.9544372559 0.0856839269
7.0530338287 0.0000000000 0.0000000000 6.3178563118 -146.9616699219 0.0852727816
7.0511865616 0.0000000000 0.0000000000 6.3169541359 -146.9669189453 0.0855571181
7.0489153862 0.0000000000 0.0000000000 6.3162646294 -146.9724426270 0.0852761492
7.0503277779 0.0000000000 0.0000000000 6.3146948814 -146.9787292480 0.0850388557
7.0475883484 0.0000000000 0.0000000000 6.3132214546 -146.9843444824 0.0860389173
7.0468959808 0.0000000000 0.0000000000 6.3120493889 -146.9905242920 0.0868865848
7.0454039574 0.0000000000 0.0000000000 6.3114714622 -146.9960632324 0.0869761780
7.0421743393 0.0000000000 0.0000000000 6.3108701706 -147.0007019043 0.0872226357
7.0405912399 0.0000000000 0.0000000000 6.3100156784 -147.0064697266 0.0875788555
7.0422348976 0.0000000000 0.0000000000 6.3088331223 -147.0152435303 0.0875079483
7.0377750397 0.0000000000 0.0000000000 6.3078556061 -147.0182800293 0.0880235061
7.0371828079 0.0000000000 0.0000000000 6.3070960045 -147.0254364014 0.0876335502
7.0383920670 0.0000000000 0.0000000000 6.3064122200 -147.0321502686 0.0870934129
7.0343308449 0.0000000000 0.0000000000 6.3058481216 -147.0360717773 0.0875387490
7.0356965065 0.0000000000 0.0000000000 6.3050055504 -147.0435485840 0.0870871916
7.0356297493 0.0000000000 0.0000000000 6.3044586182 -147.0495300293 0.0871080533
7.0324654579 0.0000000000 0.0000000000 6.3037781715 -147.0510101318 0.0878880620
7.0320887566 0.0000000000 0.0000000000 6.3030014038 -147.0574951172 0.0875679031
7.0312652588 0.0000000000 0.0000000000 6.3022370338 -147.0634460449 0.0876577124
7.0309233665 0.0000000000 0.0000000000 6.3009448051 -147.0689392090 0.0875788331
7.0273375511 0.0000000000 0.0000000000 6.2998275757 -147.0723724365 0.0880527347
7.0285100937 0.0000000000 0.0000000000 6.2989754677 -147.0796966553 0.0882650316
7.0265841484 0.0000000000 0.0000000000 6.2989788055 -147.0837097168 0.0893568918
7.0248289108 0.0000000000 0.0000000000 6.2983698845 -147.0880889893 0.0902944058
7.0228171349 0.0000000000 0.0000000000 6.2976918221 -147.0929565430 0.0906079635
7.0220146179 0.0000000000 0.0000000000 6.2966341972 -147.0981292725 0.0900419950
7.0220513344 0.0000000000 0.0000000000 6.2959799767 -147.1037597656 0.0888562128
7.0192933083 0.0000000000 0.0000000000 6.2957739830 -147.1073455811 0.0886152834
7.0182118416 0.0000000000 0.0000000000 6.2949700356 -147.1122436523 0.0891235471
7.0164241791 0.0000000000 0.0000000000 6.2952284813 -147.1164703369 0.0893479958
7.0171561241 0.0000000000 0.0000000000 6.2941284180 -147.1210479736 0.0894700140
7.0113444328 0.0000000000 0.0000000000 6.2942996025 -147.1217651367 0.0898199379
7.0165863037 0.0000000000 0.0000000000 6.2924337387 -147.1292419434 0.0890907198
7.0112514496 0.0000000000 0.0000000000 6.2927589417 -147.1296844482 0.0892657340
7.0119929314 0.0000000000 0.0000000000 6.2912755013 -147.1350097656 0.0891937166
7.0093064308 0.0000000000 0.0000000000 6.2917337418 -147.1392364502 0.0889474899
7.0094599724 0.0000000000 0.0000000000 6.2906184196 -147.1454620361 0.0882029682
7.0064792633 0.0000000000 0.0000000000 6.2897548676 -147.1475372314 0.0885625929
7.0067958832 0.0000000000 0.0000000000 6.2891316414 -147.1531677246 0.0883581564
7.0075869560 0.0000000000 0.0000000000 6.2882571220 -147.1586303711 0.0880003721
7.0018062592 0.0000000000 0.0000000000 6.2885580063 -147.1593017578 0.0883706734
7.0045328140 0.0000000000 0.0000000000 6.2879610062 -147.1651916504 0.0882213712
7.0041413307 0.0000000000 0.0000000000 6.2878532410 -147.1703338623 0.0885747224
7.0011525154 0.0000000000 0.0000000000 6.2864742279 -147.1729278564 0.0891300663
7.0002598763 0.0000000000 0.0000000000 6.2865662575 -147.1779022217 0.0890530050
6.9992766380 0.0000000000 0.0000000000 6.2856235504 -147.1824340820 0.0885711312
6.9970817566 0.0000000000 0.0000000000 6.2845649719 -147.1858215332 0.0886053294
6.9964880943 0.0000000000 0.0000000000 6.2838015556 -147.1880493164 0.0883401558
6.9961147308 0.0000000000 0.0000000000 6.2829046249 -147.1896209717 0.0876779482
6.9927849770 0.0000000000 0.0000000000 6.2823143005 -147.1854858398 0.0878955796
6.9943947792 0.0000000000 0.0000000000 6.2817106247 -147.1871643066 0.0880356729
6.9903793335 0.0000000000 0.0000000000 6.2818207741 -147.1840667725 0.0888450444
6.9894781113 0.0000000000 0.0000000000 6.2815203667 -147.1832885742 0.0891155154
6.9879913330 0.0000000000 0.0000000000 6.2814445496 -147.1831970215 0.0892012194
6.9867024422 0.0000000000 0.0000000000 6.2809834480 -147.1832122803 0.0884435326
6.9861330986 0.0000000000 0.0000000000 6.2801165581 -147.1834564209 0.0879371613
6.9842324257 0.0000000000 0.0000000000 6.2799730301 -147.1836853027 0.0877619833
6.9823260307 0.0000000000 0.0000000000 6.2799453735 -147.1846313477 0.0878943354
6.9810857773 0.0000000000 0.0000000000 6.2790508270 -147.1856689453 0.0881868228
6.9810395241 0.0000000000 0.0000000000 6.2786951065 -147.1892395020 0.0883194432
6.9789953232 0.0000000000 0.0000000000 6.2780537605 -147.1905212402 0.0881861150
6.9784679413 0.0000000000 0.0000000000 6.2772989273 -147.1933288574 0.0879046321
6.9786114693 0.0000000000 0.0000000000 6.2769479752 -147.1974334717 0.0869388208
6.9744405746 0.0000000000 0.0000000000 6.2767419815 -147.1985168457 0.0867520273
6.9769978523 0.0000000000 0.0000000000 6.2757420540 -147.2050018311 0.0866820365
6.9740910530 0.0000000000 0.0000000000 6.2747344971 -147.2071533203 0.0871200040
6.9728736877 0.0000000000 0.0000000000 6.2738575935 -147.2113647461 0.0872966275
6.9743289948 0.0000000000 0.0000000000 6.2725615501 -147.2180328369 0.0872458443
6.9695372581 0.0000000000 0.0000000000 6.2722210884 -147.2197875977 0.0878071040
6.9689774513 0.0000000000 0.0000000000 6.2718138695 -147.2251281738 0.0879148021
6.9683766365 0.0000000000 0.0000000000 6.2713317871 -147.2309265137 0.0887012184
6.9665689468 0.0000000000 0.0000000000 6.2703676224 -147.2346191406 0.0896803141
6.9660181999 0.0000000000 0.0000000000 6.2702093124 -147.2409210205 0.0899969637
6.9662184715 0.0000000000 0.0000000000 6.2690439224 -147.2474822998 0.0902350843
6.9630532265 0.0000000000 0.0000000000 6.2688894272 -147.2514648438 0.0907102823
6.9639029503 0.0000000000 0.0000000000 6.2680358887 -147.2593078613 0.0901370123
6.9626150131 0.0000000000 0.0000000000 6.2677655220 -147.2633972168 0.0901844949
6.9594187737 0.0000000000 0.0000000000 6.2670798302 -147.2673187256 0.0904857218
6.9588866234 0.0000000000 0.0000000000 6.2665348053 -147.2735443115 0.0908700004
6.9577732086 0.0000000000 0.0000000000 6.2655930519 -147.2762908936 0.0911347941
6.9570741653 0.0000000000 0.0000000000 6.2647871971 -147.2821655273 0.0919142812
6.9564323425 0.0000000000 0.0000000000 6.2635717392 -147.2875213623 0.0934720114
6.9560585022 0.0000000000 0.0000000000 6.2626209259 -147.2919769287 0.0946664661
6.9565491676 0.0000000000 0.0000000000 6.2614002228 -147.2990417480 0.0948851407
6.9529900551 0.0000000000 0.0000000000 6.2613854408 -147.3020172119 0.0947877616
6.9522557259 0.0000000000 0.0000000000 6.2605724335 -147.3076324463 0.0939733908
6.9488244057 0.0000000000 0.0000000000 6.2602577209 -147.3103942871 0.0932373032
6.9485502243 0.0000000000 0.0000000000 6.2598137856 -147.3163452148 0.0926723927
6.9463210106 0.0000000000 0.0000000000 6.2591619492 -147.3209838867 0.0925722718
6.9442987442 0.0000000000 0.0000000000 6.2584595680 -147.3226776123 0.0932022333
6.9468097687 0.0000000000 0.0000000000 6.2576937675 -147.3300476074 0.0931523889
6.9448175430 0.0000000000 0.0000000000 6.2574796677 -147.3339538574 0.0932152569
6.9442386627 0.0000000000 0.0000000000 6.2559943199 -147.3380889893 0.0936297700
6.9412579536 0.0000000000 0.0000000000 6.2556519508 -147.3417663574 0.0932982191
6.9420390129 0.0000000000 0.0000000000 6.2543697357 -147.3485717773 0.0933155268
6.9392342567 0.0000000000 0.0000000000 6.2538528442 -147.3518524170 0.0936293453
6.9395899773 0.0000000000 0.0000000000 6.2529678345 -147.3563079834 0.0933984742
6.9383649826 0.0000000000 0.0000000000 6.2528486252 -147.3608856201 0.0932345167
6.9351801872 0.0000000000 0.0000000000 6.2517395020 -147.3640747070 0.0934006125
6.9346718788 0.0000000000 0.0000000000 6.2516140938 -147.3681030273 0.0932926312
6.9332809448 0.0000000000 0.0000000000 6.2504234314 -147.3722076416 0.0932673216
6.9320211411 0.0000000000 0.0000000000 6.2498130798 -147.3736877441 0.0936169997
6.9334011078 0.0000000000 0.0000000000 6.2487888336 -147.3786163330 0.0935088173
6.9293518066 0.0000000000 0.0000000000 6.2481956482 -147.3798522949 0.0935932398
6.9281492233 0.0000000000 0.0000000000 6.2472424507 -147.3825988770 0.0931405276
6.9280600548 0.0000000000 0.0000000000 6.2465529442 -147.3854827881 0.0923933983
6.9260573387 0.0000000000 0.0000000000 6.2457046509 -147.3892974854 0.0923099518
6.9265127182 0.0000000000 0.0000000000 6.2448215485 -147.3941955566 0.0922274292
6.9233999252 0.0000000000 0.0000000000 6.2445664406 -147.3928833008 0.0921085849
6.9224290848 0.0000000000 0.0000000000 6.2436623573 -147.3912200928 0.0918949246
6.9223775864 0.0000000000 0.0000000000 6.2431778908 -147.3880767822 0.0909796506
6.9217152596 0.0000000000 0.0000000000 6.2423996925 -147.3847198486 0.0903160796
6.9191670418 0.0000000000 0.0000000000 6.2421445847 -147.3815612793 0.0895792246
6.9188427925 0.0000000000 0.0000000000 6.2404742241 -147.3775634766 0.0896030515
6.9160985947 0.0000000000 0.0000000000 6.2406244278 -147.3765106201 0.0895363092
6.9153394699 0.0000000000 0.0000000000 6.2399096489 -147.3739929199 0.0897337571
6.9141325951 0.0000000000 0.0000000000 6.2391786575 -147.3710021973 0.0904166698
6.9129352570 0.0000000000 0.0000000000 6.2386040688 -147.3687591553 0.0912151113
6.9110250473 0.0000000000 0.0000000000 6.2381410599 -147.3658447266 0.0920633227
6.9109721184 0.0000000000 0.0000000000 6.2374639511 -147.3661499023 0.0925449133
6.9091424942 0.0000000000 0.0000000000 6.2371149063 -147.3674926758 0.0922599286
6.9062776566 0.0000000000 0.0000000000 6.2362957001 -147.3689880371 0.0921035931
6.9083466530 0.0000000000 0.0000000000 6.2350635529 -147.3728332520 0.0918251127
6.9109373093 0.0000000000 0.0000000000 6.2341127396 -147.3773956299 0.0917759538
6.9057006836 0.0000000000 0.0000000000 6.2335171700 -147.3779602051 0.0934393406
6.9054698944 0.0000000000 0.0000000000 6.2332143784 -147.3827972412 0.0940214768
6.9052000046 0.0000000000 0.0000000000 6.2327704430 -147.3863525391 0.0950680226
6.9031095505 0.0000000000 0.0000000000 6.2320098877 -147.3877258301 0.0962765962
6.9025611877 0.0000000000 0.0000000000 6.2311949730 -147.3897399902 0.0966045707
6.9036335945 0.0000000000 0.0000000000 6.2308425903 -147.3822174072 0.0966306627
6.9014139175 0.0000000000 0.0000000000 6.2301516533 -147.3731842041 0.0962126255
6.8998665810 0.0000000000 0.0000000000 6.2294869423 -147.3599395752 0.0957081765
6.9003171921 0.0000000000 0.0000000000 6.2290515900 -147.3454895020 0.0951244235
6.8963594437 0.0000000000 0.0000000000 6.2292184830 -147.3277435303 0.0948361158
6.8967747688 0.0000000000 0.0000000000 6.2280778885 -147.3126525879 0.0945495665
6.8953385353 0.0000000000 0.0000000000 6.2278265953 -147.2959289551 0.0951387733
6.8943419456 0.0000000000 0.0000000000 6.2271022797 -147.2803497314 0.0955213606
6.8941326141 0.0000000000 0.0000000000 6.2261595726 -147.2673797607 0.0956870243
6.8938546181 0.0000000000 0.0000000000 6.2260856628 -147.2543487549 0.0952966437
6.8930745125 0.0000000000 0.0000000000 6.2260394096 -147.2441864014 0.0945182815
6.8881187439 0.0000000000 0.0000000000 6.2256703377 -147.2315216064 0.0942694247
6.8893017769 0.0000000000 0.0000000000 6.2246265411 -147.2255249023 0.0937384740
6.8881602287 0.0000000000 0.0000000000 6.2244377136 -147.2189178467 0.0940303504
6.8869948387 0.0000000000 0.0000000000 6.2230472565 -147.2132720947 0.0950618237
6.8836302757 0.0000000000 0.0000000000 6.2226119041 -147.2103881836 0.0958183259
6.8844618797 0.0000000000 0.0000000000 6.2215223312 -147.2093811035 0.0964659601
6.8824868202 0.0000000000 0.0000000000 6.2215642929 -147.2077941895 0.0968761146
6.8798766136 0.0000000000 0.0000000000 6.2208056450 -147.2061767578 0.0969561338
6.8794298172 0.0000000000 0.0000000000 6.2204351425 -147.2076263428 0.0962243229
6.8785023689 0.0000000000 0.0000000000 6.2192974091 -147.2117004395 0.0954117477
6.8757443428 0.0000000000 0.0000000000 6.2187023163 -147.2103881836 0.0944739878
6.8764786720 0.0000000000 0.0000000000 6.2179927826 -147.2123718262 0.0936217308
6.8749513626 0.0000000000 0.0000000000 6.2172093391 -147.2138061523 0.0947050750
6.8732838631 0.0000000000 0.0000000000 6.2166514397 -147.2154541016 0.0955732614
6.8732128143 0.0000000000 0.0000000000 6.2162132263 -147.2175903320 0.0959329903
6.8698287010 0.0000000000 0.0000000000 6.2159566879 -147.2178344727 0.0972859934
6.8717412949 0.0000000000 0.0000000000 6.2146601677 -147.2220764160 0.0975819826
6.8688955307 0.0000000000 0.0000000000 6.2138404846 -147.2199707031 0.0987292975
6.8673129082 0.0000000000 0.0000000000 6.2128381729 -147.2222900391 0.1001002491
6.8669719696 0.0000000000 0.0000000000 6.2127132416 -147.2255859375 0.1006456316
6.8646845818 0.0000000000 0.0000000000 6.2120733261 -147.2270050049 0.1011701599
6.8634524345 0.0000000000 0.0000000000 6.2106542587 -147.2288208008 0.1005168259
6.8632750511 0.0000000000 0.0000000000 6.2096433640 -147.2334594727 0.0984554291
6.8645195961 0.0000000000 0.0000000000 6.2084817886 -147.2377624512 0.0958941951
6.8620872498 0.0000000000 0.0000000000 6.2077503204 -147.2414398193 0.0942389667
6.8616623878 0.0000000000 0.0000000000 6.2068820000 -147.2467651367 0.0932827443
6.8592844009 0.0000000000 0.0000000000 6.2065052986 -147.2498168945 0.0935543031
6.8598618507 0.0000000000 0.0000000000 6.2055521011 -147.2567901611 0.0946311504
6.8573527336 0.0000000000 0.0000000000 6.2047657967 -147.2620849609 0.0956647396
6.8584723473 0.0000000000 0.0000000000 6.2040252686 -147.2686157227 0.0957471877
6.8547449112 0.0000000000 0.0000000000 6.2033724785 -147.2745666504 0.0955860242
6.8555111885 0.0000000000 0.0000000000 6.2026352882 -147.2800292969 0.0944392979
6.8551702499 0.0000000000 0.0000000000 6.2018842697 -147.2860565186 0.0937414542
6.8533797264 0.0000000000 0.0000000000 6.2012219429 -147.2909545898 0.0932439864
6.8505578041 0.0000000000 0.0000000000 6.2007260323 -147.2952117920 0.0941084325
6.8538565636 0.0000000000 0.0000000000 6.2001404762 -147.3050537109 0.0948658437
6.8533287048 0.0000000000 0.0000000000 6.1994233131 -147.3107604980 0.0959108397
6.8488779068 0.0000000000 0.0000000000 6.1990976334 -147.3152923584 0.0967433006
6.8489956856 0.0000000000 0.0000000000 6.1985135078 -147.3224029541 0.0965842977
6.8479123116 0.0000000000 0.0000000000 6.1979908943 -147.3274536133 0.0975292549
6.8470096588 0.0000000000 0.0000000000 6.1972713470 -147.3365478516 0.0987016410
6.8433585167 0.0000000000 0.0000000000 6.1977205276 -147.3388519287 0.1014127135
6.8415398598 0.0000000000 0.0000000000 6.1968479156 -147.3464050293 0.1029471159
6.8430805206 0.0000000000 0.0000000000 6.1965665817 -147.3535461426 0.1031107455
6.8418860435 0.0000000000 0.0000000000 6.1953845024 -147.3570861816 0.1029174924
6.8399200439 0.0000000000 0.0000000000 6.1940302849 -147.3607635498 0.1023105681
6.8399934769 0.0000000000 0.0000000000 6.1937327385 -147.3621215820 0.1009618491
6.8383111954 0.0000000000 0.0000000000 6.1929144859 -147.3592376709 0.1001734883
6.8361935616 0.0000000000 0.0000000000 6.1925063133 -147.3558807373 0.0991767496
6.8344998360 0.0000000000 0.0000000000 6.1914186478 -147.3544311523 0.0984456316
6.8321433067 0.0000000000 0.0000000000 6.1908688545 -147.3532714844 0.0977639183
6.8332142830 0.0000000000 0.0000000000 6.1901059151 -147.3535766602 0.0971302465
6.8300313950 0.0000000000 0.0000000000 6.1891136169 -147.3502197266 0.0973795503
6.8303322792 0.0000000000 0.0000000000 6.1890645027 -147.3493041992 0.0971587598
6.8294615746 0.0000000000 0.0000000000 6.1887602806 -147.3507385254 0.0969403163
6.8269443512 0.0000000000 0.0000000000 6.1890239716 -147.3476715088 0.0967809185
6.8303046227 0.0000000000 0.0000000000 6.1880345345 -147.3506011963 0.0957894474
6.8252286911 0.0000000000 0.0000000000 6.1882576942 -147.3458557129 0.0950686783
6.8281722069 0.0000000000 0.0000000000 6.1875290871 -147.3478546143 0.0936997086
6.8262009621 0.0000000000 0.0000000000 6.1868901253 -147.3441925049 0.0927775800
6.8230504990 0.0000000000 0.0000000000 6.1859230995 -147.3416137695 0.0928374007
6.8223958015 0.0000000000 0.0000000000 6.1844635010 -147.3432617188 0.0929682031
6.8234100342 0.0000000000 0.0000000000 6.1833381653 -147.3436126709 0.0937425345
6.8204655647 0.0000000000 0.0000000000 6.1826000214 -147.3443603516 0.0958201662
6.8211011887 0.0000000000 0.0000000000 6.1814346313 -147.3483123779 0.0969226360
6.8208317757 0.0000000000 0.0000000000 6.1805472374 -147.3520202637 0.0979630649
6.8174905777 0.0000000000 0.0000000000 6.1799039841 -147.3540954590 0.0985559672
6.8172984123 0.0000000000 0.0000000000 6.1790151596 -147.3599395752 0.0979126617
6.8182721138 0.0000000000 0.0000000000 6.1774840355 -147.3652648926 0.0968546420
6.8160872459 0.0000000000 0.0000000000 6.1766285896 -147.3706665039 0.0955627486
6.8150668144 0.0000000000 0.0000000000 6.1757507324 -147.3757934570 0.0949977487
6.8165020943 0.0000000000 0.0000000000 6.1744775772 -147.3820648193 0.0950949490
6.8141803741 0.0000000000 0.0000000000 6.1733641624 -147.3870391846 0.0961266533
6.8122954369 0.0000000000 0.0000000000 6.1722455025 -147.3935852051 0.0972426608
6.8130688667 0.0000000000 0.0000000000 6.1715083122 -147.3999786377 0.0979687274
6.8126211166 0.0000000000 0.0000000000 6.1700282097 -147.4069824219 0.0985527784
6.8088741302 0.0000000000 0.0000000000 6.1695494652 -147.4121398926 0.0991344079
6.8108825684 0.0000000000 0.0000000000 6.1685366631 -147.4208374023 0.0991870835
6.8092870712 0.0000000000 0.0000000000 6.1678767204 -147.4262237549 0.1000697166
6.8103919029 0.0000000000 0.0000000000 6.1667952538 -147.4345092773 0.0996021181
6.8086013794 0.0000000000 0.0000000000 6.1659765244 -147.4403228760 0.0997307301
6.8059296608 0.0000000000 0.0000000000 6.1658024788 -147.4472351074 0.1001016647
6.8051285744 0.0000000000 0.0000000000 6.1647901535 -147.4536743164 0.1000143662
6.8060178757 0.0000000000 0.0000000000 6.1641325951 -147.4606475830 0.0995426476
6.8062715530 0.0000000000 0.0000000000 6.1627740860 -147.4674377441 0.0990559161
6.8061728477 0.0000000000 0.0000000000 6.1612820625 -147.4701538086 0.0991411582
6.8075399399 0.0000000000 0.0000000000 6.1601247787 -147.4785766602 0.0995400921
6.8045039177 0.0000000000 0.0000000000 6.1598424911 -147.4823303223 0.1003938615
6.8067555428 0.0000000000 0.0000000000 6.1589617729 -147.4914550781 0.1011528075
6.8027138710 0.0000000000 0.0000000000 6.1585578918 -147.4942626953 0.1027390733
6.8004550934 0.0000000000 0.0000000000 6.1580262184 -147.4994049072 0.1039173156
6.8014044762 0.0000000000 0.0000000000 6.1573886871 -147.5069580078 0.1044878736
6.8006052971 0.0000000000 0.0000000000 6.1567888260 -147.5129394531 0.1042096466
6.7962012291 0.0000000000 0.0000000000 6.1557288170 -147.5150146484 0.1029184088
6.7975120544 0.0000000000 0.0000000000 6.1555881500 -147.5227966309 0.1009209082
6.7974433899 0.0000000000 0.0000000000 6.1541843414 -147.5272979736 0.0994856060
6.7948365211 0.0000000000 0.0000000000 6.1534671783 -147.5314178467 0.0985520631
6.7977552414 0.0000000000 0.0000000000 6.1520838737 -147.5361785889 0.0979051366
6.7947893143 0.0000000000 0.0000000000 6.1518092155 -147.5396881104 0.0982652903
6.7941017151 0.0000000000 0.0000000000 6.1510906219 -147.5444183350 0.0985780805
6.7961888313 0.0000000000 0.0000000000 6.1501131058 -147.5513458252 0.0980484635
6.7900242805 0.0000000000 0.0000000000 6.1496458054 -147.5524749756 0.0982918590
6.7917976379 0.0000000000 0.0000000000 6.1486144066 -147.5587921143 0.0981713012
6.7914209366 0.0000000000 0.0000000000 6.1482133865 -147.5658874512 0.0986634940
6.7878241539 0.0000000000 0.0000000000 6.1474990845 -147.5670928955 0.0997059345
6.7884764671 0.0000000000 0.0000000000 6.1473274231 -147.5729370117 0.0996405780
6.7913212776 0.0000000000 0.0000000000 6.1460037231 -147.5798950195 0.0990165100
6.7881474495 0.0000000000 0.0000000000 6.1457004547 -147.5803222656 0.0987791270
6.7879204750 0.0000000000 0.0000000000 6.1446542740 -147.5853576660 0.0986123979
6.7870845795 0.0000000000 0.0000000000 6.1440510750 -147.5890502930 0.0986768454
6.7868905067 0.0000000000 0.0000000000 6.1437201500 -147.5927581787 0.0990168005
6.7844467163 0.0000000000 0.0000000000 6.1431283951 -147.5955047607 0.0992993116
6.7823667526 0.0000000000 0.0000000000 6.1426239014 -147.5987396240 0.0992321968
6.7828788757 0.0000000000 0.0000000000 6.1416811943 -147.6033020020 0.0987879261
6.7825632095 0.0000000000 0.0000000000 6.1412873268 -147.6078033447 0.0982315093
6.7814960480 0.0000000000 0.0000000000 6.1414508820 -147.6123046875 0.0978986993
6.7781643867 0.0000000000 0.0000000000 6.1418642998 -147.6122894287 0.0989487022
6.7781815529 0.0000000000 0.0000000000 6.1411538124 -147.6138916016 0.0999548212
6.7771677971 0.0000000000 0.0000000000 6.1401696205 -147.6164093018 0.1006799042
6.7755017281 0.0000000000 0.0000000000 6.1402416229 -147.6191558838 0.1013467833
6.7749590874 0.0000000000 0.0000000000 6.1396737099 -147.6221618652 0.1013104022
6.7763471603 0.0000000000 0.0000000000 6.1392102242 -147.6261901855 0.1007119492
6.7734584808 0.0000000000 0.0000000000 6.1387057304 -147.6257629395 0.1006333381
6.7774586678 0.0000000000 0.0000000000 6.1382036209 -147.6316528320 0.1002765298
6.7744979858 0.0000000000 0.0000000000 6.1380367279 -147.6311950684 0.1009276658
6.7733111382 0.0000000000 0.0000000000 6.1371493340 -147.6329650879 0.1016833782
6.7734165192 0.0000000000 0.0000000000 6.1360960007 -147.6341552734 0.1024348289
6.7741007805 0.0000000000 0.0000000000 6.1356959343 -147.6381530762 0.1027577519
6.7718963623 0.0000000000 0.0000000000 6.1349220276 -147.6392517090 0.1036994085
6.7728424072 0.0000000000 0.0000000000 6.1343064308 -147.6434020996 0.1040480137
6.7679796219 0.0000000000 0.0000000000 6.1346569061 -147.6431121826 0.1047751307
6.7699317932 0.0000000000 0.0000000000 6.1340303421 -147.6490936279 0.1046160609
6.7702293396 0.0000000000 0.0000000000 6.1338334084 -147.6534729004 0.1040423736
6.7642822266 0.0000000000 0.0000000000 6.1332178116 -147.6516571045 0.1038291305
6.7667245865 0.0000000000 0.0000000000 6.1325087547 -147.6584472656 0.1025556400
6.7660493851 0.0000000000 0.0000000000 6.1320071220 -147.6613616943 0.1021169871
6.7650647163 0.0000000000 0.0000000000 6.1318020821 -147.6654205322 0.1022602916
6.7617979050 0.0000000000 0.0000000000 6.1313614845 -147.6673278809 0.1031467319
6.7629303932 0.0000000000 0.0000000000 6.1314659119 -147.6711120605 0.1036924273
6.7631487846 0.0000000000 0.0000000000 6.1308097839 -147.6731719971 0.1047247648
6.7620978355 0.0000000000 0.0000000000 6.1304564476 -147.6748657227 0.1051554233
6.7589697838 0.0000000000 0.0000000000 6.1297550201 -147.6751251221 0.1059871539
6.7597360611 0.0000000000 0.0000000000 6.1289844513 -147.6807250977 0.1053859442
6.7608027458 0.0000000000 0.0000000000 6.1284584999 -147.6848144531 0.1054523885
6.7588415146 0.0000000000 0.0000000000 6.1276082993 -147.6858367920 0.1058965847
6.7570781708 0.0000000000 0.0000000000 6.1274433136 -147.6881408691 0.1059008315
6.7585501671 0.0000000000 0.0000000000 6.1270565987 -147.6919555664 0.1054430157
6.7565083504 0.0000000000 0.0000000000 6.1267471313 -147.6927337646 0.1051923335
6.7594265938 0.0000000000 0.0000000000 6.1257762909 -147.6986389160 0.1040990278
6.7559738159 0.0000000000 0.0000000000 6.1258082390 -147.6983337402 0.1043051332
6.7569026947 0.0000000000 0.0000000000 6.1251888275 -147.7015075684 0.1037398577
6.7587389946 0.0000000000 0.0000000000 6.1243419647 -147.7043457031 0.1037358642
6.7538123131 0.0000000000 0.0000000000 6.1240229607 -147.7037200928 0.1047898233
6.7585411072 0.0000000000 0.0000000000 6.1236200333 -147.7090301514 0.1047157347
6.7535548210 0.0000000000 0.0000000000 6.1238617897 -147.7086791992 0.1045696437
6.7517046928 0.0000000000 0.0000000000 6.1229295731 -147.7116394043 0.1034139842
6.7527413368 0.0000000000 0.0000000000 6.1219410896 -147.7142333984 0.1020822078
6.7521619797 0.0000000000 0.0000000000 6.1210060120 -147.7147521973 0.1017406732
6.7501139641 0.0000000000 0.0000000000 6.1207537651 -147.7174377441 0.1019803137
6.7504277229 0.0000000000 0.0000000000 6.1209263802 -147.7213287354 0.1020522043
6.7479887009 0.0000000000 0.0000000000 6.1209650040 -147.7223052979 0.1024546176
6.7492890358 0.0000000000 0.0000000000 6.1204657555 -147.7256164551 0.1020539701
6.7507190704 0.0000000000 0.0000000000 6.1201682091 -147.7275085449 0.1016758531
6.7484450340 0.0000000000 0.0000000000 6.1199760437 -147.7253112793 0.1014152318
6.7514181137 0.0000000000 0.0000000000 6.1197032928 -147.7281036377 0.1013674662
6.7492432594 0.0000000000 0.0000000000 6.1197533607 -147.7261047363 0.1020935550
6.7480735779 0.0000000000 0.0000000000 6.1196918488 -147.7287597656 0.1020701230
6.7480154037 0.0000000000 0.0000000000 6.1195039749 -147.7316894531 0.1019116640
6.7495217323 0.0000000000 0.0000000000 6.1186323166 -147.7353820801 0.1009442657
6.7446370125 0.0000000000 0.0000000000 6.1184382439 -147.7359924316 0.1003988683
6.7452111244 0.0000000000 0.0000000000 6.1177811623 -147.7377929688 0.1005681008
6.7451639175 0.0000000000 0.0000000000 6.1176972389 -147.7404022217 0.1008075476
6.7413668633 0.0000000000 0.0000000000 6.1174635887 -147.7432250977 0.1013520956
6.7429461479 0.0000000000 0.0000000000 6.1167960167 -147.7490844727 0.1016870812
6.7382059097 0.0000000000 0.0000000000 6.1174659729 -147.7496643066 0.1021479666
6.7399783134 0.0000000000 0.0000000000 6.1159796715 -147.7553100586 0.1017877832
6.7394962311 0.0000000000 0.0000000000 6.1150116920 -147.7568054199 0.1018170640
6.7416629791 0.0000000000 0.0000000000 6.1141571999 -147.7600860596 0.1015343666
6.7364726067 0.0000000000 0.0000000000 6.1148500443 -147.7586059570 0.1013758332
6.7400956154 0.0000000000 0.0000000000 6.1137571335 -147.7653656006 0.1008464769
6.7348995209 0.0000000000 0.0000000000 6.1141653061 -147.7644042969 0.1012690663
6.7362337112 0.0000000000 0.0000000000 6.1137223244 -147.7694854736 0.1010644585
6.7349944115 0.0000000000 0.0000000000 6.1135149002 -147.7716674805 0.1008551121
6.7314467430 0.0000000000 0.0000000000 6.1128420830 -147.7696380615 0.1016301960
6.7337045670 0.0000000000 0.0000000000 6.1118946075 -147.7761840820 0.1008729562
6.7316126823 0.0000000000 0.0000000000 6.1120605469 -147.7757568359 0.1010607183
6.7349786758 0.0000000000 0.0000000000 6.1105833054 -147.7810058594 0.1003124416
6.7292323112 0.0000000000 0.0000000000 6.1107702255 -147.7798309326 0.1005135104
6.7314624786 0.0000000000 0.0000000000 6.1107215881 -147.7845153809 0.1005781293
6.7300868034 0.0000000000 0.0000000000 6.1107974052 -147.7848968506 0.1015017480
6.7295174599 0.0000000000 0.0000000000 6.1105217934 -147.7877960205 0.1028016806
6.7267222404 0.0000000000 0.0000000000 6.1103587151 -147.7884063721 0.1046168804
6.7275547981 0.0000000000 0.0000000000 6.1102266312 -147.7899932861 0.1058965325
6.7266960144 0.0000000000 0.0000000000 6.1093397141 -147.7893524170 0.1067783833
6.7264881134 0.0000000000 0.0000000000 6.1087551117 -147.7916259766 0.1073332950
6.7257966995 0.0000000000 0.0000000000 6.1077833176 -147.7910003662 0.1082890630
6.7235555649 0.0000000000 0.0000000000 6.1077170372 -147.7925415039 0.1089052856
6.7272968292 0.0000000000 0.0000000000 6.1070966721 -147.7976684570 0.1092216074
6.7244596481 0.0000000000 0.0000000000 6.1070237160 -147.7980346680 0.1103301495
6.7211184502 0.0000000000 0.0000000000 6.1065936089 -147.8000183105 0.1117434204
6.7197623253 0.0000000000 0.0000000000 6.1064000130 -147.8029479980 0.1121974736
6.7237510681 0.0000000000 0.0000000000 6.1061725616 -147.8081512451 0.1115247235
6.7170844078 0.0000000000 0.0000000000 6.1058382988 -147.8060913086 0.1112961322
6.7177233696 0.0000000000 0.0000000000 6.1048884392 -147.8096923828 0.1105370224
6.7194447517 0.0000000000 0.0000000000 6.1041731834 -147.8127288818 0.1100501791
6.7173724174 0.0000000000 0.0000000000 6.1038637161 -147.8129730225 0.1106015444
6.7173104286 0.0000000000 0.0000000000 6.1034197807 -147.8152160645 0.1106799021
6.7173562050 0.0000000000 0.0000000000 6.1030950546 -147.8187408447 0.1118241623
6.7196555138 0.0000000000 0.0000000000 6.1027603149 -147.8214721680 0.1124092489
6.7156977654 0.0000000000 0.0000000000 6.1024484634 -147.8195800781 0.1131093651
6.7177867889 0.0000000000 0.0000000000 6.1019787788 -147.8237915039 0.1120545566
6.7173380852 0.0000000000 0.0000000000 6.1013102531 -147.8250427246 0.1110523790
6.7156300545 0.0000000000 0.0000000000 6.1013369560 -147.8270111084 0.1093429998
6.7125239372 0.0000000000 0.0000000000 6.1001296043 -147.8273162842 0.1079664528
6.7137861252 0.0000000000 0.0000000000 6.0991234779 -147.8314514160 0.1066332310
6.7114157677 0.0000000000 0.0000000000 6.0983223915 -147.8297424316 0.1063872129
6.7105460167 0.0000000000 0.0000000000 6.0983991623 -147.8315887451 0.1056336984
6.7116713524 0.0000000000 0.0000000000 6.0979337692 -147.8342437744 0.1056497172
6.7088179588 0.0000000000 0.0000000000 6.0976910591 -147.8337097168 0.1058039218
6.7089719772 0.0000000000 0.0000000000 6.0967941284 -147.8350830078 0.1051794589
6.7075452805 0.0000000000 0.0000000000 6.0968933105 -147.8374481201 0.1044357717
6.7052021027 0.0000000000 0.0000000000 6.0967993736 -147.8383483887 0.1040005609
6.7054548264 0.0000000000 0.0000000000 6.0962924957 -147.8398895264 0.1037323847
6.7035851479 0.0000000000 0.0000000000 6.0957837105 -147.8428497314 0.1038995758
6.7042355537 0.0000000000 0.0000000000 6.0946865082 -147.8443298340 0.1048481464
6.7023706436 0.0000000000 0.0000000000 6.0947880745 -147.8451843262 0.1052752435
6.7038702965 0.0000000000 0.0000000000 6.0941805840 -147.8477935791 0.1046956256
6.7013273239 0.0000000000 0.0000000000 6.0941481590 -147.8474731445 0.1042495519
6.7007675171 0.0000000000 0.0000000000 6.0937900543 -147.8510437012 0.1030008942
6.6999001503 0.0000000000 0.0000000000 6.0938096046 -147.8520202637 0.1020685434
6.6961822510 0.0000000000 0.0000000000 6.0935959816 -147.8526306152 0.1016471535
6.6918587685 0.0000000000 0.0000000000 6.0935750008 -147.8544616699 0.1014842764
6.6963124275 0.0000000000 0.0000000000 6.0929813385 -147.8577423096 0.1009638608
6.6921329498 0.0000000000 0.0000000000 6.0929813385 -147.8587493896 0.1013782471
6.6898379326 0.0000000000 0.0000000000 6.0925397873 -147.8591156006 0.1027223021
6.6915211678 0.0000000000 0.0000000000 6.0926837921 -147.8624114990 0.1028100699
6.6893291473 0.0000000000 0.0000000000 6.0925064087 -147.8632812500 0.1036859900
6.6892805099 0.0000000000 0.0000000000 6.0923423767 -147.8654174805 0.1034995839
6.6896657944 0.0000000000 0.0000000000 6.0916991234 -147.8675537109 0.1036585793
6.6880950928 0.0000000000 0.0000000000 6.0918850899 -147.8687133789 0.1035937071
6.6893072128 0.0000000000 0.0000000000 6.0915970802 -147.8714904785 0.1043875813
6.6841826439 0.0000000000 0.0000000000 6.0912942886 -147.8701934814 0.1053957716
6.6825966835 0.0000000000 0.0000000000 6.0914468765 -147.8737030029 0.1055434942
6.6845846176 0.0000000000 0.0000000000 6.0909171104 -147.8769836426 0.1059618220
6.6806125641 0.0000000000 0.0000000000 6.0907950401 -147.8764343262 0.1057772040
6.6773133278 0.0000000000 0.0000000000 6.0912504196 -147.8794097900 0.1058712006
6.6803159714 0.0000000000 0.0000000000 6.0907402039 -147.8838806152 0.1055326685
6.6787366867 0.0000000000 0.0000000000 6.0907354355 -147.8824157715 0.1056579500
6.6778402328 0.0000000000 0.0000000000 6.0895190239 -147.8848266602 0.1061171889
6.6776471138 0.0000000000 0.0000000000 6.0901465416 -147.8858795166 0.1063986495
6.6766943932 0.0000000000 0.0000000000 6.0891518593 -147.8853454590 0.1074789390
6.6762619019 0.0000000000 0.0000000000 6.0889730453 -147.8870544434 0.1080820560
6.6731266975 0.0000000000 0.0000000000 6.0888299942 -147.8858184814 0.1090009809
6.6747312546 0.0000000000 0.0000000000 6.0883421898 -147.8892822266 0.1087004319
6.6720218658 0.0000000000 0.0000000000 6.0882501602 -147.8895568848 0.1084147394
6.6756701469 0.0000000000 0.0000000000 6.0876097679 -147.8964080811 0.1077536866
6.6718297005 0.0000000000 0.0000000000 6.0874452591 -147.8949279785 0.1084616855
6.6736454964 0.0000000000 0.0000000000 6.0870137215 -147.8978729248 0.1086473465
6.6704745293 0.0000000000 0.0000000000 6.0865607262 -147.8970947266 0.1097594127
6.6724362373 0.0000000000 0.0000000000 6.0862760544 -147.9019165039 0.1086476818
6.6694216728 0.0000000000 0.0000000000 6.0860295296 -147.9035339355 0.1080112904
6.6656627655 0.0000000000 0.0000000000 6.0862154961 -147.9043273926 0.1070514172
6.6668887138 0.0000000000 0.0000000000 6.0856752396 -147.9082031250 0.1059901565
6.6658582687 0.0000000000 0.0000000000 6.0857229233 -147.9085083008 0.1058799773
6.6644239426 0.0000000000 0.0000000000 6.0847606659 -147.9098205566 0.1060175151
6.6616749763 0.0000000000 0.0000000000 6.0844335556 -147.9096221924 0.1062159091
6.6641812325 0.0000000000 0.0000000000 6.0841722488 -147.9160156250 0.1061435118
6.6610026360 0.0000000000 0.0000000000 6.0838408470 -147.9176025391 0.1063619405
6.6595902443 0.0000000000 0.0000000000 6.0836024284 -147.9180908203 0.1056311280
6.6602277756 0.0000000000 0.0000000000 6.0833458900 -147.9222259521 0.1043836847
6.6595492363 0.0000000000 0.0000000000 6.0832438469 -147.9232940674 0.1033447087
6.6599926949 0.0000000000 0.0000000000 6.0817503929 -147.9241485596 0.1024869084
6.6580305099 0.0000000000 0.0000000000 6.0824093819 -147.9244537354 0.1022955924
6.6611166000 0.0000000000 0.0000000000 6.0816235542 -147.9277343750 0.1019942015
6.6593890190 0.0000000000 0.0000000000 6.0817418098 -147.9280853271 0.1021815762
6.6566615105 0.0000000000 0.0000000000 6.0816574097 -147.9260864258 0.1032898203
6.6591744423 0.0000000000 0.0000000000 6.0811543465 -147.9307098389 0.1035866290
6.6585350037 0.0000000000 0.0000000000 6.0808019638 -147.9316864014 0.1049765870
6.6572637558 0.0000000000 0.0000000000 6.0798230171 -147.9309997559 0.1059204191
6.6564259529 0.0000000000 0.0000000000 6.0793309212 -147.9339599609 0.1066043675
6.6578955650 0.0000000000 0.0000000000 6.0782494545 -147.9371795654 0.1069445461
6.6513338089 0.0000000000 0.0000000000 6.0790896416 -147.9364776611 0.1075391844
6.6559219360 0.0000000000 0.0000000000 6.0781440735 -147.9420471191 0.1066493541
6.6500577927 0.0000000000 0.0000000000 6.0787329674 -147.9377899170 0.1068508327
6.6525197029 0.0000000000 0.0000000000 6.0781745911 -147.9412231445 0.1063952744
6.6498465538 0.0000000000 0.0000000000 6.0782403946 -147.9390106201 0.1070842594
6.6506419182 0.0000000000 0.0000000000 6.0776367188 -147.9403686523 0.1070948690
6.6514892578 0.0000000000 0.0000000000 6.0766181946 -147.9414978027 0.1073127612
6.6473774910 0.0000000000 0.0000000000 6.0770411491 -147.9367675781 0.1073168516
6.6507906914 0.0000000000 0.0000000000 6.0761814117 -147.9423370361 0.1056840271
6.6445527077 0.0000000000 0.0000000000 6.0765972137 -147.9355621338 0.1055823416
6.6464428902 0.0000000000 0.0000000000 6.0755681992 -147.9394073486 0.1055227965
6.6424956322 0.0000000000 0.0000000000 6.0763115883 -147.9385681152 0.1072053015
6.6430053711 0.0000000000 0.0000000000 6.0761599541 -147.9400024414 0.1086459756
6.6408643723 0.0000000000 0.0000000000 6.0755810738 -147.9383850098 0.1106765121
6.6415824890 0.0000000000 0.0000000000 6.0751194954 -147.9420318604 0.1115558296
6.6407337189 0.0000000000 0.0000000000 6.0743541718 -147.9426727295 0.1134324223
6.6390080452 0.0000000000 0.0000000000 6.0744276047 -147.9432067871 0.1142436117
6.6382479668 0.0000000000 0.0000000000 6.0740642548 -147.9461059570 0.1149811000
6.6360254288 0.0000000000 0.0000000000 6.0738029480 -147.9442901611 0.1155371219
6.6353869438 0.0000000000 0.0000000000 6.0735287666 -147.9476165771 0.1154967397
6.6340880394 0.0000000000 0.0000000000 6.0737686157 -147.9473419189 0.1157324761
6.6351566315 0.0000000000 0.0000000000 6.0736126900 -147.9472656250 0.1156297922
6.6321468353 0.0000000000 0.0000000000 6.0740246773 -147.9458923340 0.1149231121
6.6390457153 0.0000000000 0.0000000000 6.0735011101 -147.9489898682 0.1139303669
6.6352772713 0.0000000000 0.0000000000 6.0740098953 -147.9481201172 0.1141754389
6.6380157471 0.0000000000 0.0000000000 6.0732460022 -147.9507293701 0.1139452979
6.6311254501 0.0000000000 0.0000000000 6.0736980438 -147.9494628906 0.1135003269
6.6309237480 0.0000000000 0.0000000000 6.0728425980 -147.9557342529 0.1121359318
6.6279144287 0.0000000000 0.0000000000 6.0727481842 -147.9571228027 0.1109824032
6.6271615028 0.0000000000 0.0000000000 6.0728306770 -147.9593505859 0.1096398085
6.6276001930 0.0000000000 0.0000000000 6.0728673935 -147.9608917236 0.1081214994
6.6247644424 0.0000000000 0.0000000000 6.0730652809 -147.9617919922 0.1073569059
6.6229624748 0.0000000000 0.0000000000 6.0727515221 -147.9637451172 0.1070771366
6.6230611801 0.0000000000 0.0000000000 6.0724534988 -147.9662017822 0.1067258045
6.6219172478 0.0000000000 0.0000000000 6.0720429420 -147.9656677246 0.1067502648
6.6208968163 0.0000000000 0.0000000000 6.0713133812 -147.9666900635 0.1070046574
6.6224813461 0.0000000000 0.0000000000 6.0706486702 -147.9701385498 0.1071648672
6.6202378273 0.0000000000 0.0000000000 6.0705018044 -147.9710693359 0.1077047065
6.6205368042 0.0000000000 0.0000000000 6.0701766014 -147.9748077393 0.1071904153
6.6190805435 0.0000000000 0.0000000000 6.0702877045 -147.9774475098 0.1064722985
6.6176033020 0.0000000000 0.0000000000 6.0699920654 -147.9810943604 0.1059565693
6.6178293228 0.0000000000 0.0000000000 6.0686264038 -147.9845428467 0.1049498618
6.6169481277 0.0000000000 0.0000000000 6.0678114891 -147.9846801758 0.1044466645
6.6172723770 0.0000000000 0.0000000000 6.0670824051 -147.9873809814 0.1045786291
6.6135878563 0.0000000000 0.0000000000 6.0667781830 -147.9847106934 0.1049676687
6.6171083450 0.0000000000 0.0000000000 6.0658526421 -147.9879608154 0.1053531170
6.6144003868 0.0000000000 0.0000000000 6.0653862953 -147.9878845215 0.1057848707
6.6159000397 0.0000000000 0.0000000000 6.0650529861 -147.9903259277 0.1051798090
6.6117987633 0.0000000000 0.0000000000 6.0646314621 -147.9909667969 0.1057443693
6.6129627228 0.0000000000 0.0000000000 6.0644207001 -147.9942474365 0.1050782055
6.6095933914 0.0000000000 0.0000000000 6.0641012192 -147.9938659668 0.1053439975
6.6125774384 0.0000000000 0.0000000000 6.0629796982 -147.9966735840 0.1057094634
6.6074919701 0.0000000000 0.0000000000 6.0630435944 -147.9963836670 0.1064499840
6.6108980179 0.0000000000 0.0000000000 6.0620336533 -148.0004577637 0.1069635823
6.6069064140 0.0000000000 0.0000000000 6.0621476173 -147.9993438721 0.1079368889
6.6089320183 0.0000000000 0.0000000000 6.0609693527 -148.0022888184 0.1081544980
6.6102037430 0.0000000000 0.0000000000 6.0613927841 -148.0054931641 0.1080211326
6.6057224274 0.0000000000 0.0000000000 6.0616569519 -148.0048980713 0.1081508994
6.6076002121 0.0000000000 0.0000000000 6.0615029335 -148.0095214844 0.1074921340
6.6059298515 0.0000000000 0.0000000000 6.0616569519 -148.0105438232 0.1070927680
6.6048865318 0.0000000000 0.0000000000 6.0611343384 -148.0114135742 0.1072600856
6.6017236710 0.0000000000 0.0000000000 6.0614304543 -148.0141448975 0.1078654155
6.6026363373 0.0000000000 0.0000000000 6.0610079765 -148.0160369873 0.1088824868
6.5983467102 0.0000000000 0.0000000000 6.0612511635 -148.0158843994 0.1094706729
6.6022357941 0.0000000000 0.0000000000 6.0605492592 -148.0202331543 0.1102718115
6.5989503860 0.0000000000 0.0000000000 6.0605282784 -148.0188903809 0.1118095517
6.6024694443 0.0000000000 0.0000000000 6.0600485802 -148.0240173340 0.1128023863
6.6007432938 0.0000000000 0.0000000000 6.0599479675 -148.0238037109 0.1136745661
6.5994791985 0.0000000000 0.0000000000 6.0596823692 -148.0233612061 0.1141189039
6.5995159149 0.0000000000 0.0000000000 6.0590643883 -148.0213317871 0.1145496219
6.6017460823 0.0000000000 0.0000000000 6.0585021973 -148.0258331299 0.1143841147
6.5943098068 0.0000000000 0.0000000000 6.0593972206 -148.0225524902 0.1148583665
6.5999555588 0.0000000000 0.0000000000 6.0587873459 -148.0278320312 0.1146980971
6.5939655304 0.0000000000 0.0000000000 6.0592408180 -148.0218505859 0.1157168671
6.5980143547 0.0000000000 0.0000000000 6.0577549934 -148.0250854492 0.1154251322
6.5950798988 0.0000000000 0.0000000000 6.0581722260 -148.0252685547 0.1150491014
6.5941991806 0.0000000000 0.0000000000 6.0575890541 -148.0275268555 0.1146511734
6.5924396515 0.0000000000 0.0000000000 6.0579724312 -148.0299072266 0.1136467457
6.5909738541 0.0000000000 0.0000000000 6.0576367378 -148.0309448242 0.1130750626
6.5923299789 0.0000000000 0.0000000000 6.0574712753 -148.0343627930 0.1116941050
6.5881867409 0.0000000000 0.0000000000 6.0581851006 -148.0319671631 0.1112089753
6.5875511169 0.0000000000 0.0000000000 6.0576996803 -148.0330200195 0.1106235832
6.5868144035 0.0000000000 0.0000000000 6.0576658249 -148.0333557129 0.1094761565
6.5891170502 0.0000000000 0.0000000000 6.0565180779 -148.0366516113 0.1085978448
6.5854282379 0.0000000000 0.0000000000 6.0565910339 -148.0350494385 0.1081147417
6.5875015259 0.0000000000 0.0000000000 6.0561470985 -148.0364379883 0.1073539555
6.5862545967 0.0000000000 0.0000000000 6.0559840202 -148.0360260010 0.1073079556
6.5860195160 0.0000000000 0.0000000000 6.0559086800 -148.0370635986 0.1076192781
6.5830464363 0.0000000000 0.0000000000 6.0557308197 -148.0369720459 0.1085682362
6.5820612907 0.0000000000 0.0000000000 6.0551304817 -148.0390777588 0.1100340858
6.5804233551 0.0000000000 0.0000000000 6.0547695160 -148.0391540527 0.1116704196
6.5796341896 0.0000000000 0.0000000000 6.0550818443 -148.0395355225 0.1124020293
6.5818037987 0.0000000000 0.0000000000 6.0543222427 -148.0400238037 0.1134060919
6.5780820847 0.0000000000 0.0000000000 6.0545473099 -148.0379943848 0.1144431531
6.5795841217 0.0000000000 0.0000000000 6.0539412498 -148.0408325195 0.1149065644
6.5769414902 0.0000000000 0.0000000000 6.0542383194 -148.0383605957 0.1144718677
6.5782322884 0.0000000000 0.0000000000 6.0536670685 -148.0430603027 0.1133914143
6.5764441490 0.0000000000 0.0000000000 6.0536270142 -148.0451812744 0.1124233305
6.5764455795 0.0000000000 0.0000000000 6.0526661873 -148.0473632812 0.1121523231
6.5802655220 0.0000000000 0.0000000000 6.0520176888 -148.0511169434 0.1114790291
6.5761108398 0.0000000000 0.0000000000 6.0522294044 -148.0489349365 0.1123093963
6.5761919022 0.0000000000 0.0000000000 6.0523324013 -148.0522766113 0.1126991585
6.5727729797 0.0000000000 0.0000000000 6.0523929596 -148.0517730713 0.1127073169
6.5742607117 0.0000000000 0.0000000000 6.0519323349 -148.0552062988 0.1125454232
6.5675849915 0.0000000000 0.0000000000 6.0526127815 -148.0514678955 0.1128175929
6.5709695816 0.0000000000 0.0000000000 6.0512990952 -148.0584564209 0.1125802398
6.5681629181 0.0000000000 0.0000000000 6.0516819954 -148.0592041016 0.1130740345
6.5703735352 0.0000000000 0.0000000000 6.0509572029 -148.0624237061 0.1127669588
6.5647182465 0.0000000000 0.0000000000 6.0512304306 -148.0609741211 0.1127780080
6.5664486885 0.0000000000 0.0000000000 6.0508008003 -148.0644073486 0.1118465364
6.5665225983 0.0000000000 0.0000000000 6.0508399010 -148.0653381348 0.1113343611
6.5620493889 0.0000000000 0.0000000000 6.0508284569 -148.0639038086 0.1107341051
6.5650429726 0.0000000000 0.0000000000 6.0504751205 -148.0655822754 0.1104762554
6.5624666214 0.0000000000 0.0000000000 6.0505752563 -148.0662231445 0.1111246645
