#         rmsthk      stdthk       rmsvel       stdvel       rmsdiv       stddiv       rmsusurf       stdusurf
0.0000000000 0.0000000000 800.6322631836 295.2228088379 0.0000000000 0.0000000000 0.0000000000 0.0000000000
0.0000000000 0.0000000000 515.3562622070 252.5542907715 0.0000000000 0.0000000000 0.0000000000 0.0000000000
0.0000000000 0.0000000000 265.6704101562 206.7335052490 0.0000000000 0.0000000000 0.0000000000 0.0000000000
0.0000000000 0.0000000000 135.3443908691 141.1228179932 0.0000000000 0.0000000000 0.0000000000 0.0000000000
0.0000000000 0.0000000000 130.1386566162 94.6324691772 0.0000000000 0.0000000000 0.0000000000 0.0000000000
0.0000000000 0.0000000000 148.4816894531 87.1351470947 0.0000000000 0.0000000000 0.0000000000 0.0000000000
0.0000000000 0.0000000000 140.3092193604 81.3684387207 0.0000000000 0.0000000000 0.0000000000 0.0000000000
0.0000000000 0.0000000000 117.7233200073 70.2933654785 0.0000000000 0.0000000000 0.0000000000 0.0000000000
0.0000000000 0.0000000000 90.3829727173 55.9451599121 0.0000000000 0.0000000000 0.0000000000 0.0000000000
0.0000000000 0.0000000000 65.1779785156 41.9083595276 0.0000000000 0.0000000000 0.0000000000 0.0000000000
0.0000000000 0.0000000000 44.9266548157 30.9491863251 0.0000000000 0.0000000000 0.0000000000 0.0000000000
0.0000000000 0.0000000000 30.3523330688 25.9460735321 0.0000000000 0.0000000000 0.0000000000 0.0000000000
0.0000000000 0.0000000000 19.9541931152 24.7216587067 0.0000000000 0.0000000000 0.0000000000 0.0000000000
0.0000000000 0.0000000000 12.0951414108 24.9973697662 0.0000000000 0.0000000000 0.0000000000 0.0000000000
0.0000000000 0.0000000000 5.8481335640 25.9703445435 0.0000000000 0.0000000000 0.0000000000 0.0000000000
0.0000000000 0.0000000000 0.7691947818 27.3062610626 0.0000000000 0.0000000000 0.0000000000 0.0000000000
0.0000000000 0.0000000000 -3.3043253422 28.6510944366 0.0000000000 0.0000000000 0.0000000000 0.0000000000
0.0000000000 0.0000000000 -6.4672980309 29.8039951324 0.0000000000 0.0000000000 0.0000000000 0.0000000000
0.0000000000 0.0000000000 -8.9038677216 30.7126369476 0.0000000000 0.0000000000 0.0000000000 0.0000000000
0.0000000000 0.0000000000 -10.8077774048 31.4517135620 0.0000000000 0.0000000000 0.0000000000 0.0000000000
0.0000000000 0.0000000000 -12.3009338379 32.0500183105 0.0000000000 0.0000000000 0.0000000000 0.0000000000
0.0000000000 0.0000000000 -13.4633092880 32.5283355713 0.0000000000 0.0000000000 0.0000000000 0.0000000000
0.0000000000 0.0000000000 -14.3419914246 32.8631095886 0.0000000000 0.0000000000 0.0000000000 0.0000000000
0.0000000000 0.0000000000 -14.9896869659 33.0852928162 0.0000000000 0.0000000000 0.0000000000 0.0000000000
0.0000000000 0.0000000000 -15.4674930573 33.2337608337 0.0000000000 0.0000000000 0.0000000000 0.0000000000
0.0000000000 0.0000000000 -15.8145284653 33.3248252869 0.0000000000 0.0000000000 0.0000000000 0.0000000000
0.0000000000 0.0000000000 -16.0634174347 33.3733749390 0.0000000000 0.0000000000 0.0000000000 0.0000000000
0.0000000000 0.0000000000 -16.2357120514 33.3920364380 0.0000000000 0.0000000000 0.0000000000 0.0000000000
0.0000000000 0.0000000000 -16.3485126495 33.3895416260 0.0000000000 0.0000000000 0.0000000000 0.0000000000
0.0000000000 0.0000000000 -16.4118022919 33.3690986633 0.0000000000 0.0000000000 0.0000000000 0.0000000000
0.0000000000 0.0000000000 -16.4330749512 33.3339958191 0.0000000000 0.0000000000 0.0000000000 0.0000000000
0.0000000000 0.0000000000 -16.4182090759 33.2872848511 0.0000000000 0.0000000000 0.0000000000 0.0000000000
0.0000000000 0.0000000000 -16.3730773926 33.2330055237 0.0000000000 0.0000000000 0.0000000000 0.0000000000
0.0000000000 0.0000000000 -16.3006725311 33.1729698181 0.0000000000 0.0000000000 0.0000000000 0.0000000000
0.0000000000 0.0000000000 -16.2039165497 33.1085052490 0.0000000000 0.0000000000 0.0000000000 0.0000000000
0.0000000000 0.0000000000 -16.0847244263 33.0401115417 0.0000000000 0.0000000000 0.0000000000 0.0000000000
0.0000000000 0.0000000000 -15.9440059662 32.9684677124 0.0000000000 0.0000000000 0.0000000000 0.0000000000
0.0000000000 0.0000000000 -15.7823600769 32.8939743042 0.0000000000 0.0000000000 0.0000000000 0.0000000000
0.0000000000 0.0000000000 -15.5998964310 32.8170776367 0.0000000000 0.0000000000 0.0000000000 0.0000000000
0.0000000000 0.0000000000 -15.3968210220 32.7385559082 0.0000000000 0.0000000000 0.0000000000 0.0000000000
0.0000000000 0.0000000000 -15.1736545563 32.6579971313 0.0000000000 0.0000000000 0.0000000000 0.0000000000
0.0000000000 0.0000000000 -14.9303703308 32.5753593445 0.0000000000 0.0000000000 0.0000000000 0.0000000000
0.0000000000 0.0000000000 -14.6666021347 32.4907112122 0.0000000000 0.0000000000 0.0000000000 0.0000000000
0.0000000000 0.0000000000 -14.3830680847 32.4041709900 0.0000000000 0.0000000000 0.0000000000 0.0000000000
0.0000000000 0.0000000000 -14.0798673630 32.3152122498 0.0000000000 0.0000000000 0.0000000000 0.0000000000
0.0000000000 0.0000000000 -13.7569694519 32.2223625183 0.0000000000 0.0000000000 0.0000000000 0.0000000000
0.0000000000 0.0000000000 -13.4148311615 32.1256904602 0.0000000000 0.0000000000 0.0000000000 0.0000000000
0.0000000000 0.0000000000 -13.0526037216 32.0329818726 0.0000000000 0.0000000000 0.0000000000 0.0000000000
0.0000000000 0.0000000000 -12.6688041687 31.9438457489 0.0000000000 0.0000000000 0.0000000000 0.0000000000
0.0000000000 0.0000000000 -12.2657117844 31.8558006287 0.0000000000 0.0000000000 0.0000000000 0.0000000000
0.0000000000 0.0000000000 -11.8393526077 31.7664031982 0.0000000000 0.0000000000 0.0000000000 0.0000000000
0.0000000000 0.0000000000 -11.3886032104 31.6757583618 0.0000000000 0.0000000000 0.0000000000 0.0000000000
0.0000000000 0.0000000000 -10.9142761230 31.5883293152 0.0000000000 0.0000000000 0.0000000000 0.0000000000
0.0000000000 0.0000000000 -10.4173631668 31.5080490112 0.0000000000 0.0000000000 0.0000000000 0.0000000000
0.0000000000 0.0000000000 -9.9012537003 31.4491462708 0.0000000000 0.0000000000 0.0000000000 0.0000000000
0.0000000000 0.0000000000 -9.3604993820 31.4051361084 0.0000000000 0.0000000000 0.0000000000 0.0000000000
0.0000000000 0.0000000000 -8.8013477325 31.3777008057 0.0000000000 0.0000000000 0.0000000000 0.0000000000
0.0000000000 0.0000000000 -8.2203912735 31.3577041626 0.0000000000 0.0000000000 0.0000000000 0.0000000000
0.0000000000 0.0000000000 -7.6187286377 31.3416385651 0.0000000000 0.0000000000 0.0000000000 0.0000000000
0.0000000000 0.0000000000 -7.0036125183 31.3300952911 0.0000000000 0.0000000000 0.0000000000 0.0000000000
0.0000000000 0.0000000000 -6.3824982643 31.3221149445 0.0000000000 0.0000000000 0.0000000000 0.0000000000
0.0000000000 0.0000000000 -5.7605004311 31.3141021729 0.0000000000 0.0000000000 0.0000000000 0.0000000000
0.0000000000 0.0000000000 -5.1416344643 31.3029098511 0.0000000000 0.0000000000 0.0000000000 0.0000000000
0.0000000000 0.0000000000 -4.5309967995 31.2871627808 0.0000000000 0.0000000000 0.0000000000 0.0000000000
0.0000000000 0.0000000000 -3.9320693016 31.2664909363 0.0000000000 0.0000000000 0.0000000000 0.0000000000
0.0000000000 0.0000000000 -3.3482546806 31.2416515350 0.0000000000 0.0000000000 0.0000000000 0.0000000000
0.0000000000 0.0000000000 -2.7797632217 31.2134532928 0.0000000000 0.0000000000 0.0000000000 0.0000000000
0.0000000000 0.0000000000 -2.2288100719 31.1827354431 0.0000000000 0.0000000000 0.0000000000 0.0000000000
0.0000000000 0.0000000000 -1.6961354017 31.1511459351 0.0000000000 0.0000000000 0.0000000000 0.0000000000
0.0000000000 0.0000000000 -1.1816773415 31.1185436249 0.0000000000 0.0000000000 0.0000000000 0.0000000000
0.0000000000 0.0000000000 -0.6938706636 31.0906391144 0.0000000000 0.0000000000 0.0000000000 0.0000000000
0.0000000000 0.0000000000 -0.2419412881 31.0728263855 0.0000000000 0.0000000000 0.0000000000 0.0000000000
0.0000000000 0.0000000000 0.1787971258 31.0581474304 0.0000000000 0.0000000000 0.0000000000 0.0000000000
0.0000000000 0.0000000000 0.5685732961 31.0471248627 0.0000000000 0.0000000000 0.0000000000 0.0000000000
0.0000000000 0.0000000000 0.9270923138 31.0394096375 0.0000000000 0.0000000000 0.0000000000 0.0000000000
0.0000000000 0.0000000000 1.2547534704 31.0323009491 0.0000000000 0.0000000000 0.0000000000 0.0000000000
0.0000000000 0.0000000000 1.5555312634 31.0222167969 0.0000000000 0.0000000000 0.0000000000 0.0000000000
0.0000000000 0.0000000000 1.8341083527 31.0084457397 0.0000000000 0.0000000000 0.0000000000 0.0000000000
0.0000000000 0.0000000000 2.0929567814 30.9908256531 0.0000000000 0.0000000000 0.0000000000 0.0000000000
0.0000000000 0.0000000000 2.3370800018 30.9698886871 0.0000000000 0.0000000000 0.0000000000 0.0000000000
0.0000000000 0.0000000000 2.5693571568 30.9469890594 0.0000000000 0.0000000000 0.0000000000 0.0000000000
0.0000000000 0.0000000000 2.7943041325 30.9239730835 0.0000000000 0.0000000000 0.0000000000 0.0000000000
0.0000000000 0.0000000000 3.0142161846 30.9011840820 0.0000000000 0.0000000000 0.0000000000 0.0000000000
0.0000000000 0.0000000000 3.2320153713 30.8785514832 0.0000000000 0.0000000000 0.0000000000 0.0000000000
0.0000000000 0.0000000000 3.4504146576 30.8550148010 0.0000000000 0.0000000000 0.0000000000 0.0000000000
0.0000000000 0.0000000000 3.6705708504 30.8296260834 0.0000000000 0.0000000000 0.0000000000 0.0000000000
0.0000000000 0.0000000000 3.8923339844 30.8037033081 0.0000000000 0.0000000000 0.0000000000 0.0000000000
0.0000000000 0.0000000000 4.1183223724 30.7788066864 0.0000000000 0.0000000000 0.0000000000 0.0000000000
0.0000000000 0.0000000000 4.3513879776 30.7550067902 0.0000000000 0.0000000000 0.0000000000 0.0000000000
0.0000000000 0.0000000000 4.5951180458 30.7297210693 0.0000000000 0.0000000000 0.0000000000 0.0000000000
0.0000000000 0.0000000000 4.8541593552 30.6990184784 0.0000000000 0.0000000000 0.0000000000 0.0000000000
0.0000000000 0.0000000000 5.1287350655 30.6606063843 0.0000000000 0.0000000000 0.0000000000 0.0000000000
0.0000000000 0.0000000000 5.4173460007 30.6157493591 0.0000000000 0.0000000000 0.0000000000 0.0000000000
0.0000000000 0.0000000000 5.7117471695 30.5683326721 0.0000000000 0.0000000000 0.0000000000 0.0000000000
0.0000000000 0.0000000000 6.0084366798 30.5232887268 0.0000000000 0.0000000000 0.0000000000 0.0000000000
0.0000000000 0.0000000000 6.2986836433 30.4848060608 0.0000000000 0.0000000000 0.0000000000 0.0000000000
0.0000000000 0.0000000000 6.5797781944 30.4539699554 0.0000000000 0.0000000000 0.0000000000 0.0000000000
0.0000000000 0.0000000000 6.8464870453 30.4317722321 0.0000000000 0.0000000000 0.0000000000 0.0000000000
0.0000000000 0.0000000000 7.0974693298 30.4197921753 0.0000000000 0.0000000000 0.0000000000 0.0000000000
0.0000000000 0.0000000000 7.3334622383 30.4180431366 0.0000000000 0.0000000000 0.0000000000 0.0000000000
0.0000000000 0.0000000000 7.5573554039 30.4273567200 0.0000000000 0.0000000000 0.0000000000 0.0000000000
0.0000000000 0.0000000000 7.7714543343 30.4472236633 0.0000000000 0.0000000000 0.0000000000 0.0000000000
0.0000000000 0.0000000000 7.9830656052 30.4783782959 0.0000000000 0.0000000000 0.0000000000 0.0000000000
0.0000000000 0.0000000000 8.1975088120 30.5201988220 0.0000000000 0.0000000000 0.0000000000 0.0000000000
0.0000000000 0.0000000000 8.4205913544 30.5704479218 0.0000000000 0.0000000000 0.0000000000 0.0000000000
0.0000000000 0.0000000000 8.6591024399 30.6253681183 0.0000000000 0.0000000000 0.0000000000 0.0000000000
0.0000000000 0.0000000000 8.9182119370 30.6824283600 0.0000000000 0.0000000000 0.0000000000 0.0000000000
0.0000000000 0.0000000000 9.2018461227 30.7428798676 0.0000000000 0.0000000000 0.0000000000 0.0000000000
0.0000000000 0.0000000000 9.5141000748 30.8097877502 0.0000000000 0.0000000000 0.0000000000 0.0000000000
0.0000000000 0.0000000000 9.8588104248 30.8861637115 0.0000000000 0.0000000000 0.0000000000 0.0000000000
0.0000000000 0.0000000000 10.2413349152 30.9722156525 0.0000000000 0.0000000000 0.0000000000 0.0000000000
0.0000000000 0.0000000000 10.6648015976 31.0671768188 0.0000000000 0.0000000000 0.0000000000 0.0000000000
0.0000000000 0.0000000000 11.1274299622 31.1720886230 0.0000000000 0.0000000000 0.0000000000 0.0000000000
0.0000000000 0.0000000000 11.6292543411 31.2859325409 0.0000000000 0.0000000000 0.0000000000 0.0000000000
0.0000000000 0.0000000000 12.1672496796 31.4071559906 0.0000000000 0.0000000000 0.0000000000 0.0000000000
0.0000000000 0.0000000000 12.7362527847 31.5347404480 0.0000000000 0.0000000000 0.0000000000 0.0000000000
0.0000000000 0.0000000000 13.3288335800 31.6687088013 0.0000000000 0.0000000000 0.0000000000 0.0000000000
0.0000000000 0.0000000000 13.9385385513 31.8080387115 0.0000000000 0.0000000000 0.0000000000 0.0000000000
0.0000000000 0.0000000000 14.5601301193 31.9553585052 0.0000000000 0.0000000000 0.0000000000 0.0000000000
0.0000000000 0.0000000000 15.1846761703 32.1099662781 0.0000000000 0.0000000000 0.0000000000 0.0000000000
0.0000000000 0.0000000000 15.8023157120 32.2739143372 0.0000000000 0.0000000000 0.0000000000 0.0000000000
0.0000000000 0.0000000000 16.4020538330 32.4471359253 0.0000000000 0.0000000000 0.0000000000 0.0000000000
0.0000000000 0.0000000000 16.9736766815 32.6270980835 0.0000000000 0.0000000000 0.0000000000 0.0000000000
0.0000000000 0.0000000000 17.5114421844 32.8134956360 0.0000000000 0.0000000000 0.0000000000 0.0000000000
0.0000000000 0.0000000000 18.0118083954 33.0050811768 0.0000000000 0.0000000000 0.0000000000 0.0000000000
0.0000000000 0.0000000000 18.4764747620 33.2020950317 0.0000000000 0.0000000000 0.0000000000 0.0000000000
0.0000000000 0.0000000000 18.9077148438 33.4046249390 0.0000000000 0.0000000000 0.0000000000 0.0000000000
0.0000000000 0.0000000000 19.3128643036 33.6108016968 0.0000000000 0.0000000000 0.0000000000 0.0000000000
0.0000000000 0.0000000000 19.6980609894 33.8210220337 0.0000000000 0.0000000000 0.0000000000 0.0000000000
0.0000000000 0.0000000000 20.0700683594 34.0400314331 0.0000000000 0.0000000000 0.0000000000 0.0000000000
0.0000000000 0.0000000000 20.4368877411 34.2715682983 0.0000000000 0.0000000000 0.0000000000 0.0000000000
0.0000000000 0.0000000000 20.8029136658 34.5234184265 0.0000000000 0.0000000000 0.0000000000 0.0000000000
0.0000000000 0.0000000000 21.1802845001 34.7985992432 0.0000000000 0.0000000000 0.0000000000 0.0000000000
0.0000000000 0.0000000000 21.5791988373 35.1137847900 0.0000000000 0.0000000000 0.0000000000 0.0000000000
0.0000000000 0.0000000000 22.0136413574 35.4875183105 0.0000000000 0.0000000000 0.0000000000 0.0000000000
0.0000000000 0.0000000000 22.5048618317 35.8405265808 0.0000000000 0.0000000000 0.0000000000 0.0000000000
0.0000000000 0.0000000000 23.0659370422 36.1478538513 0.0000000000 0.0000000000 0.0000000000 0.0000000000
0.0000000000 0.0000000000 23.7026844025 36.4890899658 0.0000000000 0.0000000000 0.0000000000 0.0000000000
0.0000000000 0.0000000000 24.4043540955 36.8910942078 0.0000000000 0.0000000000 0.0000000000 0.0000000000
0.0000000000 0.0000000000 25.1466655731 37.3573074341 0.0000000000 0.0000000000 0.0000000000 0.0000000000
0.0000000000 0.0000000000 25.8933506012 37.8769111633 0.0000000000 0.0000000000 0.0000000000 0.0000000000
0.0000000000 0.0000000000 26.6061496735 38.4174079895 0.0000000000 0.0000000000 0.0000000000 0.0000000000
0.0000000000 0.0000000000 27.2533588409 38.9538307190 0.0000000000 0.0000000000 0.0000000000 0.0000000000
0.0000000000 0.0000000000 27.8217391968 39.4725341797 0.0000000000 0.0000000000 0.0000000000 0.0000000000
0.0000000000 0.0000000000 28.3152084351 39.9788742065 0.0000000000 0.0000000000 0.0000000000 0.0000000000
0.0000000000 0.0000000000 28.7312450409 40.4719352722 0.0000000000 0.0000000000 0.0000000000 0.0000000000
0.0000000000 0.0000000000 29.0715904236 40.9517669678 0.0000000000 0.0000000000 0.0000000000 0.0000000000
0.0000000000 0.0000000000 29.3436107635 41.4236145020 0.0000000000 0.0000000000 0.0000000000 0.0000000000
0.0000000000 0.0000000000 29.5693874359 41.9216041565 0.0000000000 0.0000000000 0.0000000000 0.0000000000
0.0000000000 0.0000000000 29.7795543671 42.4554595947 0.0000000000 0.0000000000 0.0000000000 0.0000000000
0.0000000000 0.0000000000 29.9912090302 43.0202293396 0.0000000000 0.0000000000 0.0000000000 0.0000000000
0.0000000000 0.0000000000 30.2397441864 43.6053009033 0.0000000000 0.0000000000 0.0000000000 0.0000000000
0.0000000000 0.0000000000 30.5670833588 44.2125473022 0.0000000000 0.0000000000 0.0000000000 0.0000000000
0.0000000000 0.0000000000 31.0141792297 44.8707504272 0.0000000000 0.0000000000 0.0000000000 0.0000000000
0.0000000000 0.0000000000 31.6033058167 45.5794525146 0.0000000000 0.0000000000 0.0000000000 0.0000000000
0.0000000000 0.0000000000 32.3558883667 46.3367347717 0.0000000000 0.0000000000 0.0000000000 0.0000000000
0.0000000000 0.0000000000 33.2792587280 47.1766853333 0.0000000000 0.0000000000 0.0000000000 0.0000000000
0.0000000000 0.0000000000 34.3548316956 48.1121215820 0.0000000000 0.0000000000 0.0000000000 0.0000000000
0.0000000000 0.0000000000 35.5104103088 49.1132583618 0.0000000000 0.0000000000 0.0000000000 0.0000000000
0.0000000000 0.0000000000 36.6272354126 50.1061592102 0.0000000000 0.0000000000 0.0000000000 0.0000000000
0.0000000000 0.0000000000 37.5664825439 51.0126953125 0.0000000000 0.0000000000 0.0000000000 0.0000000000
0.0000000000 0.0000000000 38.2695655823 51.8403816223 0.0000000000 0.0000000000 0.0000000000 0.0000000000
0.0000000000 0.0000000000 38.6749649048 52.5731964111 0.0000000000 0.0000000000 0.0000000000 0.0000000000
0.0000000000 0.0000000000 38.7675666809 53.1876106262 0.0000000000 0.0000000000 0.0000000000 0.0000000000
0.0000000000 0.0000000000 38.5618972778 53.6686515808 0.0000000000 0.0000000000 0.0000000000 0.0000000000
0.0000000000 0.0000000000 38.1591072083 54.0451507568 0.0000000000 0.0000000000 0.0000000000 0.0000000000
0.0000000000 0.0000000000 37.7317085266 54.3768539429 0.0000000000 0.0000000000 0.0000000000 0.0000000000
0.0000000000 0.0000000000 37.4878387451 54.7579421997 0.0000000000 0.0000000000 0.0000000000 0.0000000000
0.0000000000 0.0000000000 37.5652580261 55.2449493408 0.0000000000 0.0000000000 0.0000000000 0.0000000000
0.0000000000 0.0000000000 38.0204620361 55.8470153809 0.0000000000 0.0000000000 0.0000000000 0.0000000000
0.0000000000 0.0000000000 38.8114891052 56.5333290100 0.0000000000 0.0000000000 0.0000000000 0.0000000000
0.0000000000 0.0000000000 39.8351554871 57.2651252747 0.0000000000 0.0000000000 0.0000000000 0.0000000000
0.0000000000 0.0000000000 41.0013732910 58.0057258606 0.0000000000 0.0000000000 0.0000000000 0.0000000000
0.0000000000 0.0000000000 42.2793388367 58.7769622803 0.0000000000 0.0000000000 0.0000000000 0.0000000000
0.0000000000 0.0000000000 43.5993843079 59.5845718384 0.0000000000 0.0000000000 0.0000000000 0.0000000000
0.0000000000 0.0000000000 44.7669143677 60.3297882080 0.0000000000 0.0000000000 0.0000000000 0.0000000000
0.0000000000 0.0000000000 45.5821990967 60.9134368896 0.0000000000 0.0000000000 0.0000000000 0.0000000000
0.0000000000 0.0000000000 46.0112075806 61.3240394592 0.0000000000 0.0000000000 0.0000000000 0.0000000000
0.0000000000 0.0000000000 46.2137222290 61.6482887268 0.0000000000 0.0000000000 0.0000000000 0.0000000000
0.0000000000 0.0000000000 46.3721618652 61.9835433960 0.0000000000 0.0000000000 0.0000000000 0.0000000000
0.0000000000 0.0000000000 46.5558052063 62.3399658203 0.0000000000 0.0000000000 0.0000000000 0.0000000000
0.0000000000 0.0000000000 46.7624549866 62.6934661865 0.0000000000 0.0000000000 0.0000000000 0.0000000000
0.0000000000 0.0000000000 47.0488395691 63.0712051392 0.0000000000 0.0000000000 0.0000000000 0.0000000000
0.0000000000 0.0000000000 47.5074157715 63.5118331909 0.0000000000 0.0000000000 0.0000000000 0.0000000000
0.0000000000 0.0000000000 48.2445373535 64.0744247437 0.0000000000 0.0000000000 0.0000000000 0.0000000000
0.0000000000 0.0000000000 49.2496490479 64.7575683594 0.0000000000 0.0000000000 0.0000000000 0.0000000000
0.0000000000 0.0000000000 50.3687477112 65.4847106934 0.0000000000 0.0000000000 0.0000000000 0.0000000000
0.0000000000 0.0000000000 51.4635009766 66.1988906860 0.0000000000 0.0000000000 0.0000000000 0.0000000000
0.0000000000 0.0000000000 52.4700355530 66.8697052002 0.0000000000 0.0000000000 0.0000000000 0.0000000000
0.0000000000 0.0000000000 53.4287147522 67.5207672119 0.0000000000 0.0000000000 0.0000000000 0.0000000000
0.0000000000 0.0000000000 54.3624229431 68.1709136963 0.0000000000 0.0000000000 0.0000000000 0.0000000000
0.0000000000 0.0000000000 55.1829414368 68.7609252930 0.0000000000 0.0000000000 0.0000000000 0.0000000000
0.0000000000 0.0000000000 55.8566856384 69.2658843994 0.0000000000 0.0000000000 0.0000000000 0.0000000000
0.0000000000 0.0000000000 56.4131813049 69.6966781616 0.0000000000 0.0000000000 0.0000000000 0.0000000000
0.0000000000 0.0000000000 56.9475364685 70.0977554321 0.0000000000 0.0000000000 0.0000000000 0.0000000000
0.0000000000 0.0000000000 57.5432701111 70.5103988647 0.0000000000 0.0000000000 0.0000000000 0.0000000000
0.0000000000 0.0000000000 58.2809906006 70.9748764038 0.0000000000 0.0000000000 0.0000000000 0.0000000000
0.0000000000 0.0000000000 59.1631507874 71.4914932251 0.0000000000 0.0000000000 0.0000000000 0.0000000000
0.0000000000 0.0000000000 60.1297149658 72.0323562622 0.0000000000 0.0000000000 0.0000000000 0.0000000000
0.0000000000 0.0000000000 61.0803375244 72.5553207397 0.0000000000 0.0000000000 0.0000000000 0.0000000000
0.0000000000 0.0000000000 62.0006942749 73.0533752441 0.0000000000 0.0000000000 0.0000000000 0.0000000000
0.0000000000 0.0000000000 62.9081420898 73.5376281738 0.0000000000 0.0000000000 0.0000000000 0.0000000000
0.0000000000 0.0000000000 63.7350044250 73.9872970581 0.0000000000 0.0000000000 0.0000000000 0.0000000000
0.0000000000 0.0000000000 64.3922042847 74.3683319092 0.0000000000 0.0000000000 0.0000000000 0.0000000000
0.0000000000 0.0000000000 64.8740692139 74.6823348999 0.0000000000 0.0000000000 0.0000000000 0.0000000000
0.0000000000 0.0000000000 65.2798156738 74.9780960083 0.0000000000 0.0000000000 0.0000000000 0.0000000000
0.0000000000 0.0000000000 65.7345352173 75.3119735718 0.0000000000 0.0000000000 0.0000000000 0.0000000000
0.0000000000 0.0000000000 66.2508621216 75.6917495728 0.0000000000 0.0000000000 0.0000000000 0.0000000000
0.0000000000 0.0000000000 66.8159484863 76.1119079590 0.0000000000 0.0000000000 0.0000000000 0.0000000000
0.0000000000 0.0000000000 67.4433135986 76.5762100220 0.0000000000 0.0000000000 0.0000000000 0.0000000000
0.0000000000 0.0000000000 68.1533889771 77.0858078003 0.0000000000 0.0000000000 0.0000000000 0.0000000000
0.0000000000 0.0000000000 68.8760528564 77.6056594849 0.0000000000 0.0000000000 0.0000000000 0.0000000000
0.0000000000 0.0000000000 69.4989700317 78.0854339600 0.0000000000 0.0000000000 0.0000000000 0.0000000000
0.0000000000 0.0000000000 69.9779968262 78.5082244873 0.0000000000 0.0000000000 0.0000000000 0.0000000000
0.0000000000 0.0000000000 70.3927841187 78.9102172852 0.0000000000 0.0000000000 0.0000000000 0.0000000000
0.0000000000 0.0000000000 70.8421020508 79.3329391479 0.0000000000 0.0000000000 0.0000000000 0.0000000000
0.0000000000 0.0000000000 71.3369903564 79.7680282593 0.0000000000 0.0000000000 0.0000000000 0.0000000000
0.0000000000 0.0000000000 71.8252182007 80.1893920898 0.0000000000 0.0000000000 0.0000000000 0.0000000000
0.0000000000 0.0000000000 72.3950195312 80.6257781982 0.0000000000 0.0000000000 0.0000000000 0.0000000000
0.0000000000 0.0000000000 73.1172332764 81.1042022705 0.0000000000 0.0000000000 0.0000000000 0.0000000000
0.0000000000 0.0000000000 73.8834533691 81.5794601440 0.0000000000 0.0000000000 0.0000000000 0.0000000000
0.0000000000 0.0000000000 74.6520080566 82.0416870117 0.0000000000 0.0000000000 0.0000000000 0.0000000000
0.0000000000 0.0000000000 75.4989700317 82.5195236206 0.0000000000 0.0000000000 0.0000000000 0.0000000000
0.0000000000 0.0000000000 76.2138900757 82.9363021851 0.0000000000 0.0000000000 0.0000000000 0.0000000000
0.0000000000 0.0000000000 76.8530426025 83.3105163574 0.0000000000 0.0000000000 0.0000000000 0.0000000000
0.0000000000 0.0000000000 77.5303649902 83.6847457886 0.0000000000 0.0000000000 0.0000000000 0.0000000000
0.0000000000 0.0000000000 78.0816574097 84.0103225708 0.0000000000 0.0000000000 0.0000000000 0.0000000000
0.0000000000 0.0000000000 78.6913757324 84.3548660278 0.0000000000 0.0000000000 0.0000000000 0.0000000000
0.0000000000 0.0000000000 79.4855422974 84.7693252563 0.0000000000 0.0000000000 0.0000000000 0.0000000000
0.0000000000 0.0000000000 80.2071762085 85.1582107544 0.0000000000 0.0000000000 0.0000000000 0.0000000000
0.0000000000 0.0000000000 80.9718551636 85.5576171875 0.0000000000 0.0000000000 0.0000000000 0.0000000000
0.0000000000 0.0000000000 81.8322143555 85.9875869751 0.0000000000 0.0000000000 0.0000000000 0.0000000000
0.0000000000 0.0000000000 82.6220092773 86.3848571777 0.0000000000 0.0000000000 0.0000000000 0.0000000000
0.0000000000 0.0000000000 83.3305740356 86.7408981323 0.0000000000 0.0000000000 0.0000000000 0.0000000000
0.0000000000 0.0000000000 83.9781417847 87.0645675659 0.0000000000 0.0000000000 0.0000000000 0.0000000000
0.0000000000 0.0000000000 84.5332107544 87.3459548950 0.0000000000 0.0000000000 0.0000000000 0.0000000000
0.0000000000 0.0000000000 84.9957504272 87.5891952515 0.0000000000 0.0000000000 0.0000000000 0.0000000000
0.0000000000 0.0000000000 85.4619522095 87.8408432007 0.0000000000 0.0000000000 0.0000000000 0.0000000000
0.0000000000 0.0000000000 85.9851684570 88.1255111694 0.0000000000 0.0000000000 0.0000000000 0.0000000000
0.0000000000 0.0000000000 86.5550918579 88.4407653809 0.0000000000 0.0000000000 0.0000000000 0.0000000000
0.0000000000 0.0000000000 87.1872482300 88.7939987183 0.0000000000 0.0000000000 0.0000000000 0.0000000000
0.0000000000 0.0000000000 87.9306259155 89.2034912109 0.0000000000 0.0000000000 0.0000000000 0.0000000000
0.0000000000 0.0000000000 88.7323379517 89.6437606812 0.0000000000 0.0000000000 0.0000000000 0.0000000000
0.0000000000 0.0000000000 89.5246429443 90.0820617676 0.0000000000 0.0000000000 0.0000000000 0.0000000000
0.0000000000 0.0000000000 90.2501983643 90.4886550903 0.0000000000 0.0000000000 0.0000000000 0.0000000000
0.0000000000 0.0000000000 90.9337234497 90.8667373657 0.0000000000 0.0000000000 0.0000000000 0.0000000000
0.0000000000 0.0000000000 91.4491043091 91.1693572998 0.0000000000 0.0000000000 0.0000000000 0.0000000000
0.0000000000 0.0000000000 91.8340530396 91.4131164551 0.0000000000 0.0000000000 0.0000000000 0.0000000000
0.0000000000 0.0000000000 92.2138137817 91.6504135132 0.0000000000 0.0000000000 0.0000000000 0.0000000000
0.0000000000 0.0000000000 92.6156387329 91.8993682861 0.0000000000 0.0000000000 0.0000000000 0.0000000000
0.0000000000 0.0000000000 93.0510482788 92.1692123413 0.0000000000 0.0000000000 0.0000000000 0.0000000000
0.0000000000 0.0000000000 93.6376037598 92.5030517578 0.0000000000 0.0000000000 0.0000000000 0.0000000000
0.0000000000 0.0000000000 94.3131484985 92.8827514648 0.0000000000 0.0000000000 0.0000000000 0.0000000000
0.0000000000 0.0000000000 94.9542922974 93.2650222778 0.0000000000 0.0000000000 0.0000000000 0.0000000000
0.0000000000 0.0000000000 95.5876083374 93.6511459351 0.0000000000 0.0000000000 0.0000000000 0.0000000000
0.0000000000 0.0000000000 96.1131896973 93.9986572266 0.0000000000 0.0000000000 0.0000000000 0.0000000000
0.0000000000 0.0000000000 96.4392700195 94.2764663696 0.0000000000 0.0000000000 0.0000000000 0.0000000000
0.0000000000 0.0000000000 96.6437911987 94.5117034912 0.0000000000 0.0000000000 0.0000000000 0.0000000000
0.0000000000 0.0000000000 96.8009109497 94.7341308594 0.0000000000 0.0000000000 0.0000000000 0.0000000000
0.0000000000 0.0000000000 96.9297637939 94.9610443115 0.0000000000 0.0000000000 0.0000000000 0.0000000000
0.0000000000 0.0000000000 97.1561737061 95.2343750000 0.0000000000 0.0000000000 0.0000000000 0.0000000000
0.0000000000 0.0000000000 97.4453353882 95.5487976074 0.0000000000 0.0000000000 0.0000000000 0.0000000000
0.0000000000 0.0000000000 97.7716064453 95.8877029419 0.0000000000 0.0000000000 0.0000000000 0.0000000000
0.0000000000 0.0000000000 98.0683288574 96.2236557007 0.0000000000 0.0000000000 0.0000000000 0.0000000000
0.0000000000 0.0000000000 98.3196411133 96.5447845459 0.0000000000 0.0000000000 0.0000000000 0.0000000000
0.0000000000 0.0000000000 98.4819107056 96.8330612183 0.0000000000 0.0000000000 0.0000000000 0.0000000000
0.0000000000 0.0000000000 98.5504302979 97.0862731934 0.0000000000 0.0000000000 0.0000000000 0.0000000000
0.0000000000 0.0000000000 98.6166229248 97.3298950195 0.0000000000 0.0000000000 0.0000000000 0.0000000000
0.0000000000 0.0000000000 98.6961212158 97.5735092163 0.0000000000 0.0000000000 0.0000000000 0.0000000000
0.0000000000 0.0000000000 98.7814483643 97.8165283203 0.0000000000 0.0000000000 0.0000000000 0.0000000000
0.0000000000 0.0000000000 98.9567184448 98.0888214111 0.0000000000 0.0000000000 0.0000000000 0.0000000000
0.0000000000 0.0000000000 99.2171096802 98.3887710571 0.0000000000 0.0000000000 0.0000000000 0.0000000000
0.0000000000 0.0000000000 99.4550018311 98.6752853394 0.0000000000 0.0000000000 0.0000000000 0.0000000000
0.0000000000 0.0000000000 99.7180480957 98.9630203247 0.0000000000 0.0000000000 0.0000000000 0.0000000000
0.0000000000 0.0000000000 99.9483413696 99.2302474976 0.0000000000 0.0000000000 0.0000000000 0.0000000000
0.0000000000 0.0000000000 100.1110382080 99.4658737183 0.0000000000 0.0000000000 0.0000000000 0.0000000000
0.0000000000 0.0000000000 100.2672805786 99.6905364990 0.0000000000 0.0000000000 0.0000000000 0.0000000000
0.0000000000 0.0000000000 100.4940795898 99.9325637817 0.0000000000 0.0000000000 0.0000000000 0.0000000000
0.0000000000 0.0000000000 100.7378311157 100.1757965088 0.0000000000 0.0000000000 0.0000000000 0.0000000000
0.0000000000 0.0000000000 101.0480194092 100.4372634888 0.0000000000 0.0000000000 0.0000000000 0.0000000000
0.0000000000 0.0000000000 101.4927673340 100.7398223877 0.0000000000 0.0000000000 0.0000000000 0.0000000000
0.0000000000 0.0000000000 101.9050521851 101.0185012817 0.0000000000 0.0000000000 0.0000000000 0.0000000000
0.0000000000 0.0000000000 102.2080841064 101.2417449951 0.0000000000 0.0000000000 0.0000000000 0.0000000000
0.0000000000 0.0000000000 102.5198898315 101.4554977417 0.0000000000 0.0000000000 0.0000000000 0.0000000000
0.0000000000 0.0000000000 102.7843933105 101.6451263428 0.0000000000 0.0000000000 0.0000000000 0.0000000000
0.0000000000 0.0000000000 102.9883499146 101.8098449707 0.0000000000 0.0000000000 0.0000000000 0.0000000000
0.0000000000 0.0000000000 103.2252807617 101.9853515625 0.0000000000 0.0000000000 0.0000000000 0.0000000000
0.0000000000 0.0000000000 103.5539550781 102.1931076050 0.0000000000 0.0000000000 0.0000000000 0.0000000000
0.0000000000 0.0000000000 103.8687362671 102.3963851929 0.0000000000 0.0000000000 0.0000000000 0.0000000000
0.0000000000 0.0000000000 104.1324615479 102.5760726929 0.0000000000 0.0000000000 0.0000000000 0.0000000000
0.0000000000 0.0000000000 104.4000167847 102.7489700317 0.0000000000 0.0000000000 0.0000000000 0.0000000000
0.0000000000 0.0000000000 104.5986938477 102.8890991211 0.0000000000 0.0000000000 0.0000000000 0.0000000000
0.0000000000 0.0000000000 104.6382522583 102.9659652710 0.0000000000 0.0000000000 0.0000000000 0.0000000000
0.0000000000 0.0000000000 104.8006668091 103.0870742798 0.0000000000 0.0000000000 0.0000000000 0.0000000000
0.0000000000 0.0000000000 104.9557418823 103.2114028931 0.0000000000 0.0000000000 0.0000000000 0.0000000000
0.0000000000 0.0000000000 105.0795059204 103.3316268921 0.0000000000 0.0000000000 0.0000000000 0.0000000000
0.0000000000 0.0000000000 105.3526306152 103.5097579956 0.0000000000 0.0000000000 0.0000000000 0.0000000000
0.0000000000 0.0000000000 105.5798645020 103.6725463867 0.0000000000 0.0000000000 0.0000000000 0.0000000000
0.0000000000 0.0000000000 105.7136764526 103.7976379395 0.0000000000 0.0000000000 0.0000000000 0.0000000000
0.0000000000 0.0000000000 105.9342575073 103.9436187744 0.0000000000 0.0000000000 0.0000000000 0.0000000000
0.0000000000 0.0000000000 105.9191055298 103.9961242676 0.0000000000 0.0000000000 0.0000000000 0.0000000000
0.0000000000 0.0000000000 106.1034240723 104.1170349121 0.0000000000 0.0000000000 0.0000000000 0.0000000000
0.0000000000 0.0000000000 106.1926345825 104.2045059204 0.0000000000 0.0000000000 0.0000000000 0.0000000000
0.0000000000 0.0000000000 106.4250183105 104.3467636108 0.0000000000 0.0000000000 0.0000000000 0.0000000000
0.0000000000 0.0000000000 106.7801055908 104.5403518677 0.0000000000 0.0000000000 0.0000000000 0.0000000000
0.0000000000 0.0000000000 107.0612030029 104.7127456665 0.0000000000 0.0000000000 0.0000000000 0.0000000000
0.0000000000 0.0000000000 107.5157394409 104.9515304565 0.0000000000 0.0000000000 0.0000000000 0.0000000000
0.0000000000 0.0000000000 107.7830429077 105.1217269897 0.0000000000 0.0000000000 0.0000000000 0.0000000000
0.0000000000 0.0000000000 108.0739288330 105.3017349243 0.0000000000 0.0000000000 0.0000000000 0.0000000000
0.0000000000 0.0000000000 108.2544326782 105.4441986084 0.0000000000 0.0000000000 0.0000000000 0.0000000000
0.0000000000 0.0000000000 108.3977737427 105.5800094604 0.0000000000 0.0000000000 0.0000000000 0.0000000000
0.0000000000 0.0000000000 108.6103439331 105.7529373169 0.0000000000 0.0000000000 0.0000000000 0.0000000000
0.0000000000 0.0000000000 108.7436904907 105.9081039429 0.0000000000 0.0000000000 0.0000000000 0.0000000000
0.0000000000 0.0000000000 108.9806442261 106.1097259521 0.0000000000 0.0000000000 0.0000000000 0.0000000000
0.0000000000 0.0000000000 109.1196746826 106.2787170410 0.0000000000 0.0000000000 0.0000000000 0.0000000000
0.0000000000 0.0000000000 109.3239364624 106.4721603394 0.0000000000 0.0000000000 0.0000000000 0.0000000000
0.0000000000 0.0000000000 109.5096740723 106.6527404785 0.0000000000 0.0000000000 0.0000000000 0.0000000000
0.0000000000 0.0000000000 109.5898361206 106.7836380005 0.0000000000 0.0000000000 0.0000000000 0.0000000000
0.0000000000 0.0000000000 109.7128524780 106.9204101562 0.0000000000 0.0000000000 0.0000000000 0.0000000000
0.0000000000 0.0000000000 109.9001235962 107.0723724365 0.0000000000 0.0000000000 0.0000000000 0.0000000000
0.0000000000 0.0000000000 110.0420074463 107.1954116821 0.0000000000 0.0000000000 0.0000000000 0.0000000000
0.0000000000 0.0000000000 110.1911926270 107.3078689575 0.0000000000 0.0000000000 0.0000000000 0.0000000000
0.0000000000 0.0000000000 110.3397674561 107.4090576172 0.0000000000 0.0000000000 0.0000000000 0.0000000000
0.0000000000 0.0000000000 110.4925384521 107.5010604858 0.0000000000 0.0000000000 0.0000000000 0.0000000000
0.0000000000 0.0000000000 110.6254425049 107.5757827759 0.0000000000 0.0000000000 0.0000000000 0.0000000000
0.0000000000 0.0000000000 110.7643127441 107.6455383301 0.0000000000 0.0000000000 0.0000000000 0.0000000000
0.0000000000 0.0000000000 110.8869552612 107.7044525146 0.0000000000 0.0000000000 0.0000000000 0.0000000000
0.0000000000 0.0000000000 111.0530090332 107.7788162231 0.0000000000 0.0000000000 0.0000000000 0.0000000000
0.0000000000 0.0000000000 111.2335205078 107.8581466675 0.0000000000 0.0000000000 0.0000000000 0.0000000000
0.0000000000 0.0000000000 111.4260101318 107.9417266846 0.0000000000 0.0000000000 0.0000000000 0.0000000000
0.0000000000 0.0000000000 111.6147613525 108.0226364136 0.0000000000 0.0000000000 0.0000000000 0.0000000000
0.0000000000 0.0000000000 111.8355560303 108.1131057739 0.0000000000 0.0000000000 0.0000000000 0.0000000000
0.0000000000 0.0000000000 111.9499740601 108.1594543457 0.0000000000 0.0000000000 0.0000000000 0.0000000000
0.0000000000 0.0000000000 112.2198257446 108.2680206299 0.0000000000 0.0000000000 0.0000000000 0.0000000000
0.0000000000 0.0000000000 112.3829040527 108.3337249756 0.0000000000 0.0000000000 0.0000000000 0.0000000000
0.0000000000 0.0000000000 112.6210937500 108.4285049438 0.0000000000 0.0000000000 0.0000000000 0.0000000000
0.0000000000 0.0000000000 112.8356170654 108.5117111206 0.0000000000 0.0000000000 0.0000000000 0.0000000000
0.0000000000 0.0000000000 113.0396041870 108.5855865479 0.0000000000 0.0000000000 0.0000000000 0.0000000000
0.0000000000 0.0000000000 113.2556152344 108.6596450806 0.0000000000 0.0000000000 0.0000000000 0.0000000000
0.0000000000 0.0000000000 113.4342727661 108.7154464722 0.0000000000 0.0000000000 0.0000000000 0.0000000000
0.0000000000 0.0000000000 113.6901016235 108.8025207520 0.0000000000 0.0000000000 0.0000000000 0.0000000000
0.0000000000 0.0000000000 113.9278259277 108.8842239380 0.0000000000 0.0000000000 0.0000000000 0.0000000000
0.0000000000 0.0000000000 114.1839828491 108.9755859375 0.0000000000 0.0000000000 0.0000000000 0.0000000000
0.0000000000 0.0000000000 114.4616012573 109.0784606934 0.0000000000 0.0000000000 0.0000000000 0.0000000000
0.0000000000 0.0000000000 114.6735458374 109.1558914185 0.0000000000 0.0000000000 0.0000000000 0.0000000000
0.0000000000 0.0000000000 114.8912506104 109.2360610962 0.0000000000 0.0000000000 0.0000000000 0.0000000000
0.0000000000 0.0000000000 115.1497955322 109.3351211548 0.0000000000 0.0000000000 0.0000000000 0.0000000000
0.0000000000 0.0000000000 115.4114913940 109.4374923706 0.0000000000 0.0000000000 0.0000000000 0.0000000000
0.0000000000 0.0000000000 115.6906890869 109.5488739014 0.0000000000 0.0000000000 0.0000000000 0.0000000000
0.0000000000 0.0000000000 115.9581146240 109.6566009521 0.0000000000 0.0000000000 0.0000000000 0.0000000000
0.0000000000 0.0000000000 116.1942214966 109.7512207031 0.0000000000 0.0000000000 0.0000000000 0.0000000000
0.0000000000 0.0000000000 116.4043655396 109.8339996338 0.0000000000 0.0000000000 0.0000000000 0.0000000000
0.0000000000 0.0000000000 116.6198883057 109.9177169800 0.0000000000 0.0000000000 0.0000000000 0.0000000000
0.0000000000 0.0000000000 116.8477783203 110.0047607422 0.0000000000 0.0000000000 0.0000000000 0.0000000000
0.0000000000 0.0000000000 117.0654449463 110.0858917236 0.0000000000 0.0000000000 0.0000000000 0.0000000000
0.0000000000 0.0000000000 117.2815246582 110.1634368896 0.0000000000 0.0000000000 0.0000000000 0.0000000000
0.0000000000 0.0000000000 117.5400009155 110.2540588379 0.0000000000 0.0000000000 0.0000000000 0.0000000000
0.0000000000 0.0000000000 117.6972808838 110.2966308594 0.0000000000 0.0000000000 0.0000000000 0.0000000000
0.0000000000 0.0000000000 117.8639907837 110.3365402222 0.0000000000 0.0000000000 0.0000000000 0.0000000000
0.0000000000 0.0000000000 118.0683288574 110.3864364624 0.0000000000 0.0000000000 0.0000000000 0.0000000000
0.0000000000 0.0000000000 118.1881561279 110.3955078125 0.0000000000 0.0000000000 0.0000000000 0.0000000000
0.0000000000 0.0000000000 118.4062347412 110.4416275024 0.0000000000 0.0000000000 0.0000000000 0.0000000000
0.0000000000 0.0000000000 118.5648956299 110.4574966431 0.0000000000 0.0000000000 0.0000000000 0.0000000000
0.0000000000 0.0000000000 118.6139755249 110.4240341187 0.0000000000 0.0000000000 0.0000000000 0.0000000000
0.0000000000 0.0000000000 118.7407379150 110.4269180298 0.0000000000 0.0000000000 0.0000000000 0.0000000000
0.0000000000 0.0000000000 118.9137954712 110.4550399780 0.0000000000 0.0000000000 0.0000000000 0.0000000000
0.0000000000 0.0000000000 118.9375305176 110.4249420166 0.0000000000 0.0000000000 0.0000000000 0.0000000000
0.0000000000 0.0000000000 119.0513610840 110.4452438354 0.0000000000 0.0000000000 0.0000000000 0.0000000000
0.0000000000 0.0000000000 119.2641906738 110.5217590332 0.0000000000 0.0000000000 0.0000000000 0.0000000000
0.0000000000 0.0000000000 119.2817993164 110.5186538696 0.0000000000 0.0000000000 0.0000000000 0.0000000000
0.0000000000 0.0000000000 119.2513656616 110.5016632080 0.0000000000 0.0000000000 0.0000000000 0.0000000000
0.0000000000 0.0000000000 119.3265609741 110.5434875488 0.0000000000 0.0000000000 0.0000000000 0.0000000000
0.0000000000 0.0000000000 119.3252410889 110.5581207275 0.0000000000 0.0000000000 0.0000000000 0.0000000000
0.0000000000 0.0000000000 119.2575988770 110.5475006104 0.0000000000 0.0000000000 0.0000000000 0.0000000000
0.0000000000 0.0000000000 119.3322372437 110.6083068848 0.0000000000 0.0000000000 0.0000000000 0.0000000000
0.0000000000 0.0000000000 119.4362411499 110.6871414185 0.0000000000 0.0000000000 0.0000000000 0.0000000000
0.0000000000 0.0000000000 119.3800430298 110.6913833618 0.0000000000 0.0000000000 0.0000000000 0.0000000000
0.0000000000 0.0000000000 119.4872207642 110.7747802734 0.0000000000 0.0000000000 0.0000000000 0.0000000000
0.0000000000 0.0000000000 119.6230163574 110.8706512451 0.0000000000 0.0000000000 0.0000000000 0.0000000000
0.0000000000 0.0000000000 119.6514663696 110.9125366211 0.0000000000 0.0000000000 0.0000000000 0.0000000000
0.0000000000 0.0000000000 119.7872467041 111.0036621094 0.0000000000 0.0000000000 0.0000000000 0.0000000000
0.0000000000 0.0000000000 119.9312973022 111.0990295410 0.0000000000 0.0000000000 0.0000000000 0.0000000000
0.0000000000 0.0000000000 119.9686431885 111.1454315186 0.0000000000 0.0000000000 0.0000000000 0.0000000000
0.0000000000 0.0000000000 120.0367965698 111.2106933594 0.0000000000 0.0000000000 0.0000000000 0.0000000000
0.0000000000 0.0000000000 120.1182632446 111.2871780396 0.0000000000 0.0000000000 0.0000000000 0.0000000000
0.0000000000 0.0000000000 120.1608734131 111.3505859375 0.0000000000 0.0000000000 0.0000000000 0.0000000000
0.0000000000 0.0000000000 120.2780990601 111.4561004639 0.0000000000 0.0000000000 0.0000000000 0.0000000000
0.0000000000 0.0000000000 120.4284439087 111.5826187134 0.0000000000 0.0000000000 0.0000000000 0.0000000000
0.0000000000 0.0000000000 120.4894104004 111.6685409546 0.0000000000 0.0000000000 0.0000000000 0.0000000000
0.0000000000 0.0000000000 120.6237792969 111.7896347046 0.0000000000 0.0000000000 0.0000000000 0.0000000000
0.0000000000 0.0000000000 120.7496109009 111.9041137695 0.0000000000 0.0000000000 0.0000000000 0.0000000000
0.0000000000 0.0000000000 120.8865356445 112.0210037231 0.0000000000 0.0000000000 0.0000000000 0.0000000000
0.0000000000 0.0000000000 120.9938964844 112.1208114624 0.0000000000 0.0000000000 0.0000000000 0.0000000000
0.0000000000 0.0000000000 121.1093826294 112.2228851318 0.0000000000 0.0000000000 0.0000000000 0.0000000000
0.0000000000 0.0000000000 121.1987991333 112.3104476929 0.0000000000 0.0000000000 0.0000000000 0.0000000000
0.0000000000 0.0000000000 121.3026351929 112.4030303955 0.0000000000 0.0000000000 0.0000000000 0.0000000000
0.0000000000 0.0000000000 121.5146026611 112.5427246094 0.0000000000 0.0000000000 0.0000000000 0.0000000000
0.0000000000 0.0000000000 121.6142044067 112.6258163452 0.0000000000 0.0000000000 0.0000000000 0.0000000000
0.0000000000 0.0000000000 121.8870773315 112.7867813110 0.0000000000 0.0000000000 0.0000000000 0.0000000000
0.0000000000 0.0000000000 121.9384155273 112.8393173218 0.0000000000 0.0000000000 0.0000000000 0.0000000000
0.0000000000 0.0000000000 122.0136260986 112.9007720947 0.0000000000 0.0000000000 0.0000000000 0.0000000000
0.0000000000 0.0000000000 122.0669326782 112.9492492676 0.0000000000 0.0000000000 0.0000000000 0.0000000000
0.0000000000 0.0000000000 122.1407241821 113.0064315796 0.0000000000 0.0000000000 0.0000000000 0.0000000000
0.0000000000 0.0000000000 122.3120651245 113.1089706421 0.0000000000 0.0000000000 0.0000000000 0.0000000000
0.0000000000 0.0000000000 122.4096603394 113.1776199341 0.0000000000 0.0000000000 0.0000000000 0.0000000000
0.0000000000 0.0000000000 122.6478958130 113.3123168945 0.0000000000 0.0000000000 0.0000000000 0.0000000000
0.0000000000 0.0000000000 122.6050949097 113.3174133301 0.0000000000 0.0000000000 0.0000000000 0.0000000000
0.0000000000 0.0000000000 122.8863601685 113.4735031128 0.0000000000 0.0000000000 0.0000000000 0.0000000000
0.0000000000 0.0000000000 122.7357635498 113.4278869629 0.0000000000 0.0000000000 0.0000000000 0.0000000000
0.0000000000 0.0000000000 123.1612014771 113.6510543823 0.0000000000 0.0000000000 0.0000000000 0.0000000000
0.0000000000 0.0000000000 122.8619995117 113.5331802368 0.0000000000 0.0000000000 0.0000000000 0.0000000000
0.0000000000 0.0000000000 123.3818588257 113.8069686890 0.0000000000 0.0000000000 0.0000000000 0.0000000000
0.0000000000 0.0000000000 123.1599426270 113.7325057983 0.0000000000 0.0000000000 0.0000000000 0.0000000000
0.0000000000 0.0000000000 123.4971313477 113.9212417603 0.0000000000 0.0000000000 0.0000000000 0.0000000000
0.0000000000 0.0000000000 123.4058914185 113.9073028564 0.0000000000 0.0000000000 0.0000000000 0.0000000000
0.0000000000 0.0000000000 123.6071853638 114.0286178589 0.0000000000 0.0000000000 0.0000000000 0.0000000000
0.0000000000 0.0000000000 123.5234603882 114.0146789551 0.0000000000 0.0000000000 0.0000000000 0.0000000000
0.0000000000 0.0000000000 123.8818206787 114.2094802856 0.0000000000 0.0000000000 0.0000000000 0.0000000000
0.0000000000 0.0000000000 123.5967025757 114.0984573364 0.0000000000 0.0000000000 0.0000000000 0.0000000000
0.0000000000 0.0000000000 124.2342453003 114.4341430664 0.0000000000 0.0000000000 0.0000000000 0.0000000000
0.0000000000 0.0000000000 123.8095397949 114.2604217529 0.0000000000 0.0000000000 0.0000000000 0.0000000000
0.0000000000 0.0000000000 124.4548568726 114.6095581055 0.0000000000 0.0000000000 0.0000000000 0.0000000000
0.0000000000 0.0000000000 124.1534957886 114.5021896362 0.0000000000 0.0000000000 0.0000000000 0.0000000000
0.0000000000 0.0000000000 124.5101242065 114.7088165283 0.0000000000 0.0000000000 0.0000000000 0.0000000000
0.0000000000 0.0000000000 124.4092330933 114.6947402954 0.0000000000 0.0000000000 0.0000000000 0.0000000000
0.0000000000 0.0000000000 124.5804367065 114.8112258911 0.0000000000 0.0000000000 0.0000000000 0.0000000000
0.0000000000 0.0000000000 124.6530685425 114.8834686279 0.0000000000 0.0000000000 0.0000000000 0.0000000000
0.0000000000 0.0000000000 124.7724304199 114.9796905518 0.0000000000 0.0000000000 0.0000000000 0.0000000000
0.0000000000 0.0000000000 124.9040374756 115.0799789429 0.0000000000 0.0000000000 0.0000000000 0.0000000000
0.0000000000 0.0000000000 124.9549484253 115.1372070312 0.0000000000 0.0000000000 0.0000000000 0.0000000000
0.0000000000 0.0000000000 125.1581420898 115.2596359253 0.0000000000 0.0000000000 0.0000000000 0.0000000000
0.0000000000 0.0000000000 125.0726394653 115.2361373901 0.0000000000 0.0000000000 0.0000000000 0.0000000000
0.0000000000 0.0000000000 125.5103073120 115.4622802734 0.0000000000 0.0000000000 0.0000000000 0.0000000000
0.0000000000 0.0000000000 125.0280227661 115.2388153076 0.0000000000 0.0000000000 0.0000000000 0.0000000000
0.0000000000 0.0000000000 125.8745727539 115.6760177612 0.0000000000 0.0000000000 0.0000000000 0.0000000000
0.0000000000 0.0000000000 125.2325363159 115.3887252808 0.0000000000 0.0000000000 0.0000000000 0.0000000000
0.0000000000 0.0000000000 125.8698806763 115.7373580933 0.0000000000 0.0000000000 0.0000000000 0.0000000000
0.0000000000 0.0000000000 125.8165969849 115.7401428223 0.0000000000 0.0000000000 0.0000000000 0.0000000000
0.0000000000 0.0000000000 125.7659225464 115.7368164062 0.0000000000 0.0000000000 0.0000000000 0.0000000000
0.0000000000 0.0000000000 126.1978530884 115.9667892456 0.0000000000 0.0000000000 0.0000000000 0.0000000000
0.0000000000 0.0000000000 125.6958923340 115.7375106812 0.0000000000 0.0000000000 0.0000000000 0.0000000000
0.0000000000 0.0000000000 126.4299621582 116.1283187866 0.0000000000 0.0000000000 0.0000000000 0.0000000000
0.0000000000 0.0000000000 126.0709304810 115.9756393433 0.0000000000 0.0000000000 0.0000000000 0.0000000000
0.0000000000 0.0000000000 126.4537353516 116.1851272583 0.0000000000 0.0000000000 0.0000000000 0.0000000000
0.0000000000 0.0000000000 126.5262756348 116.2318496704 0.0000000000 0.0000000000 0.0000000000 0.0000000000
0.0000000000 0.0000000000 126.4510498047 116.1989135742 0.0000000000 0.0000000000 0.0000000000 0.0000000000
0.0000000000 0.0000000000 126.9031295776 116.4243087769 0.0000000000 0.0000000000 0.0000000000 0.0000000000
0.0000000000 0.0000000000 126.4582672119 116.2073287964 0.0000000000 0.0000000000 0.0000000000 0.0000000000
0.0000000000 0.0000000000 127.1317291260 116.5567016602 0.0000000000 0.0000000000 0.0000000000 0.0000000000
0.0000000000 0.0000000000 126.8178482056 116.4207534790 0.0000000000 0.0000000000 0.0000000000 0.0000000000
0.0000000000 0.0000000000 127.1500320435 116.6048202515 0.0000000000 0.0000000000 0.0000000000 0.0000000000
0.0000000000 0.0000000000 127.1362304688 116.6150283813 0.0000000000 0.0000000000 0.0000000000 0.0000000000
0.0000000000 0.0000000000 127.1420364380 116.6331481934 0.0000000000 0.0000000000 0.0000000000 0.0000000000
0.0000000000 0.0000000000 127.5012664795 116.8264083862 0.0000000000 0.0000000000 0.0000000000 0.0000000000
0.0000000000 0.0000000000 127.0797729492 116.6325225830 0.0000000000 0.0000000000 0.0000000000 0.0000000000
0.0000000000 0.0000000000 127.7146987915 116.9731063843 0.0000000000 0.0000000000 0.0000000000 0.0000000000
0.0000000000 0.0000000000 127.3627395630 116.8217849731 0.0000000000 0.0000000000 0.0000000000 0.0000000000
0.0000000000 0.0000000000 127.6903686523 117.0068511963 0.0000000000 0.0000000000 0.0000000000 0.0000000000
0.0000000000 0.0000000000 127.6940765381 117.0273818970 0.0000000000 0.0000000000 0.0000000000 0.0000000000
0.0000000000 0.0000000000 127.6843872070 117.0383834839 0.0000000000 0.0000000000 0.0000000000 0.0000000000
0.0000000000 0.0000000000 128.1058807373 117.2618331909 0.0000000000 0.0000000000 0.0000000000 0.0000000000
0.0000000000 0.0000000000 127.6801834106 117.0637435913 0.0000000000 0.0000000000 0.0000000000 0.0000000000
0.0000000000 0.0000000000 128.3650360107 117.4280624390 0.0000000000 0.0000000000 0.0000000000 0.0000000000
0.0000000000 0.0000000000 128.0318603516 117.2844314575 0.0000000000 0.0000000000 0.0000000000 0.0000000000
0.0000000000 0.0000000000 128.2465057373 117.4107055664 0.0000000000 0.0000000000 0.0000000000 0.0000000000
0.0000000000 0.0000000000 128.4433898926 117.5260848999 0.0000000000 0.0000000000 0.0000000000 0.0000000000
0.0000000000 0.0000000000 128.3196563721 117.4815368652 0.0000000000 0.0000000000 0.0000000000 0.0000000000
0.0000000000 0.0000000000 128.6240234375 117.6530075073 0.0000000000 0.0000000000 0.0000000000 0.0000000000
0.0000000000 0.0000000000 128.6029510498 117.6640701294 0.0000000000 0.0000000000 0.0000000000 0.0000000000
0.0000000000 0.0000000000 128.5861053467 117.6778259277 0.0000000000 0.0000000000 0.0000000000 0.0000000000
0.0000000000 0.0000000000 128.8747100830 117.8438339233 0.0000000000 0.0000000000 0.0000000000 0.0000000000
0.0000000000 0.0000000000 128.6950836182 117.7734603882 0.0000000000 0.0000000000 0.0000000000 0.0000000000
0.0000000000 0.0000000000 128.9308319092 117.9091567993 0.0000000000 0.0000000000 0.0000000000 0.0000000000
0.0000000000 0.0000000000 128.9436340332 117.9308013916 0.0000000000 0.0000000000 0.0000000000 0.0000000000
0.0000000000 0.0000000000 128.8818511963 117.9129867554 0.0000000000 0.0000000000 0.0000000000 0.0000000000
0.0000000000 0.0000000000 129.1072998047 118.0389175415 0.0000000000 0.0000000000 0.0000000000 0.0000000000
0.0000000000 0.0000000000 128.9583435059 117.9763259888 0.0000000000 0.0000000000 0.0000000000 0.0000000000
0.0000000000 0.0000000000 129.1804504395 118.1015090942 0.0000000000 0.0000000000 0.0000000000 0.0000000000
0.0000000000 0.0000000000 129.2413635254 118.1481933594 0.0000000000 0.0000000000 0.0000000000 0.0000000000
0.0000000000 0.0000000000 129.2897186279 118.1891098022 0.0000000000 0.0000000000 0.0000000000 0.0000000000
0.0000000000 0.0000000000 129.5283508301 118.3256759644 0.0000000000 0.0000000000 0.0000000000 0.0000000000
0.0000000000 0.0000000000 129.3709869385 118.2596359253 0.0000000000 0.0000000000 0.0000000000 0.0000000000
0.0000000000 0.0000000000 129.6434631348 118.4115829468 0.0000000000 0.0000000000 0.0000000000 0.0000000000
0.0000000000 0.0000000000 129.4770660400 118.3398818970 0.0000000000 0.0000000000 0.0000000000 0.0000000000
0.0000000000 0.0000000000 129.6694946289 118.4514846802 0.0000000000 0.0000000000 0.0000000000 0.0000000000
0.0000000000 0.0000000000 129.7594451904 118.5125732422 0.0000000000 0.0000000000 0.0000000000 0.0000000000
0.0000000000 0.0000000000 129.7832641602 118.5410690308 0.0000000000 0.0000000000 0.0000000000 0.0000000000
0.0000000000 0.0000000000 129.9924621582 118.6648635864 0.0000000000 0.0000000000 0.0000000000 0.0000000000
0.0000000000 0.0000000000 129.9398345947 118.6554031372 0.0000000000 0.0000000000 0.0000000000 0.0000000000
0.0000000000 0.0000000000 130.1331939697 118.7711486816 0.0000000000 0.0000000000 0.0000000000 0.0000000000
0.0000000000 0.0000000000 130.1504821777 118.7982711792 0.0000000000 0.0000000000 0.0000000000 0.0000000000
0.0000000000 0.0000000000 130.2064666748 118.8487014771 0.0000000000 0.0000000000 0.0000000000 0.0000000000
0.0000000000 0.0000000000 130.4642028809 119.0072555542 0.0000000000 0.0000000000 0.0000000000 0.0000000000
0.0000000000 0.0000000000 130.4019775391 119.0032119751 0.0000000000 0.0000000000 0.0000000000 0.0000000000
0.0000000000 0.0000000000 130.6233673096 119.1461868286 0.0000000000 0.0000000000 0.0000000000 0.0000000000
0.0000000000 0.0000000000 130.5708312988 119.1446304321 0.0000000000 0.0000000000 0.0000000000 0.0000000000
0.0000000000 0.0000000000 130.6873474121 119.2261962891 0.0000000000 0.0000000000 0.0000000000 0.0000000000
0.0000000000 0.0000000000 130.6585998535 119.2267913818 0.0000000000 0.0000000000 0.0000000000 0.0000000000
0.0000000000 0.0000000000 130.8545989990 119.3386154175 0.0000000000 0.0000000000 0.0000000000 0.0000000000
0.0000000000 0.0000000000 130.8104400635 119.3214569092 0.0000000000 0.0000000000 0.0000000000 0.0000000000
